3 0.514844 0.812500 0.968750 0.372222
4 0.953516 0.892361 0.014844 0.093056
5 0.034375 0.989583 0.050000 0.018056
5 0.034375 0.989583 0.050000 0.018056
5 0.034375 0.989583 0.050000 0.018056
5 0.029687 0.977778 0.059375 0.041667
5 0.029687 0.977778 0.059375 0.041667
5 0.029687 0.977778 0.059375 0.041667
5 0.043750 0.968750 0.057813 0.056944
5 0.043750 0.968750 0.057813 0.056944
5 0.043750 0.968750 0.057813 0.056944
5 0.043750 0.949306 0.057813 0.059722
5 0.043750 0.949306 0.057813 0.059722
5 0.043750 0.949306 0.057813 0.059722
5 0.043359 0.929167 0.058594 0.063889
5 0.043359 0.929167 0.058594 0.063889
5 0.043359 0.929167 0.058594 0.063889
5 0.043359 0.907639 0.058594 0.062500
5 0.043359 0.907639 0.058594 0.062500
5 0.043359 0.907639 0.058594 0.062500
6 0.637891 0.843750 0.085156 0.115278
6 0.494141 0.855556 0.083594 0.125000
6 0.637891 0.751389 0.085156 0.116667
6 0.566406 0.847917 0.084375 0.123611
6 0.943750 0.825000 0.075000 0.119444
7 0.765625 0.961806 0.001563 0.012500
7 0.971875 0.629167 0.012500 0.005556
7 0.740625 0.646528 0.000000 0.001389
7 0.764062 0.644444 0.007812 0.013889
7 0.851953 0.639583 0.003906 0.012500
7 0.633984 0.650694 0.027344 0.015278
7 0.674219 0.648611 0.028125 0.013889
7 0.578906 0.653472 0.026562 0.015278
7 0.542578 0.656944 0.014844 0.013889
8 0.921484 0.881250 0.080469 0.070833
5 0.922656 0.863194 0.071875 0.034722
8 0.880078 0.897917 0.052344 0.048611
5 0.875781 0.868056 0.054688 0.036111
8 0.853906 0.903472 0.010937 0.045833
5 0.851953 0.881250 0.007031 0.015278
8 0.751953 0.904861 0.028906 0.062500
5 0.752344 0.879167 0.028125 0.036111
8 0.756641 0.846528 0.019531 0.029167
5 0.759375 0.840278 0.015625 0.022222
8 0.728125 0.863194 0.068750 0.054167
5 0.728906 0.848611 0.060937 0.027778
8 0.857812 0.861111 0.007812 0.033333
5 0.853516 0.843750 0.010156 0.015278
8 0.880859 0.854861 0.064844 0.051389
5 0.879297 0.834722 0.061719 0.030556
8 0.433203 0.728472 0.016406 0.037500
5 0.432422 0.715972 0.014844 0.015278
8 0.383203 0.731944 0.036719 0.041667
5 0.383984 0.718750 0.032031 0.015278
8 0.457422 0.727778 0.038281 0.038889
5 0.457422 0.713889 0.033594 0.013889
8 0.496094 0.725694 0.039062 0.037500
5 0.496094 0.712500 0.034375 0.016667
8 0.387109 0.747222 0.032031 0.044444
5 0.388672 0.734028 0.028906 0.018056
8 0.438281 0.744444 0.026562 0.041667
5 0.437500 0.731250 0.025000 0.018056
8 0.467578 0.742361 0.039844 0.040278
5 0.468359 0.728472 0.035156 0.018056
8 0.508203 0.738889 0.041406 0.041667
5 0.508594 0.725694 0.035937 0.018056
8 0.645703 0.715972 0.013281 0.026389
5 0.658594 0.705556 0.035937 0.013889
8 0.651172 0.699306 0.049219 0.015278
5 0.650781 0.696528 0.043750 0.012500
8 0.660156 0.727778 0.015625 0.033333
5 0.663672 0.714583 0.019531 0.009722
8 0.669141 0.734722 0.007031 0.030556
5 0.670312 0.722222 0.004687 0.008333
8 0.564844 0.722917 0.043750 0.037500
5 0.565234 0.709722 0.038281 0.016667
8 0.591406 0.719444 0.025000 0.036111
5 0.601562 0.706944 0.039062 0.016667
8 0.626172 0.729861 0.052344 0.034722
5 0.626172 0.716667 0.046094 0.011111
8 0.640625 0.739583 0.051562 0.037500
5 0.639062 0.727083 0.048438 0.015278
8 0.849609 0.704861 0.000781 0.012500
5 0.855859 0.693056 0.011719 0.013889
8 0.936328 0.687500 0.008594 0.011111
5 0.948828 0.683333 0.027344 0.008333
8 0.921875 0.693056 0.042188 0.019444
5 0.925000 0.687500 0.042188 0.013889
8 0.938281 0.700694 0.012500 0.009722
5 0.940625 0.699306 0.010937 0.009722
0 0.928125 0.595139 0.042188 0.095833
0 0.963281 0.688194 0.039062 0.156944
0 0.719922 0.700000 0.094531 0.163889
0 0.227344 0.787500 0.167187 0.227778
1 0.304688 0.630556 0.064062 0.083333
2 0.279297 0.646528 0.003906 0.026389
2 0.276172 0.640278 0.002344 0.016667
2 0.282813 0.611111 0.015625 0.027778
2 0.320703 0.602083 0.005469 0.012500
2 0.298047 0.604167 0.014844 0.011111
2 0.296094 0.597917 0.014063 0.001389
2 0.312109 0.603472 0.014844 0.009722
2 0.310937 0.596528 0.014063 0.001389
1 0.423047 0.624306 0.063281 0.084722
2 0.400000 0.640278 0.006250 0.025000
2 0.398438 0.637500 0.009375 0.025000
2 0.398438 0.605556 0.009375 0.027778
2 0.444141 0.596528 0.016406 0.012500
2 0.424609 0.599306 0.000781 0.006944
2 0.431641 0.597917 0.013281 0.009722
2 0.430078 0.591667 0.010156 0.000000
1 0.312891 0.646528 0.069531 0.095833
2 0.284766 0.662500 0.005469 0.025000
2 0.282813 0.659722 0.003125 0.022222
2 0.289453 0.625694 0.016406 0.031944
2 0.340234 0.615972 0.008594 0.015278
2 0.305469 0.619444 0.015625 0.013889
2 0.304297 0.610417 0.014844 0.001389
2 0.318359 0.618056 0.010156 0.013889
2 0.317578 0.610417 0.011719 0.001389
1 0.449609 0.634028 0.049219 0.081944
2 0.426563 0.656250 0.003125 0.026389
2 0.425000 0.641667 0.000000 0.000000
2 0.425781 0.620833 0.003125 0.027778
2 0.462500 0.610417 0.018750 0.015278
2 0.428516 0.648611 0.005469 0.016667
2 0.434375 0.613194 0.015625 0.012500
2 0.432031 0.604861 0.015625 0.001389
2 0.449609 0.611806 0.014844 0.012500
2 0.445312 0.604861 0.014063 0.001389
1 0.323047 0.650694 0.075781 0.073611
2 0.291797 0.683333 0.000781 0.025000
2 0.298828 0.640972 0.016406 0.029167
2 0.348047 0.628472 0.019531 0.006944
2 0.314844 0.631944 0.017188 0.005556
2 0.313672 0.627083 0.016406 0.001389
2 0.332422 0.629861 0.017969 0.004167
2 0.330078 0.626389 0.016406 0.002778
1 0.461328 0.657639 0.074219 0.101389
2 0.434766 0.677778 0.010156 0.030556
2 0.428906 0.673611 0.004687 0.030556
2 0.437109 0.634722 0.021094 0.030556
2 0.484375 0.621528 0.021875 0.006944
2 0.454688 0.624306 0.018750 0.004167
2 0.451172 0.620139 0.017969 0.001389
2 0.471094 0.622917 0.017188 0.004167
2 0.466406 0.619444 0.015625 0.002778
1 0.327734 0.673611 0.078906 0.105556
2 0.303125 0.696528 0.017188 0.034722
2 0.300391 0.690972 0.017969 0.026389
2 0.301563 0.652778 0.018750 0.036111
2 0.353906 0.650000 0.020313 0.036111
2 0.337500 0.693750 0.054688 0.037500
2 0.316797 0.653472 0.013281 0.031944
2 0.316406 0.634722 0.014063 0.002778
2 0.341406 0.652083 0.010937 0.031944
2 0.340234 0.634028 0.008594 0.001389
1 0.470703 0.666667 0.077344 0.105556
2 0.448047 0.686111 0.019531 0.033333
2 0.443750 0.683333 0.017188 0.030556
2 0.445703 0.644444 0.022656 0.036111
2 0.494922 0.642361 0.022656 0.034722
2 0.480078 0.683333 0.053906 0.036111
2 0.465234 0.645139 0.017969 0.031944
2 0.460938 0.627778 0.017188 0.002778
2 0.481250 0.644444 0.018750 0.030556
2 0.476953 0.626389 0.017969 0.002778
2 0.880469 0.657639 0.053125 0.034722
2 0.920312 0.652778 0.017188 0.030556
2 0.938281 0.625694 0.053125 0.031944
2 0.880469 0.629861 0.053125 0.034722
2 0.956250 0.653472 0.053125 0.040278
2 0.956250 0.676389 0.053125 0.022222
2 0.969531 0.634722 0.017188 0.005556
2 0.886328 0.712500 0.071094 0.044444
2 0.910547 0.723611 0.069531 0.047222
2 0.155859 0.768056 0.072656 0.055556
2 0.158594 0.749306 0.068750 0.045833
2 0.230078 0.768750 0.069531 0.045833
2 0.230078 0.727778 0.069531 0.044444
2 0.230078 0.684028 0.069531 0.051389
2 0.229297 0.654167 0.066406 0.011111