3 0.496484 0.858333 0.992969 0.280556
4 0.457031 0.997222 0.004687 0.002778
5 0.235156 0.781250 0.070312 0.026389
5 0.235156 0.781250 0.070312 0.026389
5 0.235156 0.781250 0.070312 0.026389
5 0.235156 0.766667 0.070312 0.027778
5 0.235156 0.766667 0.070312 0.027778
5 0.235156 0.766667 0.070312 0.027778
5 0.235156 0.793750 0.070312 0.026389
5 0.235156 0.793750 0.070312 0.026389
5 0.235156 0.793750 0.070312 0.026389
5 0.325391 0.784722 0.067969 0.022222
5 0.325391 0.784722 0.067969 0.022222
5 0.325391 0.784722 0.067969 0.022222
5 0.325000 0.772222 0.068750 0.022222
5 0.325000 0.772222 0.068750 0.022222
5 0.325000 0.772222 0.068750 0.022222
5 0.325000 0.759028 0.068750 0.023611
5 0.325000 0.759028 0.068750 0.023611
5 0.325000 0.759028 0.068750 0.023611
5 0.325000 0.743056 0.068750 0.025000
5 0.325000 0.743056 0.068750 0.025000
5 0.325000 0.743056 0.068750 0.025000
6 0.537109 0.893056 0.083594 0.133333
6 0.473828 0.838194 0.064844 0.123611
6 0.538672 0.786806 0.086719 0.134722
6 0.501953 0.861111 0.074219 0.133333
6 0.715625 0.981944 0.137500 0.033333
7 0.313672 0.987500 0.086719 0.022222
8 0.557422 0.988194 0.003906 0.004167
5 0.524219 0.992361 0.085938 0.012500
8 0.496484 0.979167 0.103906 0.038889
5 0.495312 0.979167 0.093750 0.038889
8 0.469531 0.965278 0.096875 0.066667
5 0.468359 0.951389 0.088281 0.041667
8 0.566016 0.977083 0.049219 0.043056
5 0.585938 0.965972 0.079687 0.040278
8 0.552734 0.947222 0.078906 0.061111
5 0.558594 0.936111 0.082812 0.038889
8 0.614844 0.983333 0.081250 0.030556
5 0.627344 0.983333 0.096875 0.030556
8 0.926953 0.800694 0.069531 0.026389
5 0.926953 0.790278 0.063281 0.019444
8 0.893359 0.788194 0.067969 0.026389
5 0.892969 0.778472 0.060937 0.018056
8 0.948047 0.807639 0.044531 0.018056
5 0.961328 0.802778 0.064844 0.022222
8 0.967969 0.822917 0.009375 0.020833
5 0.970313 0.814583 0.006250 0.009722
8 0.840234 0.803472 0.067969 0.043056
5 0.839844 0.785417 0.060937 0.020833
8 0.873047 0.817361 0.071094 0.045833
5 0.872656 0.797917 0.064062 0.020833
8 0.903516 0.829861 0.067969 0.048611
5 0.905859 0.809722 0.066406 0.022222
8 0.939063 0.845139 0.067187 0.048611
5 0.941016 0.824306 0.063281 0.023611
0 0.963281 0.854861 0.062500 0.270833
0 0.479687 0.730556 0.076563 0.183333
1 0.951562 0.666667 0.031250 0.016667
2 0.958984 0.674306 0.038281 0.006944
2 0.989062 0.700694 0.006250 0.034722
2 0.980469 0.729167 0.000000 0.000000
2 0.968750 0.678472 0.028125 0.006944
2 0.981641 0.675694 0.021094 0.004167
2 0.980859 0.681944 0.022656 0.005556
2 0.988672 0.678472 0.007031 0.001389
1 0.945703 0.725694 0.097656 0.129167
2 0.913281 0.742361 0.025000 0.040278
2 0.921875 0.723611 0.010937 0.002778
2 0.921875 0.693750 0.042188 0.040278
2 0.968750 0.704167 0.045312 0.038889
2 0.951953 0.751389 0.072656 0.050000
2 0.928516 0.698611 0.027344 0.038889
2 0.944922 0.679167 0.022656 0.002778
2 0.944141 0.702083 0.027344 0.040278
2 0.960156 0.682639 0.028125 0.004167
2 0.663281 0.744444 0.032813 0.052778
2 0.716016 0.761806 0.071094 0.051389
2 0.773438 0.761111 0.042188 0.041667
2 0.716016 0.723611 0.071094 0.050000
2 0.773828 0.722917 0.042969 0.040278
2 0.716016 0.684028 0.071094 0.051389
2 0.759375 0.680556 0.071875 0.050000