3 0.499609 0.911806 0.999219 0.173611
8 0.893750 0.879167 0.071875 0.050000
6 0.692187 0.948611 0.118750 0.100000
6 0.490234 0.950694 0.114844 0.095833
6 0.691016 0.848611 0.117969 0.150000
6 0.591797 0.948611 0.116406 0.100000
7 0.851172 0.828472 0.028906 0.012500
7 0.943359 0.825694 0.024219 0.012500
7 0.907031 0.826389 0.037500 0.013889
7 0.691797 0.829167 0.032031 0.008333
7 0.735547 0.831250 0.019531 0.015278
7 0.626563 0.834028 0.029687 0.015278
7 0.580078 0.836806 0.025781 0.015278
8 0.966406 0.993750 0.006250 0.004167
5 0.985156 0.993750 0.028125 0.009722
8 0.900781 0.997917 0.006250 0.001389
5 0.939063 0.995833 0.067187 0.005556
5 0.860938 0.997222 0.048438 0.002778
8 0.894531 0.984028 0.103125 0.029167
5 0.895703 0.981944 0.091406 0.033333
8 0.819922 0.985417 0.099219 0.026389
5 0.820703 0.984028 0.088281 0.029167
8 0.948047 0.981944 0.088281 0.033333
5 0.955078 0.977778 0.088281 0.033333
8 0.984375 0.976389 0.021875 0.027778
5 0.989844 0.968056 0.018750 0.016667
8 0.428906 0.887500 0.043750 0.044444
5 0.429688 0.870833 0.039062 0.013889
8 0.388672 0.888194 0.024219 0.043056
5 0.387500 0.870139 0.021875 0.012500
8 0.471094 0.886111 0.045312 0.044444
5 0.471875 0.868056 0.039062 0.011111
8 0.519531 0.884722 0.046875 0.044444
5 0.519922 0.868056 0.041406 0.013889
8 0.391797 0.900694 0.030469 0.048611
5 0.390625 0.883333 0.028125 0.016667
8 0.436719 0.900000 0.046875 0.047222
5 0.437109 0.881944 0.041406 0.016667
8 0.481641 0.894444 0.047656 0.041667
5 0.482031 0.880556 0.042188 0.016667
8 0.532031 0.893056 0.050000 0.038889
5 0.532813 0.879167 0.043750 0.016667
8 0.696875 0.863194 0.001563 0.004167
5 0.718750 0.861806 0.040625 0.006944
8 0.689063 0.859722 0.014063 0.011111
5 0.710938 0.858333 0.054688 0.011111
8 0.731250 0.881250 0.009375 0.015278
5 0.732422 0.871528 0.011719 0.012500
8 0.733594 0.883333 0.006250 0.016667
5 0.734375 0.877778 0.004687 0.008333
8 0.604688 0.883333 0.053125 0.041667
5 0.605078 0.866667 0.047656 0.013889
8 0.646875 0.877083 0.050000 0.034722
5 0.650000 0.862500 0.048438 0.008333
8 0.655469 0.878472 0.010937 0.004167
5 0.677734 0.872917 0.049219 0.012500
8 0.696484 0.898611 0.067969 0.044444
5 0.695703 0.879861 0.061719 0.012500
8 0.943359 0.872222 0.035156 0.038889
5 0.947266 0.856944 0.035156 0.013889
8 0.913672 0.872917 0.058594 0.040278
5 0.914453 0.857639 0.052344 0.012500
0 0.818359 0.837500 0.160156 0.208333
0 0.164453 0.872917 0.164844 0.251389
1 0.307031 0.798611 0.073438 0.094444
2 0.282813 0.763889 0.015625 0.005556
2 0.332031 0.763889 0.017188 0.005556
2 0.298828 0.764583 0.016406 0.004167
2 0.303906 0.761111 0.004687 0.000000
2 0.322266 0.764583 0.003906 0.004167
2 0.314844 0.761111 0.015625 0.000000
1 0.444531 0.797222 0.073438 0.097222
2 0.421875 0.814583 0.017188 0.029167
2 0.416406 0.812500 0.010937 0.027778
2 0.420703 0.774306 0.019531 0.029167
2 0.469141 0.761806 0.017969 0.004167
2 0.434375 0.806250 0.006250 0.001389
2 0.439063 0.763194 0.015625 0.004167
2 0.436719 0.759722 0.014063 0.000000
2 0.455078 0.762500 0.014844 0.002778
2 0.451953 0.759722 0.014844 0.000000
1 0.310547 0.807639 0.078906 0.104167
2 0.284766 0.771528 0.016406 0.006944
2 0.339062 0.770833 0.018750 0.005556
2 0.300391 0.772917 0.013281 0.006944
2 0.300000 0.768056 0.014063 0.000000
2 0.325000 0.771528 0.009375 0.004167
2 0.324609 0.768056 0.008594 0.000000
1 0.461328 0.806944 0.080469 0.105556
2 0.436328 0.825694 0.017969 0.031944
2 0.431250 0.822917 0.012500 0.031944
2 0.434375 0.781944 0.020313 0.033333
2 0.487891 0.768750 0.021094 0.006944
2 0.450781 0.818056 0.003125 0.000000
2 0.456641 0.769444 0.014844 0.005556
2 0.450391 0.765278 0.016406 0.000000
2 0.472266 0.769444 0.017969 0.005556
2 0.467969 0.765278 0.017188 0.000000
1 0.274219 0.823611 0.004687 0.119444
2 0.285938 0.843750 0.020313 0.031944
2 0.286719 0.777778 0.020313 0.002778
2 0.342969 0.776389 0.014063 0.002778
2 0.323047 0.828472 0.052344 0.004167
2 0.301953 0.778472 0.010156 0.001389
2 0.301953 0.776389 0.010156 0.000000
2 0.328906 0.777083 0.017188 0.001389
2 0.328516 0.775694 0.016406 0.001389
1 0.482031 0.813889 0.087500 0.108333
2 0.455469 0.839583 0.021875 0.034722
2 0.446875 0.836806 0.010937 0.034722
2 0.453516 0.790972 0.024219 0.034722
2 0.510547 0.773611 0.025781 0.002778
2 0.495312 0.822222 0.057813 0.002778
2 0.475781 0.775000 0.018750 0.000000
2 0.472266 0.773611 0.019531 0.000000
2 0.495312 0.774306 0.018750 0.001389
2 0.489844 0.772917 0.014063 0.001389
1 0.310547 0.829861 0.077344 0.126389
2 0.287500 0.852083 0.021875 0.040278
2 0.287109 0.829861 0.019531 0.001389
2 0.287500 0.799306 0.021875 0.040278
2 0.344922 0.798611 0.010156 0.038889
2 0.323828 0.849306 0.050781 0.043056
2 0.302734 0.800000 0.008594 0.038889
2 0.302734 0.779861 0.008594 0.001389
2 0.330859 0.799306 0.021094 0.037500
2 0.329688 0.779167 0.018750 0.000000
1 0.492578 0.816667 0.092969 0.108333
2 0.464844 0.844444 0.021875 0.036111
2 0.459766 0.843056 0.019531 0.036111
2 0.462500 0.795833 0.026562 0.038889
2 0.523047 0.795139 0.024219 0.037500
2 0.503125 0.843750 0.065625 0.040278
2 0.484375 0.795833 0.021875 0.036111
2 0.479297 0.776389 0.019531 0.000000
2 0.504687 0.795833 0.021875 0.036111
2 0.500000 0.776389 0.020313 0.000000
2 0.968750 0.834028 0.026562 0.034722
2 0.967969 0.802083 0.026562 0.034722
2 0.980078 0.877778 0.038281 0.050000
2 0.997266 0.883333 0.003906 0.044444
2 0.077734 0.913889 0.080469 0.063889
2 0.089453 0.877083 0.074219 0.009722
2 0.155078 0.913194 0.041406 0.051389
2 0.178516 0.862500 0.075781 0.052778
2 0.228516 0.829167 0.000781 0.008333
2 0.181250 0.809722 0.090625 0.055556
2 0.191797 0.801389 0.074219 0.047222