3 0.326562 0.990972 0.271875 0.015278
5 0.732422 0.995833 0.049219 0.005556
5 0.732422 0.995833 0.049219 0.005556
5 0.732422 0.995833 0.049219 0.005556
5 0.732031 0.984028 0.048438 0.018056
5 0.732031 0.984028 0.048438 0.018056
5 0.732031 0.984028 0.048438 0.018056
6 0.296875 0.959028 0.137500 0.079167
6 0.495312 0.959722 0.123438 0.077778
6 0.298828 0.850694 0.136719 0.165278
6 0.402344 0.959722 0.129688 0.077778
7 0.160156 0.976389 0.000000 0.000000
7 0.222656 0.981250 0.029687 0.012500
0 0.081250 0.764583 0.162500 0.468056
0 0.837891 0.880556 0.164844 0.236111
1 0.402344 0.940278 0.076563 0.116667
1 0.357812 0.938194 0.082812 0.112500
1 0.356250 0.940278 0.073438 0.108333
1 0.314063 0.940972 0.075000 0.109722
1 0.315234 0.940278 0.067969 0.105556
1 0.287109 0.940972 0.052344 0.106944
1 0.298047 0.940972 0.074219 0.087500