3 0.524609 0.838194 0.949219 0.320833
4 0.208203 0.720833 0.000781 0.000000
4 0.156250 0.671528 0.000000 0.001389
4 0.094531 0.665278 0.001563 0.011111
8 0.061328 0.717361 0.021094 0.026389
8 0.582422 0.725694 0.047656 0.043056
5 0.505469 0.668750 0.000000 0.001389
5 0.505469 0.668750 0.000000 0.001389
5 0.505469 0.668750 0.000000 0.001389
5 0.567969 0.688889 0.004687 0.005556
5 0.567969 0.688889 0.004687 0.005556
5 0.567969 0.688889 0.004687 0.005556
5 0.567578 0.681250 0.003906 0.006944
5 0.567578 0.681250 0.003906 0.006944
5 0.567578 0.681250 0.003906 0.006944
5 0.566797 0.672917 0.003906 0.006944
5 0.566797 0.672917 0.003906 0.006944
5 0.566797 0.672917 0.003906 0.006944
5 0.567187 0.664583 0.004687 0.006944
5 0.567187 0.664583 0.004687 0.006944
5 0.567187 0.664583 0.004687 0.006944
6 0.449219 0.666667 0.043750 0.027778
6 0.492578 0.664583 0.038281 0.026389
6 0.449609 0.631250 0.044531 0.054167
6 0.471484 0.665278 0.041406 0.027778
6 0.312891 0.685417 0.049219 0.056944
6 0.282813 0.692361 0.037500 0.068056
7 0.073438 0.741667 0.040625 0.019444
7 0.258984 0.788889 0.086719 0.027778
7 0.297266 0.777083 0.025781 0.023611
7 0.082812 0.823611 0.048438 0.036111
7 0.175391 0.807639 0.055469 0.031944
7 0.060156 0.697917 0.020313 0.009722
7 0.226172 0.710417 0.036719 0.012500
7 0.937891 0.953472 0.122656 0.065278
7 0.910937 0.984722 0.176563 0.027778
7 0.058984 0.680556 0.019531 0.005556
7 0.079297 0.679861 0.021094 0.006944
8 0.191016 0.713889 0.055469 0.027778
5 0.203516 0.704167 0.013281 0.002778
8 0.164062 0.712500 0.001563 0.000000
5 0.164844 0.704167 0.000000 0.000000
8 0.680469 0.693056 0.000000 0.000000
5 0.682031 0.691667 0.004687 0.002778
8 0.614062 0.716667 0.007812 0.027778
5 0.615625 0.704167 0.004687 0.005556
8 0.596484 0.715972 0.042969 0.029167
5 0.597266 0.702083 0.039844 0.009722
8 0.610547 0.710417 0.008594 0.001389
5 0.616406 0.698611 0.023438 0.008333
8 0.580078 0.740972 0.042969 0.040278
5 0.578125 0.722222 0.039062 0.011111
8 0.589063 0.737500 0.057813 0.036111
5 0.589844 0.719444 0.056250 0.011111
0 0.035547 0.499306 0.071094 0.998611
0 0.863281 0.717361 0.271875 0.381944
0 0.337500 0.666667 0.101562 0.175000
0 0.535156 0.647917 0.059375 0.120833
0 0.596484 0.647222 0.053906 0.102778
1 0.313281 0.641667 0.048438 0.038889
1 0.292969 0.654167 0.048438 0.063889
1 0.272266 0.652778 0.050781 0.061111
1 0.250391 0.653472 0.042969 0.062500
1 0.235156 0.652083 0.050000 0.059722
1 0.215625 0.653472 0.035937 0.062500
1 0.180078 0.646528 0.046094 0.048611
1 0.094141 0.654167 0.030469 0.063889
1 0.082812 0.655556 0.053125 0.066667
1 0.925391 0.650000 0.050781 0.052778
2 0.947656 0.635417 0.000000 0.004167
2 0.917578 0.640972 0.030469 0.015278
2 0.912109 0.675694 0.017969 0.001389
1 0.898828 0.673611 0.057031 0.100000
2 0.918750 0.677778 0.003125 0.000000
2 0.923438 0.650000 0.003125 0.030556
2 0.893359 0.651389 0.041406 0.033333
2 0.896875 0.695833 0.046875 0.036111
2 0.920312 0.650694 0.003125 0.031944
2 0.884766 0.666667 0.010156 0.000000
2 0.907422 0.650694 0.021094 0.031944
1 0.881250 0.648611 0.050000 0.052778
2 0.876172 0.633333 0.035156 0.000000
2 0.888672 0.675000 0.022656 0.005556
2 0.899219 0.633333 0.001563 0.000000
2 0.896094 0.633333 0.003125 0.000000
1 0.850781 0.672917 0.057813 0.098611
2 0.876953 0.677778 0.000781 0.000000
2 0.844141 0.650694 0.039844 0.031944
2 0.845703 0.686806 0.042969 0.020833
2 0.869922 0.648611 0.000781 0.027778
2 0.866797 0.647917 0.003906 0.026389
2 0.780859 0.788194 0.039844 0.068056
2 0.689844 0.808333 0.142187 0.083333
2 0.689063 0.734722 0.142187 0.083333
2 0.742578 0.720833 0.114844 0.072222
2 0.505859 0.709028 0.103906 0.062500
2 0.426953 0.719444 0.117969 0.072222
2 0.465234 0.784722 0.041406 0.069444
2 0.541797 0.767361 0.033594 0.062500
2 0.465234 0.713889 0.117969 0.066667
2 0.377344 0.725694 0.132812 0.076389
2 0.377344 0.793750 0.132812 0.076389
2 0.505469 0.775694 0.037500 0.065278
2 0.823047 0.688194 0.003906 0.026389
2 0.757422 0.681944 0.035156 0.008333
2 0.798047 0.691667 0.044531 0.027778
2 0.757031 0.663889 0.035937 0.027778
2 0.798047 0.664583 0.044531 0.026389
2 0.757031 0.636806 0.035937 0.026389
2 0.797266 0.636806 0.044531 0.026389
5 0.092969 0.676389 0.031250 0.008333
5 0.092578 0.684722 0.032031 0.008333
5 0.092578 0.692361 0.032031 0.006944
5 0.092578 0.700694 0.032031 0.009722
5 0.092578 0.717361 0.032031 0.009722
5 0.092578 0.709028 0.032031 0.009722
5 0.092578 0.732639 0.032031 0.009722
5 0.092578 0.724306 0.032031 0.009722
5 0.058203 0.690972 0.016406 0.004167
5 0.157031 0.693750 0.015625 0.006944
5 0.157031 0.702778 0.015625 0.008333
5 0.157031 0.719444 0.015625 0.008333
5 0.157031 0.711111 0.015625 0.008333
5 0.156250 0.735417 0.015625 0.009722
5 0.157031 0.725694 0.015625 0.009722
5 0.073438 0.693056 0.032813 0.005556
5 0.076563 0.700000 0.014063 0.005556
5 0.157031 0.686806 0.015625 0.006944
5 0.157031 0.677778 0.015625 0.008333
5 0.186328 0.695139 0.058594 0.009722
5 0.186328 0.704861 0.058594 0.009722
5 0.186328 0.722917 0.058594 0.009722
5 0.186328 0.713194 0.058594 0.009722
5 0.185938 0.738889 0.059375 0.011111
5 0.186328 0.729167 0.058594 0.011111
5 0.089844 0.693056 0.000000 0.000000
5 0.089844 0.700694 0.000000 0.001389
5 0.186328 0.688194 0.058594 0.009722
5 0.186328 0.679167 0.058594 0.008333
5 0.187109 0.629167 0.058594 0.008333
5 0.187109 0.638194 0.058594 0.006944
5 0.186719 0.655556 0.057813 0.008333
5 0.187109 0.646528 0.058594 0.006944
5 0.186328 0.672222 0.058594 0.008333
5 0.186328 0.663194 0.058594 0.006944
5 0.089844 0.686111 0.000000 0.000000
5 0.187109 0.621528 0.058594 0.006944
5 0.187109 0.613194 0.058594 0.006944