3 0.499609 0.812500 0.999219 0.372222
4 0.257031 0.711111 0.001563 0.008333
4 0.153906 0.760417 0.014063 0.065278
4 0.027344 0.765278 0.014063 0.011111
4 0.052344 0.685417 0.001563 0.023611
8 0.564844 0.860417 0.082812 0.048611
5 0.548828 0.667361 0.013281 0.009722
5 0.548828 0.667361 0.013281 0.009722
5 0.548828 0.667361 0.013281 0.009722
5 0.546094 0.659028 0.010937 0.009722
5 0.546094 0.659028 0.010937 0.009722
5 0.546094 0.659028 0.010937 0.009722
5 0.548438 0.675694 0.014063 0.009722
5 0.548438 0.675694 0.014063 0.009722
5 0.548438 0.675694 0.014063 0.009722
5 0.570703 0.680556 0.016406 0.008333
5 0.570703 0.680556 0.016406 0.008333
5 0.570703 0.680556 0.016406 0.008333
5 0.571094 0.672917 0.017188 0.009722
5 0.571094 0.672917 0.017188 0.009722
5 0.571094 0.672917 0.017188 0.009722
5 0.571484 0.663889 0.017969 0.008333
5 0.571484 0.663889 0.017969 0.008333
5 0.571484 0.663889 0.017969 0.008333
5 0.575781 0.653472 0.026562 0.012500
5 0.575781 0.653472 0.026562 0.012500
5 0.575781 0.653472 0.026562 0.012500
6 0.440625 0.715278 0.050000 0.069444
6 0.488672 0.697222 0.041406 0.066667
6 0.441406 0.657639 0.051562 0.068056
6 0.467578 0.704861 0.047656 0.068056
6 0.264062 0.749306 0.028125 0.073611
6 0.234766 0.774306 0.038281 0.090278
7 0.048438 0.779167 0.012500 0.008333
7 0.011719 0.722222 0.023438 0.016667
7 0.322266 0.720833 0.003906 0.000000
7 0.181641 0.766667 0.046094 0.022222
7 0.096094 0.644444 0.017188 0.005556
7 0.132812 0.638889 0.026562 0.008333
7 0.026953 0.655556 0.032031 0.011111
7 0.049219 0.650000 0.009375 0.008333
8 0.149219 0.811806 0.025000 0.034722
5 0.147266 0.797917 0.021094 0.015278
8 0.331250 0.738194 0.014063 0.009722
5 0.327344 0.735417 0.014063 0.012500
8 0.344531 0.735417 0.028125 0.018056
5 0.337891 0.727778 0.035156 0.013889
8 0.358984 0.733333 0.049219 0.027778
5 0.357812 0.720833 0.043750 0.013889
8 0.372266 0.750000 0.050781 0.033333
5 0.371484 0.735417 0.046094 0.015278
8 0.396875 0.742361 0.050000 0.031944
5 0.396484 0.727778 0.044531 0.013889
8 0.351172 0.757639 0.052344 0.034722
5 0.350391 0.742361 0.047656 0.015278
8 0.335547 0.764583 0.030469 0.029167
5 0.331250 0.751389 0.021875 0.016667
8 0.807422 0.769444 0.055469 0.036111
5 0.806250 0.752778 0.050000 0.016667
8 0.821484 0.760417 0.053906 0.034722
5 0.820312 0.745139 0.048438 0.015278
8 0.796875 0.778472 0.056250 0.037500
5 0.796094 0.761806 0.051562 0.018056
8 0.782422 0.788889 0.055469 0.038889
5 0.780859 0.771528 0.052344 0.018056
8 0.769531 0.745139 0.051562 0.018056
5 0.768750 0.738194 0.046875 0.012500
8 0.756641 0.759722 0.049219 0.030556
5 0.753906 0.745139 0.048438 0.015278
8 0.742969 0.765972 0.054688 0.029167
5 0.737891 0.753472 0.041406 0.018056
8 0.726172 0.775694 0.057031 0.029167
5 0.722656 0.761806 0.046875 0.018056
8 0.687891 0.837500 0.053906 0.050000
5 0.685937 0.818056 0.050000 0.025000
8 0.730859 0.847917 0.060156 0.051389
5 0.730469 0.828472 0.053125 0.026389
8 0.639844 0.832639 0.050000 0.043056
5 0.641797 0.811111 0.046094 0.025000
8 0.602734 0.820833 0.058594 0.047222
5 0.603125 0.802083 0.051562 0.023611
8 0.746094 0.806944 0.060937 0.041667
5 0.745313 0.789583 0.054688 0.020833
8 0.731250 0.820139 0.062500 0.043056
5 0.730078 0.801389 0.057031 0.022222
8 0.675781 0.813194 0.056250 0.045833
5 0.680859 0.795139 0.039844 0.020833
8 0.633984 0.805556 0.053906 0.033333
5 0.630859 0.787500 0.039844 0.022222
8 0.560156 0.936806 0.073438 0.059722
5 0.557422 0.909722 0.067969 0.036111
8 0.586328 0.915972 0.080469 0.056944
5 0.585547 0.890278 0.072656 0.033333
8 0.511719 0.959722 0.001563 0.000000
5 0.478906 0.950000 0.057813 0.016667
8 0.355078 0.977083 0.067969 0.037500
5 0.352344 0.961806 0.062500 0.043056
8 0.387500 0.948611 0.089063 0.030556
5 0.386328 0.938194 0.080469 0.040278
0 0.284766 0.825000 0.139844 0.244444
0 0.519141 0.743056 0.092969 0.186111
0 0.610547 0.653472 0.061719 0.118056
1 0.304297 0.625694 0.055469 0.068056
1 0.268750 0.628472 0.023438 0.070833
1 0.266016 0.622222 0.028906 0.072222
1 0.242969 0.625694 0.054688 0.073611
1 0.214453 0.616667 0.035156 0.066667
1 0.203516 0.622222 0.053906 0.072222
1 0.168750 0.604861 0.050000 0.065278
1 0.074219 0.659028 0.071875 0.084722
1 0.051172 0.658333 0.071094 0.086111
1 0.978906 0.733333 0.040625 0.130556
2 0.986328 0.682639 0.025781 0.004167
2 0.980469 0.709722 0.037500 0.038889
2 0.993750 0.756944 0.010937 0.041667
2 0.980078 0.685417 0.021094 0.004167
2 0.994922 0.687500 0.008594 0.002778
2 0.977344 0.688889 0.020313 0.002778
2 0.992969 0.690972 0.012500 0.004167
1 0.958984 0.772917 0.067969 0.151389
2 0.987500 0.787500 0.004687 0.041667
2 0.966797 0.733333 0.047656 0.044444
2 0.953516 0.747222 0.049219 0.047222
2 0.957031 0.798611 0.057813 0.055556
2 0.951172 0.718056 0.024219 0.005556
2 0.974219 0.739583 0.025000 0.043056
2 0.946875 0.721528 0.023438 0.004167
2 0.970703 0.744444 0.024219 0.044444
1 0.935937 0.691667 0.057813 0.055556
2 0.942187 0.683333 0.040625 0.016667
2 0.930469 0.701389 0.042188 0.033333
2 0.929297 0.680556 0.021094 0.002778
2 0.948828 0.695833 0.019531 0.030556
2 0.926172 0.684028 0.019531 0.004167
2 0.945312 0.697222 0.020313 0.027778
1 0.900781 0.764583 0.068750 0.148611
2 0.930078 0.785417 0.003906 0.026389
2 0.910156 0.715278 0.045312 0.022222
2 0.894141 0.739583 0.047656 0.045833
2 0.897266 0.788889 0.055469 0.052778
2 0.893750 0.711111 0.023438 0.005556
2 0.915234 0.731944 0.024219 0.041667
2 0.889062 0.714583 0.021875 0.004167
2 0.911328 0.736806 0.024219 0.043056
2 0.454688 0.968056 0.145313 0.061111
2 0.400391 0.984028 0.147656 0.029167
2 0.475391 0.911806 0.100781 0.081944
2 0.417969 0.893750 0.100000 0.073611
2 0.871094 0.713889 0.015625 0.041667
2 0.790625 0.721528 0.040625 0.034722
2 0.837500 0.725694 0.051562 0.040278
2 0.791016 0.690972 0.041406 0.034722
2 0.837500 0.693750 0.051562 0.040278
2 0.792969 0.656250 0.045312 0.040278
2 0.837500 0.661111 0.051562 0.041667
5 0.028516 0.781944 0.057031 0.025000
5 0.023828 0.793056 0.047656 0.022222
5 0.018750 0.804167 0.037500 0.016667
5 0.014453 0.813889 0.028906 0.019444
5 0.014453 0.833333 0.028906 0.019444
5 0.014453 0.823611 0.028906 0.019444
5 0.014844 0.851389 0.029687 0.019444
5 0.014453 0.842361 0.028906 0.018056
5 0.014844 0.704167 0.029687 0.013889
5 0.008203 0.709722 0.016406 0.008333
5 0.056250 0.815972 0.053125 0.018056
5 0.052344 0.825000 0.045312 0.019444
5 0.052344 0.845833 0.045312 0.019444
5 0.056250 0.834722 0.053125 0.019444
5 0.056641 0.864583 0.052344 0.018056
5 0.052344 0.854861 0.045312 0.018056
5 0.028516 0.709028 0.033594 0.012500
5 0.028516 0.715972 0.035156 0.012500
5 0.056250 0.806944 0.053125 0.016667
5 0.056641 0.792361 0.053906 0.026389
5 0.110547 0.827083 0.069531 0.023611
5 0.110547 0.836806 0.069531 0.023611
5 0.110937 0.857639 0.070312 0.023611
5 0.110547 0.847222 0.069531 0.025000
5 0.110937 0.876389 0.070312 0.025000
5 0.110937 0.866667 0.070312 0.025000
5 0.062891 0.715972 0.044531 0.009722
5 0.062109 0.722222 0.044531 0.011111
5 0.110547 0.817361 0.069531 0.023611
5 0.110547 0.806944 0.069531 0.022222
5 0.110547 0.748611 0.069531 0.019444
5 0.110547 0.759028 0.069531 0.020833
5 0.110547 0.779167 0.069531 0.022222
5 0.110547 0.768750 0.069531 0.020833
5 0.110547 0.798611 0.069531 0.022222
5 0.110547 0.788194 0.069531 0.020833
5 0.062891 0.710417 0.044531 0.009722
5 0.062109 0.704167 0.044531 0.011111
5 0.110547 0.738889 0.069531 0.019444
5 0.110547 0.727083 0.069531 0.023611