3 0.537500 0.875694 0.871875 0.245833
8 0.930078 0.884722 0.085156 0.072222
6 0.782031 0.945139 0.181250 0.106944
7 0.773047 0.773611 0.022656 0.019444
7 0.832422 0.770139 0.042969 0.018056
7 0.939844 0.762500 0.039062 0.019444
7 0.897266 0.765278 0.042969 0.016667
7 0.661719 0.779861 0.039062 0.020833
7 0.714453 0.777083 0.039844 0.020833
7 0.588672 0.784722 0.036719 0.022222
7 0.532813 0.789583 0.035937 0.020833
8 0.368359 0.913194 0.057031 0.068056
5 0.368750 0.892361 0.050000 0.029167
8 0.326953 0.916667 0.011719 0.066667
5 0.325781 0.896528 0.009375 0.026389
8 0.421484 0.908333 0.058594 0.066667
5 0.421875 0.887500 0.051562 0.027778
8 0.480469 0.904861 0.060937 0.062500
5 0.481641 0.883333 0.053906 0.027778
8 0.332031 0.946528 0.021875 0.073611
5 0.330469 0.925694 0.018750 0.034722
8 0.380469 0.943056 0.062500 0.075000
5 0.380859 0.921528 0.055469 0.034722
8 0.437109 0.936806 0.064844 0.073611
5 0.437891 0.915278 0.057031 0.033333
8 0.501172 0.931944 0.066406 0.069444
5 0.501953 0.909722 0.058594 0.033333
8 0.733594 0.878472 0.079687 0.037500
5 0.732812 0.870139 0.071875 0.023611
8 0.710156 0.871528 0.075000 0.051389
5 0.709375 0.854167 0.067187 0.019444
8 0.735156 0.904167 0.034375 0.052778
5 0.747656 0.885417 0.051562 0.023611
8 0.757422 0.926389 0.027344 0.061111
5 0.759766 0.904167 0.024219 0.022222
8 0.585547 0.898611 0.067969 0.061111
5 0.586328 0.878472 0.060156 0.029167
8 0.639453 0.893750 0.069531 0.059722
5 0.640234 0.872222 0.061719 0.027778
8 0.682031 0.910417 0.082812 0.062500
5 0.681250 0.890278 0.075000 0.025000
8 0.706641 0.930556 0.088281 0.066667
5 0.705469 0.909722 0.079687 0.027778
8 0.964063 0.856944 0.017188 0.038889
5 0.966797 0.840278 0.011719 0.011111
8 0.942187 0.865278 0.060937 0.050000
5 0.943359 0.849306 0.058594 0.023611
0 0.867969 0.868056 0.198437 0.261111
0 0.043750 0.927083 0.087500 0.143056
1 0.213672 0.709028 0.088281 0.029167
2 0.182812 0.717361 0.020313 0.018056
2 0.243359 0.715278 0.021094 0.016667
2 0.201953 0.719444 0.016406 0.016667
2 0.201563 0.710417 0.017188 0.004167
2 0.230859 0.717361 0.005469 0.015278
2 0.230469 0.707639 0.004687 0.001389
1 0.377734 0.746528 0.086719 0.118056
2 0.350781 0.768056 0.017188 0.036111
2 0.346484 0.763889 0.016406 0.033333
2 0.349609 0.720833 0.024219 0.038889
2 0.405078 0.708333 0.024219 0.016667
2 0.369922 0.711111 0.021094 0.013889
2 0.367188 0.702083 0.020313 0.001389
2 0.389453 0.709722 0.019531 0.013889
2 0.385156 0.701389 0.018750 0.002778
1 0.218359 0.777778 0.097656 0.136111
2 0.184375 0.739583 0.021875 0.023611
2 0.251172 0.736806 0.024219 0.023611
2 0.203125 0.743056 0.014063 0.025000
2 0.202734 0.728472 0.014844 0.004167
2 0.234766 0.738889 0.013281 0.019444
2 0.233984 0.726389 0.011719 0.002778
1 0.399609 0.768750 0.096094 0.131944
2 0.370703 0.792361 0.022656 0.040278
2 0.366406 0.787500 0.021875 0.038889
2 0.368750 0.739583 0.026562 0.043056
2 0.430078 0.727083 0.027344 0.020833
2 0.383594 0.793750 0.001563 0.004167
2 0.391797 0.730556 0.022656 0.019444
2 0.387109 0.719444 0.022656 0.002778
2 0.412109 0.729167 0.022656 0.019444
2 0.407422 0.718056 0.021094 0.002778
1 0.221094 0.798611 0.104688 0.133333
2 0.186328 0.757639 0.025781 0.012500
2 0.260937 0.754167 0.025000 0.011111
2 0.200000 0.829167 0.000000 0.000000
2 0.204297 0.761806 0.010156 0.012500
2 0.204687 0.752778 0.010937 0.002778
2 0.239453 0.757639 0.022656 0.006944
2 0.238672 0.750694 0.021094 0.004167
1 0.428516 0.797917 0.108594 0.151389
2 0.389453 0.825694 0.013281 0.045833
2 0.381250 0.818750 0.006250 0.043056
2 0.393750 0.765278 0.031250 0.050000
2 0.462500 0.742361 0.031250 0.009722
2 0.419531 0.746528 0.026562 0.006944
2 0.414062 0.740972 0.025000 0.004167
2 0.442188 0.745139 0.026562 0.006944
2 0.435937 0.740278 0.025000 0.002778
1 0.220703 0.831250 0.105469 0.165278
2 0.187109 0.859028 0.027344 0.054167
2 0.187109 0.830556 0.025781 0.002778
2 0.187109 0.792361 0.027344 0.056944
2 0.262891 0.787500 0.021094 0.055556
2 0.237109 0.853472 0.072656 0.059722
2 0.214453 0.793750 0.027344 0.051389
2 0.205078 0.764583 0.010156 0.004167
2 0.241797 0.790972 0.027344 0.051389
2 0.240625 0.763194 0.025000 0.004167
1 0.442578 0.806944 0.114844 0.150000
2 0.408594 0.840278 0.028125 0.050000
2 0.403125 0.834028 0.028125 0.045833
2 0.405859 0.777778 0.033594 0.052778
2 0.478125 0.773611 0.034375 0.052778
2 0.455859 0.836111 0.078906 0.055556
2 0.432812 0.778472 0.028125 0.048611
2 0.426953 0.752083 0.027344 0.004167
2 0.457031 0.777083 0.028125 0.048611
2 0.450781 0.750694 0.026562 0.004167
2 0.966406 0.783333 0.012500 0.036111
2 0.966016 0.746528 0.011719 0.037500
2 0.050391 0.967361 0.100781 0.062500
2 0.104297 0.950000 0.005469 0.080556
2 0.050781 0.918750 0.101562 0.093056
2 0.104688 0.888889 0.006250 0.077778
2 0.050781 0.849306 0.101562 0.084722
2 0.053906 0.827083 0.107813 0.076389