3 0.499609 0.879167 0.999219 0.238889
4 0.909766 0.927083 0.064844 0.129167
4 0.082812 0.980556 0.007812 0.033333
5 0.155078 0.806944 0.075781 0.019444
5 0.155078 0.806944 0.075781 0.019444
5 0.155078 0.806944 0.075781 0.019444
5 0.155078 0.790972 0.075781 0.020833
5 0.155078 0.790972 0.075781 0.020833
5 0.155078 0.790972 0.075781 0.020833
5 0.154688 0.819444 0.076563 0.019444
5 0.154688 0.819444 0.076563 0.019444
5 0.154688 0.819444 0.076563 0.019444
5 0.233594 0.809028 0.070312 0.018056
5 0.233594 0.809028 0.070312 0.018056
5 0.233594 0.809028 0.070312 0.018056
5 0.233594 0.796528 0.070312 0.018056
5 0.233594 0.796528 0.070312 0.018056
5 0.233594 0.796528 0.070312 0.018056
5 0.233594 0.784028 0.070312 0.018056
5 0.233594 0.784028 0.070312 0.018056
5 0.233594 0.784028 0.070312 0.018056
5 0.233984 0.768750 0.069531 0.018056
5 0.233984 0.768750 0.069531 0.018056
5 0.233984 0.768750 0.069531 0.018056
6 0.591406 0.818750 0.057813 0.101389
6 0.475781 0.803472 0.075000 0.098611
6 0.591406 0.729861 0.057813 0.101389
6 0.526172 0.809722 0.078906 0.102778
6 0.866406 0.865278 0.096875 0.141667
6 0.972266 0.877778 0.053906 0.141667
7 0.467187 0.906944 0.071875 0.016667
7 0.801562 0.966667 0.051562 0.044444
6 0.800000 0.915972 0.398438 0.165278
6 0.521875 0.934028 0.550000 0.129167
8 0.782031 0.902778 0.014063 0.036111
8 0.606641 0.875000 0.027344 0.041667
5 0.608984 0.859722 0.022656 0.013889
8 0.582031 0.869444 0.076563 0.047222
5 0.574219 0.847222 0.051562 0.022222
8 0.601172 0.836111 0.002344 0.000000
5 0.612109 0.832639 0.016406 0.004167
8 0.776172 0.848611 0.003906 0.002778
5 0.764062 0.846528 0.020313 0.009722
8 0.791406 0.900000 0.032813 0.030556
5 0.796094 0.852083 0.045312 0.009722
8 0.760547 0.785417 0.002344 0.029167
5 0.768750 0.767361 0.031250 0.006944
8 0.794141 0.786111 0.049219 0.033333
5 0.794531 0.771528 0.045312 0.009722
8 0.814844 0.793750 0.012500 0.023611
5 0.814844 0.775694 0.012500 0.009722
8 0.753906 0.793750 0.001563 0.015278
5 0.754297 0.770833 0.002344 0.000000
8 0.772266 0.792361 0.038281 0.034722
5 0.770703 0.776389 0.035156 0.011111
8 0.798438 0.796528 0.045312 0.034722
5 0.800000 0.780556 0.042188 0.011111
8 0.990625 0.825694 0.003125 0.001389
5 0.991797 0.789583 0.014844 0.004167
8 0.990234 0.815972 0.008594 0.020833
5 0.989062 0.795139 0.020313 0.006944
8 0.992578 0.825000 0.013281 0.036111
5 0.983984 0.804167 0.030469 0.013889
8 0.969531 0.783333 0.000000 0.000000
0 0.932422 0.759722 0.127344 0.200000
0 0.405469 0.737500 0.089063 0.161111
1 0.218750 0.991667 0.017188 0.013889
1 0.241797 0.934722 0.410156 0.127778
1 0.853125 0.702083 0.070312 0.045833
2 0.820312 0.688194 0.000000 0.001389
2 0.871875 0.693056 0.014063 0.008333
2 0.865234 0.687500 0.000781 0.000000
1 0.969141 0.722222 0.060156 0.080556
2 0.950000 0.731250 0.007812 0.001389
2 0.944531 0.692361 0.003125 0.001389
2 0.994141 0.705556 0.010156 0.027778
2 0.983594 0.742361 0.031250 0.029167
2 0.982812 0.706250 0.010937 0.026389
2 0.990234 0.691667 0.013281 0.000000
1 0.797656 0.720139 0.045312 0.079167
2 0.785547 0.730556 0.013281 0.002778
2 0.788281 0.692361 0.020313 0.004167
2 0.819922 0.705556 0.000781 0.025000
2 0.806641 0.740972 0.027344 0.029167
2 0.798047 0.704167 0.013281 0.025000
2 0.808594 0.690278 0.018750 0.000000
2 0.812891 0.704861 0.014844 0.026389
2 0.819531 0.690278 0.001563 0.000000
1 0.944922 0.731250 0.078906 0.095833
2 0.916406 0.739583 0.007812 0.001389
2 0.914844 0.696528 0.020313 0.004167
2 0.966016 0.710417 0.027344 0.029167
2 0.951172 0.748611 0.060156 0.030556
2 0.927344 0.696528 0.015625 0.004167
2 0.939844 0.694444 0.012500 0.000000
2 0.944141 0.710417 0.016406 0.029167
1 0.791406 0.725694 0.023438 0.081944
2 0.753906 0.693056 0.003125 0.000000
2 0.784766 0.709722 0.028906 0.030556
2 0.776953 0.747917 0.047656 0.031944
2 0.757031 0.694444 0.009375 0.000000
2 0.766016 0.695139 0.007031 0.001389
2 0.775000 0.694444 0.017188 0.000000
1 0.904297 0.725000 0.077344 0.075000
2 0.869922 0.740972 0.008594 0.001389
2 0.871484 0.697917 0.013281 0.001389
2 0.926172 0.715972 0.025781 0.031944
2 0.910937 0.752083 0.057813 0.023611
2 0.888281 0.700000 0.004687 0.000000
2 0.891406 0.698611 0.010937 0.000000
2 0.902344 0.700000 0.021875 0.000000
2 0.905469 0.698611 0.001563 0.000000
1 0.767578 0.725694 0.030469 0.079167
2 0.765625 0.711806 0.026562 0.029167
2 0.766406 0.749306 0.026562 0.029167
2 0.757422 0.695833 0.010156 0.000000
1 0.895312 0.736111 0.059375 0.091667
2 0.866406 0.741667 0.001563 0.000000
2 0.865234 0.700000 0.000781 0.000000
2 0.904687 0.718056 0.031250 0.033333
2 0.893359 0.758333 0.055469 0.033333
2 0.869922 0.717361 0.010156 0.031944
2 0.872266 0.700000 0.011719 0.000000
2 0.880469 0.717361 0.017188 0.031944
2 0.891797 0.701389 0.008594 0.000000
2 0.514453 0.766667 0.041406 0.038889
2 0.528516 0.747222 0.011719 0.002778
2 0.582422 0.773611 0.039844 0.036111
2 0.610938 0.770833 0.014063 0.033333
2 0.582422 0.738194 0.039844 0.031944
2 0.610156 0.736806 0.015625 0.031944
2 0.582031 0.704861 0.039062 0.034722
2 0.594141 0.703472 0.049219 0.034722