3 0.499609 0.802083 0.999219 0.393056
4 0.102344 0.836111 0.004687 0.080556
4 0.163281 0.701389 0.001563 0.030556
4 0.012500 0.721528 0.025000 0.059722
8 0.258984 0.625000 0.000781 0.008333
5 0.237109 0.597222 0.032031 0.008333
5 0.237109 0.597222 0.032031 0.008333
5 0.237109 0.597222 0.032031 0.008333
5 0.237109 0.590278 0.032031 0.008333
5 0.237109 0.590278 0.032031 0.008333
5 0.237109 0.590278 0.032031 0.008333
5 0.237109 0.604167 0.032031 0.008333
5 0.237109 0.604167 0.032031 0.008333
5 0.237109 0.604167 0.032031 0.008333
5 0.204687 0.606944 0.031250 0.005556
5 0.204687 0.606944 0.031250 0.005556
5 0.204687 0.606944 0.031250 0.005556
5 0.204687 0.600694 0.031250 0.006944
5 0.204687 0.600694 0.031250 0.006944
5 0.204687 0.600694 0.031250 0.006944
5 0.204687 0.593750 0.031250 0.006944
5 0.204687 0.593750 0.031250 0.006944
5 0.204687 0.593750 0.031250 0.006944
5 0.205469 0.584722 0.032813 0.008333
5 0.205469 0.584722 0.032813 0.008333
5 0.205469 0.584722 0.032813 0.008333
6 0.176172 0.591667 0.013281 0.041667
5 0.838672 0.815972 0.063281 0.037500
5 0.838672 0.815972 0.063281 0.037500
5 0.838672 0.815972 0.063281 0.037500
5 0.837500 0.800000 0.067187 0.038889
5 0.837500 0.800000 0.067187 0.038889
5 0.837500 0.800000 0.067187 0.038889
5 0.841797 0.829167 0.057031 0.036111
5 0.841797 0.829167 0.057031 0.036111
5 0.841797 0.829167 0.057031 0.036111
5 0.875781 0.870833 0.045312 0.044444
5 0.875781 0.870833 0.045312 0.044444
5 0.875781 0.870833 0.045312 0.044444
5 0.875781 0.855556 0.045312 0.044444
5 0.875781 0.855556 0.045312 0.044444
5 0.875781 0.855556 0.045312 0.044444
5 0.876172 0.838194 0.044531 0.043056
5 0.876172 0.838194 0.044531 0.043056
5 0.876172 0.838194 0.044531 0.043056
5 0.876563 0.819444 0.045312 0.044444
5 0.876563 0.819444 0.045312 0.044444
5 0.876563 0.819444 0.045312 0.044444
6 0.346484 0.888889 0.082031 0.116667
6 0.509375 0.869444 0.085938 0.130556
6 0.346484 0.779861 0.082031 0.126389
6 0.429297 0.875694 0.083594 0.131944
6 0.004687 0.873611 0.009375 0.113889
7 0.100391 0.736111 0.033594 0.025000
7 0.020703 0.852778 0.005469 0.008333
7 0.471094 0.650000 0.018750 0.013889
7 0.514453 0.650000 0.021094 0.013889
7 0.369531 0.654167 0.017188 0.013889
7 0.414062 0.652778 0.018750 0.013889
7 0.042578 0.664583 0.025781 0.015278
8 0.073828 0.883333 0.063281 0.069444
5 0.072656 0.864583 0.057813 0.034722
8 0.135937 0.879861 0.060937 0.068056
5 0.135547 0.861111 0.053906 0.033333
8 0.191406 0.875694 0.057813 0.068056
5 0.191016 0.856944 0.050781 0.033333
8 0.242969 0.873611 0.032813 0.063889
5 0.244531 0.854861 0.031250 0.031944
8 0.178906 0.911111 0.062500 0.077778
5 0.178906 0.890278 0.054688 0.038889
8 0.238672 0.909028 0.044531 0.073611
5 0.239844 0.886806 0.040625 0.037500
8 0.119531 0.916667 0.067187 0.077778
5 0.118750 0.895139 0.059375 0.040278
8 0.055859 0.919444 0.063281 0.077778
5 0.052734 0.898611 0.060156 0.038889
0 0.028906 0.911806 0.057813 0.173611
0 0.807031 0.837500 0.181250 0.258333
1 0.618359 0.671528 0.047656 0.115278
1 0.574219 0.673611 0.056250 0.113889
1 0.589453 0.648611 0.052344 0.091667
1 0.551172 0.657639 0.047656 0.106944
1 0.559766 0.636111 0.030469 0.086111
1 0.534766 0.643056 0.047656 0.100000
1 0.582031 0.611806 0.060937 0.076389
1 0.230078 0.677778 0.058594 0.108333
1 0.232422 0.668056 0.053906 0.105556
1 0.033203 0.672917 0.066406 0.106944
1 0.028125 0.683333 0.056250 0.111111
2 0.983203 0.972222 0.032031 0.052778
5 0.137891 0.650694 0.028906 0.009722
5 0.137891 0.645139 0.028906 0.009722
5 0.137891 0.634722 0.028906 0.008333
5 0.137891 0.640278 0.028906 0.008333
5 0.164844 0.713194 0.037500 0.015278
5 0.166016 0.722222 0.030469 0.011111
5 0.163672 0.725694 0.028906 0.015278
5 0.173437 0.734722 0.004687 0.013889
5 0.150781 0.740972 0.042188 0.018056
5 0.148047 0.751389 0.041406 0.013889
5 0.150781 0.734028 0.042188 0.018056
5 0.148047 0.727083 0.041406 0.018056