3 0.435547 0.809028 0.871094 0.379167
4 0.245312 0.682639 0.001563 0.020833
4 0.206250 0.690278 0.001563 0.022222
4 0.160938 0.686806 0.007812 0.004167
4 0.116016 0.722917 0.007031 0.051389
4 0.065234 0.732639 0.013281 0.056944
4 0.008594 0.734028 0.001563 0.029167
4 0.141797 0.648611 0.000781 0.019444
4 0.060937 0.670833 0.015625 0.041667
4 0.025000 0.677083 0.004687 0.040278
8 0.105469 0.741667 0.039062 0.038889
6 0.493359 0.641667 0.013281 0.022222
6 0.489844 0.643750 0.006250 0.018056
6 0.340234 0.687500 0.046094 0.061111
6 0.316406 0.697222 0.026562 0.063889
7 0.138281 0.766667 0.050000 0.019444
7 0.089844 0.779167 0.051562 0.022222
7 0.016797 0.741667 0.033594 0.016667
7 0.147656 0.713194 0.001563 0.006944
7 0.105859 0.676389 0.033594 0.011111
7 0.263281 0.705556 0.003125 0.002778
7 0.863672 0.951389 0.014844 0.016667
7 0.871094 0.906944 0.000000 0.008333
7 0.157031 0.627083 0.023438 0.006944
7 0.171094 0.625000 0.007812 0.005556
7 0.098828 0.635417 0.024219 0.006944
7 0.117188 0.631944 0.014063 0.005556
8 0.028516 0.778472 0.057031 0.040278
5 0.026953 0.764583 0.053906 0.015278
8 0.012500 0.774306 0.025000 0.009722
5 0.005469 0.750000 0.000000 0.000000
8 0.255078 0.722917 0.002344 0.020833
5 0.255469 0.713194 0.001563 0.001389
8 0.370703 0.688889 0.013281 0.022222
5 0.373437 0.678472 0.004687 0.001389
8 0.372656 0.679167 0.000000 0.000000
5 0.381641 0.676389 0.010156 0.002778
8 0.410156 0.669444 0.000000 0.000000
8 0.423047 0.686806 0.002344 0.018056
5 0.404297 0.677778 0.035156 0.005556
8 0.423438 0.682639 0.003125 0.006944
5 0.417578 0.673611 0.014844 0.008333
5 0.379297 0.680556 0.014844 0.005556
8 0.364453 0.696528 0.000781 0.009722
5 0.374609 0.686806 0.021094 0.006944
0 0.813672 0.972222 0.028906 0.052778
0 0.375000 0.695139 0.070312 0.131944
1 0.335547 0.618750 0.036719 0.043056
1 0.328125 0.621528 0.021875 0.043056
1 0.257812 0.609722 0.004687 0.055556
1 0.250391 0.600694 0.019531 0.048611
1 0.250391 0.609722 0.019531 0.055556
1 0.206641 0.599306 0.008594 0.037500
1 0.153906 0.630556 0.054688 0.066667
1 0.132812 0.629167 0.054688 0.066667
1 0.017188 0.643750 0.032813 0.068056
1 0.032031 0.665972 0.064062 0.056944
2 0.720703 0.636111 0.000781 0.000000
2 0.731641 0.620833 0.022656 0.027778
2 0.762109 0.618750 0.039844 0.020833
5 0.166016 0.695833 0.046094 0.013889
5 0.162109 0.703472 0.038281 0.012500
5 0.162109 0.709722 0.038281 0.011111
5 0.158594 0.713889 0.031250 0.008333
5 0.162109 0.731944 0.038281 0.011111
5 0.166406 0.728472 0.015625 0.004167
5 0.161328 0.743750 0.036719 0.012500
5 0.162109 0.736806 0.038281 0.012500
5 0.103906 0.665278 0.034375 0.008333
5 0.099609 0.670139 0.025781 0.004167
5 0.204297 0.718750 0.013281 0.004167
5 0.193359 0.722917 0.035156 0.009722
5 0.192969 0.736111 0.035937 0.013889
5 0.192969 0.729167 0.035937 0.013889
5 0.192969 0.750000 0.035937 0.011111
5 0.192969 0.742361 0.035937 0.012500
5 0.116797 0.668056 0.014844 0.008333
5 0.117969 0.674306 0.012500 0.006944
5 0.191016 0.706250 0.032031 0.009722
5 0.192969 0.700000 0.035937 0.013889
5 0.250781 0.720139 0.020313 0.012500
5 0.250781 0.727083 0.020313 0.012500
5 0.250781 0.742361 0.020313 0.012500
5 0.250781 0.734722 0.020313 0.013889
5 0.250781 0.755556 0.020313 0.013889
5 0.250781 0.749306 0.020313 0.012500
5 0.155469 0.672222 0.028125 0.008333
5 0.155469 0.676389 0.028125 0.008333
5 0.250781 0.713889 0.020313 0.011111
5 0.250781 0.709028 0.020313 0.006944
5 0.250781 0.664583 0.020313 0.012500
5 0.250781 0.671528 0.020313 0.012500
5 0.250781 0.686111 0.020313 0.011111
5 0.250781 0.679167 0.020313 0.011111
5 0.250781 0.691667 0.020313 0.008333
5 0.155469 0.667361 0.028125 0.006944
5 0.155469 0.662500 0.028125 0.008333
5 0.250781 0.659028 0.020313 0.009722
5 0.250781 0.651389 0.020313 0.011111