3 0.491797 0.929167 0.983594 0.138889
5 0.629687 0.912500 0.081250 0.019444
5 0.629687 0.912500 0.081250 0.019444
5 0.629687 0.912500 0.081250 0.019444
5 0.629687 0.895139 0.081250 0.023611
5 0.629687 0.895139 0.081250 0.023611
5 0.629687 0.895139 0.081250 0.023611
5 0.629687 0.927778 0.081250 0.019444
5 0.629687 0.927778 0.081250 0.019444
5 0.629687 0.927778 0.081250 0.019444
5 0.688672 0.936806 0.017969 0.015278
5 0.688672 0.936806 0.017969 0.015278
5 0.688672 0.936806 0.017969 0.015278
5 0.687500 0.920833 0.017188 0.016667
5 0.687500 0.920833 0.017188 0.016667
5 0.687500 0.920833 0.017188 0.016667
5 0.688672 0.904167 0.019531 0.016667
5 0.688672 0.904167 0.019531 0.016667
5 0.688672 0.904167 0.019531 0.016667
5 0.688672 0.884722 0.019531 0.019444
5 0.688672 0.884722 0.019531 0.019444
5 0.688672 0.884722 0.019531 0.019444
6 0.335547 0.948611 0.128906 0.100000
6 0.486719 0.937500 0.107813 0.122222
6 0.335938 0.843750 0.128125 0.154167
6 0.416797 0.941667 0.117969 0.113889
7 0.088672 0.988889 0.074219 0.016667
7 0.001563 0.871528 0.003125 0.009722
7 0.036719 0.868750 0.039062 0.012500
5 0.000781 0.998611 0.001563 0.000000
8 0.057813 0.996528 0.110937 0.004167
5 0.057422 0.990972 0.100781 0.015278
8 0.142578 0.990278 0.108594 0.016667
5 0.141016 0.985417 0.096094 0.026389
5 0.188281 0.993056 0.075000 0.011111
0 0.376563 0.861806 0.300000 0.273611
0 0.767578 0.869444 0.141406 0.258333
1 0.251563 0.844444 0.076563 0.119444
1 0.218750 0.847222 0.090625 0.125000
1 0.193359 0.840278 0.066406 0.113889
1 0.148047 0.842361 0.053906 0.118056
1 0.145313 0.835417 0.059375 0.109722
1 0.114844 0.838194 0.081250 0.112500
1 0.110156 0.823611 0.079687 0.091667