3 0.499609 0.926389 0.999219 0.144444
4 0.233203 0.861111 0.039844 0.025000
4 0.236328 0.835417 0.002344 0.004167
4 0.180078 0.861111 0.072656 0.055556
4 0.153906 0.868056 0.035937 0.069444
4 0.079297 0.713194 0.005469 0.279167
8 0.264453 0.860417 0.194531 0.104167
6 0.438672 0.842361 0.030469 0.054167
6 0.455078 0.853472 0.000781 0.029167
7 0.603516 0.872222 0.089844 0.077778
7 0.801562 0.895833 0.395313 0.125000
7 0.228906 0.841667 0.042188 0.008333
7 0.191406 0.855556 0.121875 0.030556
8 0.499609 0.696528 0.999219 0.604167
5 0.499609 0.214583 0.999219 0.429167
8 0.705078 0.793056 0.510156 0.411111
5 0.702344 0.613889 0.451562 0.088889
8 0.234375 0.790278 0.278125 0.416667
5 0.173828 0.600000 0.347656 0.097222
8 0.458594 0.845833 0.071875 0.075000
5 0.436328 0.812500 0.008594 0.000000
8 0.367969 0.852778 0.021875 0.058333
8 0.382031 0.831944 0.004687 0.000000
8 0.446484 0.858333 0.003906 0.008333
8 0.450391 0.859028 0.000781 0.009722
8 0.452344 0.860417 0.004687 0.012500
8 0.990625 0.827778 0.012500 0.000000
8 0.991406 0.836111 0.014063 0.013889
8 0.998437 0.829861 0.001563 0.004167
8 0.983203 0.829861 0.000781 0.004167
8 0.991016 0.834028 0.016406 0.015278
5 0.991406 0.817361 0.015625 0.004167
8 0.991016 0.830556 0.016406 0.022222
5 0.987891 0.814583 0.022656 0.009722
0 0.917188 0.716667 0.131250 0.250000
2 0.847266 0.836806 0.010156 0.004167
5 0.376172 0.649306 0.022656 0.001389
5 0.318750 0.821528 0.134375 0.026389
5 0.317578 0.880556 0.135156 0.033333
5 0.318359 0.848611 0.135156 0.030556
5 0.591797 0.834028 0.053906 0.001389
5 0.489453 0.879861 0.066406 0.031944
5 0.537891 0.847917 0.163281 0.029167
5 0.470313 0.650694 0.010937 0.001389
5 0.750000 0.833333 0.178125 0.002778
5 0.751172 0.836111 0.180469 0.005556
5 0.835156 0.658333 0.003125 0.000000
5 0.744531 0.511806 0.176563 0.062500
5 0.745313 0.540278 0.176563 0.061111
5 0.754687 0.580556 0.159375 0.019444
5 0.745703 0.561111 0.177344 0.041667
5 0.831250 0.649306 0.010937 0.015278
5 0.744141 0.493056 0.175781 0.041667
5 0.726953 0.480556 0.141406 0.019444