3 0.447656 0.971528 0.895312 0.054167
8 0.118750 0.929167 0.015625 0.002778
6 0.129688 0.929167 0.009375 0.002778
6 0.122266 0.888194 0.025781 0.037500
6 0.121094 0.914583 0.023438 0.031944
6 0.330859 0.903472 0.102344 0.129167
6 0.482031 0.904861 0.054688 0.123611
6 0.333203 0.788889 0.100781 0.133333
6 0.420312 0.903472 0.100000 0.126389
7 0.218750 0.942361 0.039062 0.001389
7 0.343359 0.937500 0.024219 0.008333
7 0.376563 0.937500 0.000000 0.002778
7 0.233203 0.934028 0.019531 0.001389
7 0.278516 0.938889 0.021094 0.011111
8 0.158203 0.934722 0.007031 0.013889
8 0.206250 0.945833 0.057813 0.038889
8 0.139453 0.947917 0.058594 0.043056
5 0.112500 0.909722 0.004687 0.002778
8 0.213672 0.947222 0.061719 0.044444
8 0.859766 0.992361 0.022656 0.012500
8 0.816406 0.961806 0.181250 0.073611
8 0.678125 0.943750 0.192188 0.109722
5 0.674219 0.897222 0.167187 0.030556
8 0.812109 0.962500 0.158594 0.072222
8 0.714844 0.948611 0.156250 0.100000
5 0.694141 0.906250 0.107031 0.009722
8 0.622656 0.947222 0.101562 0.102778
5 0.610547 0.901389 0.077344 0.025000
8 0.007422 0.924306 0.014844 0.059722
5 0.004297 0.901389 0.008594 0.025000
8 0.388281 0.941667 0.195312 0.113889
5 0.384375 0.894444 0.171875 0.033333
8 0.206250 0.940278 0.187500 0.116667
5 0.202734 0.891667 0.164844 0.036111
8 0.131250 0.944444 0.201563 0.108333
5 0.082031 0.897222 0.076563 0.027778
8 0.131641 0.961806 0.169531 0.073611
5 0.132812 0.902083 0.131250 0.018056
0 0.057031 0.770833 0.114062 0.438889
0 0.775781 0.824306 0.095312 0.231944
1 0.497266 0.893750 0.024219 0.095833
1 0.478125 0.890972 0.062500 0.101389
1 0.483594 0.898611 0.051562 0.083333
1 0.448828 0.893750 0.060156 0.095833
1 0.457031 0.896528 0.054688 0.090278
1 0.422266 0.898611 0.053906 0.086111
1 0.451562 0.902778 0.056250 0.077778
1 0.138672 0.885417 0.052344 0.098611
1 0.137500 0.890972 0.045312 0.101389
1 0.963281 0.613194 0.071875 0.770833
2 0.980078 0.440278 0.038281 0.277778
2 0.987500 0.813194 0.023438 0.284722
1 0.862109 0.635417 0.274219 0.726389
2 0.860547 0.516667 0.222656 0.291667
2 0.871875 0.825000 0.235937 0.255556