3 0.499609 0.863889 0.999219 0.269444
4 0.076563 0.843056 0.003125 0.019444
5 0.583984 0.775000 0.003906 0.011111
5 0.583984 0.775000 0.003906 0.011111
5 0.583984 0.775000 0.003906 0.011111
5 0.554688 0.762500 0.062500 0.011111
5 0.554688 0.762500 0.062500 0.011111
5 0.554688 0.762500 0.062500 0.011111
5 0.583984 0.786111 0.003906 0.011111
5 0.583984 0.786111 0.003906 0.011111
5 0.583984 0.786111 0.003906 0.011111
5 0.610938 0.796528 0.029687 0.012500
5 0.610938 0.796528 0.029687 0.012500
5 0.610938 0.796528 0.029687 0.012500
5 0.611328 0.784722 0.030469 0.013889
5 0.611328 0.784722 0.030469 0.013889
5 0.611328 0.784722 0.030469 0.013889
5 0.611719 0.772222 0.031250 0.013889
5 0.611719 0.772222 0.031250 0.013889
5 0.611719 0.772222 0.031250 0.013889
5 0.612109 0.756250 0.032031 0.018056
5 0.612109 0.756250 0.032031 0.018056
5 0.612109 0.756250 0.032031 0.018056
6 0.399609 0.848611 0.085156 0.116667
6 0.461328 0.813194 0.024219 0.090278
6 0.400781 0.752778 0.087500 0.113889
6 0.439844 0.831944 0.067187 0.113889
6 0.085547 0.920833 0.113281 0.155556
6 0.017188 0.936806 0.034375 0.123611
7 0.192188 0.863194 0.060937 0.026389
7 0.003516 0.740278 0.007031 0.011111
8 0.150781 0.920833 0.018750 0.052778
5 0.147266 0.895833 0.013281 0.013889
8 0.181250 0.890278 0.067187 0.022222
5 0.175000 0.881944 0.068750 0.027778
8 0.213672 0.892361 0.085156 0.051389
5 0.212500 0.869444 0.076563 0.027778
8 0.262109 0.865278 0.082031 0.022222
5 0.260547 0.856250 0.072656 0.023611
8 0.273828 0.909722 0.089844 0.061111
5 0.273047 0.883333 0.080469 0.030556
8 0.321875 0.895139 0.085938 0.056944
5 0.320312 0.869444 0.076563 0.027778
8 0.231641 0.925000 0.094531 0.063889
5 0.230078 0.897222 0.083594 0.030556
8 0.182812 0.943750 0.082812 0.068056
5 0.178906 0.913194 0.076563 0.034722
8 0.999219 0.937500 0.000000 0.000000
8 0.994922 0.961806 0.008594 0.037500
5 0.994922 0.956250 0.008594 0.029167
8 0.962500 0.913889 0.073438 0.052778
5 0.964063 0.890972 0.070312 0.031944
8 0.951953 0.922917 0.094531 0.040278
5 0.953125 0.904167 0.089063 0.027778
8 0.946484 0.952083 0.094531 0.065278
5 0.937500 0.922917 0.076563 0.037500
8 0.919531 0.967361 0.109375 0.059722
5 0.917969 0.943750 0.098437 0.037500
8 0.942187 0.984028 0.001563 0.001389
5 0.966797 0.990278 0.064844 0.016667
5 0.849219 0.995833 0.037500 0.005556
8 0.808203 0.993750 0.017969 0.009722
5 0.762109 0.986111 0.097656 0.025000
0 0.037500 0.908333 0.075000 0.180556
0 0.539062 0.861111 0.159375 0.275000
0 0.672656 0.752778 0.092188 0.183333
1 0.233984 0.722222 0.077344 0.102778
1 0.204687 0.725694 0.079687 0.106944
1 0.179297 0.716667 0.074219 0.100000
1 0.154688 0.720139 0.065625 0.101389
1 0.129688 0.713194 0.071875 0.093056
1 0.099219 0.713889 0.073438 0.094444
1 0.073047 0.697917 0.063281 0.084722
2 0.972656 0.856250 0.053125 0.045833
2 0.972266 0.809722 0.053906 0.055556
2 0.972266 0.754167 0.053906 0.063889