3 0.499609 0.850694 0.999219 0.295833
4 0.340234 0.812500 0.008594 0.072222
4 0.304688 0.867361 0.020313 0.093056
4 0.306641 0.909028 0.011719 0.095833
4 0.288281 0.950694 0.015625 0.095833
8 0.971484 0.870833 0.055469 0.044444
5 0.387500 0.698611 0.037500 0.008333
5 0.387500 0.698611 0.037500 0.008333
5 0.387500 0.698611 0.037500 0.008333
5 0.387500 0.686111 0.037500 0.013889
5 0.387500 0.686111 0.037500 0.013889
5 0.387500 0.686111 0.037500 0.013889
5 0.387500 0.706944 0.037500 0.008333
5 0.387500 0.706944 0.037500 0.008333
5 0.387500 0.706944 0.037500 0.008333
5 0.454688 0.704861 0.043750 0.012500
5 0.454688 0.704861 0.043750 0.012500
5 0.454688 0.704861 0.043750 0.012500
5 0.454688 0.695833 0.043750 0.013889
5 0.454688 0.695833 0.043750 0.013889
5 0.454688 0.695833 0.043750 0.013889
5 0.454688 0.686806 0.043750 0.012500
5 0.454688 0.686806 0.043750 0.012500
5 0.454688 0.686806 0.043750 0.012500
5 0.454688 0.676389 0.043750 0.013889
5 0.454688 0.676389 0.043750 0.013889
5 0.454688 0.676389 0.043750 0.013889
6 0.485547 0.756944 0.036719 0.077778
6 0.482422 0.729861 0.033594 0.076389
6 0.487109 0.686806 0.039844 0.081944
6 0.484375 0.736111 0.029687 0.069444
6 0.457813 0.827778 0.068750 0.105556
6 0.479687 0.859028 0.082812 0.126389
7 0.168750 0.937500 0.046875 0.050000
7 0.315625 0.795833 0.057813 0.019444
7 0.280078 0.873611 0.069531 0.027778
8 0.424609 0.943056 0.053906 0.077778
5 0.425000 0.921528 0.045312 0.037500
8 0.376953 0.947917 0.008594 0.068056
5 0.358984 0.916667 0.044531 0.025000
8 0.396094 0.831944 0.053125 0.047222
5 0.397266 0.815278 0.050781 0.016667
8 0.376953 0.800000 0.003906 0.011111
5 0.400000 0.799306 0.045312 0.012500
8 0.378125 0.795139 0.003125 0.006944
5 0.400781 0.786806 0.045312 0.009722
8 0.432812 0.775694 0.004687 0.009722
5 0.411328 0.775000 0.041406 0.011111
8 0.495312 0.786806 0.003125 0.009722
5 0.492969 0.786806 0.001563 0.009722
8 0.470703 0.778472 0.052344 0.015278
5 0.469922 0.775000 0.047656 0.011111
8 0.497656 0.811806 0.004687 0.034722
5 0.494531 0.799306 0.004687 0.012500
8 0.496094 0.831944 0.007812 0.047222
5 0.494531 0.815278 0.004687 0.016667
8 0.848828 0.751389 0.013281 0.033333
5 0.864844 0.735417 0.042188 0.006944
8 0.856250 0.730556 0.051562 0.011111
5 0.855859 0.727083 0.046094 0.006944
8 0.883594 0.761806 0.054688 0.029167
5 0.883203 0.745833 0.032031 0.011111
8 0.897656 0.765278 0.057813 0.030556
5 0.896875 0.756250 0.053125 0.012500
8 0.804297 0.738194 0.049219 0.026389
5 0.808203 0.727778 0.036719 0.008333
8 0.813281 0.753472 0.045312 0.029167
5 0.811719 0.737500 0.042188 0.011111
8 0.827344 0.759028 0.054688 0.034722
5 0.829688 0.747917 0.043750 0.006944
8 0.839063 0.767361 0.056250 0.034722
5 0.835547 0.756250 0.044531 0.012500
8 0.958594 0.826389 0.056250 0.052778
5 0.959766 0.809722 0.053906 0.022222
8 0.989453 0.815972 0.019531 0.031944
5 0.991016 0.806250 0.016406 0.015278
8 0.920703 0.829861 0.052344 0.045833
5 0.918359 0.811111 0.047656 0.022222
8 0.866406 0.826389 0.056250 0.052778
5 0.863281 0.810417 0.045312 0.023611
8 0.923828 0.785417 0.058594 0.015278
5 0.922266 0.775694 0.055469 0.015278
8 0.942578 0.793750 0.067969 0.023611
5 0.942187 0.787500 0.060937 0.016667
8 0.894531 0.806944 0.054688 0.047222
5 0.893359 0.790972 0.047656 0.018056
8 0.846484 0.806944 0.052344 0.047222
5 0.848047 0.790972 0.041406 0.018056
0 0.853516 0.863889 0.114844 0.269444
0 0.761328 0.763194 0.072656 0.209722
0 0.541797 0.669444 0.038281 0.130556
1 0.069922 0.680556 0.078906 0.097222
1 0.057031 0.686806 0.081250 0.098611
1 0.017188 0.681250 0.034375 0.095833
1 0.010937 0.687500 0.020313 0.100000
1 0.971875 0.690278 0.054688 0.097222
2 0.952344 0.698611 0.003125 0.000000
2 0.964844 0.655556 0.035937 0.005556
2 0.984375 0.676389 0.029687 0.030556
2 0.969141 0.714583 0.028906 0.034722
2 0.964453 0.658333 0.019531 0.005556
2 0.978906 0.656250 0.015625 0.001389
2 0.968750 0.672917 0.014063 0.029167
2 0.983203 0.658333 0.007031 0.000000
1 0.938672 0.698611 0.060156 0.111111
2 0.913281 0.709028 0.009375 0.031944
2 0.924219 0.668750 0.031250 0.031944
2 0.945703 0.677778 0.039844 0.033333
2 0.938672 0.715972 0.053906 0.040278
2 0.921094 0.671528 0.018750 0.031944
2 0.939453 0.656944 0.016406 0.002778
2 0.924609 0.674306 0.013281 0.031944
2 0.942969 0.658333 0.015625 0.000000
1 0.984375 0.719444 0.029687 0.108333
2 0.979688 0.741667 0.014063 0.036111
2 0.986328 0.695833 0.025781 0.036111
2 0.990625 0.747222 0.017188 0.038889
2 0.990625 0.698611 0.017188 0.033333
2 0.998828 0.703472 0.000781 0.037500
2 0.961328 0.945139 0.075781 0.101389
2 0.719922 0.700694 0.010156 0.037500
2 0.747266 0.711111 0.044531 0.038889
2 0.792969 0.709722 0.039062 0.025000
2 0.747266 0.680556 0.044531 0.038889
2 0.793359 0.684028 0.038281 0.031944
2 0.747656 0.650694 0.045312 0.037500
2 0.789062 0.650694 0.046875 0.037500
5 0.352734 0.924306 0.078906 0.040278
5 0.352734 0.939583 0.078906 0.040278
5 0.352734 0.952778 0.078906 0.038889
5 0.352734 0.967361 0.078906 0.040278
5 0.360547 0.987500 0.063281 0.022222
5 0.352734 0.979861 0.078906 0.037500
5 0.362109 0.993056 0.060156 0.011111
5 0.451562 0.953472 0.075000 0.034722
5 0.451562 0.967361 0.075000 0.037500
5 0.451562 0.988889 0.059375 0.019444
5 0.451562 0.981250 0.075000 0.034722
5 0.451953 0.992361 0.057031 0.012500
5 0.451562 0.938889 0.075000 0.036111
5 0.451562 0.922222 0.075000 0.038889
5 0.560547 0.951389 0.077344 0.036111
5 0.560547 0.965278 0.077344 0.038889
5 0.557031 0.986806 0.070312 0.023611
5 0.560547 0.979861 0.077344 0.037500
5 0.569922 0.998611 0.019531 0.000000
5 0.552344 0.991667 0.060937 0.013889
5 0.560547 0.937500 0.077344 0.036111
5 0.560547 0.922917 0.077344 0.034722
5 0.560547 0.838194 0.077344 0.031944
5 0.560547 0.852778 0.077344 0.033333
5 0.560547 0.881944 0.077344 0.033333
5 0.560547 0.866667 0.077344 0.033333
5 0.560547 0.909722 0.077344 0.036111
5 0.560547 0.895833 0.077344 0.033333
5 0.560547 0.824306 0.077344 0.031944
5 0.560547 0.809028 0.077344 0.031944