3 0.446484 0.806250 0.858594 0.384722
4 0.151953 0.638194 0.000781 0.004167
4 0.068359 0.649306 0.013281 0.006944
4 0.031641 0.654167 0.000781 0.005556
7 0.861719 0.864583 0.006250 0.006944
7 0.820703 0.893750 0.021094 0.023611
7 0.873828 0.844444 0.003906 0.016667
7 0.189844 0.626389 0.001563 0.000000
7 0.212500 0.623611 0.018750 0.002778
7 0.128516 0.633333 0.021094 0.002778
7 0.154688 0.630556 0.010937 0.002778
1 0.361328 0.595833 0.025781 0.030556
1 0.353516 0.597917 0.010156 0.029167
1 0.307422 0.597917 0.007031 0.043056
1 0.294922 0.602083 0.032031 0.043056
1 0.285938 0.598611 0.043750 0.047222
1 0.262891 0.602083 0.030469 0.051389
1 0.241016 0.594444 0.041406 0.052778
1 0.167969 0.618056 0.054688 0.047222
1 0.141016 0.620833 0.038281 0.047222
1 0.035937 0.631250 0.037500 0.051389
1 0.045312 0.632639 0.056250 0.051389