3 0.501563 0.827083 0.995313 0.343056
6 0.743750 0.998611 0.001563 0.000000
7 0.938281 0.692361 0.039062 0.029167
7 0.869141 0.692361 0.035156 0.029167
8 0.603125 0.834722 0.056250 0.072222
5 0.604297 0.816667 0.049219 0.038889
8 0.538281 0.832639 0.059375 0.076389
5 0.539062 0.811806 0.051562 0.037500
8 0.661328 0.837500 0.053906 0.075000
5 0.662500 0.818056 0.046875 0.038889
8 0.730078 0.838889 0.055469 0.069444
5 0.730469 0.822917 0.048438 0.040278
8 0.526172 0.872222 0.064844 0.086111
5 0.526953 0.850694 0.057031 0.043056
8 0.596484 0.877083 0.061719 0.087500
5 0.597266 0.855556 0.053906 0.044444
8 0.659766 0.879861 0.058594 0.087500
5 0.660547 0.857639 0.050781 0.045833
8 0.734375 0.884722 0.060937 0.088889
5 0.734766 0.863194 0.053906 0.045833
8 0.998437 0.845139 0.001563 0.023611
8 0.990234 0.831944 0.017969 0.050000
5 0.991797 0.819444 0.014844 0.025000
8 0.853906 0.854167 0.071875 0.080556
5 0.855078 0.834028 0.063281 0.040278
8 0.923438 0.856250 0.076563 0.079167
5 0.924609 0.834722 0.067969 0.038889
8 0.957031 0.890278 0.084375 0.075000
5 0.958594 0.869444 0.081250 0.036111
8 0.963672 0.925694 0.071094 0.081944
5 0.965625 0.904861 0.067187 0.040278
0 0.083594 0.905556 0.167187 0.186111
1 0.528516 0.625000 0.086719 0.122222
2 0.499609 0.588889 0.022656 0.025000
2 0.557422 0.598611 0.019531 0.041667
2 0.564453 0.646528 0.007031 0.040278
2 0.517969 0.590972 0.020313 0.020833
2 0.520312 0.578472 0.018750 0.004167
2 0.537891 0.591667 0.019531 0.019444
2 0.539453 0.579167 0.019531 0.002778
1 0.698438 0.627083 0.089063 0.120833
2 0.667188 0.599306 0.020313 0.040278
2 0.727734 0.593056 0.022656 0.025000
2 0.687891 0.594444 0.019531 0.022222
2 0.687109 0.581944 0.019531 0.002778
2 0.708203 0.595139 0.021094 0.020833
2 0.707031 0.581944 0.020313 0.002778
1 0.515625 0.656250 0.096875 0.137500
2 0.483203 0.618750 0.025781 0.034722
2 0.548047 0.626389 0.022656 0.047222
2 0.554688 0.680556 0.009375 0.044444
2 0.503906 0.620833 0.023438 0.027778
2 0.507031 0.604167 0.021875 0.002778
2 0.525781 0.621528 0.021875 0.029167
2 0.528125 0.605556 0.021875 0.005556
1 0.704688 0.659028 0.100000 0.137500
2 0.671094 0.622222 0.021875 0.033333
2 0.737500 0.623611 0.025000 0.033333
2 0.693359 0.625694 0.022656 0.031944
2 0.692578 0.608333 0.022656 0.005556
2 0.716016 0.625694 0.022656 0.029167
2 0.714453 0.607639 0.022656 0.004167
1 0.549609 0.699306 0.007031 0.156944
2 0.467969 0.643056 0.017188 0.016667
2 0.533984 0.665278 0.024219 0.055556
2 0.546484 0.730556 0.005469 0.038889
2 0.484766 0.646528 0.025781 0.009722
2 0.488672 0.638889 0.025781 0.005556
2 0.509766 0.646528 0.025781 0.009722
2 0.512500 0.638889 0.025000 0.005556
1 0.714063 0.700000 0.114062 0.152778
2 0.662500 0.713889 0.000000 0.000000
2 0.675000 0.647222 0.025000 0.016667
2 0.751563 0.650000 0.029687 0.016667
2 0.700781 0.653472 0.026562 0.015278
2 0.699609 0.643750 0.025781 0.006944
2 0.726562 0.652083 0.026562 0.009722
2 0.724609 0.643056 0.025781 0.005556
1 0.489453 0.718056 0.117969 0.169444
2 0.449609 0.746528 0.028906 0.054167
2 0.464844 0.720833 0.000000 0.000000
2 0.451172 0.680556 0.032031 0.058333
2 0.529297 0.682639 0.028906 0.059722
2 0.503125 0.746528 0.081250 0.059722
2 0.475391 0.684722 0.028906 0.052778
2 0.479687 0.654861 0.026562 0.006944
2 0.501953 0.686111 0.027344 0.052778
2 0.505078 0.656250 0.027344 0.006944
1 0.716797 0.725000 0.117969 0.172222
2 0.676953 0.753472 0.027344 0.054167
2 0.662500 0.738889 0.000000 0.000000
2 0.676562 0.686111 0.028125 0.061111
2 0.757812 0.688889 0.031250 0.061111
2 0.731641 0.756250 0.083594 0.056944
2 0.704297 0.690972 0.027344 0.054167
2 0.703125 0.660417 0.026562 0.006944
2 0.731641 0.691667 0.028906 0.052778
2 0.729688 0.660417 0.028125 0.006944
2 0.170313 0.865278 0.059375 0.094444
2 0.169531 0.802778 0.059375 0.033333
2 0.262891 0.875000 0.125781 0.091667
2 0.336719 0.838889 0.021875 0.083333
2 0.262109 0.813194 0.125781 0.087500
2 0.336328 0.781250 0.022656 0.079167
2 0.261719 0.747917 0.126562 0.090278
2 0.289453 0.720833 0.116406 0.083333