3 0.499609 0.943056 0.999219 0.111111
4 0.411328 0.927083 0.007031 0.143056
4 0.527344 0.934028 0.084375 0.129167
4 0.703906 0.942361 0.012500 0.112500
4 0.870703 0.952083 0.163281 0.093056
5 0.222266 0.886806 0.075781 0.015278
5 0.222266 0.886806 0.075781 0.015278
5 0.222266 0.886806 0.075781 0.015278
5 0.222266 0.870833 0.075781 0.016667
5 0.222266 0.870833 0.075781 0.016667
5 0.222266 0.870833 0.075781 0.016667
5 0.221484 0.900694 0.075781 0.015278
5 0.221484 0.900694 0.075781 0.015278
5 0.221484 0.900694 0.075781 0.015278
5 0.321484 0.898611 0.074219 0.013889
5 0.321484 0.898611 0.074219 0.013889
5 0.321484 0.898611 0.074219 0.013889
5 0.321875 0.884722 0.073438 0.013889
5 0.321875 0.884722 0.073438 0.013889
5 0.321875 0.884722 0.073438 0.013889
5 0.322266 0.870139 0.074219 0.015278
5 0.322266 0.870139 0.074219 0.015278
5 0.322266 0.870139 0.074219 0.015278
5 0.322266 0.854167 0.074219 0.013889
5 0.322266 0.854167 0.074219 0.013889
5 0.322266 0.854167 0.074219 0.013889
6 0.533203 0.888889 0.089844 0.133333
6 0.473828 0.863194 0.064844 0.084722
6 0.532813 0.767361 0.089063 0.134722
6 0.498828 0.864583 0.082031 0.087500
6 0.723828 0.911111 0.177344 0.175000
6 0.892188 0.911806 0.201563 0.173611
7 0.258594 0.960417 0.120313 0.034722
5 0.977734 0.997222 0.042969 0.002778
8 0.541406 0.963194 0.140625 0.070833
5 0.541406 0.934722 0.129688 0.027778
8 0.506250 0.959028 0.129688 0.079167
5 0.503125 0.924306 0.114062 0.023611
8 0.469141 0.950694 0.108594 0.076389
5 0.472266 0.918056 0.110156 0.022222
8 0.431641 0.940972 0.082031 0.070833
5 0.446094 0.910417 0.101562 0.018056
8 0.583594 0.944444 0.106250 0.069444
5 0.585938 0.913194 0.101562 0.018056
8 0.535547 0.935417 0.069531 0.065278
5 0.555859 0.906250 0.100781 0.015278
8 0.590234 0.954861 0.039844 0.079167
5 0.603906 0.920139 0.065625 0.020833
8 0.607422 0.942361 0.005469 0.037500
5 0.623047 0.925000 0.025781 0.011111
8 0.974219 0.903472 0.035937 0.020833
5 0.977734 0.873611 0.039844 0.002778
8 0.936328 0.901389 0.036719 0.022222
5 0.954297 0.871528 0.067969 0.004167
8 0.998828 0.897222 0.000781 0.000000
5 0.996875 0.875694 0.001563 0.001389
8 0.894141 0.895139 0.077344 0.043056
5 0.893750 0.876389 0.070312 0.011111
8 0.928516 0.898611 0.077344 0.044444
5 0.930078 0.879167 0.072656 0.011111
8 0.963281 0.902778 0.071875 0.047222
5 0.964453 0.881944 0.066406 0.011111
8 0.987109 0.909028 0.024219 0.040278
5 0.986719 0.884722 0.025000 0.011111
0 0.998828 0.875000 0.000781 0.025000
0 0.488672 0.811111 0.080469 0.183333
1 0.977734 0.821528 0.042969 0.093056
2 0.971484 0.855556 0.017969 0.027778
2 0.992188 0.841667 0.009375 0.000000
2 0.969531 0.806250 0.017188 0.037500
2 0.989844 0.856250 0.018750 0.029167
2 0.986328 0.806944 0.017969 0.038889
2 0.996875 0.806944 0.004687 0.038889
2 0.827344 0.881944 0.034375 0.041667
2 0.754297 0.827083 0.078906 0.020833
2 0.819141 0.837500 0.049219 0.041667
2 0.753906 0.795139 0.079687 0.043056
2 0.817969 0.795833 0.048438 0.041667