3 0.499609 0.829861 0.999219 0.337500
4 0.221484 0.729167 0.011719 0.033333
4 0.131250 0.759028 0.012500 0.045833
4 0.081641 0.792361 0.011719 0.073611
4 0.022656 0.842361 0.000000 0.001389
4 0.033594 0.703472 0.001563 0.043056
8 0.086719 0.818750 0.078125 0.056944
8 0.705859 0.785417 0.071094 0.031944
5 0.484375 0.673611 0.034375 0.008333
5 0.484375 0.673611 0.034375 0.008333
5 0.484375 0.673611 0.034375 0.008333
5 0.484766 0.665972 0.033594 0.006944
5 0.484766 0.665972 0.033594 0.006944
5 0.484766 0.665972 0.033594 0.006944
5 0.483984 0.680556 0.035156 0.008333
5 0.483984 0.680556 0.035156 0.008333
5 0.483984 0.680556 0.035156 0.008333
5 0.534766 0.683333 0.039844 0.008333
5 0.534766 0.683333 0.039844 0.008333
5 0.534766 0.683333 0.039844 0.008333
5 0.534766 0.675694 0.039844 0.009722
5 0.534766 0.675694 0.039844 0.009722
5 0.534766 0.675694 0.039844 0.009722
5 0.534766 0.668056 0.039844 0.008333
5 0.534766 0.668056 0.039844 0.008333
5 0.534766 0.668056 0.039844 0.008333
5 0.534766 0.659028 0.039844 0.009722
5 0.534766 0.659028 0.039844 0.009722
5 0.534766 0.659028 0.039844 0.009722
6 0.458594 0.701389 0.042188 0.063889
6 0.488281 0.686806 0.034375 0.048611
6 0.459375 0.647222 0.043750 0.061111
6 0.474609 0.695139 0.039844 0.062500
6 0.333984 0.729861 0.013281 0.070833
6 0.333984 0.742361 0.013281 0.076389
7 0.146094 0.852778 0.079687 0.030556
7 0.088672 0.877778 0.085156 0.033333
7 0.549609 0.976389 0.097656 0.044444
7 0.585547 0.937500 0.097656 0.041667
7 0.108203 0.774306 0.041406 0.023611
7 0.233203 0.754167 0.028906 0.016667
7 0.023047 0.673611 0.000781 0.002778
7 0.035156 0.668750 0.025000 0.009722
8 0.020703 0.873611 0.041406 0.047222
5 0.018359 0.857639 0.036719 0.026389
8 0.238281 0.790972 0.017188 0.020833
5 0.238672 0.768056 0.016406 0.013889
8 0.389453 0.714583 0.002344 0.001389
5 0.384375 0.715972 0.006250 0.006944
8 0.399609 0.711111 0.014844 0.005556
5 0.392578 0.710417 0.022656 0.009722
8 0.413672 0.731944 0.044531 0.030556
5 0.410547 0.718750 0.044531 0.009722
8 0.426953 0.725694 0.047656 0.029167
5 0.426172 0.713194 0.042969 0.009722
8 0.402734 0.738194 0.042969 0.031944
5 0.401172 0.724306 0.039844 0.012500
8 0.394531 0.744444 0.026562 0.033333
5 0.392969 0.730556 0.023438 0.011111
8 0.812109 0.720139 0.044531 0.015278
5 0.811328 0.711806 0.039844 0.006944
8 0.834375 0.721528 0.006250 0.029167
5 0.815234 0.706944 0.039844 0.005556
8 0.813672 0.731944 0.039844 0.030556
5 0.810547 0.717361 0.041406 0.006944
8 0.806641 0.737500 0.047656 0.027778
5 0.808203 0.725000 0.038281 0.011111
8 0.782031 0.718750 0.001563 0.020833
5 0.767578 0.704167 0.030469 0.005556
8 0.760938 0.716667 0.043750 0.013889
5 0.760938 0.709722 0.040625 0.005556
8 0.762891 0.723611 0.038281 0.019444
5 0.755859 0.713889 0.036719 0.005556
8 0.754687 0.732639 0.040625 0.020833
5 0.754297 0.722222 0.039844 0.011111
8 0.771875 0.771528 0.039062 0.040278
5 0.770703 0.755556 0.036719 0.016667
8 0.815625 0.773611 0.042188 0.044444
5 0.815234 0.759028 0.036719 0.018056
8 0.730859 0.768750 0.042969 0.040278
5 0.727734 0.752083 0.032031 0.015278
8 0.687500 0.765278 0.043750 0.038889
5 0.687500 0.750694 0.039062 0.012500
8 0.793750 0.740972 0.048438 0.018056
5 0.792969 0.736111 0.043750 0.011111
8 0.792188 0.756944 0.050000 0.036111
5 0.791406 0.743750 0.045312 0.012500
8 0.741016 0.754861 0.038281 0.031944
5 0.741406 0.741667 0.035937 0.011111
8 0.702344 0.754861 0.037500 0.037500
5 0.705078 0.739583 0.027344 0.015278
8 0.718359 0.818750 0.016406 0.031944
5 0.743750 0.810417 0.062500 0.018056
8 0.753516 0.811111 0.066406 0.030556
5 0.752734 0.798611 0.060156 0.016667
8 0.680469 0.881250 0.026562 0.037500
5 0.690625 0.860417 0.042188 0.023611
8 0.688281 0.865278 0.010937 0.036111
5 0.702734 0.842361 0.036719 0.015278
8 0.619141 0.876389 0.071094 0.058333
5 0.616797 0.854167 0.066406 0.025000
8 0.630469 0.859028 0.076563 0.054167
5 0.639844 0.836806 0.048438 0.023611
0 0.482031 0.755556 0.089063 0.219444
0 0.607812 0.699306 0.048438 0.159722
0 0.577734 0.648611 0.039844 0.105556
1 0.239453 0.644444 0.058594 0.069444
1 0.226172 0.645833 0.055469 0.069444
1 0.192188 0.643750 0.053125 0.070833
1 0.173437 0.645139 0.059375 0.070833
1 0.140234 0.642361 0.052344 0.070833
1 0.125781 0.645139 0.059375 0.070833
1 0.064844 0.635417 0.051562 0.065278
1 0.048828 0.671528 0.052344 0.084722
1 0.033203 0.665278 0.021094 0.075000
1 0.956250 0.688889 0.040625 0.102778
2 0.942187 0.699306 0.009375 0.023611
2 0.953906 0.658333 0.032813 0.022222
2 0.957812 0.667361 0.034375 0.029167
2 0.943750 0.704861 0.006250 0.034722
2 0.938281 0.650000 0.000000 0.000000
2 0.967578 0.650000 0.008594 0.000000
2 0.946875 0.654167 0.017188 0.005556
2 0.964844 0.652083 0.017188 0.001389
1 0.969531 0.711111 0.050000 0.119444
2 0.947656 0.721528 0.000000 0.029167
2 0.966797 0.678472 0.038281 0.031944
2 0.971094 0.687500 0.039062 0.036111
2 0.969922 0.729861 0.042969 0.043056
2 0.957422 0.680556 0.017969 0.030556
2 0.977344 0.665972 0.018750 0.001389
2 0.959766 0.668056 0.016406 0.000000
2 0.978906 0.668750 0.020313 0.001389
1 0.910547 0.686806 0.038281 0.101389
2 0.910156 0.646528 0.031250 0.001389
2 0.911328 0.665972 0.033594 0.029167
2 0.894922 0.703472 0.000781 0.034722
2 0.910156 0.650000 0.000000 0.000000
2 0.924219 0.649306 0.006250 0.001389
2 0.901953 0.650000 0.014844 0.000000
2 0.919141 0.650694 0.016406 0.001389
1 0.917969 0.709028 0.045312 0.118056
2 0.916797 0.661806 0.035156 0.001389
2 0.918359 0.684722 0.038281 0.036111
2 0.918359 0.727778 0.038281 0.041667
2 0.907813 0.663194 0.017188 0.001389
2 0.926172 0.663889 0.017969 0.000000
2 0.907813 0.665972 0.017188 0.001389
2 0.926562 0.666667 0.018750 0.000000
2 0.787891 0.850000 0.114844 0.088889
2 0.771484 0.896528 0.132031 0.106944
2 0.835156 0.963194 0.004687 0.070833
2 0.844141 0.920139 0.003906 0.079167
2 0.780469 0.872917 0.123438 0.098611
2 0.760938 0.927083 0.143750 0.120833
2 0.761328 0.979167 0.142969 0.038889
2 0.840234 0.945833 0.003906 0.091667
2 0.671484 0.825694 0.071094 0.070833
2 0.613281 0.806250 0.059375 0.040278
2 0.782031 0.688194 0.000000 0.026389
2 0.821875 0.690278 0.003125 0.027778
2 0.762500 0.693750 0.037500 0.026389
2 0.801172 0.699306 0.036719 0.031944
2 0.762500 0.669444 0.037500 0.030556
2 0.801172 0.671528 0.036719 0.031944
2 0.762500 0.640972 0.037500 0.031944
2 0.801172 0.643056 0.036719 0.033333
5 0.151953 0.750694 0.066406 0.018056
5 0.151562 0.761806 0.065625 0.015278
5 0.151953 0.770139 0.066406 0.018056
5 0.150000 0.780556 0.062500 0.016667
5 0.150781 0.800000 0.064062 0.016667
5 0.150391 0.790278 0.063281 0.016667
5 0.150391 0.818750 0.060156 0.018056
5 0.150391 0.809722 0.063281 0.016667
5 0.205469 0.774306 0.062500 0.018056
5 0.205469 0.785417 0.062500 0.018056
5 0.205078 0.804861 0.063281 0.018056
5 0.205078 0.795833 0.063281 0.016667
5 0.205078 0.823611 0.063281 0.019444
5 0.205469 0.813889 0.064062 0.019444
5 0.027344 0.720139 0.009375 0.009722
5 0.027344 0.726389 0.009375 0.008333
5 0.205469 0.766667 0.062500 0.016667
5 0.205469 0.754167 0.062500 0.019444
5 0.261719 0.781250 0.048438 0.015278
5 0.261719 0.790972 0.048438 0.018056
5 0.261719 0.811806 0.048438 0.018056
5 0.261719 0.801389 0.048438 0.016667
5 0.261719 0.831250 0.048438 0.018056
5 0.261719 0.820139 0.048438 0.018056
5 0.051172 0.723611 0.047656 0.011111
5 0.050391 0.730556 0.047656 0.011111
5 0.261719 0.771528 0.048438 0.018056
5 0.261719 0.761806 0.048438 0.015278
5 0.261719 0.702083 0.048438 0.015278
5 0.261719 0.712500 0.048438 0.016667
5 0.261719 0.732639 0.048438 0.018056
5 0.261719 0.722222 0.048438 0.016667
5 0.261719 0.752083 0.048438 0.018056
5 0.261719 0.742361 0.048438 0.015278
5 0.051172 0.718056 0.047656 0.011111
5 0.050391 0.711111 0.047656 0.011111
5 0.261719 0.692361 0.048438 0.015278
5 0.261719 0.681944 0.048438 0.016667