3 0.499609 0.849306 0.999219 0.298611
4 0.167187 0.735417 0.003125 0.004167
4 0.135156 0.751389 0.003125 0.013889
4 0.070312 0.761806 0.017188 0.015278
4 0.013281 0.822917 0.004687 0.095833
8 0.152734 0.829167 0.074219 0.011111
8 0.817578 0.766667 0.074219 0.027778
5 0.455859 0.706944 0.016406 0.005556
5 0.455859 0.706944 0.016406 0.005556
5 0.455859 0.706944 0.016406 0.005556
5 0.502734 0.707639 0.008594 0.004167
5 0.502734 0.707639 0.008594 0.004167
5 0.502734 0.707639 0.008594 0.004167
5 0.506641 0.677778 0.035156 0.002778
5 0.506641 0.677778 0.035156 0.002778
5 0.506641 0.677778 0.035156 0.002778
6 0.467969 0.697917 0.039062 0.040278
6 0.486719 0.695833 0.034375 0.047222
6 0.469141 0.650000 0.041406 0.058333
6 0.478516 0.697222 0.036719 0.044444
6 0.403516 0.734722 0.008594 0.063889
6 0.379297 0.735417 0.057031 0.062500
7 0.238281 0.845833 0.075000 0.030556
7 0.211328 0.868750 0.088281 0.034722
7 0.859375 0.930556 0.125000 0.044444
7 0.843750 0.895833 0.110937 0.036111
7 0.884375 0.981250 0.145313 0.034722
7 0.001172 0.830556 0.002344 0.008333
8 0.019141 0.916667 0.038281 0.083333
5 0.017969 0.885417 0.035937 0.029167
8 0.112109 0.877778 0.024219 0.063889
5 0.112500 0.845139 0.025000 0.029167
8 0.019531 0.875694 0.039062 0.054167
5 0.019531 0.842361 0.039062 0.029167
8 0.450000 0.753472 0.006250 0.004167
8 0.456250 0.751389 0.001563 0.000000
5 0.450391 0.718056 0.027344 0.000000
8 0.441797 0.755556 0.010156 0.011111
8 0.430859 0.758333 0.010156 0.016667
8 0.836328 0.725694 0.042969 0.023611
5 0.837109 0.715278 0.041406 0.005556
8 0.816406 0.720833 0.006250 0.022222
5 0.832812 0.709722 0.035937 0.002778
8 0.839844 0.731944 0.040625 0.030556
5 0.842187 0.719444 0.042188 0.008333
8 0.844141 0.734028 0.044531 0.026389
5 0.844531 0.722917 0.043750 0.006944
8 0.783594 0.715972 0.040625 0.012500
5 0.783203 0.709722 0.038281 0.002778
8 0.784375 0.721528 0.042188 0.018056
5 0.784375 0.713889 0.039062 0.005556
8 0.787891 0.722917 0.042969 0.015278
5 0.787500 0.718056 0.040625 0.008333
8 0.789453 0.734722 0.046094 0.030556
5 0.789062 0.722222 0.042188 0.008333
8 0.846875 0.756944 0.039062 0.036111
5 0.846875 0.744444 0.035937 0.013889
8 0.896094 0.754167 0.043750 0.027778
5 0.891797 0.745833 0.030469 0.013889
8 0.805078 0.752083 0.038281 0.026389
5 0.804688 0.743750 0.032813 0.012500
8 0.757422 0.755556 0.036719 0.036111
5 0.757031 0.742361 0.032813 0.012500
8 0.843359 0.743056 0.046094 0.030556
5 0.844141 0.731250 0.044531 0.009722
8 0.854688 0.749306 0.056250 0.034722
5 0.853516 0.735417 0.050781 0.009722
8 0.803906 0.748611 0.035937 0.033333
5 0.803125 0.734722 0.031250 0.008333
8 0.758203 0.747917 0.035156 0.034722
5 0.757812 0.733333 0.031250 0.008333
8 0.892969 0.802778 0.075000 0.050000
5 0.891797 0.783333 0.067969 0.016667
8 0.886328 0.793056 0.071094 0.047222
5 0.885156 0.772222 0.064062 0.008333
8 0.921875 0.843056 0.092188 0.061111
5 0.914844 0.820833 0.073438 0.022222
8 0.908594 0.830556 0.079687 0.061111
5 0.910937 0.804861 0.078125 0.012500
8 0.810937 0.840278 0.084375 0.063889
5 0.809375 0.816667 0.076563 0.022222
8 0.807422 0.826389 0.078906 0.058333
5 0.806250 0.800694 0.071875 0.012500
0 0.332813 0.834722 0.590625 0.327778
0 0.616797 0.728472 0.063281 0.231944
0 0.665234 0.693750 0.044531 0.168056
0 0.564453 0.663889 0.036719 0.111111
1 0.177344 0.671528 0.065625 0.076389
1 0.163281 0.672917 0.067187 0.079167
1 0.134375 0.671528 0.035937 0.076389
1 0.103516 0.672917 0.067969 0.079167
1 0.054688 0.670833 0.048438 0.075000
1 0.050391 0.672222 0.060156 0.077778
1 0.009375 0.688889 0.018750 0.094444
1 0.969141 0.670139 0.053906 0.059722
2 0.944531 0.650000 0.000000 0.000000
2 0.978125 0.654861 0.029687 0.004167
2 0.971875 0.700000 0.043750 0.002778
2 0.957812 0.652778 0.017188 0.002778
2 0.972656 0.651389 0.006250 0.000000
1 0.994922 0.700000 0.008594 0.102778
2 0.994141 0.701389 0.005469 0.000000
2 0.994141 0.656944 0.007031 0.000000
2 0.996094 0.676389 0.003125 0.033333
2 0.994922 0.720139 0.007031 0.034722
2 0.994531 0.658333 0.006250 0.000000
2 0.992578 0.675000 0.003906 0.033333
1 0.923828 0.686111 0.050781 0.091667
2 0.910156 0.702083 0.017188 0.026389
2 0.923828 0.688889 0.008594 0.000000
2 0.917188 0.663889 0.032813 0.027778
2 0.930469 0.667361 0.028125 0.029167
2 0.923047 0.706250 0.038281 0.031944
2 0.905078 0.665972 0.002344 0.026389
2 0.914453 0.660417 0.016406 0.018056
2 0.925781 0.651389 0.004687 0.000000
1 0.953125 0.701389 0.048438 0.113889
2 0.941016 0.715972 0.017969 0.031944
2 0.966016 0.700000 0.005469 0.000000
2 0.951172 0.672222 0.039844 0.030556
2 0.959766 0.676389 0.033594 0.033333
2 0.956250 0.720833 0.042188 0.038889
2 0.936719 0.673611 0.003125 0.030556
2 0.943750 0.675000 0.010937 0.033333
2 0.984766 0.787500 0.028906 0.072222
2 0.975000 0.854861 0.007812 0.070833
2 0.995703 0.802083 0.007031 0.079167
2 0.996094 0.875000 0.006250 0.075000
2 0.819141 0.802083 0.067969 0.070833
2 0.744141 0.799306 0.061719 0.068056
2 0.742188 0.706250 0.000000 0.020833
2 0.780078 0.697917 0.000781 0.018056
2 0.758984 0.709028 0.033594 0.031944
2 0.798828 0.705556 0.035156 0.025000
2 0.758984 0.680556 0.033594 0.030556
2 0.798828 0.680556 0.035156 0.030556
2 0.758984 0.652083 0.033594 0.029167
2 0.798828 0.652083 0.035156 0.029167
5 0.231250 0.745139 0.012500 0.006944
5 0.222656 0.751389 0.026562 0.016667
5 0.219922 0.758333 0.025781 0.008333
5 0.210547 0.825694 0.039844 0.001389
5 0.284766 0.759722 0.066406 0.008333
5 0.258203 0.827083 0.022656 0.001389
5 0.263672 0.752778 0.022656 0.016667
5 0.265625 0.740972 0.018750 0.015278
5 0.367969 0.761806 0.060937 0.006944
5 0.357422 0.831250 0.057031 0.004167
5 0.017188 0.743056 0.034375 0.011111
5 0.017188 0.751389 0.034375 0.011111
5 0.367969 0.756944 0.060937 0.013889
5 0.384766 0.750694 0.010156 0.001389
5 0.364063 0.673611 0.068750 0.008333
5 0.363672 0.710417 0.069531 0.012500
5 0.363672 0.704861 0.069531 0.004167
5 0.377734 0.715972 0.041406 0.001389
5 0.017188 0.736806 0.034375 0.009722
5 0.017188 0.728472 0.034375 0.009722
5 0.364063 0.665972 0.068750 0.012500
5 0.364063 0.654861 0.068750 0.012500