3 0.463672 0.797222 0.927344 0.402778
4 0.177734 0.761806 0.002344 0.056944
4 0.025391 0.784722 0.025781 0.075000
4 0.116406 0.675000 0.000000 0.025000
8 0.120703 0.617361 0.010156 0.018056
5 0.051953 0.593750 0.030469 0.006944
5 0.051953 0.593750 0.030469 0.006944
5 0.051953 0.593750 0.030469 0.006944
5 0.051953 0.586806 0.030469 0.009722
5 0.051953 0.586806 0.030469 0.009722
5 0.051953 0.586806 0.030469 0.009722
5 0.051953 0.600694 0.030469 0.006944
5 0.051953 0.600694 0.030469 0.006944
5 0.051953 0.600694 0.030469 0.006944
5 0.030078 0.602778 0.011719 0.005556
5 0.030078 0.602778 0.011719 0.005556
5 0.030078 0.602778 0.011719 0.005556
5 0.030078 0.596528 0.011719 0.006944
5 0.030078 0.596528 0.011719 0.006944
5 0.030078 0.596528 0.011719 0.006944
5 0.030078 0.590278 0.011719 0.005556
5 0.030078 0.590278 0.011719 0.005556
5 0.030078 0.590278 0.011719 0.005556
5 0.030078 0.581944 0.011719 0.008333
5 0.030078 0.581944 0.011719 0.008333
5 0.030078 0.581944 0.011719 0.008333
6 0.125781 0.578472 0.020313 0.037500
6 0.133594 0.578472 0.014063 0.037500
6 0.092578 0.556250 0.014844 0.037500
6 0.092578 0.581250 0.014844 0.037500
5 0.669922 0.709722 0.039844 0.019444
5 0.669922 0.709722 0.039844 0.019444
5 0.669922 0.709722 0.039844 0.019444
5 0.668750 0.699306 0.037500 0.020833
5 0.668750 0.699306 0.037500 0.020833
5 0.668750 0.699306 0.037500 0.020833
5 0.736328 0.743056 0.027344 0.013889
5 0.736328 0.743056 0.027344 0.013889
5 0.736328 0.743056 0.027344 0.013889
5 0.736328 0.732639 0.027344 0.015278
5 0.736328 0.732639 0.027344 0.015278
5 0.736328 0.732639 0.027344 0.015278
5 0.736328 0.719444 0.027344 0.019444
5 0.736328 0.719444 0.027344 0.019444
5 0.736328 0.719444 0.027344 0.019444
5 0.723437 0.704861 0.053125 0.023611
5 0.723437 0.704861 0.053125 0.023611
5 0.723437 0.704861 0.053125 0.023611
6 0.396484 0.772917 0.066406 0.087500
6 0.482031 0.754167 0.029687 0.086111
6 0.396484 0.698611 0.066406 0.088889
6 0.449609 0.761111 0.064844 0.091667
6 0.125000 0.800694 0.050000 0.106944
6 0.037891 0.820139 0.075781 0.112500
7 0.060156 0.708333 0.023438 0.019444
7 0.296875 0.759722 0.029687 0.025000
7 0.084375 0.791667 0.029687 0.030556
7 0.312891 0.625000 0.022656 0.011111
7 0.351172 0.623611 0.016406 0.011111
7 0.230078 0.632639 0.013281 0.012500
7 0.270313 0.629167 0.009375 0.011111
8 0.178906 0.796528 0.045312 0.051389
5 0.177734 0.781250 0.039844 0.023611
8 0.215234 0.792361 0.025781 0.045833
5 0.216797 0.775694 0.025781 0.020833
8 0.276953 0.781944 0.021094 0.044444
5 0.275000 0.768056 0.017188 0.019444
8 0.307812 0.779861 0.045312 0.043056
5 0.307031 0.763194 0.040625 0.020833
8 0.285156 0.798611 0.037500 0.044444
5 0.283594 0.786806 0.034375 0.023611
8 0.325391 0.795833 0.049219 0.041667
5 0.324219 0.780556 0.043750 0.022222
8 0.222266 0.811806 0.014844 0.048611
5 0.223438 0.795833 0.012500 0.022222
8 0.190625 0.816667 0.048438 0.055556
5 0.189453 0.800694 0.042969 0.026389
8 0.683203 0.959028 0.032031 0.048611
5 0.684766 0.945833 0.028906 0.036111
8 0.656641 0.968750 0.083594 0.059722
5 0.653125 0.962500 0.076563 0.050000
8 0.752344 0.895139 0.079687 0.031944
5 0.751172 0.889583 0.071094 0.037500
8 0.703125 0.910417 0.079687 0.043056
5 0.701562 0.900694 0.070312 0.037500
8 0.659375 0.926389 0.079687 0.050000
5 0.657422 0.912500 0.069531 0.041667
8 0.605078 0.943750 0.080469 0.062500
5 0.603906 0.926389 0.070312 0.036111
8 0.386328 0.997222 0.002344 0.002778
5 0.375391 0.997222 0.022656 0.002778
8 0.330469 0.984028 0.095312 0.029167
5 0.330859 0.983333 0.085156 0.030556
8 0.311719 0.969444 0.089063 0.058333
5 0.311719 0.960417 0.081250 0.043056
8 0.540625 0.979167 0.090625 0.038889
5 0.557031 0.979167 0.045312 0.038889
8 0.463672 0.987500 0.041406 0.022222
5 0.466797 0.987500 0.060156 0.022222
8 0.424219 0.975000 0.093750 0.047222
5 0.425000 0.971528 0.084375 0.045833
8 0.401172 0.965278 0.088281 0.058333
5 0.401562 0.942361 0.079687 0.040278
0 0.263672 0.845139 0.177344 0.259722
0 0.695703 0.711806 0.113281 0.162500
1 0.466016 0.629861 0.052344 0.087500
1 0.437891 0.632639 0.052344 0.090278
1 0.437109 0.614583 0.049219 0.073611
1 0.409766 0.622917 0.049219 0.084722
1 0.411719 0.606250 0.046875 0.068056
1 0.389453 0.613889 0.036719 0.080556
1 0.399609 0.589583 0.052344 0.068056
1 0.169531 0.652083 0.071875 0.095833
1 0.161719 0.645139 0.070312 0.093056
1 0.001563 0.652778 0.003125 0.080556
1 0.003516 0.666667 0.007031 0.097222
1 0.993359 0.934028 0.011719 0.129167
2 0.996484 0.923611 0.005469 0.063889
2 0.995313 0.997917 0.004687 0.001389
1 0.858203 0.961806 0.183594 0.073611
2 0.899219 0.963194 0.087500 0.056944
2 0.809766 0.977083 0.086719 0.043056
2 0.845703 0.949306 0.038281 0.023611
2 0.884375 0.978472 0.059375 0.037500
2 0.824219 0.958333 0.056250 0.025000
2 0.844922 0.980556 0.039844 0.036111
1 0.954297 0.909028 0.078906 0.140278
2 0.994531 0.844444 0.009375 0.005556
2 0.959766 0.899306 0.077344 0.087500
2 0.960156 0.958333 0.078125 0.044444
2 0.984375 0.852083 0.029687 0.015278
2 0.997656 0.860417 0.003125 0.001389
2 0.969531 0.857639 0.046875 0.015278
2 0.989062 0.875694 0.020313 0.029167
1 0.778516 0.933333 0.172656 0.130556
2 0.825781 0.917361 0.078125 0.048611
2 0.738672 0.956944 0.078906 0.083333
2 0.788281 0.910417 0.042188 0.020833
2 0.809766 0.931944 0.052344 0.036111
2 0.755469 0.918056 0.051562 0.019444
2 0.786719 0.940278 0.040625 0.036111
2 0.997266 0.822917 0.003906 0.006944
2 0.996875 0.834028 0.004687 0.015278
2 0.840625 0.848611 0.001563 0.036111
2 0.909766 0.889583 0.022656 0.054167
2 0.840625 0.811806 0.001563 0.034722
2 0.946484 0.835417 0.096094 0.059722
2 0.890625 0.747917 0.100000 0.043056
2 0.946875 0.780556 0.095312 0.077778
5 0.010547 0.645139 0.007031 0.004167
5 0.008984 0.638194 0.010156 0.006944
5 0.007031 0.627778 0.014063 0.008333
5 0.007422 0.634722 0.013281 0.005556
5 0.091797 0.688194 0.017969 0.012500
5 0.087891 0.695833 0.013281 0.011111
5 0.091406 0.697917 0.006250 0.012500
5 0.090625 0.704861 0.007812 0.012500
5 0.113281 0.709028 0.035937 0.012500
5 0.111719 0.715278 0.035937 0.013889
5 0.113281 0.703472 0.035937 0.012500
5 0.111719 0.695833 0.035937 0.016667