3 0.499609 0.854861 0.999219 0.287500
4 0.337891 0.745139 0.003906 0.062500
4 0.301172 0.741667 0.019531 0.025000
4 0.291016 0.749306 0.002344 0.012500
4 0.258984 0.796528 0.022656 0.084722
4 0.240234 0.820833 0.008594 0.097222
4 0.198047 0.839583 0.028906 0.104167
4 0.169922 0.877083 0.014844 0.120833
4 0.134375 0.906944 0.034375 0.122222
8 0.276172 0.847917 0.080469 0.062500
8 0.928125 0.770139 0.035937 0.015278
5 0.410938 0.702778 0.035937 0.008333
5 0.410938 0.702778 0.035937 0.008333
5 0.410938 0.702778 0.035937 0.008333
5 0.410938 0.692361 0.035937 0.009722
5 0.410938 0.692361 0.035937 0.009722
5 0.410938 0.692361 0.035937 0.009722
5 0.410938 0.710417 0.035937 0.006944
5 0.410938 0.710417 0.035937 0.006944
5 0.410938 0.710417 0.035937 0.006944
5 0.472656 0.709722 0.039062 0.002778
5 0.472656 0.709722 0.039062 0.002778
5 0.472656 0.709722 0.039062 0.002778
5 0.471484 0.702778 0.036719 0.008333
5 0.471484 0.702778 0.036719 0.008333
5 0.471484 0.702778 0.036719 0.008333
5 0.472656 0.693056 0.039062 0.008333
5 0.472656 0.693056 0.039062 0.008333
5 0.472656 0.693056 0.039062 0.008333
5 0.471484 0.684028 0.036719 0.009722
5 0.471484 0.684028 0.036719 0.009722
5 0.471484 0.684028 0.036719 0.009722
6 0.480469 0.716667 0.028125 0.058333
6 0.480078 0.710417 0.019531 0.045833
6 0.480469 0.660417 0.034375 0.068056
6 0.480469 0.711111 0.025000 0.047222
6 0.436328 0.745139 0.063281 0.079167
6 0.448047 0.762500 0.071094 0.100000
7 0.404297 0.882639 0.096094 0.031944
7 0.391797 0.914583 0.103906 0.040278
7 0.056250 0.880556 0.065625 0.044444
7 0.179688 0.809028 0.050000 0.029167
7 0.322266 0.749306 0.044531 0.012500
7 0.269922 0.775694 0.011719 0.001389
6 0.135547 0.986111 0.160156 0.025000
6 0.178125 0.956944 0.175000 0.083333
8 0.229297 0.968750 0.138281 0.059722
5 0.226562 0.956250 0.128125 0.040278
8 0.269922 0.986111 0.010156 0.025000
5 0.194922 0.984028 0.142969 0.029167
8 0.306250 0.925000 0.085938 0.091667
5 0.307031 0.896528 0.075000 0.037500
8 0.217578 0.924306 0.092969 0.090278
5 0.218359 0.895833 0.082031 0.036111
8 0.383203 0.811806 0.042969 0.040278
5 0.390234 0.789583 0.024219 0.012500
8 0.332031 0.801389 0.048438 0.038889
5 0.334766 0.788194 0.038281 0.015278
8 0.383203 0.756944 0.041406 0.016667
5 0.384375 0.747917 0.039062 0.009722
8 0.390625 0.752778 0.026562 0.008333
5 0.390625 0.739583 0.026562 0.004167
5 0.390625 0.734028 0.026562 0.004167
5 0.393750 0.729167 0.020313 0.002778
5 0.473047 0.734028 0.000781 0.001389
8 0.485156 0.739583 0.003125 0.012500
5 0.473047 0.737500 0.000781 0.000000
8 0.471875 0.763194 0.003125 0.026389
5 0.471094 0.747222 0.004687 0.005556
8 0.826953 0.725694 0.017969 0.018056
5 0.839844 0.718750 0.040625 0.006944
8 0.814844 0.715278 0.007812 0.005556
5 0.830078 0.713889 0.035156 0.005556
8 0.850391 0.727778 0.046094 0.016667
5 0.851562 0.722222 0.045312 0.008333
8 0.861719 0.729861 0.051562 0.012500
5 0.860938 0.726389 0.046875 0.008333
8 0.767969 0.724306 0.003125 0.018056
5 0.785156 0.714583 0.037500 0.006944
8 0.786719 0.728472 0.039062 0.026389
5 0.789844 0.717361 0.042188 0.006944
8 0.799609 0.730556 0.047656 0.022222
5 0.799219 0.722222 0.043750 0.008333
8 0.807031 0.733333 0.050000 0.019444
5 0.806250 0.726389 0.045312 0.008333
8 0.898438 0.756944 0.050000 0.022222
5 0.894922 0.750000 0.038281 0.013889
8 0.947656 0.768056 0.048438 0.033333
5 0.945703 0.750694 0.044531 0.012500
8 0.857812 0.750000 0.048438 0.008333
5 0.857031 0.747917 0.042188 0.009722
8 0.807031 0.760417 0.031250 0.020833
5 0.810156 0.747917 0.040625 0.009722
8 0.874609 0.747917 0.055469 0.031944
5 0.875000 0.735417 0.051562 0.009722
8 0.887500 0.751389 0.053125 0.027778
5 0.888672 0.740972 0.050781 0.009722
8 0.844141 0.743750 0.044531 0.012500
5 0.843359 0.740972 0.039844 0.009722
8 0.801562 0.756944 0.032813 0.027778
5 0.800391 0.739583 0.035156 0.006944
8 0.993359 0.805556 0.011719 0.019444
5 0.984766 0.793750 0.028906 0.015278
8 0.947266 0.777778 0.002344 0.000000
5 0.974219 0.780556 0.050000 0.008333
8 0.967969 0.856250 0.062500 0.062500
5 0.969922 0.834028 0.058594 0.020833
8 0.966406 0.847222 0.065625 0.050000
5 0.966016 0.820139 0.066406 0.018056
0 0.749219 0.745833 0.084375 0.241667
0 0.710547 0.679167 0.049219 0.125000
0 0.766406 0.865972 0.354687 0.265278
0 0.547656 0.668750 0.032813 0.115278
1 0.123047 0.679167 0.071094 0.083333
1 0.102344 0.681250 0.056250 0.084722
1 0.055859 0.679167 0.071094 0.083333
1 0.042188 0.681250 0.075000 0.084722
1 0.014453 0.679167 0.028906 0.083333
1 0.007422 0.681250 0.014844 0.084722
1 0.954688 0.686111 0.060937 0.088889
2 0.927734 0.690278 0.000781 0.000000
2 0.927734 0.652778 0.000781 0.000000
2 0.961719 0.656944 0.035937 0.005556
2 0.961328 0.700000 0.038281 0.005556
2 0.942969 0.653472 0.010937 0.001389
2 0.958594 0.652778 0.014063 0.000000
2 0.941016 0.656250 0.005469 0.004167
1 0.982031 0.698611 0.003125 0.100000
2 0.991406 0.703472 0.015625 0.001389
2 0.991406 0.660417 0.015625 0.001389
2 0.995313 0.705556 0.007812 0.002778
2 0.994922 0.661806 0.008594 0.001389
2 0.998437 0.662500 0.001563 0.000000
1 0.912500 0.688194 0.057813 0.093056
2 0.893750 0.702083 0.014063 0.026389
2 0.903125 0.688889 0.000000 0.000000
2 0.895312 0.665278 0.018750 0.027778
2 0.919922 0.668750 0.036719 0.029167
2 0.915234 0.706250 0.047656 0.031944
2 0.900391 0.665972 0.017969 0.026389
2 0.917578 0.652778 0.014844 0.000000
2 0.898438 0.668056 0.004687 0.027778
1 0.968750 0.701389 0.060937 0.105556
2 0.948828 0.717361 0.021094 0.031944
2 0.966797 0.702083 0.021094 0.001389
2 0.956641 0.675000 0.038281 0.030556
2 0.978125 0.679167 0.042188 0.033333
2 0.971875 0.722222 0.054688 0.036111
2 0.955469 0.676389 0.023438 0.030556
2 0.976172 0.661111 0.016406 0.000000
2 0.953516 0.678472 0.007031 0.031944
2 0.977344 0.661111 0.015625 0.000000
2 0.957031 0.813889 0.059375 0.069444
2 0.859766 0.806944 0.067969 0.019444
2 0.783984 0.704167 0.033594 0.011111
2 0.741797 0.680556 0.038281 0.027778
2 0.783203 0.682639 0.035156 0.029167
2 0.741406 0.654167 0.039062 0.030556
2 0.783203 0.654167 0.035156 0.030556
5 0.320312 0.764583 0.062500 0.018056
5 0.320312 0.777778 0.062500 0.019444
5 0.320312 0.788194 0.062500 0.020833
5 0.319922 0.800694 0.063281 0.020833
5 0.319531 0.825694 0.062500 0.020833
5 0.319922 0.813194 0.063281 0.020833
5 0.321094 0.848611 0.059375 0.022222
5 0.321094 0.836111 0.059375 0.022222
5 0.397266 0.788889 0.066406 0.019444
5 0.397266 0.801389 0.066406 0.019444
5 0.397266 0.826389 0.066406 0.022222
5 0.397266 0.813889 0.066406 0.019444
5 0.397266 0.849306 0.066406 0.023611
5 0.397266 0.836806 0.066406 0.023611
5 0.397266 0.777778 0.066406 0.019444
5 0.397266 0.765278 0.066406 0.019444
5 0.487891 0.788889 0.063281 0.019444
5 0.487891 0.801389 0.063281 0.019444
5 0.487891 0.826389 0.063281 0.022222
5 0.487891 0.814583 0.063281 0.020833
5 0.487891 0.850000 0.063281 0.022222
5 0.487891 0.837500 0.063281 0.022222
5 0.008984 0.764583 0.017969 0.012500
5 0.009375 0.773611 0.018750 0.013889
5 0.487891 0.777778 0.063281 0.019444
5 0.487891 0.765972 0.063281 0.018056
5 0.487500 0.693750 0.062500 0.015278
5 0.487891 0.706250 0.063281 0.015278
5 0.487891 0.731250 0.063281 0.018056
5 0.487891 0.719444 0.063281 0.016667
5 0.487891 0.754861 0.063281 0.018056
5 0.487891 0.742361 0.063281 0.018056
5 0.008984 0.757639 0.017969 0.012500
5 0.009375 0.749306 0.018750 0.012500
5 0.487500 0.683333 0.062500 0.013889
5 0.487500 0.670833 0.062500 0.013889