3 0.499609 0.869444 0.999219 0.258333
5 0.114062 0.880556 0.098437 0.044444
5 0.114062 0.880556 0.098437 0.044444
5 0.114062 0.880556 0.098437 0.044444
5 0.113672 0.859722 0.097656 0.047222
5 0.113672 0.859722 0.097656 0.047222
5 0.113672 0.859722 0.097656 0.047222
5 0.114062 0.901389 0.098437 0.038889
5 0.114062 0.901389 0.098437 0.038889
5 0.114062 0.901389 0.098437 0.038889
5 0.233984 0.877083 0.085156 0.034722
5 0.233984 0.877083 0.085156 0.034722
5 0.233984 0.877083 0.085156 0.034722
5 0.233984 0.861111 0.085156 0.036111
5 0.233984 0.861111 0.085156 0.036111
5 0.233984 0.861111 0.085156 0.036111
5 0.233984 0.840972 0.085156 0.040278
5 0.233984 0.840972 0.085156 0.040278
5 0.233984 0.840972 0.085156 0.040278
5 0.233984 0.821528 0.085156 0.040278
5 0.233984 0.821528 0.085156 0.040278
5 0.233984 0.821528 0.085156 0.040278
6 0.460156 0.947917 0.107813 0.101389
6 0.577734 0.914583 0.139844 0.168056
6 0.514453 0.964583 0.080469 0.068056
8 0.995703 0.881944 0.007031 0.025000
5 0.998047 0.873611 0.002344 0.011111
8 0.973047 0.867361 0.046094 0.020833
5 0.974609 0.854167 0.049219 0.030556
8 0.960547 0.890278 0.016406 0.047222
5 0.957031 0.868750 0.014063 0.018056
8 0.972266 0.922917 0.044531 0.051389
5 0.974609 0.889583 0.049219 0.034722
8 0.989453 0.930556 0.019531 0.052778
5 0.991797 0.909028 0.014844 0.020833
0 0.447266 0.806944 0.113281 0.252778
1 0.981250 0.766667 0.035937 0.147222
2 0.983984 0.796528 0.030469 0.051389
2 0.983984 0.736111 0.030469 0.052778
2 0.994922 0.800694 0.008594 0.045833
2 0.994531 0.740278 0.009375 0.044444
2 0.671094 0.801389 0.048438 0.072222
2 0.742969 0.828472 0.095312 0.070833
2 0.816016 0.825000 0.049219 0.055556
2 0.743359 0.779861 0.094531 0.068056
2 0.816016 0.777083 0.049219 0.054167
2 0.743359 0.728472 0.094531 0.070833
2 0.793750 0.721528 0.093750 0.068056