3 0.499609 0.877778 0.999219 0.241667
4 0.228125 0.863194 0.003125 0.001389
4 0.125391 0.838889 0.022656 0.061111
8 0.973437 0.910417 0.051562 0.059722
5 0.431641 0.752083 0.049219 0.009722
5 0.431641 0.752083 0.049219 0.009722
5 0.431641 0.752083 0.049219 0.009722
5 0.423047 0.740278 0.032031 0.011111
5 0.423047 0.740278 0.032031 0.011111
5 0.423047 0.740278 0.032031 0.011111
5 0.431641 0.761111 0.049219 0.011111
5 0.431641 0.761111 0.049219 0.011111
5 0.431641 0.761111 0.049219 0.011111
5 0.503906 0.762500 0.048438 0.011111
5 0.503906 0.762500 0.048438 0.011111
5 0.503906 0.762500 0.048438 0.011111
5 0.504687 0.752778 0.046875 0.011111
5 0.504687 0.752778 0.046875 0.011111
5 0.504687 0.752778 0.046875 0.011111
5 0.506641 0.742361 0.042969 0.012500
5 0.506641 0.742361 0.042969 0.012500
5 0.506641 0.742361 0.042969 0.012500
5 0.505859 0.731250 0.044531 0.012500
5 0.505859 0.731250 0.044531 0.012500
5 0.505859 0.731250 0.044531 0.012500
6 0.457422 0.786111 0.053906 0.094444
6 0.481641 0.768056 0.046094 0.083333
6 0.458984 0.706250 0.057031 0.090278
6 0.471875 0.777083 0.048438 0.090278
6 0.337500 0.837500 0.096875 0.122222
6 0.331641 0.865278 0.085156 0.133333
7 0.228906 0.825000 0.003125 0.002778
7 0.142969 0.868750 0.065625 0.009722
8 0.207422 0.952778 0.038281 0.061111
5 0.208984 0.910417 0.039844 0.031944
5 0.089063 0.916667 0.000000 0.000000
8 0.386328 0.799306 0.000781 0.004167
8 0.433594 0.831944 0.018750 0.047222
5 0.412109 0.811111 0.052344 0.013889
8 0.431250 0.822917 0.051562 0.045833
5 0.420703 0.803472 0.063281 0.015278
8 0.420703 0.841667 0.025781 0.050000
5 0.407422 0.820833 0.042969 0.016667
8 0.401562 0.853472 0.031250 0.054167
5 0.399219 0.832639 0.026562 0.018056
8 0.956250 0.805556 0.064062 0.038889
5 0.957031 0.789583 0.060937 0.009722
8 0.945703 0.788889 0.057031 0.019444
5 0.948047 0.781944 0.057031 0.008333
8 0.967187 0.811111 0.064062 0.038889
5 0.968359 0.795139 0.061719 0.009722
8 0.971484 0.820139 0.055469 0.040278
5 0.972656 0.805556 0.053125 0.013889
8 0.880078 0.797222 0.060156 0.038889
5 0.878906 0.779167 0.054688 0.005556
8 0.883203 0.804861 0.058594 0.043056
5 0.884766 0.787500 0.057031 0.011111
8 0.894531 0.808333 0.065625 0.036111
5 0.893750 0.793056 0.059375 0.008333
8 0.901953 0.819444 0.069531 0.044444
5 0.900781 0.803472 0.062500 0.015278
8 0.991406 0.867361 0.015625 0.051389
5 0.992969 0.849306 0.012500 0.018056
8 0.957031 0.873611 0.068750 0.066667
5 0.956250 0.850694 0.060937 0.026389
8 0.885547 0.870139 0.063281 0.065278
5 0.884375 0.847917 0.054688 0.026389
8 0.969141 0.838889 0.030469 0.047222
5 0.978125 0.821528 0.042188 0.015278
8 0.984766 0.850694 0.028906 0.048611
5 0.986328 0.831944 0.025781 0.016667
8 0.942969 0.854861 0.062500 0.059722
5 0.941797 0.834028 0.055469 0.023611
8 0.876563 0.852083 0.057813 0.059722
5 0.875781 0.831944 0.050000 0.022222
0 0.715625 0.832639 0.118750 0.331944
0 0.745703 0.779861 0.074219 0.256944
0 0.582031 0.715278 0.048438 0.147222
1 0.092578 0.720139 0.085156 0.098611
1 0.072266 0.722917 0.088281 0.101389
1 0.031250 0.719444 0.062500 0.097222
1 0.021094 0.722917 0.042188 0.101389
2 0.993359 0.943750 0.011719 0.037500
2 0.933203 0.959028 0.132031 0.079167
2 0.807031 0.761806 0.004687 0.037500
2 0.858594 0.759722 0.001563 0.030556
2 0.833594 0.772222 0.048438 0.044444
2 0.884375 0.766667 0.048438 0.030556
2 0.833203 0.734722 0.047656 0.041667
2 0.883594 0.735417 0.048438 0.043056
2 0.832812 0.697917 0.048438 0.040278
2 0.883594 0.699306 0.048438 0.040278
5 0.044531 0.885417 0.089063 0.040278
5 0.044531 0.905556 0.089063 0.038889
5 0.044141 0.922917 0.088281 0.040278
5 0.044141 0.943056 0.088281 0.041667
5 0.043750 0.979167 0.087500 0.038889
5 0.044141 0.961806 0.088281 0.043056
5 0.050391 0.997222 0.042969 0.002778
5 0.036328 0.987500 0.072656 0.022222
5 0.139063 0.929167 0.131250 0.041667
5 0.139063 0.949306 0.131250 0.043056
5 0.138672 0.982639 0.132031 0.031944
5 0.139063 0.969444 0.131250 0.044444
5 0.150781 0.990972 0.107813 0.015278
5 0.139844 0.911806 0.131250 0.040278
5 0.139844 0.890278 0.131250 0.041667
5 0.276172 0.935417 0.125781 0.043056
5 0.276172 0.956250 0.125781 0.045833
5 0.275781 0.986111 0.126562 0.025000
5 0.275781 0.975694 0.126562 0.045833
5 0.294141 0.995139 0.089844 0.006944
5 0.276172 0.918750 0.125781 0.040278
5 0.276172 0.898611 0.125781 0.038889
5 0.277344 0.780556 0.125000 0.030556
5 0.276953 0.800000 0.125781 0.033333
5 0.276953 0.842361 0.125781 0.034722
5 0.276953 0.820139 0.125781 0.034722
5 0.276562 0.879861 0.125000 0.037500
5 0.276953 0.859722 0.125781 0.036111
5 0.277344 0.762500 0.125000 0.030556
5 0.277344 0.741667 0.125000 0.027778