3 0.499609 0.867361 0.999219 0.262500
4 0.070312 0.831944 0.020313 0.013889
4 0.427344 0.802778 0.004687 0.058333
4 0.294141 0.793750 0.027344 0.056944
4 0.246484 0.790972 0.007031 0.054167
4 0.138672 0.784028 0.007031 0.054167
4 0.074219 0.779861 0.014063 0.051389
4 0.038672 0.777083 0.007031 0.051389
8 0.651172 0.753472 0.028906 0.020833
8 0.550781 0.739583 0.003125 0.015278
5 0.649609 0.728472 0.032031 0.006944
5 0.649609 0.728472 0.032031 0.006944
5 0.649609 0.728472 0.032031 0.006944
5 0.649609 0.720833 0.032031 0.008333
5 0.649609 0.720833 0.032031 0.008333
5 0.649609 0.720833 0.032031 0.008333
5 0.649609 0.736111 0.032031 0.005556
5 0.649609 0.736111 0.032031 0.005556
5 0.649609 0.736111 0.032031 0.005556
5 0.617969 0.736111 0.031250 0.005556
5 0.617969 0.736111 0.031250 0.005556
5 0.617969 0.736111 0.031250 0.005556
5 0.617578 0.729167 0.030469 0.005556
5 0.617578 0.729167 0.030469 0.005556
5 0.617578 0.729167 0.030469 0.005556
5 0.617578 0.721528 0.030469 0.006944
5 0.617578 0.721528 0.030469 0.006944
5 0.617578 0.721528 0.030469 0.006944
5 0.619922 0.713889 0.035156 0.008333
5 0.619922 0.713889 0.035156 0.008333
5 0.619922 0.713889 0.035156 0.008333
6 0.554688 0.716667 0.020313 0.036111
6 0.576562 0.718056 0.034375 0.041667
6 0.348828 0.936806 0.110156 0.123611
6 0.527344 0.940972 0.112500 0.115278
6 0.349219 0.828472 0.110937 0.140278
6 0.435156 0.936806 0.110937 0.123611
6 0.049609 0.897222 0.099219 0.130556
7 0.010156 0.806944 0.020313 0.013889
7 0.110937 0.863889 0.004687 0.013889
7 0.382031 0.817361 0.015625 0.018056
7 0.405469 0.915972 0.053125 0.037500
7 0.132422 0.892361 0.019531 0.018056
7 0.011328 0.743750 0.008594 0.009722
7 0.846875 0.786806 0.017188 0.015278
7 0.896484 0.789583 0.016406 0.012500
7 0.723437 0.781250 0.025000 0.015278
7 0.765625 0.777778 0.003125 0.002778
7 0.343359 0.765278 0.007031 0.002778
7 0.315625 0.760417 0.029687 0.012500
7 0.410938 0.764583 0.025000 0.012500
6 0.056250 0.770139 0.050000 0.062500
6 0.057031 0.714583 0.050000 0.062500
6 0.098828 0.706944 0.052344 0.052778
6 0.239063 0.739583 0.000000 0.009722
6 0.255859 0.715972 0.032031 0.062500
6 0.239063 0.754861 0.000000 0.018056
6 0.253906 0.772222 0.029687 0.063889
6 0.255859 0.729861 0.032031 0.045833
6 0.241016 0.727778 0.002344 0.027778
8 0.128906 0.906944 0.015625 0.019444
5 0.133984 0.896528 0.016406 0.012500
8 0.249219 0.904167 0.010937 0.022222
5 0.244141 0.895139 0.011719 0.009722
8 0.270703 0.929167 0.064844 0.063889
5 0.266016 0.905556 0.055469 0.027778
8 0.311328 0.938889 0.071094 0.058333
5 0.313672 0.911806 0.066406 0.029167
8 0.245703 0.940972 0.014844 0.045833
5 0.243359 0.921528 0.010156 0.012500
8 0.273438 0.961111 0.071875 0.072222
5 0.271875 0.935417 0.067187 0.034722
8 0.125781 0.951389 0.031250 0.050000
5 0.128516 0.925694 0.025781 0.023611
8 0.099219 0.943750 0.084375 0.059722
5 0.101953 0.915278 0.078906 0.030556
0 0.827344 0.886111 0.190625 0.225000
0 0.014063 0.726389 0.028125 0.113889
0 0.126562 0.736806 0.034375 0.129167
1 0.939453 0.804167 0.057031 0.144444
1 0.885156 0.800000 0.051562 0.138889
1 0.932422 0.779861 0.050781 0.112500
1 0.882812 0.776389 0.046875 0.108333
1 0.927734 0.768056 0.046094 0.102778
1 0.882031 0.765278 0.042188 0.100000
1 0.975781 0.752083 0.046875 0.095833
1 0.515625 0.774306 0.089063 0.115278
1 0.528516 0.768056 0.078906 0.111111
1 0.334375 0.755556 0.081250 0.097222
1 0.308594 0.763889 0.078125 0.108333
1 0.127344 0.709028 0.032813 0.037500
2 0.132031 0.731250 0.000000 0.001389
2 0.125391 0.709028 0.027344 0.023611
2 0.142187 0.694444 0.003125 0.000000
2 0.132422 0.728472 0.000781 0.001389
2 0.141406 0.706944 0.004687 0.019444
2 0.127344 0.695833 0.001563 0.000000
2 0.134766 0.695833 0.011719 0.000000
1 0.142578 0.703472 0.002344 0.026389
2 0.143750 0.704861 0.000000 0.012500
5 0.507812 0.763889 0.031250 0.008333
5 0.507812 0.757639 0.031250 0.006944
5 0.505078 0.749306 0.025781 0.001389
5 0.507812 0.752778 0.031250 0.005556
5 0.448828 0.806944 0.042969 0.013889
5 0.460156 0.815278 0.018750 0.011111
5 0.439844 0.815278 0.025000 0.013889
5 0.438672 0.824306 0.022656 0.012500
5 0.404297 0.826389 0.049219 0.013889
5 0.403125 0.834722 0.046875 0.013889
5 0.404297 0.818750 0.049219 0.012500
5 0.402734 0.810417 0.047656 0.015278