3 0.499609 0.843750 0.999219 0.309722
5 0.215234 0.775694 0.072656 0.029167
5 0.215234 0.775694 0.072656 0.029167
5 0.215234 0.775694 0.072656 0.029167
5 0.215234 0.761111 0.072656 0.030556
5 0.215234 0.761111 0.072656 0.030556
5 0.215234 0.761111 0.072656 0.030556
5 0.215625 0.788889 0.071875 0.030556
5 0.215625 0.788889 0.071875 0.030556
5 0.215625 0.788889 0.071875 0.030556
5 0.305859 0.775000 0.069531 0.027778
5 0.305859 0.775000 0.069531 0.027778
5 0.305859 0.775000 0.069531 0.027778
5 0.305859 0.762500 0.069531 0.027778
5 0.305859 0.762500 0.069531 0.027778
5 0.305859 0.762500 0.069531 0.027778
5 0.305859 0.748611 0.069531 0.027778
5 0.305859 0.748611 0.069531 0.027778
5 0.305859 0.748611 0.069531 0.027778
5 0.305469 0.734722 0.070312 0.027778
5 0.305469 0.734722 0.070312 0.027778
5 0.305469 0.734722 0.070312 0.027778
6 0.546484 0.892361 0.086719 0.131944
6 0.471875 0.840278 0.073438 0.122222
6 0.548047 0.792361 0.089844 0.140278
6 0.512500 0.863889 0.065625 0.136111
6 0.782422 0.991667 0.030469 0.013889
7 0.360547 0.996528 0.025781 0.004167
8 0.523438 0.986111 0.104688 0.025000
5 0.522656 0.986111 0.095312 0.025000
8 0.490234 0.970833 0.099219 0.055556
5 0.489063 0.965278 0.089063 0.047222
8 0.603906 0.975694 0.079687 0.045833
5 0.610547 0.975694 0.083594 0.045833
8 0.578125 0.958333 0.096875 0.069444
5 0.577734 0.945833 0.086719 0.044444
8 0.639062 0.988889 0.075000 0.019444
5 0.652734 0.989583 0.092969 0.018056
8 0.905469 0.781250 0.067187 0.020833
5 0.905469 0.774306 0.060937 0.020833
8 0.870703 0.768750 0.064844 0.020833
5 0.870313 0.761111 0.057813 0.019444
8 0.940625 0.804861 0.070312 0.045833
5 0.940234 0.786111 0.063281 0.022222
8 0.962500 0.818750 0.025000 0.031944
5 0.968359 0.800694 0.032031 0.023611
8 0.821484 0.788194 0.066406 0.043056
5 0.821094 0.769444 0.059375 0.019444
8 0.855078 0.802778 0.069531 0.044444
5 0.854688 0.783333 0.062500 0.022222
8 0.889453 0.815278 0.071094 0.047222
5 0.889062 0.795833 0.064062 0.022222
8 0.928516 0.832639 0.075781 0.048611
5 0.928125 0.811111 0.067187 0.025000
0 0.966406 0.854167 0.065625 0.266667
0 0.463281 0.721528 0.084375 0.184722
1 0.989844 0.669444 0.004687 0.077778
2 0.991797 0.704861 0.000781 0.004167
2 0.992188 0.652083 0.001563 0.020833
1 0.948828 0.704167 0.088281 0.133333
2 0.928125 0.654167 0.040625 0.008333
2 0.973828 0.681250 0.038281 0.040278
2 0.967969 0.727083 0.048438 0.043056
2 0.936719 0.659028 0.026562 0.006944
2 0.951172 0.655556 0.021094 0.002778
2 0.950391 0.662500 0.022656 0.008333
2 0.966406 0.659028 0.028125 0.004167
1 0.916797 0.706944 0.097656 0.130556
2 0.884766 0.722222 0.025781 0.038889
2 0.891797 0.674306 0.039844 0.040278
2 0.939453 0.686111 0.042969 0.041667
2 0.923828 0.731944 0.074219 0.050000
2 0.899609 0.679167 0.025781 0.038889
2 0.915234 0.660417 0.027344 0.004167
2 0.915625 0.683333 0.028125 0.038889
2 0.930859 0.664583 0.024219 0.004167
2 0.637891 0.725000 0.030469 0.050000
2 0.702734 0.746528 0.053906 0.045833
2 0.750391 0.743056 0.039844 0.041667
2 0.702734 0.709722 0.053906 0.044444
2 0.750391 0.706250 0.039844 0.040278
2 0.702734 0.668750 0.053906 0.051389
2 0.735156 0.663194 0.070312 0.051389