3 0.499609 0.866667 0.999219 0.263889
4 0.158594 0.956944 0.001563 0.005556
4 0.007812 0.957639 0.015625 0.054167
5 0.448047 0.746528 0.055469 0.015278
5 0.448047 0.746528 0.055469 0.015278
5 0.448047 0.746528 0.055469 0.015278
5 0.448047 0.734722 0.055469 0.016667
5 0.448047 0.734722 0.055469 0.016667
5 0.448047 0.734722 0.055469 0.016667
5 0.435937 0.759722 0.031250 0.011111
5 0.435937 0.759722 0.031250 0.011111
5 0.435937 0.759722 0.031250 0.011111
5 0.524609 0.761806 0.055469 0.015278
5 0.524609 0.761806 0.055469 0.015278
5 0.524609 0.761806 0.055469 0.015278
5 0.524609 0.751389 0.055469 0.016667
5 0.524609 0.751389 0.055469 0.016667
5 0.524609 0.751389 0.055469 0.016667
5 0.524609 0.739583 0.055469 0.015278
5 0.524609 0.739583 0.055469 0.015278
5 0.524609 0.739583 0.055469 0.015278
5 0.524609 0.726389 0.055469 0.016667
5 0.524609 0.726389 0.055469 0.016667
5 0.524609 0.726389 0.055469 0.016667
6 0.442188 0.838889 0.065625 0.116667
6 0.480078 0.801389 0.057031 0.102778
6 0.444141 0.747917 0.069531 0.112500
6 0.463672 0.818056 0.060156 0.111111
6 0.265234 0.935417 0.117969 0.126389
6 0.228516 0.956944 0.097656 0.083333
7 0.216406 0.876389 0.075000 0.030556
7 0.034766 0.979861 0.069531 0.015278
8 0.201953 0.944444 0.007031 0.019444
5 0.201563 0.921528 0.007812 0.023611
8 0.289453 0.894444 0.086719 0.041667
5 0.287891 0.877778 0.078906 0.022222
8 0.316406 0.873611 0.082812 0.036111
5 0.315234 0.862500 0.074219 0.025000
8 0.370312 0.913194 0.087500 0.062500
5 0.369141 0.887500 0.078906 0.025000
8 0.394531 0.891667 0.082812 0.058333
5 0.393359 0.869444 0.074219 0.025000
8 0.362500 0.933333 0.070312 0.066667
5 0.358203 0.908333 0.067969 0.030556
8 0.348047 0.959722 0.047656 0.072222
5 0.344922 0.934722 0.041406 0.033333
8 0.994141 0.865972 0.010156 0.045833
5 0.995313 0.850694 0.007812 0.018056
8 0.988281 0.854167 0.012500 0.052778
5 0.991797 0.834028 0.014844 0.015278
8 0.936719 0.847917 0.070312 0.051389
5 0.935937 0.829861 0.064062 0.018056
8 0.942187 0.863889 0.073438 0.052778
5 0.941016 0.845139 0.066406 0.018056
8 0.951562 0.882639 0.078125 0.062500
5 0.950000 0.860417 0.070312 0.020833
8 0.957812 0.902083 0.082812 0.065278
5 0.956641 0.881944 0.074219 0.027778
8 0.982031 0.986111 0.015625 0.025000
5 0.988672 0.985417 0.021094 0.026389
8 0.923438 0.981944 0.068750 0.033333
5 0.924609 0.980556 0.064844 0.036111
8 0.981641 0.966667 0.035156 0.063889
5 0.983203 0.954861 0.032031 0.043056
8 0.919922 0.961111 0.067969 0.066667
5 0.918750 0.948611 0.059375 0.044444
0 0.649219 0.938889 0.140625 0.119444
0 0.753906 0.863194 0.085938 0.270833
0 0.603516 0.725000 0.057031 0.169444
1 0.087109 0.709722 0.089844 0.108333
1 0.062109 0.716667 0.092969 0.113889
1 0.028906 0.707639 0.057813 0.106944
1 0.016406 0.714583 0.032813 0.109722
2 0.859766 0.776389 0.002344 0.050000
2 0.917578 0.781250 0.003906 0.051389
2 0.888281 0.796528 0.053125 0.059722
2 0.946094 0.800000 0.053125 0.061111
2 0.888281 0.754861 0.053125 0.056944
2 0.946094 0.757639 0.053125 0.056944
2 0.888281 0.713194 0.053125 0.054167
2 0.946094 0.715972 0.053125 0.054167
5 0.100781 0.989583 0.128125 0.018056
5 0.082422 0.977083 0.164844 0.043056