3 0.376172 0.892361 0.752344 0.212500
8 0.108984 0.788889 0.019531 0.016667
5 0.035156 0.776389 0.010937 0.005556
5 0.035156 0.776389 0.010937 0.005556
5 0.035156 0.776389 0.010937 0.005556
5 0.046875 0.768750 0.034375 0.006944
5 0.046875 0.768750 0.034375 0.006944
5 0.046875 0.768750 0.034375 0.006944
5 0.035156 0.783333 0.010937 0.005556
5 0.035156 0.783333 0.010937 0.005556
5 0.035156 0.783333 0.010937 0.005556
5 0.014453 0.785417 0.028906 0.006944
5 0.014453 0.785417 0.028906 0.006944
5 0.014453 0.785417 0.028906 0.006944
5 0.014453 0.778472 0.028906 0.006944
5 0.014453 0.778472 0.028906 0.006944
5 0.014453 0.778472 0.028906 0.006944
5 0.014453 0.771528 0.028906 0.006944
5 0.014453 0.771528 0.028906 0.006944
5 0.014453 0.771528 0.028906 0.006944
5 0.014844 0.763194 0.029687 0.006944
5 0.014844 0.763194 0.029687 0.006944
5 0.014844 0.763194 0.029687 0.006944
6 0.121094 0.764583 0.021875 0.040278
6 0.132031 0.776389 0.000000 0.000000
6 0.102734 0.733333 0.032031 0.030556
6 0.103125 0.764583 0.031250 0.040278
5 0.814453 0.829167 0.017969 0.000000
5 0.814453 0.829167 0.017969 0.000000
5 0.814453 0.829167 0.017969 0.000000
5 0.825000 0.818750 0.039062 0.020833
5 0.825000 0.818750 0.039062 0.020833
5 0.825000 0.818750 0.039062 0.020833
6 0.357422 0.856250 0.088281 0.112500
6 0.501563 0.847222 0.084375 0.108333
6 0.358203 0.757639 0.088281 0.106944
6 0.432031 0.851389 0.085938 0.111111
6 0.004687 0.868056 0.009375 0.125000
7 0.247266 0.874306 0.002344 0.001389
7 0.319141 0.795139 0.013281 0.006944
7 0.223047 0.800000 0.021094 0.011111
7 0.265625 0.798611 0.020313 0.011111
8 0.088672 0.891667 0.000781 0.000000
5 0.062109 0.861111 0.008594 0.011111
8 0.106641 0.869444 0.005469 0.027778
5 0.115625 0.857639 0.018750 0.009722
8 0.246875 0.879861 0.048438 0.043056
5 0.245312 0.854167 0.048438 0.013889
8 0.223828 0.872917 0.002344 0.006944
8 0.259375 0.887500 0.060937 0.055556
5 0.258594 0.865278 0.053125 0.019444
8 0.108203 0.867361 0.000781 0.001389
5 0.110547 0.864583 0.000781 0.001389
8 0.066797 0.887500 0.057031 0.036111
5 0.074219 0.875000 0.032813 0.019444
8 0.721875 0.985417 0.023438 0.018056
5 0.765234 0.984722 0.099219 0.027778
8 0.614062 0.992361 0.004687 0.012500
5 0.678125 0.987500 0.121875 0.022222
8 0.735156 0.968056 0.051562 0.055556
5 0.733203 0.945139 0.038281 0.020833
8 0.700391 0.973611 0.124219 0.050000
5 0.697656 0.961111 0.109375 0.041667
8 0.611328 0.977083 0.125781 0.043056
5 0.608984 0.969444 0.111719 0.044444
8 0.187500 0.997917 0.003125 0.001389
5 0.148828 0.995833 0.074219 0.005556
8 0.115625 0.985417 0.139063 0.026389
5 0.117188 0.983333 0.126562 0.030556
5 0.462500 0.995139 0.084375 0.006944
8 0.221094 0.995833 0.007812 0.005556
5 0.293750 0.989583 0.135937 0.018056
8 0.273047 0.984028 0.136719 0.029167
5 0.274219 0.978472 0.123438 0.040278
0 0.126953 0.834028 0.199219 0.329167
0 0.748047 0.793056 0.113281 0.216667
1 0.492969 0.777083 0.060937 0.098611
1 0.457813 0.777778 0.060937 0.100000
1 0.461328 0.772917 0.057031 0.090278
1 0.428906 0.774306 0.054688 0.093056
1 0.430859 0.770139 0.046094 0.087500
1 0.403125 0.767361 0.050000 0.081944
1 0.427734 0.759722 0.060156 0.069444
1 0.130078 0.780556 0.085156 0.100000
1 0.125391 0.779167 0.082031 0.100000
1 0.932422 0.898611 0.133594 0.200000
2 0.941406 0.925000 0.115625 0.147222
2 0.975000 0.852778 0.048438 0.011111
1 0.867969 0.888889 0.262500 0.219444
2 0.960156 0.828472 0.078125 0.012500
2 0.830078 0.911111 0.157031 0.161111
2 0.919531 0.829167 0.093750 0.008333
2 0.960156 0.838889 0.078125 0.013889
2 0.859766 0.831944 0.099219 0.008333
2 0.912891 0.843750 0.108594 0.018056
2 0.987891 0.787500 0.013281 0.072222
5 0.042969 0.824306 0.034375 0.009722
5 0.024609 0.832639 0.002344 0.009722
5 0.044531 0.830556 0.035937 0.005556
5 0.043359 0.838194 0.038281 0.009722
5 0.047656 0.835417 0.040625 0.012500
5 0.045312 0.844444 0.040625 0.011111
5 0.048047 0.827778 0.039844 0.011111
5 0.046094 0.820139 0.040625 0.012500