3 0.499609 0.839583 0.999219 0.318056
4 0.323828 0.780556 0.008594 0.063889
4 0.273828 0.822222 0.017969 0.072222
4 0.256641 0.843056 0.002344 0.044444
4 0.219531 0.893056 0.021875 0.097222
4 0.188672 0.940278 0.005469 0.097222
4 0.134766 0.962500 0.025781 0.072222
4 0.090625 0.998611 0.003125 0.000000
8 0.223047 0.967361 0.077344 0.062500
8 0.886719 0.859028 0.084375 0.051389
5 0.423828 0.677083 0.039844 0.009722
5 0.423828 0.677083 0.039844 0.009722
5 0.423828 0.677083 0.039844 0.009722
5 0.423828 0.667361 0.039844 0.012500
5 0.423828 0.667361 0.039844 0.012500
5 0.423828 0.667361 0.039844 0.012500
5 0.423828 0.685417 0.039844 0.009722
5 0.423828 0.685417 0.039844 0.009722
5 0.423828 0.685417 0.039844 0.009722
5 0.483594 0.688194 0.039062 0.006944
5 0.483594 0.688194 0.039062 0.006944
5 0.483594 0.688194 0.039062 0.006944
5 0.483594 0.679861 0.039062 0.006944
5 0.483594 0.679861 0.039062 0.006944
5 0.483594 0.679861 0.039062 0.006944
5 0.483594 0.670833 0.039062 0.008333
5 0.483594 0.670833 0.039062 0.008333
5 0.483594 0.670833 0.039062 0.008333
5 0.483594 0.659722 0.039062 0.011111
5 0.483594 0.659722 0.039062 0.011111
5 0.483594 0.659722 0.039062 0.011111
6 0.475391 0.733333 0.036719 0.075000
6 0.483984 0.705556 0.033594 0.061111
6 0.476172 0.672222 0.039844 0.075000
6 0.480859 0.721528 0.033594 0.073611
6 0.415625 0.796528 0.065625 0.093056
6 0.414062 0.817361 0.056250 0.095833
7 0.022266 0.992361 0.044531 0.012500
7 0.145313 0.879861 0.045312 0.040278
7 0.319922 0.765972 0.053906 0.018056
7 0.262500 0.831944 0.065625 0.025000
8 0.359766 0.881944 0.036719 0.041667
5 0.354297 0.869444 0.041406 0.019444
8 0.296484 0.886806 0.050781 0.051389
5 0.294531 0.873611 0.048438 0.030556
8 0.363672 0.797222 0.036719 0.019444
5 0.364844 0.784722 0.034375 0.016667
8 0.366797 0.789583 0.019531 0.031944
5 0.370312 0.770833 0.023438 0.011111
8 0.363281 0.764583 0.000000 0.001389
5 0.392188 0.759722 0.042188 0.008333
8 0.398438 0.761111 0.051562 0.027778
5 0.398047 0.750000 0.046094 0.011111
8 0.471094 0.763889 0.004687 0.008333
5 0.451953 0.761806 0.036719 0.009722
8 0.454297 0.762500 0.050781 0.030556
5 0.453516 0.752083 0.046094 0.012500
5 0.458594 0.772917 0.018750 0.009722
8 0.457813 0.813889 0.000000 0.000000
5 0.458203 0.789583 0.000781 0.001389
8 0.829297 0.739583 0.010156 0.031944
5 0.847656 0.727778 0.043750 0.011111
8 0.840234 0.725000 0.044531 0.019444
5 0.841016 0.718056 0.042969 0.008333
8 0.857422 0.747917 0.050781 0.034722
5 0.856641 0.734722 0.046094 0.008333
8 0.864844 0.754861 0.051562 0.029167
5 0.864453 0.745833 0.047656 0.013889
8 0.790625 0.729861 0.045312 0.031944
5 0.789844 0.716667 0.040625 0.008333
8 0.793359 0.738889 0.042969 0.033333
5 0.794531 0.726389 0.042188 0.011111
8 0.802344 0.747222 0.048438 0.036111
5 0.801953 0.733333 0.044531 0.008333
8 0.808594 0.756250 0.050000 0.034722
5 0.807813 0.744444 0.045312 0.013889
8 0.891797 0.813194 0.049219 0.048611
5 0.887109 0.798611 0.035156 0.022222
8 0.941406 0.815278 0.051562 0.050000
5 0.940625 0.800000 0.045312 0.022222
8 0.849219 0.812500 0.046875 0.050000
5 0.848437 0.797222 0.040625 0.022222
8 0.800781 0.811111 0.043750 0.050000
5 0.800000 0.795833 0.039062 0.022222
8 0.875781 0.772222 0.057813 0.025000
5 0.874609 0.764583 0.052344 0.012500
8 0.888672 0.788889 0.060156 0.036111
5 0.887891 0.777083 0.055469 0.015278
8 0.839063 0.793750 0.043750 0.045833
5 0.838672 0.778472 0.038281 0.018056
8 0.793359 0.792361 0.041406 0.045833
5 0.792188 0.777083 0.035937 0.018056
8 0.966016 0.915278 0.047656 0.061111
5 0.967578 0.896528 0.044531 0.026389
8 0.955078 0.877083 0.055469 0.026389
5 0.959766 0.874306 0.060156 0.023611
8 0.991797 0.971528 0.014844 0.054167
5 0.993750 0.955556 0.010937 0.025000
8 0.944141 0.984028 0.100781 0.029167
5 0.943359 0.983333 0.091406 0.030556
8 0.925781 0.968750 0.093750 0.059722
5 0.924609 0.954861 0.085156 0.031944
0 0.709766 0.859722 0.077344 0.277778
0 0.701953 0.735417 0.052344 0.168056
0 0.554688 0.655556 0.035937 0.122222
1 0.134375 0.656250 0.065625 0.084722
1 0.123047 0.661806 0.072656 0.087500
1 0.071484 0.656250 0.071094 0.084722
1 0.056641 0.661806 0.074219 0.087500
1 0.022656 0.655556 0.045312 0.083333
1 0.015234 0.661111 0.030469 0.086111
1 0.965625 0.655556 0.050000 0.036111
2 0.944531 0.693750 0.003125 0.001389
2 0.960547 0.651389 0.035156 0.005556
2 0.974609 0.667361 0.032031 0.020833
2 0.957812 0.661806 0.018750 0.020833
2 0.974609 0.652083 0.017969 0.001389
2 0.962500 0.663194 0.014063 0.018056
2 0.980469 0.655556 0.020313 0.002778
1 0.925781 0.691667 0.057813 0.108333
2 0.902344 0.701389 0.004687 0.030556
2 0.917969 0.663194 0.035937 0.029167
2 0.932813 0.672222 0.037500 0.030556
2 0.928516 0.709722 0.047656 0.038889
2 0.912500 0.664583 0.015625 0.026389
2 0.935156 0.652083 0.010937 0.001389
2 0.917188 0.654861 0.006250 0.001389
2 0.936328 0.654167 0.013281 0.000000
1 0.966797 0.725000 0.047656 0.125000
2 0.952344 0.735417 0.012500 0.034722
2 0.966406 0.690972 0.040625 0.034722
2 0.977344 0.702778 0.026562 0.036111
2 0.971484 0.745139 0.038281 0.045833
2 0.964063 0.694444 0.023438 0.033333
2 0.981641 0.679167 0.017969 0.002778
2 0.967969 0.699306 0.020313 0.034722
2 0.984766 0.682639 0.011719 0.001389
2 0.913672 0.909722 0.086719 0.069444
2 0.836719 0.918750 0.079687 0.093056
2 0.730859 0.688194 0.003906 0.034722
2 0.752734 0.699306 0.038281 0.037500
2 0.791797 0.700000 0.038281 0.038889
2 0.752734 0.670139 0.038281 0.037500
2 0.791797 0.670833 0.038281 0.036111
2 0.752734 0.641667 0.038281 0.036111
2 0.791797 0.643056 0.038281 0.036111
5 0.268750 0.872917 0.075000 0.031944
5 0.268750 0.886111 0.075000 0.030556
5 0.268750 0.896528 0.075000 0.031944
5 0.268750 0.909028 0.075000 0.031944
5 0.268750 0.934028 0.075000 0.031944
5 0.268750 0.921528 0.075000 0.031944
5 0.268750 0.956944 0.075000 0.033333
5 0.268750 0.944444 0.075000 0.033333
5 0.349219 0.900000 0.071875 0.030556
5 0.349219 0.911806 0.071875 0.031944
5 0.349219 0.937500 0.071875 0.033333
5 0.349219 0.924306 0.071875 0.031944
5 0.349219 0.960417 0.071875 0.034722
5 0.349219 0.948611 0.071875 0.033333
5 0.349219 0.888889 0.071875 0.030556
5 0.349219 0.875000 0.071875 0.033333
5 0.439844 0.902778 0.068750 0.030556
5 0.439844 0.915278 0.068750 0.033333
5 0.439844 0.940278 0.068750 0.033333
5 0.439844 0.927778 0.068750 0.033333
5 0.439844 0.963889 0.068750 0.033333
5 0.439844 0.951389 0.068750 0.033333
5 0.005859 0.791667 0.011719 0.013889
5 0.005859 0.800694 0.011719 0.015278
5 0.439844 0.891667 0.068750 0.030556
5 0.439844 0.879167 0.068750 0.030556
5 0.439844 0.806944 0.068750 0.027778
5 0.439844 0.819444 0.068750 0.027778
5 0.439844 0.844444 0.068750 0.030556
5 0.439844 0.831250 0.068750 0.029167
5 0.439844 0.868056 0.068750 0.030556
5 0.439844 0.856250 0.068750 0.029167
5 0.005859 0.784028 0.011719 0.012500
5 0.005859 0.776389 0.011719 0.013889
5 0.439844 0.795139 0.068750 0.029167
5 0.439844 0.781944 0.068750 0.027778