3 0.380078 0.724306 0.760156 0.256944
4 0.210156 0.731944 0.001563 0.044444
4 0.076172 0.750694 0.021094 0.059722
4 0.026172 0.684722 0.025781 0.047222
8 0.137500 0.613889 0.010937 0.016667
5 0.081641 0.593750 0.028906 0.006944
5 0.081641 0.593750 0.028906 0.006944
5 0.081641 0.593750 0.028906 0.006944
5 0.081250 0.586111 0.028125 0.008333
5 0.081250 0.586111 0.028125 0.008333
5 0.081250 0.586111 0.028125 0.008333
5 0.081641 0.599306 0.028906 0.006944
5 0.081641 0.599306 0.028906 0.006944
5 0.081641 0.599306 0.028906 0.006944
5 0.062500 0.602083 0.007812 0.004167
5 0.062500 0.602083 0.007812 0.004167
5 0.062500 0.602083 0.007812 0.004167
5 0.062500 0.595833 0.007812 0.005556
5 0.062500 0.595833 0.007812 0.005556
5 0.062500 0.595833 0.007812 0.005556
5 0.062500 0.588889 0.007812 0.005556
5 0.062500 0.588889 0.007812 0.005556
5 0.062500 0.588889 0.007812 0.005556
5 0.062500 0.582639 0.007812 0.006944
5 0.062500 0.582639 0.007812 0.006944
5 0.062500 0.582639 0.007812 0.006944
6 0.146484 0.580556 0.027344 0.036111
6 0.161719 0.577083 0.009375 0.031944
6 0.126562 0.558333 0.028125 0.036111
6 0.126953 0.581944 0.027344 0.036111
5 0.669922 0.697222 0.002344 0.002778
5 0.669922 0.697222 0.002344 0.002778
5 0.669922 0.697222 0.002344 0.002778
5 0.658984 0.686111 0.041406 0.016667
5 0.658984 0.686111 0.041406 0.016667
5 0.658984 0.686111 0.041406 0.016667
5 0.716016 0.722917 0.028906 0.015278
5 0.716016 0.722917 0.028906 0.015278
5 0.716016 0.722917 0.028906 0.015278
5 0.716016 0.712500 0.028906 0.016667
5 0.716016 0.712500 0.028906 0.016667
5 0.716016 0.712500 0.028906 0.016667
5 0.716016 0.701389 0.028906 0.016667
5 0.716016 0.701389 0.028906 0.016667
5 0.716016 0.701389 0.028906 0.016667
5 0.705078 0.687500 0.050781 0.019444
5 0.705078 0.687500 0.050781 0.019444
5 0.705078 0.687500 0.050781 0.019444
6 0.406641 0.744444 0.058594 0.077778
6 0.498437 0.729167 0.054688 0.077778
6 0.406641 0.677778 0.058594 0.077778
6 0.455469 0.735417 0.056250 0.079167
6 0.165625 0.765972 0.045312 0.093056
6 0.087109 0.780556 0.072656 0.097222
7 0.012500 0.760417 0.025000 0.018056
7 0.098437 0.692361 0.021875 0.015278
7 0.318359 0.734028 0.017969 0.015278
7 0.127734 0.761806 0.027344 0.023611
7 0.328516 0.621528 0.021094 0.009722
7 0.365625 0.620139 0.012500 0.009722
7 0.252344 0.628472 0.010937 0.009722
7 0.273047 0.624306 0.000781 0.006944
8 0.212109 0.766667 0.041406 0.041667
5 0.201953 0.751389 0.017969 0.016667
8 0.247266 0.761806 0.030469 0.040278
5 0.248438 0.746528 0.028125 0.018056
5 0.299609 0.741667 0.002344 0.011111
8 0.328906 0.751389 0.037500 0.027778
5 0.326953 0.737500 0.035156 0.016667
8 0.317188 0.763194 0.014063 0.031944
5 0.309766 0.756250 0.022656 0.018056
8 0.342578 0.763889 0.044531 0.036111
5 0.342187 0.750694 0.039062 0.018056
8 0.253516 0.777083 0.017969 0.043056
5 0.254297 0.762500 0.016406 0.019444
8 0.223438 0.779167 0.043750 0.044444
5 0.222656 0.765972 0.039062 0.018056
0 0.314453 0.752083 0.102344 0.120833
0 0.669531 0.687500 0.075000 0.136111
1 0.471875 0.622222 0.048438 0.077778
1 0.436328 0.624306 0.030469 0.079167
1 0.436719 0.611111 0.029687 0.066667
1 0.419531 0.618056 0.045312 0.077778
1 0.421094 0.602778 0.043750 0.063889
1 0.400781 0.609722 0.034375 0.075000
1 0.409766 0.588889 0.049219 0.063889
1 0.197266 0.644444 0.066406 0.083333
1 0.183984 0.638194 0.052344 0.081944
1 0.022656 0.644444 0.045312 0.077778
1 0.025000 0.654861 0.050000 0.087500
2 0.994141 0.997222 0.010156 0.002778
2 0.988281 0.998611 0.000000 0.000000
2 0.898047 0.713889 0.011719 0.002778
5 0.037891 0.638889 0.024219 0.005556
5 0.048438 0.632639 0.003125 0.004167
5 0.037891 0.622917 0.024219 0.006944
5 0.046484 0.627778 0.007031 0.005556
5 0.130078 0.675694 0.025781 0.012500
5 0.119141 0.682639 0.007031 0.009722
5 0.126562 0.684722 0.006250 0.011111
5 0.125781 0.690278 0.007812 0.011111
5 0.147266 0.691667 0.033594 0.008333
5 0.134375 0.695139 0.010937 0.001389
5 0.147266 0.688889 0.033594 0.008333
5 0.145703 0.681250 0.033594 0.012500