3 0.499609 0.836806 0.999219 0.323611
4 0.408984 0.797917 0.005469 0.068056
4 0.425391 0.849306 0.033594 0.084722
4 0.454297 0.885417 0.011719 0.087500
4 0.460156 0.922222 0.040625 0.102778
4 0.498828 0.959722 0.003906 0.077778
4 0.510547 0.981250 0.039844 0.034722
8 0.556641 0.981250 0.066406 0.034722
8 0.977344 0.818056 0.043750 0.036111
5 0.355859 0.688194 0.044531 0.012500
5 0.355859 0.688194 0.044531 0.012500
5 0.355859 0.688194 0.044531 0.012500
5 0.355859 0.677778 0.044531 0.013889
5 0.355859 0.677778 0.044531 0.013889
5 0.355859 0.677778 0.044531 0.013889
5 0.355859 0.696528 0.044531 0.012500
5 0.355859 0.696528 0.044531 0.012500
5 0.355859 0.696528 0.044531 0.012500
5 0.417578 0.693056 0.044531 0.011111
5 0.417578 0.693056 0.044531 0.011111
5 0.417578 0.693056 0.044531 0.011111
5 0.417578 0.684722 0.044531 0.011111
5 0.417578 0.684722 0.044531 0.011111
5 0.417578 0.684722 0.044531 0.011111
5 0.417578 0.675694 0.044531 0.012500
5 0.417578 0.675694 0.044531 0.012500
5 0.417578 0.675694 0.044531 0.012500
5 0.417578 0.665278 0.044531 0.013889
5 0.417578 0.665278 0.044531 0.013889
5 0.417578 0.665278 0.044531 0.013889
6 0.504297 0.734028 0.042969 0.056944
6 0.482031 0.711111 0.037500 0.063889
6 0.505469 0.675694 0.045312 0.076389
6 0.494141 0.720139 0.035156 0.065278
6 0.536328 0.805556 0.067969 0.100000
6 0.580078 0.828472 0.075781 0.106944
7 0.327734 0.920833 0.039844 0.047222
7 0.355859 0.784028 0.055469 0.020833
7 0.382031 0.856250 0.067187 0.026389
8 0.566016 0.905556 0.047656 0.066667
5 0.566016 0.886806 0.047656 0.031944
8 0.501563 0.913194 0.045312 0.070833
5 0.503125 0.893750 0.040625 0.034722
8 0.468750 0.813194 0.057813 0.045833
5 0.467969 0.797917 0.053125 0.018056
8 0.458594 0.798611 0.050000 0.044444
5 0.459375 0.783333 0.048438 0.013889
8 0.452734 0.788889 0.053906 0.038889
5 0.448047 0.773611 0.041406 0.016667
8 0.444141 0.775694 0.047656 0.040278
5 0.445312 0.761111 0.046875 0.013889
8 0.494922 0.788194 0.005469 0.026389
5 0.511328 0.770139 0.038281 0.015278
8 0.503516 0.763889 0.052344 0.022222
5 0.503125 0.757639 0.046875 0.012500
8 0.498047 0.793056 0.007031 0.033333
5 0.499219 0.779861 0.004687 0.009722
8 0.820312 0.722222 0.042188 0.025000
5 0.821875 0.708333 0.043750 0.011111
8 0.827344 0.702778 0.000000 0.000000
5 0.805469 0.699306 0.042188 0.006944
8 0.837891 0.727083 0.049219 0.029167
5 0.838281 0.715278 0.045312 0.011111
8 0.856250 0.734722 0.051562 0.030556
5 0.856250 0.723611 0.046875 0.011111
8 0.746484 0.706944 0.014844 0.013889
5 0.753125 0.703472 0.017188 0.009722
8 0.776172 0.709722 0.047656 0.005556
5 0.776563 0.709722 0.043750 0.005556
8 0.813672 0.731250 0.007031 0.026389
5 0.804297 0.715278 0.021094 0.008333
8 0.821094 0.736806 0.028125 0.020833
5 0.813281 0.725000 0.037500 0.011111
8 0.959766 0.786806 0.010156 0.029167
5 0.941406 0.767361 0.043750 0.018056
8 0.977734 0.781944 0.042969 0.036111
5 0.976953 0.765972 0.044531 0.018056
8 0.878125 0.764583 0.001563 0.004167
8 0.857031 0.786111 0.040625 0.044444
5 0.858984 0.771528 0.039844 0.018056
8 0.869531 0.747222 0.020313 0.022222
5 0.871484 0.739583 0.019531 0.012500
8 0.920312 0.757639 0.003125 0.001389
5 0.919531 0.748611 0.004687 0.013889
8 0.864062 0.768750 0.029687 0.040278
5 0.866016 0.754167 0.028906 0.016667
8 0.836719 0.770139 0.051562 0.040278
5 0.835938 0.756250 0.045312 0.018056
0 0.936719 0.834028 0.125000 0.262500
0 0.783203 0.733333 0.088281 0.183333
0 0.512891 0.656944 0.036719 0.122222
1 0.042188 0.683333 0.076563 0.100000
1 0.037891 0.688194 0.075781 0.098611
1 0.000781 0.679167 0.001563 0.086111
1 0.980078 0.635417 0.038281 0.023611
2 0.969141 0.638889 0.027344 0.022222
2 0.990625 0.644444 0.017188 0.019444
2 0.966797 0.640278 0.007031 0.019444
2 0.982422 0.630556 0.000781 0.000000
2 0.982422 0.632639 0.000781 0.001389
2 0.996875 0.631944 0.004687 0.000000
1 0.902344 0.659028 0.039062 0.065278
2 0.877344 0.632639 0.012500 0.004167
2 0.919141 0.644444 0.005469 0.013889
2 0.900781 0.681944 0.039062 0.019444
2 0.881250 0.634722 0.004687 0.002778
1 0.980469 0.694444 0.037500 0.097222
2 0.969141 0.653472 0.027344 0.004167
2 0.990625 0.675000 0.017188 0.030556
2 0.982422 0.714583 0.033594 0.037500
2 0.971094 0.656250 0.021875 0.004167
2 0.987891 0.654167 0.011719 0.000000
2 0.976172 0.657639 0.011719 0.001389
2 0.996484 0.656250 0.005469 0.001389
1 0.858594 0.668056 0.050000 0.091667
2 0.843750 0.681944 0.015625 0.027778
2 0.849219 0.645833 0.026562 0.027778
2 0.872266 0.652778 0.022656 0.027778
2 0.863672 0.687500 0.039844 0.033333
2 0.853125 0.648611 0.018750 0.027778
2 0.867578 0.634722 0.013281 0.000000
2 0.857031 0.650000 0.010937 0.025000
2 0.875000 0.636111 0.007812 0.000000
1 0.949219 0.700000 0.067187 0.102778
2 0.918750 0.706944 0.006250 0.030556
2 0.918750 0.668056 0.006250 0.030556
2 0.962891 0.677083 0.014844 0.031944
2 0.951172 0.715278 0.060156 0.038889
2 0.921484 0.670139 0.000781 0.029167
2 0.957031 0.656944 0.003125 0.000000
2 0.960547 0.657639 0.010156 0.001389
2 0.988672 0.871528 0.021094 0.070833
2 0.662109 0.679861 0.008594 0.026389
2 0.700781 0.690972 0.035937 0.031944
2 0.737109 0.690278 0.035156 0.030556
2 0.700781 0.663889 0.035937 0.030556
2 0.737109 0.661806 0.035156 0.029167
2 0.701562 0.634028 0.035937 0.034722
2 0.731250 0.632639 0.046875 0.034722
5 0.547266 0.892361 0.077344 0.037500
5 0.547266 0.907639 0.077344 0.034722
5 0.547266 0.919444 0.077344 0.033333
5 0.547266 0.932639 0.077344 0.034722
5 0.547266 0.959028 0.077344 0.034722
5 0.547266 0.945833 0.077344 0.036111
5 0.547266 0.979167 0.077344 0.038889
5 0.547266 0.968750 0.077344 0.040278
5 0.627734 0.911806 0.075781 0.031944
5 0.627734 0.925000 0.075781 0.033333
5 0.627734 0.950694 0.075781 0.034722
5 0.627734 0.938194 0.075781 0.034722
5 0.627734 0.975000 0.075781 0.036111
5 0.627734 0.961806 0.075781 0.034722
5 0.627734 0.900694 0.075781 0.031944
5 0.627734 0.885417 0.075781 0.034722
5 0.720703 0.903472 0.075781 0.031944
5 0.720703 0.916667 0.075781 0.033333
5 0.720313 0.941667 0.075000 0.033333
5 0.720313 0.929167 0.075000 0.033333
5 0.720313 0.965278 0.075000 0.036111
5 0.720313 0.953472 0.075000 0.034722
5 0.019531 0.847917 0.039062 0.023611
5 0.020313 0.858333 0.040625 0.025000
5 0.720703 0.892361 0.075781 0.031944
5 0.720703 0.879861 0.075781 0.031944
5 0.720703 0.805556 0.075781 0.027778
5 0.720703 0.818750 0.075781 0.029167
5 0.720703 0.844444 0.075781 0.030556
5 0.720703 0.831250 0.075781 0.029167
5 0.720703 0.868056 0.075781 0.030556
5 0.720703 0.855556 0.075781 0.030556
5 0.019531 0.840972 0.039062 0.020833
5 0.020313 0.830556 0.040625 0.022222
5 0.720703 0.793750 0.075781 0.029167
5 0.720703 0.780556 0.075781 0.030556