3 0.524219 0.869444 0.950000 0.258333
4 0.484766 0.733333 0.002344 0.061111
4 0.552344 0.745139 0.042188 0.081944
4 0.617969 0.752083 0.012500 0.084722
4 0.662891 0.752083 0.044531 0.095833
4 0.752344 0.759722 0.017188 0.108333
4 0.818750 0.766667 0.065625 0.122222
4 0.954297 0.775000 0.022656 0.136111
4 0.027734 0.710417 0.000781 0.006944
4 0.030078 0.718056 0.002344 0.025000
4 0.057422 0.773611 0.010156 0.127778
4 0.053516 0.779167 0.011719 0.144444
4 0.074219 0.792361 0.046875 0.168056
4 0.083203 0.809028 0.032031 0.198611
4 0.076953 0.809722 0.088281 0.194444
4 0.430469 0.869444 0.029687 0.258333
8 0.827734 0.786111 0.105469 0.066667
5 0.304688 0.734028 0.051562 0.006944
5 0.304688 0.734028 0.051562 0.006944
5 0.304688 0.734028 0.051562 0.006944
5 0.305078 0.723611 0.050781 0.008333
5 0.305078 0.723611 0.050781 0.008333
5 0.305078 0.723611 0.050781 0.008333
5 0.304688 0.747222 0.050000 0.002778
5 0.304688 0.747222 0.050000 0.002778
5 0.304688 0.747222 0.050000 0.002778
5 0.367969 0.745833 0.050000 0.002778
5 0.367969 0.745833 0.050000 0.002778
5 0.367969 0.745833 0.050000 0.002778
5 0.367969 0.734028 0.050000 0.006944
5 0.367969 0.734028 0.050000 0.006944
5 0.367969 0.734028 0.050000 0.006944
5 0.367969 0.722222 0.050000 0.005556
5 0.367969 0.722222 0.050000 0.005556
5 0.367969 0.722222 0.050000 0.005556
5 0.367969 0.713889 0.050000 0.008333
5 0.367969 0.713889 0.050000 0.008333
5 0.367969 0.713889 0.050000 0.008333
6 0.525781 0.726389 0.053125 0.072222
6 0.480859 0.722917 0.047656 0.065278
6 0.526172 0.659722 0.055469 0.072222
6 0.503516 0.725000 0.046094 0.069444
6 0.627344 0.732639 0.075000 0.090278
6 0.688672 0.735417 0.069531 0.095833
7 0.966797 0.802083 0.060156 0.029167
7 0.690625 0.818056 0.100000 0.038889
7 0.322266 0.863889 0.107031 0.058333
7 0.491406 0.786111 0.067187 0.027778
7 0.387500 0.759028 0.056250 0.015278
7 0.487109 0.772917 0.075781 0.018056
6 0.039844 0.763194 0.026562 0.190278
6 0.028906 0.565972 0.057813 0.254167
6 0.016406 0.565278 0.018750 0.055556
8 0.729297 0.771528 0.072656 0.037500
5 0.731250 0.747917 0.068750 0.009722
8 0.682031 0.772222 0.082812 0.050000
5 0.682422 0.750694 0.072656 0.012500
8 0.544141 0.758333 0.064844 0.033333
5 0.538672 0.738889 0.050781 0.008333
8 0.523438 0.756250 0.062500 0.029167
5 0.522656 0.734028 0.057813 0.001389
8 0.503125 0.751389 0.060937 0.033333
5 0.501953 0.733333 0.053906 0.002778
8 0.485547 0.748611 0.058594 0.030556
5 0.482812 0.733333 0.048438 0.005556
8 0.549219 0.747917 0.029687 0.001389
5 0.548438 0.732639 0.031250 0.001389
8 0.539844 0.755556 0.048438 0.016667
5 0.539453 0.731250 0.049219 0.001389
8 0.578516 0.758333 0.053906 0.022222
5 0.565625 0.732639 0.025000 0.001389
8 0.576953 0.756944 0.002344 0.027778
5 0.577734 0.741667 0.000781 0.000000
8 0.762891 0.734722 0.003906 0.000000
5 0.762500 0.722222 0.004687 0.000000
8 0.714453 0.733333 0.003906 0.016667
5 0.715625 0.725694 0.003125 0.004167
8 0.763672 0.734028 0.000781 0.001389
8 0.762891 0.731250 0.003906 0.001389
8 0.959766 0.745833 0.042969 0.030556
5 0.957812 0.731250 0.039062 0.006944
8 0.973828 0.745833 0.036719 0.030556
5 0.972266 0.731250 0.032031 0.006944
8 0.935156 0.749306 0.026562 0.015278
5 0.931641 0.730556 0.019531 0.002778
8 0.890234 0.750000 0.002344 0.016667
5 0.889844 0.730556 0.001563 0.002778
8 0.930469 0.741667 0.015625 0.000000
5 0.921875 0.727778 0.000000 0.000000
8 0.890625 0.750000 0.001563 0.016667
5 0.889844 0.727778 0.001563 0.000000
0 0.992578 0.712500 0.007031 0.119444
0 0.812500 0.684028 0.078125 0.151389
0 0.480078 0.686806 0.058594 0.118056
0 0.037109 0.759722 0.074219 0.477778
1 0.242969 0.689583 0.343750 0.618056
1 0.461328 0.705556 0.360156 0.586111
1 0.971484 0.702083 0.038281 0.076389
2 0.953516 0.705556 0.002344 0.000000
2 0.978906 0.683333 0.000000 0.016667
2 0.973047 0.706250 0.035156 0.001389
2 0.889062 0.705556 0.001563 0.000000
2 0.931250 0.705556 0.020313 0.000000
1 0.983203 0.697222 0.014844 0.072222
2 0.985547 0.719444 0.008594 0.025000
2 0.984766 0.683333 0.011719 0.025000
1 0.842578 0.681250 0.060156 0.034722
2 0.865625 0.683333 0.014063 0.025000
1 0.967578 0.703472 0.032031 0.093056
2 0.963281 0.681944 0.029687 0.027778
2 0.967187 0.717361 0.025000 0.020833
1 0.810547 0.671528 0.057031 0.018056
2 0.789062 0.676389 0.009375 0.008333
2 0.827344 0.675694 0.026562 0.009722
2 0.794922 0.676389 0.000781 0.008333
2 0.813281 0.672222 0.000000 0.002778
1 0.912109 0.688889 0.078906 0.063889
2 0.888281 0.707639 0.000000 0.001389
2 0.882031 0.687500 0.010937 0.000000
2 0.930469 0.681944 0.034375 0.027778
2 0.915234 0.713889 0.052344 0.013889
2 0.892188 0.682639 0.007812 0.026389
2 0.670312 0.730556 0.010937 0.025000
2 0.694922 0.730556 0.027344 0.025000
2 0.658203 0.704167 0.036719 0.025000
2 0.692969 0.704167 0.031250 0.025000
2 0.658203 0.674306 0.036719 0.023611
2 0.692969 0.674306 0.031250 0.023611
5 0.762891 0.705556 0.091406 0.011111
5 0.763281 0.719444 0.092188 0.013889
5 0.763281 0.731944 0.092188 0.013889
5 0.763672 0.745833 0.091406 0.013889
5 0.764062 0.773611 0.092188 0.016667
5 0.763672 0.759722 0.091406 0.013889
5 0.764062 0.799306 0.092188 0.018056
5 0.764062 0.785417 0.092188 0.018056
5 0.838281 0.731250 0.081250 0.012500
5 0.838281 0.744444 0.081250 0.013889
5 0.838672 0.770833 0.082031 0.013889
5 0.838281 0.757639 0.081250 0.012500
5 0.839063 0.796528 0.081250 0.015278
5 0.838672 0.781944 0.082031 0.016667
5 0.833984 0.718750 0.088281 0.012500
5 0.836328 0.705556 0.083594 0.011111
5 0.907031 0.729861 0.082812 0.012500
5 0.907031 0.742361 0.082812 0.012500
5 0.908203 0.768056 0.082031 0.013889
5 0.907422 0.755556 0.083594 0.013889
5 0.914844 0.793056 0.068750 0.013889
5 0.907422 0.779861 0.083594 0.015278
5 0.074609 0.772917 0.041406 0.012500
5 0.076172 0.784028 0.044531 0.012500
5 0.906641 0.718056 0.083594 0.011111
5 0.907422 0.705556 0.085156 0.011111
5 0.904297 0.630556 0.088281 0.013889
5 0.904297 0.643750 0.088281 0.012500
5 0.905078 0.669444 0.088281 0.011111
5 0.905078 0.656250 0.088281 0.012500
5 0.905469 0.693750 0.089063 0.012500
5 0.905078 0.680556 0.088281 0.011111
5 0.075000 0.763194 0.042188 0.012500
5 0.076563 0.750694 0.043750 0.012500
5 0.904297 0.618750 0.088281 0.012500
5 0.903906 0.606250 0.087500 0.015278