3 0.499609 0.876389 0.999219 0.244444
4 0.097656 0.827083 0.003125 0.081944
8 0.178516 0.985417 0.117969 0.026389
5 0.623828 0.790278 0.046094 0.013889
5 0.623828 0.790278 0.046094 0.013889
5 0.623828 0.790278 0.046094 0.013889
5 0.624609 0.777778 0.047656 0.016667
5 0.624609 0.777778 0.047656 0.016667
5 0.624609 0.777778 0.047656 0.016667
5 0.624219 0.801389 0.046875 0.013889
5 0.624219 0.801389 0.046875 0.013889
5 0.624219 0.801389 0.046875 0.013889
6 0.385937 0.788194 0.082812 0.043056
6 0.514453 0.802083 0.032031 0.090278
6 0.386719 0.729861 0.082812 0.098611
6 0.437109 0.802083 0.019531 0.081944
6 0.057813 0.845833 0.082812 0.127778
7 0.250391 0.843056 0.000781 0.000000
7 0.152344 0.761111 0.029687 0.011111
7 0.192969 0.759028 0.029687 0.009722
7 0.050391 0.766667 0.028906 0.011111
7 0.095312 0.763889 0.029687 0.011111
8 0.119922 0.861806 0.044531 0.045833
5 0.119531 0.836111 0.043750 0.019444
8 0.168359 0.852778 0.067969 0.050000
5 0.167578 0.830556 0.061719 0.016667
8 0.214453 0.846528 0.067969 0.048611
5 0.213672 0.825000 0.060156 0.016667
8 0.262109 0.840972 0.060156 0.045833
5 0.263672 0.820139 0.057031 0.015278
8 0.250391 0.856250 0.072656 0.051389
5 0.249219 0.834722 0.064062 0.019444
8 0.279687 0.845833 0.025000 0.038889
5 0.281250 0.829861 0.021875 0.015278
8 0.202734 0.863194 0.074219 0.054167
5 0.201563 0.840278 0.065625 0.019444
8 0.142969 0.870139 0.075000 0.056944
5 0.141797 0.846528 0.066406 0.020833
8 0.949609 0.921528 0.099219 0.073611
5 0.950000 0.890972 0.098437 0.029167
8 0.969141 0.904167 0.060156 0.055556
5 0.971094 0.877083 0.056250 0.018056
8 0.921484 0.932639 0.119531 0.076389
5 0.919531 0.901389 0.107813 0.033333
8 0.874219 0.945833 0.123438 0.080556
5 0.880859 0.912500 0.094531 0.036111
8 0.901172 0.871528 0.102344 0.018056
5 0.899609 0.867361 0.091406 0.023611
8 0.861328 0.884028 0.102344 0.029167
5 0.858594 0.875000 0.093750 0.025000
8 0.825391 0.913194 0.108594 0.070833
5 0.823828 0.884028 0.097656 0.026389
8 0.777344 0.905556 0.112500 0.036111
5 0.769531 0.894444 0.087500 0.030556
8 0.574609 0.981250 0.144531 0.034722
5 0.575000 0.971528 0.129688 0.048611
8 0.650781 0.993056 0.156250 0.011111
5 0.651563 0.983333 0.139063 0.030556
8 0.509766 0.972917 0.135156 0.051389
5 0.535547 0.953472 0.074219 0.043056
8 0.452344 0.963889 0.128125 0.069444
5 0.453125 0.936806 0.115625 0.034722
8 0.769531 0.962500 0.131250 0.072222
5 0.767578 0.934028 0.117969 0.040278
8 0.714063 0.970139 0.137500 0.056944
5 0.711719 0.950000 0.123438 0.044444
8 0.611719 0.952778 0.126562 0.050000
5 0.612109 0.932639 0.113281 0.037500
8 0.559375 0.947917 0.103125 0.070833
5 0.551562 0.916667 0.106250 0.033333
0 0.334375 0.823611 0.225000 0.322222
0 0.704297 0.753472 0.113281 0.179167
1 0.362109 0.732639 0.060156 0.079167
1 0.335547 0.741667 0.053906 0.091667
1 0.330469 0.729167 0.037500 0.072222
1 0.287109 0.735417 0.061719 0.084722
1 0.281250 0.732639 0.057813 0.084722
1 0.251953 0.734722 0.060156 0.086111
1 0.248438 0.723611 0.060937 0.072222
1 0.031250 0.747222 0.062500 0.097222
1 0.022656 0.742361 0.045312 0.087500
2 0.967187 0.852778 0.060937 0.052778
2 0.966406 0.802778 0.060937 0.058333
2 0.965625 0.746528 0.060937 0.059722