3 0.499609 0.714583 0.999219 0.568056
4 0.425391 0.848611 0.010156 0.108333
4 0.325781 0.763194 0.043750 0.095833
4 0.262109 0.727778 0.011719 0.086111
4 0.239063 0.699306 0.035937 0.081944
4 0.190625 0.671528 0.007812 0.073611
4 0.170313 0.634722 0.028125 0.041667
4 0.132812 0.625694 0.006250 0.062500
4 0.114062 0.613889 0.017188 0.072222
4 0.048438 0.564583 0.007812 0.054167
4 0.041797 0.552083 0.024219 0.051389
4 0.003906 0.532639 0.007812 0.051389
4 0.841016 0.706944 0.008594 0.080556
4 0.232422 0.483333 0.005469 0.038889
4 0.690625 0.652778 0.029687 0.077778
4 0.642969 0.634028 0.007812 0.068056
4 0.582422 0.613194 0.024219 0.068056
4 0.544531 0.597917 0.006250 0.059722
4 0.498828 0.583333 0.002344 0.055556
4 0.464062 0.568750 0.006250 0.054167
4 0.430859 0.552778 0.008594 0.058333
4 0.341016 0.526389 0.005469 0.038889
4 0.311328 0.513194 0.013281 0.045833
8 0.122266 0.678472 0.014844 0.040278
6 0.381641 0.904861 0.160156 0.187500
6 0.208203 0.843750 0.114844 0.176389
6 0.135937 0.800694 0.110937 0.151389
7 0.029297 0.700000 0.038281 0.025000
7 0.026562 0.675694 0.034375 0.020833
7 0.258594 0.656944 0.048438 0.030556
7 0.408594 0.601389 0.045312 0.022222
7 0.380469 0.736111 0.062500 0.041667
7 0.778125 0.706250 0.065625 0.034722
7 0.627734 0.969444 0.113281 0.058333
7 0.403125 0.818056 0.089063 0.052778
7 0.487109 0.481250 0.025781 0.009722
7 0.514062 0.488194 0.032813 0.009722
7 0.440625 0.470139 0.023438 0.009722
7 0.460547 0.474306 0.027344 0.009722
7 0.377344 0.454167 0.028125 0.008333
7 0.357812 0.449306 0.020313 0.006944
7 0.399609 0.459028 0.030469 0.009722
7 0.853906 0.572222 0.043750 0.019444
7 0.800391 0.559028 0.016406 0.009722
7 0.905859 0.588889 0.024219 0.019444
6 0.119922 0.404167 0.032031 0.038889
6 0.120703 0.435417 0.032031 0.037500
6 0.164844 0.400694 0.025000 0.034722
6 0.165234 0.429861 0.025781 0.026389
6 0.355859 0.496528 0.038281 0.051389
6 0.316406 0.502778 0.031250 0.052778
6 0.355469 0.449306 0.039062 0.054167
6 0.315625 0.453472 0.031250 0.056944
6 0.293750 0.429861 0.028125 0.043056
6 0.248828 0.436111 0.032031 0.050000
6 0.249219 0.479167 0.031250 0.050000
6 0.293750 0.472222 0.028125 0.041667
6 0.542969 0.549306 0.040625 0.056944
6 0.480859 0.557639 0.038281 0.065278
6 0.480859 0.497917 0.038281 0.065278
6 0.542969 0.493750 0.040625 0.070833
6 0.617969 0.537500 0.064062 0.088889
6 0.677734 0.528472 0.049219 0.084722
6 0.617188 0.609028 0.064062 0.087500
6 0.676953 0.598611 0.047656 0.080556
6 0.756641 0.504861 0.046094 0.059722
6 0.726172 0.497917 0.044531 0.056944
6 0.671094 0.464583 0.034375 0.009722
6 0.695312 0.487500 0.042188 0.047222
8 0.041797 0.612500 0.022656 0.027778
5 0.040625 0.605556 0.020313 0.016667
8 0.036719 0.604861 0.010937 0.031944
5 0.022656 0.593750 0.034375 0.009722
8 0.045703 0.644444 0.028906 0.041667
5 0.043750 0.633333 0.025000 0.022222
8 0.081641 0.640972 0.052344 0.040278
5 0.081250 0.625000 0.046875 0.022222
8 0.144531 0.761806 0.071875 0.076389
5 0.142969 0.742361 0.064062 0.037500
8 0.202734 0.743056 0.071094 0.063889
5 0.201953 0.727778 0.063281 0.036111
8 0.331641 0.883333 0.105469 0.080556
5 0.333203 0.868750 0.096094 0.056944
8 0.369531 0.918056 0.110937 0.086111
5 0.369141 0.904861 0.102344 0.062500
8 0.408984 0.939583 0.119531 0.068056
5 0.409766 0.936111 0.107031 0.066667
8 0.498828 0.993750 0.002344 0.009722
5 0.450391 0.971528 0.099219 0.054167
8 0.283203 0.969444 0.099219 0.058333
5 0.294141 0.969444 0.107031 0.058333
8 0.251953 0.952778 0.103906 0.091667
5 0.257031 0.941667 0.100000 0.069444
8 0.228125 0.927083 0.112500 0.112500
5 0.229297 0.902083 0.102344 0.062500
0 0.078906 0.423611 0.034375 0.083333
0 0.080859 0.468750 0.046094 0.112500
0 0.174219 0.518056 0.062500 0.147222
0 0.142578 0.451389 0.035156 0.100000
0 0.378125 0.480556 0.056250 0.116667
0 0.439063 0.496528 0.071875 0.123611
0 0.562109 0.533333 0.074219 0.147222
0 0.611328 0.543750 0.100781 0.154167
1 0.385547 0.522917 0.067969 0.109722
1 0.352344 0.527778 0.068750 0.111111
1 0.955469 0.681250 0.087500 0.165278
1 0.991797 0.654861 0.014844 0.148611
1 0.762109 0.601389 0.092969 0.150000
1 0.728516 0.611111 0.105469 0.155556
1 0.196484 0.433333 0.036719 0.058333
1 0.171484 0.437500 0.038281 0.063889
1 0.217578 0.440972 0.041406 0.062500
1 0.190234 0.443750 0.039844 0.068056
1 0.228516 0.422917 0.047656 0.059722
1 0.266406 0.420833 0.037500 0.055556
1 0.132031 0.431944 0.050000 0.061111
1 0.178906 0.424306 0.050000 0.056944
1 0.683984 0.505556 0.060156 0.091667
2 0.666406 0.529861 0.021875 0.029167
2 0.658203 0.520833 0.008594 0.016667
2 0.665625 0.490278 0.023438 0.030556
2 0.696094 0.486111 0.029687 0.030556
2 0.684375 0.525000 0.053125 0.033333
2 0.678906 0.489583 0.020313 0.029167
2 0.667578 0.474306 0.014844 0.001389
2 0.690234 0.488889 0.019531 0.030556
2 0.678125 0.472917 0.015625 0.001389
1 0.608594 0.489583 0.050000 0.081944
2 0.607422 0.513889 0.016406 0.027778
2 0.592578 0.507639 0.013281 0.018056
2 0.600000 0.477778 0.028125 0.030556
2 0.626953 0.459722 0.013281 0.002778
2 0.617578 0.502083 0.022656 0.006944
2 0.617578 0.465278 0.017969 0.002778
2 0.608203 0.462500 0.016406 0.002778
2 0.626953 0.465278 0.013281 0.005556
2 0.618750 0.461111 0.017188 0.002778
1 0.648047 0.495833 0.069531 0.083333
2 0.628516 0.521528 0.005469 0.026389
2 0.620313 0.517361 0.009375 0.020833
2 0.624219 0.482639 0.017188 0.026389
2 0.667188 0.468056 0.026562 0.005556
2 0.643359 0.507639 0.032031 0.006944
2 0.655859 0.472222 0.003906 0.002778
2 0.630859 0.468056 0.005469 0.000000
2 0.661719 0.470833 0.015625 0.005556
2 0.655078 0.467361 0.002344 0.001389
5 0.156641 0.657639 0.067969 0.031944
5 0.157031 0.672917 0.068750 0.023611
5 0.157031 0.682639 0.068750 0.023611
5 0.157422 0.693056 0.067969 0.025000
5 0.157422 0.714583 0.067969 0.023611
5 0.157422 0.704167 0.067969 0.025000
5 0.157812 0.729861 0.067187 0.012500
5 0.153906 0.719444 0.060937 0.013889
5 0.888672 0.704167 0.052344 0.033333
5 0.891797 0.717361 0.044531 0.026389
5 0.083984 0.696528 0.071094 0.029167
5 0.084375 0.706944 0.070312 0.030556
5 0.084375 0.729167 0.070312 0.030556
5 0.084375 0.718056 0.070312 0.030556
5 0.085156 0.750694 0.070312 0.031944
5 0.080469 0.740278 0.060937 0.030556
5 0.859766 0.719444 0.061719 0.036111
5 0.864453 0.736111 0.044531 0.022222
5 0.083594 0.686111 0.070312 0.027778
5 0.083594 0.672917 0.070312 0.034722
5 0.016406 0.709722 0.032813 0.025000
5 0.016406 0.720139 0.032813 0.026389
5 0.016797 0.743750 0.033594 0.026389
5 0.016406 0.732639 0.032813 0.026389
5 0.017188 0.765972 0.034375 0.026389
5 0.016797 0.754861 0.033594 0.023611
5 0.802344 0.742361 0.075000 0.029167
5 0.798438 0.752083 0.075000 0.029167
5 0.016016 0.699306 0.032031 0.026389
5 0.016016 0.687500 0.032031 0.025000
5 0.015234 0.620833 0.030469 0.022222
5 0.015234 0.632639 0.030469 0.023611
5 0.015625 0.655556 0.031250 0.025000
5 0.015625 0.643750 0.031250 0.023611
5 0.016016 0.677083 0.032031 0.026389
5 0.015625 0.665972 0.031250 0.023611
5 0.802734 0.732639 0.075781 0.026389
5 0.798828 0.717361 0.075781 0.037500
5 0.015234 0.609722 0.030469 0.025000
5 0.014844 0.598611 0.029687 0.025000