3 0.502344 0.836111 0.993750 0.325000
4 0.376563 0.719444 0.003125 0.038889
4 0.360938 0.738889 0.007812 0.058333
4 0.358203 0.752778 0.002344 0.061111
4 0.339844 0.768056 0.012500 0.066667
4 0.337109 0.791667 0.007031 0.061111
4 0.312109 0.806250 0.019531 0.081944
4 0.309375 0.832639 0.010937 0.084722
4 0.296875 0.856250 0.017188 0.104167
4 0.213281 0.965278 0.004687 0.066667
4 0.154297 0.988889 0.038281 0.019444
4 0.010156 0.740972 0.009375 0.062500
8 0.365234 0.808333 0.053906 0.050000
8 0.830859 0.741667 0.063281 0.022222
5 0.414453 0.665278 0.028906 0.005556
5 0.414453 0.665278 0.028906 0.005556
5 0.414453 0.665278 0.028906 0.005556
5 0.414453 0.656250 0.028906 0.009722
5 0.414453 0.656250 0.028906 0.009722
5 0.414453 0.656250 0.028906 0.009722
5 0.414453 0.672222 0.028906 0.005556
5 0.414453 0.672222 0.028906 0.005556
5 0.414453 0.672222 0.028906 0.005556
5 0.468750 0.670833 0.034375 0.008333
5 0.468750 0.670833 0.034375 0.008333
5 0.468750 0.670833 0.034375 0.008333
5 0.468750 0.663889 0.034375 0.008333
5 0.468750 0.663889 0.034375 0.008333
5 0.468750 0.663889 0.034375 0.008333
5 0.461719 0.656944 0.020313 0.008333
5 0.461719 0.656944 0.020313 0.008333
5 0.461719 0.656944 0.020313 0.008333
5 0.468750 0.648611 0.034375 0.008333
5 0.468750 0.648611 0.034375 0.008333
5 0.468750 0.648611 0.034375 0.008333
6 0.486719 0.687500 0.026562 0.050000
6 0.486328 0.672222 0.022656 0.047222
6 0.487500 0.637500 0.029687 0.058333
6 0.487500 0.676389 0.025000 0.044444
6 0.460547 0.715972 0.049219 0.062500
6 0.473047 0.732639 0.055469 0.079167
7 0.464844 0.833333 0.067187 0.022222
7 0.462891 0.856944 0.072656 0.027778
7 0.966016 0.883333 0.066406 0.030556
7 0.941797 0.856944 0.083594 0.027778
7 0.992578 0.925000 0.013281 0.030556
7 0.212500 0.834722 0.043750 0.033333
7 0.262109 0.772917 0.017969 0.023611
7 0.018359 0.744444 0.025781 0.013889
7 0.359766 0.715278 0.042969 0.011111
7 0.337109 0.748611 0.049219 0.013889
6 0.382812 0.971528 0.098437 0.054167
6 0.384375 0.947917 0.087500 0.093056
6 0.394922 0.931944 0.077344 0.133333
8 0.380469 0.906944 0.082812 0.058333
5 0.379688 0.886806 0.075000 0.020833
8 0.375000 0.935417 0.082812 0.070833
5 0.373047 0.912500 0.078906 0.027778
8 0.411719 0.865972 0.050000 0.062500
5 0.412500 0.846528 0.043750 0.026389
8 0.355469 0.866667 0.043750 0.063889
5 0.354297 0.847222 0.041406 0.027778
8 0.432812 0.772222 0.034375 0.041667
5 0.433984 0.757639 0.030469 0.015278
8 0.388672 0.771528 0.030469 0.040278
5 0.388672 0.757639 0.030469 0.004167
8 0.417578 0.729861 0.036719 0.023611
5 0.419141 0.716667 0.033594 0.008333
5 0.420312 0.709028 0.031250 0.004167
8 0.404297 0.707639 0.000781 0.001389
5 0.424219 0.703472 0.023438 0.004167
5 0.424219 0.697917 0.023438 0.004167
8 0.491406 0.706250 0.001563 0.006944
5 0.487891 0.704167 0.003906 0.002778
8 0.492188 0.702083 0.003125 0.009722
5 0.488672 0.700694 0.005469 0.006944
8 0.492188 0.715972 0.003125 0.015278
5 0.488672 0.709028 0.005469 0.004167
8 0.489453 0.728472 0.007031 0.029167
5 0.487891 0.717361 0.003906 0.009722
8 0.770312 0.690972 0.009375 0.018056
5 0.783594 0.683333 0.032813 0.005556
8 0.766797 0.684028 0.013281 0.012500
5 0.775391 0.679167 0.028906 0.005556
8 0.792188 0.693750 0.037500 0.018056
5 0.793359 0.688194 0.036719 0.006944
8 0.801172 0.696528 0.041406 0.012500
5 0.800391 0.692361 0.038281 0.006944
8 0.722266 0.689583 0.007031 0.023611
5 0.737109 0.678472 0.033594 0.004167
8 0.728516 0.693750 0.007031 0.018056
5 0.742578 0.682639 0.035156 0.004167
8 0.749219 0.697222 0.034375 0.025000
5 0.750000 0.686111 0.035937 0.002778
8 0.756250 0.702083 0.040625 0.023611
5 0.755859 0.692361 0.036719 0.006944
8 0.828516 0.727083 0.038281 0.029167
5 0.825391 0.716667 0.028906 0.011111
8 0.866797 0.731250 0.038281 0.029167
5 0.865234 0.716667 0.035156 0.011111
8 0.796094 0.729167 0.037500 0.033333
5 0.795312 0.716667 0.032813 0.011111
8 0.758984 0.729167 0.035156 0.033333
5 0.758594 0.716667 0.031250 0.011111
8 0.809766 0.712500 0.041406 0.027778
5 0.811328 0.701389 0.041406 0.008333
8 0.819922 0.715972 0.039844 0.023611
5 0.820703 0.706944 0.038281 0.008333
8 0.784766 0.720139 0.033594 0.031944
5 0.785156 0.706944 0.031250 0.008333
8 0.750391 0.720139 0.033594 0.031944
5 0.750781 0.707639 0.028125 0.009722
8 0.912109 0.768056 0.047656 0.016667
5 0.900391 0.757639 0.047656 0.012500
8 0.884766 0.758333 0.046094 0.027778
5 0.887109 0.747222 0.046094 0.008333
8 0.962109 0.810417 0.072656 0.045833
5 0.960938 0.793750 0.065625 0.015278
8 0.943359 0.797917 0.069531 0.043056
5 0.942969 0.781944 0.062500 0.013889
8 0.883984 0.809722 0.069531 0.047222
5 0.883203 0.793056 0.063281 0.016667
8 0.869141 0.797222 0.066406 0.044444
5 0.868359 0.781250 0.060156 0.015278
0 0.711328 0.713194 0.063281 0.165278
0 0.680469 0.678472 0.043750 0.140278
0 0.728906 0.894444 0.145313 0.208333
0 0.536328 0.636111 0.028906 0.097222
0 0.017578 0.859722 0.025781 0.277778
1 0.164844 0.646528 0.059375 0.073611
1 0.156641 0.650000 0.061719 0.075000
1 0.107813 0.646528 0.057813 0.073611
1 0.103516 0.650000 0.049219 0.075000
1 0.048828 0.647917 0.063281 0.073611
1 0.019922 0.674306 0.022656 0.020833
1 0.018750 0.688194 0.025000 0.070833
1 0.015625 0.688194 0.020313 0.070833
1 0.365234 0.981944 0.267969 0.033333
1 0.965625 0.657639 0.053125 0.081944
2 0.950000 0.665278 0.017188 0.019444
2 0.965234 0.656944 0.011719 0.000000
2 0.956250 0.631944 0.029687 0.013889
2 0.973437 0.640278 0.031250 0.025000
2 0.968359 0.672222 0.042969 0.027778
2 0.954297 0.633333 0.014844 0.013889
2 0.971094 0.626389 0.012500 0.000000
2 0.961328 0.639583 0.017969 0.023611
2 0.976953 0.627778 0.011719 0.000000
1 0.995703 0.668056 0.007031 0.083333
2 0.996875 0.683333 0.004687 0.025000
2 0.996875 0.648611 0.004687 0.025000
1 0.881250 0.625694 0.045312 0.018056
2 0.859766 0.657639 0.002344 0.001389
2 0.872266 0.625694 0.027344 0.001389
2 0.886328 0.632639 0.030469 0.006944
2 0.884766 0.670139 0.032031 0.004167
2 0.868359 0.627083 0.010156 0.001389
2 0.884375 0.626389 0.010937 0.000000
2 0.874609 0.631250 0.016406 0.006944
2 0.889844 0.627778 0.012500 0.000000
1 0.927344 0.672917 0.056250 0.093056
2 0.903906 0.673611 0.004687 0.002778
2 0.911719 0.637500 0.020313 0.002778
2 0.935937 0.654167 0.032813 0.027778
2 0.930078 0.688194 0.046094 0.031944
2 0.914453 0.638889 0.014844 0.002778
2 0.920703 0.638889 0.002344 0.000000
2 0.938281 0.638889 0.009375 0.000000
1 0.844531 0.658333 0.046875 0.083333
2 0.830078 0.668056 0.013281 0.022222
2 0.849219 0.656944 0.004687 0.000000
2 0.837500 0.636111 0.028125 0.022222
2 0.850391 0.640972 0.030469 0.023611
2 0.846875 0.672222 0.039062 0.027778
2 0.832812 0.637500 0.010937 0.022222
2 0.839453 0.639583 0.016406 0.023611
2 0.854297 0.627778 0.011719 0.000000
1 0.885547 0.672222 0.049219 0.091667
2 0.869531 0.684028 0.012500 0.026389
2 0.878906 0.649306 0.031250 0.026389
2 0.894531 0.654167 0.031250 0.027778
2 0.889453 0.688194 0.041406 0.031944
2 0.875391 0.650694 0.013281 0.026389
2 0.881250 0.652083 0.015625 0.026389
2 0.896875 0.638889 0.014063 0.000000
2 0.855859 0.772222 0.064844 0.050000
2 0.800781 0.774306 0.062500 0.054167
2 0.706250 0.675000 0.023438 0.022222
2 0.735156 0.670139 0.032813 0.023611
2 0.701562 0.651389 0.032813 0.022222
2 0.735156 0.648611 0.032813 0.027778
2 0.701562 0.623611 0.032813 0.025000
2 0.734375 0.624306 0.034375 0.026389
5 0.387109 0.742361 0.049219 0.015278
5 0.387109 0.752083 0.049219 0.015278
5 0.387109 0.759722 0.049219 0.016667
5 0.387109 0.769444 0.049219 0.016667
5 0.387109 0.788194 0.049219 0.018056
5 0.387109 0.779167 0.049219 0.016667
5 0.387109 0.806250 0.049219 0.018056
5 0.387109 0.796528 0.049219 0.018056
5 0.448437 0.759722 0.046875 0.016667
5 0.448437 0.770833 0.046875 0.013889
5 0.448437 0.788194 0.046875 0.018056
5 0.448437 0.780556 0.046875 0.013889
5 0.448437 0.806250 0.046875 0.018056
5 0.448437 0.796528 0.046875 0.018056
5 0.021484 0.733333 0.019531 0.011111
5 0.028516 0.735417 0.005469 0.001389
5 0.448437 0.752778 0.046875 0.013889
5 0.448437 0.742361 0.046875 0.015278
5 0.517969 0.759722 0.046875 0.016667
5 0.517969 0.770833 0.046875 0.013889
5 0.517969 0.788194 0.046875 0.018056
5 0.517969 0.780556 0.046875 0.013889
5 0.517969 0.805556 0.046875 0.016667
5 0.517969 0.796528 0.046875 0.018056
5 0.094141 0.733333 0.032031 0.011111
5 0.094531 0.740278 0.032813 0.011111
5 0.517969 0.752778 0.046875 0.013889
5 0.517969 0.743750 0.046875 0.012500
5 0.517969 0.688889 0.046875 0.013889
5 0.517969 0.698611 0.046875 0.013889
5 0.517969 0.716667 0.046875 0.013889
5 0.517969 0.706944 0.046875 0.013889
5 0.517969 0.734722 0.046875 0.013889
5 0.517969 0.725694 0.046875 0.012500
5 0.094141 0.727083 0.032031 0.009722
5 0.094531 0.719444 0.032813 0.011111
5 0.517969 0.680556 0.046875 0.013889
5 0.517969 0.670833 0.046875 0.013889