3 0.669531 0.922917 0.659375 0.151389
6 0.719531 0.935417 0.175000 0.126389
8 0.805469 0.954861 0.043750 0.054167
5 0.802344 0.932639 0.042188 0.023611
8 0.712109 0.947917 0.019531 0.040278
5 0.714453 0.924306 0.014844 0.015278
8 0.849219 0.959722 0.065625 0.063889
5 0.849609 0.938889 0.058594 0.025000
8 0.913672 0.966667 0.066406 0.063889
5 0.914453 0.946528 0.058594 0.026389
8 0.696875 0.970833 0.050000 0.052778
5 0.698828 0.943750 0.046094 0.026389
8 0.790234 0.964583 0.016406 0.026389
5 0.787891 0.951389 0.025781 0.022222
8 0.826172 0.971528 0.071094 0.054167
5 0.826953 0.958333 0.063281 0.030556
8 0.894922 0.975694 0.071094 0.045833
5 0.895703 0.966667 0.063281 0.030556
0 0.279297 0.892361 0.130469 0.212500
1 0.813281 0.820833 0.081250 0.116667
2 0.782422 0.779167 0.016406 0.011111
2 0.836328 0.794444 0.025781 0.036111
2 0.823828 0.840278 0.052344 0.038889
2 0.795703 0.781250 0.022656 0.009722
2 0.801562 0.775694 0.020313 0.001389
2 0.813672 0.786806 0.019531 0.018056
2 0.818750 0.775694 0.020313 0.001389
1 0.935937 0.779861 0.007812 0.023611
2 0.943750 0.786806 0.015625 0.012500
2 0.975391 0.788889 0.007031 0.008333
2 0.976172 0.782639 0.008594 0.001389
2 0.989062 0.789583 0.020313 0.009722
2 0.990234 0.783333 0.017969 0.000000
1 0.808594 0.837500 0.039062 0.127778
2 0.808203 0.807639 0.028906 0.040278
2 0.803516 0.856944 0.041406 0.044444
2 0.775000 0.787500 0.001563 0.000000
2 0.776953 0.786111 0.005469 0.000000
2 0.784375 0.806250 0.021875 0.037500
2 0.791406 0.786806 0.021875 0.001389
1 0.916406 0.792361 0.009375 0.029167
2 0.930078 0.800000 0.027344 0.016667
2 0.993359 0.803472 0.011719 0.015278
2 0.945703 0.802083 0.011719 0.012500
2 0.947266 0.793750 0.008594 0.001389
2 0.980469 0.804167 0.015625 0.013889
2 0.980859 0.795833 0.017969 0.002778
1 0.738672 0.851389 0.110156 0.138889
2 0.703906 0.799306 0.032813 0.006944
2 0.780859 0.823611 0.014844 0.044444
2 0.782031 0.878472 0.015625 0.045833
2 0.715234 0.801389 0.011719 0.002778
2 0.719922 0.798611 0.002344 0.000000
1 0.942578 0.865278 0.113281 0.147222
2 0.914062 0.876389 0.000000 0.000000
2 0.906250 0.811111 0.031250 0.008333
2 0.985156 0.836806 0.025000 0.051389
2 0.996484 0.900694 0.003906 0.048611
2 0.930469 0.813194 0.028125 0.004167
2 0.934375 0.809722 0.026562 0.002778
2 0.947266 0.814583 0.008594 0.004167
2 0.960547 0.811111 0.027344 0.002778
1 0.721094 0.855556 0.114062 0.136111
2 0.681250 0.884722 0.028125 0.047222
2 0.689063 0.860417 0.025000 0.004167
2 0.683984 0.826389 0.035156 0.047222
2 0.706250 0.886111 0.031250 0.050000
2 0.704297 0.829167 0.028906 0.044444
2 0.709375 0.805556 0.023438 0.002778
2 0.716797 0.830556 0.008594 0.044444
2 0.720703 0.806944 0.000781 0.000000
1 0.936328 0.881944 0.125781 0.169444
2 0.894531 0.904167 0.029687 0.052778
2 0.899609 0.877778 0.027344 0.005556
2 0.895312 0.840278 0.032813 0.052778
2 0.983594 0.845833 0.021875 0.052778
2 0.951953 0.907639 0.088281 0.062500
2 0.920312 0.843056 0.029687 0.050000
2 0.925391 0.817361 0.027344 0.004167
2 0.942969 0.843750 0.018750 0.048611
2 0.944922 0.818056 0.013281 0.002778
2 0.397656 0.931250 0.075000 0.070833
2 0.417578 0.891667 0.035156 0.013889
2 0.488281 0.946528 0.104688 0.065278
2 0.556641 0.931250 0.030469 0.062500
2 0.488281 0.892361 0.104688 0.062500
2 0.556641 0.880556 0.030469 0.058333
2 0.488281 0.836806 0.104688 0.065278
2 0.522266 0.827778 0.099219 0.061111