3 0.919531 0.943056 0.159375 0.111111
1 0.936328 0.811111 0.125781 0.266667
2 0.983203 0.803472 0.032031 0.004167
2 0.997266 0.705556 0.003906 0.000000
2 0.931641 0.746528 0.100781 0.079167
2 0.941016 0.850000 0.116406 0.094444
2 0.965234 0.705556 0.058594 0.000000
2 0.996875 0.705556 0.001563 0.000000
2 0.922656 0.705556 0.025000 0.000000
2 0.990234 0.745833 0.017969 0.077778
1 0.990234 0.740972 0.007031 0.118056
2 0.996094 0.704167 0.006250 0.000000
2 0.997266 0.800000 0.003906 0.002778
1 0.903906 0.801389 0.132812 0.244444
2 0.908203 0.795833 0.041406 0.002778
2 0.931641 0.799306 0.039844 0.006944
2 0.920312 0.704167 0.079687 0.000000
2 0.860156 0.742361 0.045312 0.073611
2 0.888672 0.837500 0.099219 0.086111
2 0.852344 0.704167 0.000000 0.000000
2 0.920312 0.705556 0.015625 0.000000
2 0.896094 0.705556 0.031250 0.000000
2 0.871094 0.793750 0.006250 0.001389
2 0.982812 0.800694 0.023438 0.001389
2 0.893750 0.694444 0.054688 0.019444
2 0.960156 0.694444 0.078125 0.019444