3 0.499609 0.858333 0.999219 0.280556
4 0.180078 0.704861 0.000781 0.051389
4 0.060547 0.680556 0.011719 0.002778
4 0.025000 0.692361 0.001563 0.023611
8 0.016016 0.723611 0.032031 0.027778
6 0.455078 0.700694 0.017969 0.062500
6 0.448437 0.643056 0.046875 0.063889
6 0.455859 0.695139 0.016406 0.045833
6 0.312891 0.702778 0.058594 0.075000
6 0.292578 0.703472 0.017969 0.079167
7 0.035156 0.749306 0.070312 0.023611
7 0.357031 0.779167 0.120313 0.033333
7 0.417187 0.770833 0.093750 0.030556
7 0.129297 0.809028 0.160156 0.045833
7 0.244141 0.793056 0.136719 0.036111
7 0.061719 0.731944 0.042188 0.011111
7 0.194531 0.731250 0.053125 0.012500
7 0.005859 0.711111 0.011719 0.000000
8 0.185547 0.726389 0.039844 0.027778
5 0.180078 0.709028 0.028906 0.001389
8 0.149219 0.727778 0.034375 0.022222
5 0.133594 0.709028 0.001563 0.001389
8 0.316797 0.734722 0.016406 0.002778
8 0.326172 0.726389 0.036719 0.016667
5 0.346875 0.704167 0.007812 0.000000
5 0.351562 0.704167 0.000000 0.000000
8 0.343750 0.716667 0.001563 0.000000
8 0.337109 0.725000 0.024219 0.025000
5 0.346094 0.708333 0.006250 0.005556
8 0.834766 0.720833 0.028906 0.027778
5 0.823438 0.706944 0.045312 0.005556
8 0.833984 0.720139 0.044531 0.029167
5 0.850000 0.706944 0.006250 0.005556
8 0.832422 0.722222 0.024219 0.030556
5 0.829297 0.708333 0.024219 0.005556
8 0.811719 0.722917 0.050000 0.031944
5 0.809766 0.709028 0.046094 0.006944
8 0.764844 0.729167 0.000000 0.000000
5 0.796094 0.704167 0.007812 0.000000
8 0.770703 0.731944 0.039844 0.002778
5 0.782813 0.704167 0.017188 0.000000
8 0.764062 0.728472 0.031250 0.015278
5 0.764062 0.704861 0.031250 0.001389
8 0.757812 0.723611 0.042188 0.022222
5 0.754297 0.706250 0.042969 0.001389
8 0.752344 0.728472 0.037500 0.037500
5 0.750391 0.712500 0.035156 0.008333
8 0.794141 0.729861 0.052344 0.037500
5 0.793750 0.712500 0.046875 0.008333
8 0.786719 0.726389 0.054688 0.027778
5 0.787109 0.709722 0.047656 0.005556
8 0.779297 0.729167 0.057031 0.027778
5 0.778125 0.710417 0.053125 0.006944
8 0.733984 0.736111 0.000781 0.011111
5 0.736328 0.706944 0.007031 0.000000
8 0.730078 0.725694 0.002344 0.020833
8 0.455469 0.738194 0.017188 0.034722
5 0.457031 0.722222 0.014063 0.011111
0 0.386719 0.653472 0.120313 0.212500
0 0.576172 0.603472 0.057031 0.045833
0 0.593359 0.618750 0.036719 0.012500
1 0.289844 0.659722 0.004687 0.019444
1 0.234375 0.689583 0.039062 0.051389
1 0.206641 0.683333 0.030469 0.030556
1 0.194531 0.684028 0.054688 0.068056
1 0.169531 0.679167 0.051562 0.055556
1 0.145703 0.678472 0.042969 0.056944
1 0.107813 0.667361 0.045312 0.029167
1 0.040625 0.677778 0.075000 0.077778
1 0.025000 0.677083 0.050000 0.076389
1 0.960156 0.621528 0.001563 0.001389
1 0.916406 0.682639 0.004687 0.104167
1 0.925000 0.681250 0.046875 0.120833
2 0.910547 0.653472 0.013281 0.034722
2 0.911719 0.702778 0.014063 0.036111
2 0.913281 0.670833 0.007812 0.000000
2 0.959375 0.771528 0.079687 0.104167
2 0.958203 0.673611 0.082031 0.100000
2 0.716016 0.677083 0.024219 0.076389
2 0.660547 0.675000 0.032031 0.088889
2 0.660937 0.762500 0.032813 0.088889
2 0.716797 0.752083 0.024219 0.076389
2 0.690234 0.675694 0.027344 0.081944
2 0.553906 0.673611 0.179688 0.097222
2 0.554297 0.768750 0.180469 0.101389
2 0.691016 0.757639 0.027344 0.081944
2 0.855859 0.713194 0.008594 0.029167
2 0.785547 0.700694 0.041406 0.004167
2 0.829297 0.713889 0.044531 0.030556
2 0.785547 0.682639 0.041406 0.029167
2 0.828516 0.682639 0.044531 0.029167
2 0.784766 0.652778 0.041406 0.030556
2 0.828125 0.652778 0.043750 0.030556
5 0.065234 0.676389 0.060156 0.008333
5 0.065234 0.687500 0.060156 0.008333
5 0.064844 0.695833 0.060937 0.008333
5 0.069141 0.706250 0.069531 0.009722
5 0.064453 0.727083 0.060156 0.009722
5 0.064453 0.715972 0.060156 0.009722
5 0.078125 0.746528 0.031250 0.009722
5 0.064062 0.736806 0.060937 0.009722
5 0.119922 0.695833 0.069531 0.008333
5 0.119141 0.706250 0.069531 0.009722
5 0.119141 0.727778 0.069531 0.011111
5 0.119141 0.717361 0.069531 0.009722
5 0.118750 0.747222 0.070312 0.011111
5 0.119141 0.737500 0.069531 0.011111
5 0.010547 0.720139 0.021094 0.006944
5 0.007031 0.725000 0.014063 0.002778
5 0.119922 0.686806 0.069531 0.009722
5 0.119922 0.676389 0.069531 0.008333
5 0.180078 0.696528 0.072656 0.009722
5 0.180078 0.707639 0.072656 0.009722
5 0.179688 0.729167 0.073438 0.011111
5 0.179688 0.718056 0.073438 0.011111
5 0.179297 0.750000 0.072656 0.011111
5 0.179297 0.738889 0.072656 0.011111
5 0.035937 0.720833 0.042188 0.005556
5 0.028906 0.727778 0.029687 0.005556
5 0.180078 0.686806 0.072656 0.009722
5 0.180078 0.675694 0.072656 0.009722
5 0.181250 0.613889 0.071875 0.011111
5 0.180859 0.625000 0.072656 0.011111
5 0.180859 0.646528 0.072656 0.009722
5 0.180859 0.636111 0.072656 0.011111
5 0.180469 0.665972 0.073438 0.009722
5 0.180859 0.656250 0.072656 0.009722
5 0.029297 0.715278 0.028906 0.005556
5 0.035547 0.708333 0.041406 0.005556
5 0.181641 0.604167 0.072656 0.011111
5 0.181641 0.593750 0.072656 0.012500