3 0.499609 0.822917 0.999219 0.351389
4 0.446484 0.756250 0.007031 0.056944
4 0.473828 0.794444 0.028906 0.066667
4 0.507031 0.820833 0.009375 0.069444
4 0.521094 0.845833 0.034375 0.077778
4 0.562500 0.880556 0.009375 0.080556
4 0.582031 0.913194 0.037500 0.090278
4 0.640234 0.949306 0.003906 0.068056
4 0.678906 0.969444 0.026562 0.058333
4 0.080078 0.786806 0.010156 0.062500
4 0.073828 0.840972 0.014844 0.081944
4 0.066016 0.865972 0.010156 0.076389
4 0.060937 0.907639 0.018750 0.098611
4 0.050391 0.942361 0.013281 0.093056
4 0.046484 0.970139 0.017969 0.056944
4 0.027734 0.997222 0.003906 0.002778
8 0.612891 0.905556 0.061719 0.069444
8 0.943750 0.759722 0.023438 0.030556
5 0.358203 0.665278 0.041406 0.011111
5 0.358203 0.665278 0.041406 0.011111
5 0.358203 0.665278 0.041406 0.011111
5 0.358203 0.656250 0.041406 0.012500
5 0.358203 0.656250 0.041406 0.012500
5 0.358203 0.656250 0.041406 0.012500
5 0.358203 0.672917 0.041406 0.009722
5 0.358203 0.672917 0.041406 0.009722
5 0.358203 0.672917 0.041406 0.009722
5 0.412500 0.669444 0.040625 0.011111
5 0.412500 0.669444 0.040625 0.011111
5 0.412500 0.669444 0.040625 0.011111
5 0.412500 0.661806 0.040625 0.009722
5 0.412500 0.661806 0.040625 0.009722
5 0.412500 0.661806 0.040625 0.009722
5 0.412500 0.654167 0.040625 0.011111
5 0.412500 0.654167 0.040625 0.011111
5 0.412500 0.654167 0.040625 0.011111
5 0.412500 0.645139 0.040625 0.012500
5 0.412500 0.645139 0.040625 0.012500
5 0.412500 0.645139 0.040625 0.012500
6 0.509375 0.705556 0.039062 0.061111
6 0.483594 0.686806 0.034375 0.062500
6 0.510547 0.652083 0.041406 0.065278
6 0.495312 0.695139 0.034375 0.065278
6 0.550391 0.759028 0.049219 0.081944
6 0.594922 0.774306 0.064844 0.079167
7 0.737891 0.923611 0.071094 0.033333
7 0.782813 0.961111 0.078125 0.038889
7 0.475391 0.963194 0.053906 0.051389
7 0.405859 0.852083 0.039844 0.034722
7 0.072266 0.829861 0.050781 0.023611
7 0.388281 0.747222 0.048438 0.016667
7 0.432422 0.802778 0.057031 0.022222
6 0.005078 0.976389 0.010156 0.044444
6 0.005078 0.913194 0.010156 0.145833
6 0.023438 0.802778 0.046875 0.119444
6 0.023828 0.891667 0.047656 0.125000
8 0.774219 0.972917 0.085938 0.051389
5 0.775000 0.969444 0.076563 0.047222
8 0.714844 0.977778 0.084375 0.041667
5 0.716016 0.977083 0.075781 0.043056
5 0.593359 0.811111 0.017969 0.008333
8 0.546875 0.843750 0.040625 0.048611
5 0.548438 0.825694 0.037500 0.026389
8 0.494922 0.766667 0.050781 0.038889
5 0.491797 0.754861 0.041406 0.015278
8 0.484766 0.757639 0.049219 0.034722
5 0.481641 0.743750 0.038281 0.012500
8 0.474609 0.747222 0.047656 0.036111
5 0.473828 0.735417 0.042969 0.012500
8 0.465625 0.738194 0.045312 0.034722
5 0.465234 0.726389 0.041406 0.011111
8 0.505469 0.743750 0.010937 0.029167
5 0.522656 0.731944 0.029687 0.013889
8 0.513672 0.727778 0.046094 0.019444
5 0.513281 0.722917 0.042188 0.012500
8 0.517969 0.754167 0.014063 0.033333
5 0.522656 0.740972 0.004687 0.012500
8 0.523438 0.756944 0.003125 0.019444
5 0.524219 0.748611 0.001563 0.005556
8 0.762891 0.680556 0.003906 0.002778
5 0.773828 0.676389 0.032031 0.008333
8 0.761719 0.672222 0.031250 0.002778
5 0.760547 0.670833 0.028906 0.008333
8 0.788281 0.693750 0.037500 0.023611
5 0.784375 0.682639 0.029687 0.009722
8 0.802344 0.697222 0.043750 0.022222
5 0.801953 0.688194 0.039844 0.009722
8 0.705078 0.683333 0.003906 0.016667
5 0.716797 0.672222 0.027344 0.008333
5 0.733594 0.677778 0.025000 0.005556
8 0.769531 0.684722 0.000000 0.000000
5 0.755469 0.681944 0.018750 0.005556
8 0.777344 0.700000 0.015625 0.016667
5 0.771094 0.690972 0.023438 0.009722
8 0.868750 0.730556 0.035937 0.025000
5 0.869922 0.722917 0.033594 0.015278
8 0.883203 0.721528 0.002344 0.012500
5 0.885547 0.716667 0.002344 0.005556
8 0.841797 0.732639 0.035156 0.026389
5 0.843750 0.725000 0.034375 0.013889
8 0.814063 0.739583 0.043750 0.034722
5 0.814063 0.727083 0.040625 0.015278
8 0.829688 0.708333 0.046875 0.019444
5 0.829688 0.701389 0.042188 0.011111
8 0.849609 0.721528 0.046094 0.029167
5 0.850391 0.708333 0.042969 0.011111
8 0.821875 0.725000 0.043750 0.033333
5 0.819531 0.713889 0.035937 0.013889
8 0.791797 0.729861 0.039844 0.029167
5 0.789844 0.715278 0.037500 0.013889
5 0.996875 0.772222 0.004687 0.002778
8 0.963281 0.765278 0.006250 0.008333
5 0.981250 0.763889 0.035937 0.013889
0 0.888672 0.766667 0.110156 0.197222
0 0.754687 0.695833 0.067187 0.150000
0 0.502344 0.635417 0.040625 0.106944
0 0.608594 0.973611 0.120313 0.050000
1 0.068750 0.992361 0.003125 0.012500
1 0.125000 0.985417 0.093750 0.026389
1 0.084375 0.664583 0.065625 0.090278
1 0.083203 0.671528 0.066406 0.093056
1 0.022656 0.661806 0.045312 0.076389
1 0.021875 0.672917 0.043750 0.079167
1 0.024219 0.741667 0.048438 0.125000
1 0.014844 0.819444 0.029687 0.169444
1 0.969531 0.629167 0.057813 0.069444
2 0.946094 0.643056 0.007812 0.022222
2 0.955859 0.613889 0.025781 0.022222
2 0.982031 0.615972 0.028125 0.018056
2 0.957812 0.653472 0.009375 0.001389
2 0.958203 0.612500 0.014844 0.016667
2 0.969141 0.604167 0.011719 0.000000
2 0.967578 0.613194 0.016406 0.015278
2 0.976172 0.606250 0.011719 0.001389
1 0.905469 0.631944 0.057813 0.066667
2 0.883594 0.615278 0.009375 0.019444
2 0.887500 0.616667 0.001563 0.016667
1 0.974609 0.657639 0.049219 0.090278
2 0.962109 0.667361 0.017969 0.026389
2 0.969922 0.654861 0.007031 0.001389
2 0.967969 0.634028 0.029687 0.026389
2 0.990625 0.640972 0.017188 0.026389
2 0.980859 0.672917 0.036719 0.031944
2 0.971875 0.636806 0.018750 0.026389
2 0.982422 0.624306 0.013281 0.001389
2 0.980859 0.638889 0.017969 0.025000
2 0.993359 0.625694 0.011719 0.001389
1 0.834766 0.641667 0.055469 0.083333
2 0.826172 0.610417 0.021094 0.004167
2 0.845703 0.626389 0.028906 0.025000
2 0.836328 0.656944 0.036719 0.027778
2 0.823828 0.612500 0.014844 0.002778
2 0.835938 0.611111 0.012500 0.000000
2 0.830469 0.614583 0.014063 0.004167
2 0.841797 0.613194 0.013281 0.001389
1 0.907813 0.662500 0.064062 0.088889
2 0.883203 0.627778 0.010156 0.002778
2 0.923828 0.645833 0.027344 0.025000
2 0.923828 0.679167 0.027344 0.027778
2 0.887500 0.629861 0.001563 0.001389
2 0.910547 0.628472 0.000781 0.001389
2 0.910547 0.631944 0.000781 0.000000
2 0.910547 0.630556 0.000781 0.000000
1 0.805469 0.643750 0.054688 0.081944
2 0.787109 0.653472 0.013281 0.023611
2 0.794141 0.622222 0.027344 0.025000
2 0.818750 0.627778 0.023438 0.025000
2 0.808984 0.657639 0.042969 0.029167
2 0.793359 0.624306 0.011719 0.023611
2 0.807422 0.612500 0.000781 0.000000
2 0.800781 0.626389 0.014063 0.022222
2 0.814453 0.614583 0.014844 0.001389
1 0.866406 0.665278 0.043750 0.094444
2 0.855469 0.674306 0.017188 0.026389
2 0.861328 0.640278 0.028906 0.027778
2 0.880469 0.647917 0.015625 0.026389
2 0.871875 0.680556 0.032813 0.033333
2 0.863281 0.643750 0.015625 0.026389
2 0.878516 0.629861 0.014844 0.001389
2 0.872266 0.645833 0.016406 0.027778
2 0.882812 0.631944 0.010937 0.000000
2 0.973047 0.798611 0.052344 0.061111
2 0.956641 0.803472 0.050781 0.062500
2 0.630469 0.654167 0.015625 0.030556
2 0.659375 0.662500 0.040625 0.030556
2 0.693750 0.662500 0.026562 0.025000
2 0.659375 0.637500 0.040625 0.030556
2 0.693750 0.638194 0.026562 0.026389
2 0.659375 0.613194 0.040625 0.029167
2 0.687891 0.611806 0.038281 0.029167
5 0.592578 0.819444 0.063281 0.027778
5 0.592578 0.831944 0.063281 0.025000
5 0.592578 0.840972 0.063281 0.023611
5 0.592578 0.851389 0.063281 0.025000
5 0.592578 0.872222 0.063281 0.025000
5 0.592578 0.861111 0.063281 0.025000
5 0.592578 0.890972 0.063281 0.026389
5 0.591406 0.880556 0.060937 0.025000
5 0.006641 0.811806 0.011719 0.012500
5 0.008203 0.818750 0.011719 0.012500
5 0.655078 0.834028 0.061719 0.023611
5 0.655469 0.843750 0.060937 0.023611
5 0.655469 0.863889 0.060937 0.025000
5 0.655469 0.854167 0.060937 0.025000
5 0.655859 0.882639 0.060156 0.026389
5 0.655469 0.872917 0.060937 0.023611
5 0.048438 0.810417 0.048438 0.023611
5 0.050000 0.816667 0.048438 0.016667
5 0.654297 0.824306 0.063281 0.023611
5 0.654297 0.813194 0.063281 0.026389
5 0.720313 0.826389 0.064062 0.022222
5 0.720313 0.835417 0.064062 0.020833
5 0.720313 0.854861 0.064062 0.023611
5 0.720313 0.845139 0.064062 0.023611
5 0.720313 0.873611 0.064062 0.022222
5 0.720313 0.863889 0.064062 0.022222
5 0.115234 0.805556 0.044531 0.019444
5 0.116797 0.812500 0.044531 0.022222
5 0.720313 0.817361 0.064062 0.020833
5 0.720703 0.808333 0.063281 0.019444
5 0.721094 0.750694 0.064062 0.018056
5 0.721094 0.761111 0.064062 0.019444
5 0.720703 0.780556 0.063281 0.019444
5 0.721094 0.770833 0.064062 0.019444
5 0.720703 0.798611 0.063281 0.019444
5 0.720703 0.788889 0.063281 0.019444
5 0.115234 0.797917 0.044531 0.020833
5 0.116797 0.789583 0.044531 0.020833
5 0.721094 0.742361 0.064062 0.018056
5 0.721094 0.730556 0.064062 0.022222