3 0.551172 0.848611 0.774219 0.300000
8 0.174219 0.706944 0.018750 0.016667
6 0.185547 0.672222 0.019531 0.022222
6 0.174609 0.654167 0.017969 0.033333
6 0.174219 0.678472 0.018750 0.034722
5 0.720313 0.755556 0.004687 0.002778
5 0.720313 0.755556 0.004687 0.002778
5 0.720313 0.755556 0.004687 0.002778
5 0.790625 0.801389 0.039062 0.022222
5 0.790625 0.801389 0.039062 0.022222
5 0.790625 0.801389 0.039062 0.022222
5 0.786328 0.788889 0.046094 0.022222
5 0.786328 0.788889 0.046094 0.022222
5 0.786328 0.788889 0.046094 0.022222
5 0.786328 0.777778 0.046094 0.019444
5 0.786328 0.777778 0.046094 0.019444
5 0.786328 0.777778 0.046094 0.019444
5 0.786328 0.762500 0.046094 0.022222
5 0.786328 0.762500 0.046094 0.022222
5 0.786328 0.762500 0.046094 0.022222
6 0.379297 0.803472 0.072656 0.095833
6 0.502734 0.793750 0.071094 0.093056
6 0.379688 0.720833 0.071875 0.091667
6 0.442969 0.797917 0.071875 0.095833
7 0.289453 0.805556 0.013281 0.022222
7 0.367969 0.714583 0.020313 0.006944
7 0.406250 0.715278 0.021875 0.008333
7 0.276172 0.720139 0.019531 0.009722
7 0.308984 0.718750 0.007031 0.009722
8 0.192188 0.815278 0.043750 0.036111
5 0.191797 0.803472 0.038281 0.012500
8 0.237500 0.807639 0.045312 0.026389
5 0.236719 0.798611 0.039062 0.011111
8 0.287891 0.814583 0.046094 0.045833
5 0.286719 0.798611 0.040625 0.016667
8 0.263672 0.829861 0.010156 0.048611
5 0.246875 0.813194 0.035937 0.018056
8 0.297656 0.827778 0.048438 0.050000
5 0.296875 0.810417 0.043750 0.018056
8 0.194141 0.820139 0.041406 0.023611
5 0.194922 0.816667 0.038281 0.019444
8 0.577734 0.968750 0.069531 0.059722
5 0.591016 0.959028 0.086719 0.045833
8 0.600781 0.942361 0.046875 0.070833
5 0.594141 0.916667 0.025781 0.030556
8 0.565625 0.952083 0.059375 0.087500
5 0.562500 0.925000 0.053125 0.038889
8 0.244531 0.984722 0.009375 0.027778
5 0.203516 0.984028 0.082031 0.029167
8 0.231250 0.973611 0.009375 0.050000
5 0.197656 0.960417 0.068750 0.029167
8 0.225000 0.936111 0.007812 0.022222
5 0.194141 0.936111 0.061719 0.027778
8 0.439844 0.974306 0.101562 0.048611
5 0.437891 0.971528 0.089844 0.048611
8 0.351562 0.979861 0.100000 0.037500
5 0.350000 0.978472 0.089063 0.040278
8 0.305469 0.968056 0.107813 0.061111
5 0.306641 0.955556 0.097656 0.038889
8 0.294531 0.956944 0.100000 0.083333
5 0.295312 0.929167 0.090625 0.030556
0 0.213672 0.814583 0.100781 0.265278
0 0.733594 0.749306 0.137500 0.184722
1 0.512500 0.704167 0.046875 0.083333
1 0.480078 0.708333 0.046094 0.091667
1 0.483594 0.701389 0.039062 0.086111
1 0.458594 0.702778 0.050000 0.086111
1 0.465625 0.690278 0.046875 0.069444
1 0.436328 0.696528 0.046094 0.081944
1 0.463281 0.681944 0.054688 0.066667
1 0.197266 0.713889 0.064844 0.091667
1 0.194531 0.709722 0.059375 0.088889
1 0.910156 0.980556 0.018750 0.036111
1 0.797266 0.918056 0.275781 0.161111
2 0.867969 0.935417 0.114062 0.126389
2 0.725391 0.943056 0.110156 0.111111
2 0.802344 0.886111 0.075000 0.016667
2 0.837500 0.944444 0.079687 0.108333
2 0.756250 0.890972 0.076563 0.018056
2 0.789062 0.947222 0.079687 0.102778
1 0.964063 0.898611 0.070312 0.200000
2 0.968359 0.872917 0.060156 0.095833
2 0.968750 0.963194 0.060937 0.070833
2 0.985156 0.826389 0.023438 0.008333
1 0.719531 0.906250 0.243750 0.184722
2 0.783984 0.861111 0.096094 0.033333
2 0.653516 0.917361 0.092969 0.120833
2 0.632812 0.987500 0.053125 0.022222
2 0.727734 0.855556 0.066406 0.013889
2 0.755078 0.871528 0.067969 0.023611
2 0.686328 0.859722 0.061719 0.013889
2 0.710547 0.875694 0.067969 0.023611
2 0.913672 0.897917 0.032031 0.070833
2 0.955859 0.905556 0.036719 0.058333
2 0.914844 0.836111 0.035937 0.066667
2 0.964844 0.844444 0.056250 0.061111
2 0.947656 0.771528 0.103125 0.073611
2 0.966016 0.784722 0.066406 0.077778