3 0.499609 0.893750 0.999219 0.209722
4 0.060937 0.761111 0.007812 0.002778
8 0.941406 0.827083 0.115625 0.043056
5 0.462500 0.779861 0.045312 0.009722
5 0.462500 0.779861 0.045312 0.009722
5 0.462500 0.779861 0.045312 0.009722
5 0.461328 0.768750 0.042969 0.009722
5 0.461328 0.768750 0.042969 0.009722
5 0.461328 0.768750 0.042969 0.009722
5 0.462500 0.789583 0.045312 0.009722
5 0.462500 0.789583 0.045312 0.009722
5 0.462500 0.789583 0.045312 0.009722
5 0.504687 0.793056 0.001563 0.005556
5 0.504687 0.793056 0.001563 0.005556
5 0.504687 0.793056 0.001563 0.005556
5 0.505469 0.781250 0.000000 0.009722
5 0.505469 0.781250 0.000000 0.009722
5 0.505469 0.781250 0.000000 0.009722
5 0.504687 0.770833 0.001563 0.005556
5 0.504687 0.770833 0.001563 0.005556
5 0.504687 0.770833 0.001563 0.005556
5 0.504297 0.759028 0.000781 0.009722
5 0.504297 0.759028 0.000781 0.009722
5 0.504297 0.759028 0.000781 0.009722
6 0.445703 0.778472 0.060156 0.090278
6 0.483984 0.773611 0.049219 0.080556
6 0.447266 0.695833 0.063281 0.088889
6 0.466016 0.775694 0.055469 0.084722
6 0.285938 0.791667 0.101562 0.119444
6 0.255859 0.799306 0.086719 0.134722
7 0.222266 0.811111 0.024219 0.013889
8 0.083203 0.852778 0.105469 0.066667
5 0.086719 0.822222 0.098437 0.013889
8 0.034375 0.847222 0.057813 0.052778
5 0.022656 0.820833 0.028125 0.005556
8 0.231641 0.818750 0.007031 0.037500
5 0.231641 0.795139 0.007031 0.009722
8 0.338672 0.818750 0.003906 0.020833
5 0.339453 0.786111 0.005469 0.002778
8 0.362500 0.804861 0.007812 0.040278
5 0.350391 0.784722 0.028906 0.002778
8 0.382812 0.811111 0.070312 0.044444
5 0.380469 0.790972 0.065625 0.009722
8 0.405469 0.806944 0.065625 0.041667
5 0.400391 0.788194 0.066406 0.009722
8 0.369531 0.813889 0.065625 0.047222
5 0.366797 0.793056 0.060156 0.011111
8 0.347266 0.818750 0.061719 0.048611
5 0.354687 0.796528 0.035937 0.012500
8 0.942578 0.789583 0.007031 0.009722
5 0.969922 0.786111 0.058594 0.008333
8 0.964844 0.788194 0.057813 0.012500
5 0.967187 0.781250 0.059375 0.001389
8 0.948047 0.790972 0.005469 0.009722
5 0.973437 0.786806 0.051562 0.006944
8 0.962891 0.800000 0.027344 0.022222
5 0.975391 0.788194 0.047656 0.004167
8 0.876953 0.784722 0.027344 0.008333
5 0.892969 0.779861 0.054688 0.001389
8 0.892578 0.792361 0.058594 0.018056
5 0.894141 0.785417 0.057031 0.009722
8 0.900391 0.794444 0.066406 0.019444
5 0.898828 0.788194 0.060156 0.009722
8 0.901953 0.799306 0.069531 0.023611
5 0.900781 0.790278 0.062500 0.011111
8 0.978906 0.809028 0.035937 0.015278
5 0.981641 0.806944 0.035156 0.016667
8 0.926562 0.809028 0.062500 0.015278
5 0.925781 0.806250 0.054688 0.015278
8 0.849219 0.824306 0.060937 0.048611
5 0.848437 0.804861 0.053125 0.015278
8 0.954297 0.804861 0.013281 0.023611
5 0.975000 0.796528 0.048438 0.009722
8 0.975781 0.806944 0.034375 0.019444
5 0.980469 0.797222 0.037500 0.005556
8 0.921875 0.802778 0.054688 0.013889
5 0.922656 0.800694 0.050000 0.015278
8 0.855078 0.818056 0.049219 0.044444
5 0.851172 0.798611 0.049219 0.011111
8 0.925000 0.931944 0.148438 0.127778
5 0.928125 0.883333 0.142187 0.041667
8 0.925781 0.908333 0.146875 0.108333
5 0.928516 0.867361 0.141406 0.034722
0 0.566797 0.731944 0.149219 0.422222
0 0.702344 0.729861 0.079687 0.251389
0 0.598437 0.683333 0.046875 0.058333
1 0.126953 0.747222 0.082031 0.086111
1 0.100000 0.747222 0.076563 0.097222
1 0.055859 0.745139 0.069531 0.090278
1 0.041016 0.747222 0.074219 0.097222
1 0.035547 0.744444 0.005469 0.086111
1 0.010156 0.743056 0.004687 0.086111
2 0.944531 0.875000 0.109375 0.116667
2 0.810937 0.872917 0.118750 0.118056
2 0.889453 0.772222 0.002344 0.011111
2 0.859766 0.781944 0.046094 0.025000
2 0.915625 0.776389 0.050000 0.016667
2 0.859375 0.750000 0.046875 0.038889
2 0.915234 0.750000 0.050781 0.038889
2 0.858594 0.709722 0.046875 0.038889
2 0.914062 0.709722 0.050000 0.038889
5 0.032031 0.800694 0.064062 0.020833
5 0.033984 0.820139 0.067969 0.023611
5 0.032031 0.860417 0.064062 0.026389
5 0.034375 0.840278 0.068750 0.025000
5 0.038281 0.898611 0.076563 0.030556
5 0.031250 0.877778 0.062500 0.030556
5 0.032813 0.782639 0.065625 0.020833
5 0.032813 0.762500 0.065625 0.019444
5 0.133984 0.802083 0.138281 0.023611
5 0.133594 0.823611 0.139063 0.025000
5 0.132812 0.864583 0.139063 0.029167
5 0.132812 0.843750 0.139063 0.029167
5 0.132031 0.904167 0.139063 0.033333
5 0.132422 0.882639 0.139844 0.031944
5 0.134375 0.784722 0.139063 0.022222
5 0.134766 0.763889 0.138281 0.019444
5 0.137109 0.645833 0.136719 0.025000
5 0.136719 0.665972 0.137500 0.023611
5 0.135937 0.706944 0.137500 0.019444
5 0.135937 0.686111 0.137500 0.022222
5 0.135156 0.745833 0.137500 0.019444
5 0.135547 0.725000 0.138281 0.019444
5 0.137500 0.627083 0.137500 0.023611
5 0.137891 0.606944 0.136719 0.027778