3 0.558984 0.957639 0.863281 0.081944
5 0.004297 0.988194 0.008594 0.020833
5 0.004297 0.988194 0.008594 0.020833
5 0.004297 0.988194 0.008594 0.020833
5 0.004687 0.965278 0.009375 0.022222
5 0.004687 0.965278 0.009375 0.022222
5 0.004687 0.965278 0.009375 0.022222
6 0.690625 0.965972 0.131250 0.065278
6 0.466797 0.960417 0.127344 0.076389
6 0.689063 0.869444 0.131250 0.166667
6 0.574609 0.962500 0.128906 0.072222
7 0.987500 0.931944 0.004687 0.016667
8 0.695703 0.957639 0.047656 0.037500
5 0.694531 0.938194 0.037500 0.001389
8 0.645703 0.954861 0.047656 0.034722
5 0.622656 0.932639 0.003125 0.001389
8 0.744531 0.956944 0.050000 0.044444
5 0.760938 0.938889 0.012500 0.011111
8 0.798438 0.960417 0.051562 0.045833
5 0.798047 0.939583 0.046094 0.012500
8 0.619531 0.965972 0.046875 0.040278
5 0.612500 0.942361 0.025000 0.015278
8 0.679297 0.968750 0.053906 0.040278
5 0.679688 0.945139 0.050000 0.015278
8 0.728125 0.965278 0.056250 0.047222
5 0.711719 0.946528 0.012500 0.015278
8 0.785937 0.969444 0.056250 0.050000
5 0.786328 0.949306 0.049219 0.015278
8 0.901563 0.965278 0.048438 0.050000
5 0.901953 0.946528 0.041406 0.015278
8 0.960547 0.967361 0.049219 0.051389
5 0.962891 0.946528 0.046094 0.012500
8 0.966016 0.974306 0.047656 0.048611
5 0.965625 0.954861 0.042188 0.015278
8 0.964844 0.977083 0.053125 0.043056
5 0.965234 0.962500 0.047656 0.016667
0 0.993359 0.950000 0.011719 0.097222
0 0.259375 0.884028 0.151562 0.229167
1 0.683594 0.870833 0.068750 0.083333
2 0.660156 0.839583 0.015625 0.001389
2 0.710547 0.854167 0.014844 0.030556
2 0.701562 0.895139 0.034375 0.031944
2 0.678125 0.839583 0.018750 0.001389
2 0.688281 0.838889 0.000000 0.000000
2 0.694141 0.840278 0.016406 0.000000
2 0.697266 0.838889 0.016406 0.000000
1 0.839453 0.881944 0.083594 0.105556
2 0.809766 0.840278 0.017969 0.000000
2 0.866016 0.856250 0.019531 0.031944
2 0.872266 0.899306 0.010156 0.031944
2 0.824609 0.840278 0.010156 0.000000
2 0.850781 0.840972 0.009375 0.001389
1 0.666016 0.870833 0.086719 0.083333
2 0.639453 0.840972 0.022656 0.001389
2 0.693359 0.857639 0.024219 0.031944
2 0.687891 0.898611 0.036719 0.027778
2 0.653516 0.841667 0.014844 0.000000
2 0.652344 0.840278 0.000000 0.000000
2 0.672656 0.842361 0.015625 0.001389
1 0.830078 0.887500 0.091406 0.116667
2 0.799219 0.894444 0.020313 0.000000
2 0.798047 0.842361 0.021094 0.001389
2 0.859375 0.859028 0.021875 0.034722
2 0.841016 0.906944 0.061719 0.036111
2 0.817578 0.842361 0.019531 0.001389
2 0.822266 0.841667 0.013281 0.000000
2 0.837891 0.843056 0.019531 0.000000
2 0.839453 0.841667 0.019531 0.000000
1 0.637109 0.890278 0.096094 0.119444
2 0.603516 0.893056 0.021094 0.000000
2 0.609375 0.891667 0.020313 0.000000
2 0.604297 0.843056 0.022656 0.000000
2 0.670703 0.861111 0.019531 0.036111
2 0.648047 0.901389 0.066406 0.019444
2 0.622266 0.843056 0.011719 0.000000
2 0.633203 0.843056 0.008594 0.000000
2 0.650000 0.843056 0.020313 0.000000
1 0.817578 0.895139 0.100781 0.129167
2 0.783203 0.896528 0.022656 0.001389
2 0.786328 0.895139 0.019531 0.001389
2 0.782031 0.844444 0.021875 0.000000
2 0.854297 0.863194 0.016406 0.037500
2 0.829297 0.913194 0.067969 0.037500
2 0.804688 0.844444 0.021875 0.000000
2 0.816406 0.844444 0.000000 0.000000
2 0.817187 0.844444 0.000000 0.000000
2 0.824219 0.844444 0.012500 0.000000
1 0.627734 0.890972 0.091406 0.120833
2 0.592187 0.915278 0.018750 0.038889
2 0.597266 0.894444 0.021094 0.000000
2 0.589844 0.863194 0.015625 0.037500
2 0.654297 0.863889 0.028906 0.038889
2 0.634766 0.914583 0.071094 0.040278
2 0.609375 0.863194 0.023438 0.037500
2 0.629687 0.863889 0.021875 0.038889
1 0.811719 0.898611 0.106250 0.136111
2 0.776172 0.919444 0.024219 0.038889
2 0.779297 0.899306 0.022656 0.001389
2 0.774219 0.865972 0.023438 0.040278
2 0.852344 0.866667 0.012500 0.041667
2 0.824219 0.921528 0.071875 0.045833
2 0.797656 0.865972 0.023438 0.040278
2 0.792578 0.884722 0.000781 0.000000
2 0.820312 0.865972 0.021875 0.040278
2 0.830078 0.845833 0.000781 0.000000
2 0.356250 0.949306 0.046875 0.054167
2 0.359375 0.919444 0.040625 0.005556
2 0.427344 0.952778 0.093750 0.052778
2 0.486328 0.947222 0.022656 0.050000
2 0.427344 0.904167 0.093750 0.050000
2 0.486328 0.901389 0.022656 0.047222
2 0.427734 0.856944 0.092969 0.050000
2 0.454297 0.855556 0.086719 0.047222