3 0.494141 0.836111 0.988281 0.325000
4 0.128516 0.890972 0.022656 0.098611
4 0.064844 0.943056 0.000000 0.025000
8 0.862109 0.979861 0.100781 0.037500
5 0.467187 0.694444 0.042188 0.013889
5 0.467187 0.694444 0.042188 0.013889
5 0.467187 0.694444 0.042188 0.013889
5 0.467187 0.684028 0.042188 0.015278
5 0.467187 0.684028 0.042188 0.015278
5 0.467187 0.684028 0.042188 0.015278
5 0.467187 0.703472 0.042188 0.015278
5 0.467187 0.703472 0.042188 0.015278
5 0.467187 0.703472 0.042188 0.015278
5 0.529297 0.707639 0.047656 0.015278
5 0.529297 0.707639 0.047656 0.015278
5 0.529297 0.707639 0.047656 0.015278
5 0.529297 0.698611 0.047656 0.013889
5 0.529297 0.698611 0.047656 0.013889
5 0.529297 0.698611 0.047656 0.013889
5 0.529297 0.688889 0.047656 0.013889
5 0.529297 0.688889 0.047656 0.013889
5 0.529297 0.688889 0.047656 0.013889
5 0.529297 0.677778 0.047656 0.016667
5 0.529297 0.677778 0.047656 0.016667
5 0.529297 0.677778 0.047656 0.016667
6 0.450781 0.775000 0.053125 0.091667
6 0.485547 0.743750 0.044531 0.084722
6 0.451953 0.702778 0.057031 0.091667
6 0.469531 0.758333 0.050000 0.088889
6 0.311719 0.862500 0.085938 0.122222
6 0.288281 0.904167 0.073438 0.144444
7 0.003516 0.938194 0.007031 0.012500
7 0.274609 0.802778 0.055469 0.025000
7 0.139844 0.888889 0.075000 0.033333
8 0.154688 0.989583 0.001563 0.001389
5 0.137500 0.970833 0.045312 0.033333
8 0.111328 0.963889 0.050781 0.047222
5 0.097656 0.956944 0.067187 0.036111
8 0.258984 0.855556 0.017969 0.030556
5 0.265234 0.836806 0.005469 0.018056
8 0.330469 0.818056 0.065625 0.030556
5 0.328516 0.804861 0.060156 0.015278
8 0.350781 0.802083 0.064062 0.026389
5 0.350000 0.793056 0.057813 0.019444
8 0.392188 0.833333 0.067187 0.047222
5 0.391406 0.813889 0.060937 0.022222
8 0.411719 0.817361 0.064062 0.045833
5 0.410547 0.799306 0.058594 0.020833
8 0.385547 0.848611 0.053906 0.050000
5 0.381250 0.828472 0.053125 0.023611
8 0.373437 0.866667 0.035937 0.052778
5 0.371094 0.847917 0.031250 0.023611
8 0.914453 0.801389 0.049219 0.036111
5 0.917188 0.789583 0.050000 0.015278
8 0.916016 0.784028 0.052344 0.026389
5 0.916406 0.776389 0.050000 0.013889
8 0.924219 0.815972 0.060937 0.040278
5 0.919141 0.803472 0.046094 0.018056
8 0.925781 0.828472 0.062500 0.037500
5 0.925391 0.821528 0.057031 0.023611
8 0.851172 0.778472 0.053906 0.026389
5 0.850391 0.771528 0.049219 0.015278
8 0.850391 0.791667 0.055469 0.027778
5 0.849609 0.784028 0.050781 0.015278
8 0.853125 0.811111 0.057813 0.044444
5 0.851953 0.797222 0.052344 0.016667
8 0.851953 0.829861 0.060156 0.051389
5 0.850781 0.813889 0.054688 0.022222
8 0.916406 0.926389 0.050000 0.077778
5 0.917188 0.906250 0.046875 0.040278
8 0.978125 0.937500 0.017188 0.063889
5 0.978516 0.903472 0.017969 0.015278
8 0.858984 0.920139 0.052344 0.076389
5 0.858203 0.900694 0.046094 0.037500
8 0.795312 0.911806 0.054688 0.073611
5 0.794922 0.892361 0.047656 0.037500
8 0.922656 0.866667 0.067187 0.052778
5 0.923828 0.850000 0.064844 0.022222
8 0.932422 0.887500 0.075781 0.058333
5 0.926562 0.871528 0.059375 0.026389
8 0.861328 0.886806 0.049219 0.065278
5 0.860938 0.869444 0.043750 0.033333
8 0.801953 0.881250 0.050781 0.065278
5 0.801172 0.863194 0.044531 0.031944
0 0.551562 0.904167 0.106250 0.188889
0 0.670703 0.825000 0.071094 0.258333
0 0.591406 0.679861 0.050000 0.143056
1 0.159766 0.660417 0.074219 0.093056
1 0.139844 0.667361 0.076563 0.095833
1 0.107813 0.652778 0.053125 0.077778
1 0.076172 0.664583 0.077344 0.093056
1 0.022266 0.653472 0.041406 0.087500
1 0.021484 0.663889 0.042969 0.086111
2 0.847656 0.706944 0.000000 0.002778
2 0.826172 0.748611 0.041406 0.036111
2 0.877344 0.752083 0.042188 0.037500
2 0.826172 0.713889 0.041406 0.036111
2 0.877344 0.717361 0.042188 0.037500
2 0.826953 0.673611 0.041406 0.047222
2 0.877734 0.675694 0.042969 0.048611
5 0.030469 0.972222 0.060937 0.052778
5 0.030469 0.979861 0.060937 0.037500
5 0.025391 0.988889 0.044531 0.019444
5 0.113281 0.993750 0.050000 0.009722
5 0.097656 0.986806 0.087500 0.023611
5 0.090234 0.978472 0.102344 0.040278
5 0.243750 0.997917 0.014063 0.001389
5 0.205078 0.989583 0.091406 0.018056
5 0.196094 0.911111 0.109375 0.047222
5 0.196094 0.928472 0.109375 0.045833
5 0.196484 0.958333 0.108594 0.052778
5 0.196094 0.944444 0.109375 0.047222
5 0.196484 0.982639 0.108594 0.031944
5 0.196484 0.973611 0.108594 0.050000
5 0.196094 0.897917 0.109375 0.043056
5 0.196094 0.878472 0.109375 0.048611