3 0.499609 0.897917 0.999219 0.201389
4 0.680078 0.763889 0.052344 0.108333
4 0.795312 0.753472 0.006250 0.104167
4 0.889844 0.750000 0.059375 0.116667
4 0.121484 0.735417 0.035156 0.218056
4 0.167578 0.722222 0.016406 0.241667
4 0.331641 0.693056 0.094531 0.294444
4 0.532422 0.695139 0.039844 0.487500
5 0.239453 0.785417 0.061719 0.009722
5 0.239453 0.785417 0.061719 0.009722
5 0.239453 0.785417 0.061719 0.009722
5 0.239844 0.774306 0.062500 0.009722
5 0.239844 0.774306 0.062500 0.009722
5 0.239844 0.774306 0.062500 0.009722
5 0.239453 0.795833 0.061719 0.008333
5 0.239453 0.795833 0.061719 0.008333
5 0.239453 0.795833 0.061719 0.008333
5 0.312500 0.795139 0.059375 0.006944
5 0.312500 0.795139 0.059375 0.006944
5 0.312500 0.795139 0.059375 0.006944
5 0.312891 0.785417 0.058594 0.009722
5 0.312891 0.785417 0.058594 0.009722
5 0.312891 0.785417 0.058594 0.009722
5 0.284375 0.774306 0.001563 0.009722
5 0.284375 0.774306 0.001563 0.009722
5 0.284375 0.774306 0.001563 0.009722
5 0.313672 0.761111 0.058594 0.008333
5 0.313672 0.761111 0.058594 0.008333
5 0.313672 0.761111 0.058594 0.008333
6 0.567578 0.755556 0.027344 0.072222
6 0.462500 0.764583 0.031250 0.079167
6 0.568359 0.683333 0.028906 0.088889
6 0.478906 0.764583 0.000000 0.079167
6 0.731641 0.756944 0.083594 0.113889
6 0.828125 0.750000 0.092188 0.113889
7 0.855078 0.856250 0.288281 0.106944
7 0.647266 0.808333 0.111719 0.033333
7 0.406250 0.799306 0.071875 0.020833
7 0.578516 0.804167 0.047656 0.025000
6 0.314063 0.586806 0.479687 0.823611
6 0.320312 0.225000 0.462500 0.450000
6 0.025781 0.330556 0.001563 0.013889
8 0.915625 0.784722 0.076563 0.050000
5 0.916406 0.761806 0.073438 0.012500
8 0.879687 0.783333 0.120313 0.050000
5 0.881250 0.761111 0.107813 0.013889
8 0.613672 0.778472 0.080469 0.026389
5 0.615625 0.767361 0.076563 0.009722
8 0.587500 0.779861 0.065625 0.026389
5 0.585547 0.768056 0.061719 0.008333
8 0.570703 0.785417 0.030469 0.012500
5 0.556250 0.770833 0.000000 0.002778
8 0.482422 0.788194 0.007031 0.040278
5 0.484375 0.769444 0.003125 0.008333
8 0.611328 0.785417 0.074219 0.012500
8 0.590234 0.785417 0.047656 0.012500
8 0.630469 0.784722 0.048438 0.013889
5 0.638672 0.770139 0.000781 0.004167
8 0.650781 0.784028 0.017188 0.015278
5 0.647656 0.770139 0.000000 0.004167
8 0.808594 0.781944 0.051562 0.013889
8 0.780078 0.790278 0.007031 0.019444
5 0.783594 0.775000 0.000000 0.000000
8 0.812891 0.786111 0.005469 0.005556
5 0.828125 0.776389 0.001563 0.000000
8 0.782813 0.790972 0.017188 0.020833
5 0.780469 0.775000 0.006250 0.002778
8 0.797656 0.789583 0.046875 0.023611
5 0.794531 0.773611 0.040625 0.005556
8 0.821094 0.782639 0.034375 0.012500
5 0.823047 0.773611 0.030469 0.005556
8 0.971484 0.790278 0.055469 0.027778
5 0.996484 0.770833 0.005469 0.005556
8 0.994531 0.784722 0.000000 0.000000
8 0.951953 0.790972 0.003906 0.020833
8 0.890625 0.804167 0.000000 0.000000
0 0.895312 0.713889 0.117188 0.186111
0 0.450391 0.729861 0.058594 0.143056
0 0.056250 0.445139 0.112500 0.890278
1 0.971875 0.750694 0.054688 0.001389
2 0.948438 0.748611 0.007812 0.000000
2 0.951562 0.748611 0.000000 0.000000
1 0.939453 0.749306 0.002344 0.001389
1 0.996484 0.747917 0.005469 0.001389
1 0.830078 0.710417 0.055469 0.009722
1 0.959375 0.743056 0.079687 0.083333
2 0.995313 0.721528 0.006250 0.020833
2 0.996484 0.772917 0.005469 0.020833
1 0.812891 0.748611 0.077344 0.088889
2 0.782422 0.770139 0.008594 0.026389
2 0.783203 0.731250 0.011719 0.026389
2 0.827734 0.729167 0.025781 0.027778
2 0.823438 0.770139 0.031250 0.026389
2 0.795703 0.730556 0.011719 0.027778
2 0.808594 0.730556 0.012500 0.027778
1 0.925000 0.745833 0.054688 0.077778
2 0.945703 0.723611 0.013281 0.030556
2 0.945312 0.767361 0.014063 0.031944
2 0.921484 0.709722 0.000781 0.000000
2 0.933203 0.723611 0.011719 0.030556
2 0.586719 0.785417 0.028125 0.012500
2 0.632031 0.786111 0.054688 0.013889
2 0.629297 0.749306 0.049219 0.026389
2 0.631641 0.720833 0.053906 0.033333
2 0.692969 0.707639 0.006250 0.001389
5 0.982031 0.692361 0.034375 0.018056
5 0.982422 0.709722 0.033594 0.016667
5 0.982812 0.727083 0.032813 0.018056
5 0.982812 0.745139 0.032813 0.018056
5 0.983594 0.781944 0.031250 0.013889
5 0.983203 0.763889 0.032031 0.016667
5 0.983984 0.809722 0.030469 0.002778
5 0.983594 0.798611 0.031250 0.016667