3 0.422266 0.805556 0.844531 0.386111
4 0.322656 0.694444 0.000000 0.000000
4 0.129297 0.730556 0.007031 0.027778
4 0.026562 0.743056 0.001563 0.005556
4 0.149609 0.645139 0.000781 0.018056
4 0.069922 0.663194 0.000781 0.026389
4 0.037109 0.674306 0.003906 0.040278
8 0.132031 0.738194 0.040625 0.037500
5 0.520703 0.636111 0.000781 0.005556
5 0.520703 0.636111 0.000781 0.005556
5 0.520703 0.636111 0.000781 0.005556
5 0.520703 0.628472 0.000781 0.006944
5 0.520703 0.628472 0.000781 0.006944
5 0.520703 0.628472 0.000781 0.006944
5 0.520703 0.642361 0.000781 0.004167
5 0.520703 0.642361 0.000781 0.004167
5 0.520703 0.642361 0.000781 0.004167
6 0.456641 0.662500 0.030469 0.050000
6 0.455078 0.618750 0.033594 0.051389
6 0.464844 0.656250 0.014063 0.034722
6 0.345313 0.684722 0.045312 0.047222
6 0.320312 0.697222 0.029687 0.055556
7 0.151562 0.762500 0.048438 0.019444
7 0.121484 0.776389 0.019531 0.019444
7 0.317969 0.846528 0.054688 0.023611
7 0.351172 0.825694 0.027344 0.020833
7 0.190234 0.901389 0.063281 0.030556
7 0.248828 0.877778 0.060156 0.022222
7 0.016797 0.980556 0.033594 0.027778
7 0.079687 0.949306 0.068750 0.029167
7 0.031250 0.741667 0.039062 0.013889
7 0.159766 0.713889 0.000781 0.000000
7 0.120703 0.672222 0.021094 0.011111
7 0.274219 0.697222 0.021875 0.013889
7 0.838281 0.939583 0.012500 0.009722
7 0.160547 0.622917 0.025781 0.006944
7 0.183594 0.619444 0.023438 0.005556
7 0.113281 0.631250 0.006250 0.006944
7 0.128906 0.627083 0.025000 0.006944
6 0.035547 0.963194 0.071094 0.059722
6 0.004687 0.627778 0.009375 0.050000
6 0.004687 0.673611 0.009375 0.050000
8 0.043359 0.777083 0.053906 0.034722
5 0.044531 0.759722 0.051562 0.016667
8 0.023828 0.770139 0.047656 0.037500
5 0.022266 0.755556 0.044531 0.016667
8 0.246875 0.721528 0.037500 0.020833
5 0.246484 0.709028 0.038281 0.006944
8 0.227734 0.718056 0.000781 0.000000
5 0.227734 0.704167 0.000781 0.000000
8 0.368750 0.691667 0.000000 0.000000
5 0.369531 0.673611 0.003125 0.005556
5 0.369531 0.668750 0.003125 0.004167
8 0.404687 0.668056 0.000000 0.000000
5 0.403516 0.666667 0.003906 0.005556
8 0.417187 0.682639 0.000000 0.006944
5 0.409375 0.673611 0.015625 0.008333
8 0.436328 0.680556 0.014844 0.022222
5 0.429297 0.670833 0.024219 0.008333
8 0.405469 0.686806 0.000000 0.006944
5 0.405078 0.679167 0.000781 0.005556
8 0.369922 0.693056 0.002344 0.011111
5 0.369922 0.686806 0.002344 0.001389
5 0.715234 0.679167 0.008594 0.002778
5 0.728125 0.673611 0.001563 0.000000
5 0.709375 0.681944 0.001563 0.000000
8 0.714844 0.676389 0.010937 0.005556
5 0.714063 0.675000 0.010937 0.008333
8 0.710156 0.679167 0.001563 0.002778
5 0.692578 0.677083 0.032031 0.006944
8 0.669531 0.693750 0.007812 0.004167
5 0.678906 0.681250 0.009375 0.004167
8 0.666406 0.695139 0.032813 0.009722
5 0.667578 0.687500 0.032031 0.011111
5 0.639453 0.711806 0.013281 0.006944
8 0.661719 0.700000 0.000000 0.000000
5 0.670703 0.697917 0.014844 0.004167
8 0.650781 0.707639 0.001563 0.001389
5 0.658594 0.703472 0.014063 0.004167
8 0.642578 0.705556 0.017969 0.008333
5 0.641797 0.703472 0.017969 0.009722
8 0.401953 0.781944 0.000781 0.000000
5 0.416406 0.775694 0.029687 0.009722
5 0.441406 0.764583 0.025000 0.009722
0 0.791406 0.965278 0.078125 0.066667
0 0.375000 0.706250 0.084375 0.151389
0 0.523438 0.654167 0.006250 0.100000
1 0.339062 0.606250 0.032813 0.059722
1 0.317969 0.609028 0.046875 0.059722
1 0.291406 0.604167 0.032813 0.058333
1 0.282031 0.606944 0.045312 0.058333
1 0.272266 0.597917 0.025781 0.045833
1 0.244922 0.603472 0.038281 0.054167
1 0.212109 0.590278 0.038281 0.050000
1 0.160547 0.626389 0.053906 0.063889
1 0.140234 0.626389 0.053906 0.066667
1 0.025391 0.646528 0.050781 0.079167
1 0.040234 0.652083 0.060156 0.076389
1 0.822656 0.631250 0.043750 0.020833
2 0.804688 0.636806 0.004687 0.006944
2 0.806641 0.631944 0.000781 0.000000
1 0.787891 0.642361 0.014844 0.009722
2 0.789844 0.643750 0.010937 0.001389
2 0.781250 0.649306 0.001563 0.001389
2 0.785937 0.645139 0.010937 0.001389
2 0.784766 0.647917 0.007031 0.001389
2 0.497266 0.760417 0.072656 0.009722
2 0.436719 0.782639 0.070312 0.020833
2 0.456641 0.769444 0.030469 0.016667
2 0.410156 0.811111 0.089063 0.044444
2 0.498828 0.751389 0.055469 0.005556
2 0.451562 0.746528 0.040625 0.029167
2 0.722266 0.664583 0.027344 0.018056
2 0.750000 0.663889 0.026562 0.011111
2 0.722266 0.643056 0.027344 0.025000
2 0.750781 0.646528 0.028125 0.023611
2 0.722656 0.618056 0.028125 0.027778
2 0.750781 0.620833 0.028125 0.027778
5 0.179688 0.704861 0.012500 0.004167
5 0.173437 0.708333 0.035937 0.008333
5 0.173437 0.713194 0.037500 0.012500
5 0.173047 0.727083 0.036719 0.012500
5 0.173047 0.720139 0.036719 0.012500
5 0.173437 0.739583 0.037500 0.012500
5 0.172656 0.733333 0.035937 0.011111
5 0.119531 0.661111 0.018750 0.008333
5 0.119141 0.664583 0.005469 0.001389
5 0.204687 0.711806 0.035937 0.012500
5 0.207813 0.718750 0.042188 0.012500
5 0.208203 0.734028 0.042969 0.009722
5 0.208203 0.725694 0.042969 0.012500
5 0.204687 0.745833 0.035937 0.013889
5 0.208203 0.740278 0.042969 0.011111
5 0.131641 0.663889 0.028906 0.008333
5 0.133984 0.669444 0.024219 0.008333
5 0.207813 0.706250 0.042188 0.012500
5 0.210547 0.700000 0.038281 0.011111
5 0.246875 0.716667 0.046875 0.008333
5 0.246875 0.724306 0.046875 0.009722
5 0.246875 0.738194 0.046875 0.009722
5 0.246875 0.731250 0.046875 0.009722
5 0.246875 0.750694 0.046875 0.009722
5 0.246875 0.743750 0.046875 0.009722
5 0.159766 0.668056 0.033594 0.008333
5 0.159375 0.673611 0.034375 0.008333
5 0.246875 0.710417 0.046875 0.009722
5 0.246875 0.703472 0.046875 0.009722
5 0.246094 0.663194 0.046875 0.009722
5 0.226953 0.668750 0.008594 0.004167
5 0.264453 0.685417 0.010156 0.004167
5 0.246484 0.697222 0.046094 0.008333
5 0.246484 0.690278 0.046094 0.008333
5 0.159766 0.663889 0.033594 0.008333
5 0.159375 0.658333 0.034375 0.008333
5 0.246094 0.657639 0.046875 0.006944
5 0.246094 0.650000 0.046875 0.008333