3 0.499609 0.784722 0.999219 0.427778
4 0.087500 0.765972 0.009375 0.081944
8 0.311328 0.605556 0.027344 0.027778
5 0.280078 0.559722 0.039844 0.011111
5 0.280078 0.559722 0.039844 0.011111
5 0.280078 0.559722 0.039844 0.011111
5 0.280078 0.552083 0.039844 0.009722
5 0.280078 0.552083 0.039844 0.009722
5 0.280078 0.552083 0.039844 0.009722
5 0.280078 0.568056 0.039844 0.011111
5 0.280078 0.568056 0.039844 0.011111
5 0.280078 0.568056 0.039844 0.011111
5 0.241016 0.571528 0.038281 0.006944
5 0.241016 0.571528 0.038281 0.006944
5 0.241016 0.571528 0.038281 0.006944
5 0.240625 0.563889 0.037500 0.008333
5 0.240625 0.563889 0.037500 0.008333
5 0.240625 0.563889 0.037500 0.008333
5 0.240625 0.555556 0.037500 0.008333
5 0.240625 0.555556 0.037500 0.008333
5 0.240625 0.555556 0.037500 0.008333
5 0.242188 0.545139 0.040625 0.009722
5 0.242188 0.545139 0.040625 0.009722
5 0.242188 0.545139 0.040625 0.009722
6 0.326562 0.517361 0.006250 0.048611
6 0.326562 0.549306 0.006250 0.045833
6 0.176953 0.558333 0.003906 0.050000
6 0.193750 0.554861 0.039062 0.054167
6 0.172656 0.968056 0.195312 0.061111
7 0.014453 0.793056 0.028906 0.041667
7 0.552734 0.649306 0.025781 0.020833
7 0.609766 0.649306 0.027344 0.020833
7 0.416797 0.650694 0.021094 0.020833
7 0.475391 0.650000 0.022656 0.022222
7 0.002344 0.656944 0.004687 0.022222
1 0.750391 0.713889 0.075781 0.180556
1 0.685937 0.715972 0.084375 0.179167
1 0.708984 0.670139 0.077344 0.140278
1 0.647656 0.681250 0.056250 0.159722
1 0.680859 0.645833 0.067969 0.127778
1 0.632422 0.654167 0.064844 0.144444
1 0.700391 0.595139 0.082031 0.095833
1 0.207422 0.705556 0.116406 0.158333
1 0.217969 0.686111 0.112500 0.147222
5 0.150000 0.633333 0.001563 0.005556
5 0.150000 0.626389 0.001563 0.005556
5 0.150000 0.612500 0.001563 0.005556
5 0.150000 0.619444 0.001563 0.005556
5 0.092578 0.751389 0.035156 0.022222
5 0.094922 0.762500 0.027344 0.000000
5 0.086328 0.777083 0.049219 0.029167
5 0.102734 0.791667 0.016406 0.022222
5 0.058203 0.809722 0.071094 0.033333
5 0.054297 0.822222 0.071094 0.033333
5 0.058203 0.799306 0.071094 0.031944
5 0.053906 0.788889 0.071875 0.033333