3 0.499609 0.876389 0.999219 0.244444
5 0.278516 0.788194 0.067969 0.026389
5 0.278516 0.788194 0.067969 0.026389
5 0.278516 0.788194 0.067969 0.026389
5 0.278516 0.773611 0.067969 0.027778
5 0.278516 0.773611 0.067969 0.027778
5 0.278516 0.773611 0.067969 0.027778
5 0.278516 0.802083 0.067969 0.026389
5 0.278516 0.802083 0.067969 0.026389
5 0.278516 0.802083 0.067969 0.026389
5 0.375000 0.795833 0.068750 0.025000
5 0.375000 0.795833 0.068750 0.025000
5 0.375000 0.795833 0.068750 0.025000
5 0.375000 0.781944 0.068750 0.025000
5 0.375000 0.781944 0.068750 0.025000
5 0.375000 0.781944 0.068750 0.025000
5 0.375000 0.768750 0.068750 0.026389
5 0.375000 0.768750 0.068750 0.026389
5 0.375000 0.768750 0.068750 0.026389
5 0.375000 0.753472 0.068750 0.026389
5 0.375000 0.753472 0.068750 0.026389
5 0.375000 0.753472 0.068750 0.026389
6 0.512109 0.940278 0.071094 0.116667
6 0.471094 0.876389 0.062500 0.138889
6 0.514844 0.830556 0.076563 0.158333
6 0.486719 0.899306 0.068750 0.134722
5 0.410547 0.997917 0.022656 0.001389
8 0.543750 0.991667 0.004687 0.008333
5 0.511328 0.993056 0.069531 0.011111
8 0.999219 0.845833 0.000000 0.002778
8 0.982031 0.836806 0.034375 0.023611
5 0.983984 0.833333 0.030469 0.022222
8 0.936328 0.856250 0.082031 0.056944
5 0.935547 0.837500 0.074219 0.025000
8 0.954688 0.877778 0.057813 0.058333
5 0.964453 0.857639 0.069531 0.026389
8 0.979297 0.897222 0.039844 0.061111
5 0.981250 0.876389 0.035937 0.027778
8 0.998047 0.902778 0.002344 0.025000
0 0.986328 0.894444 0.025781 0.208333
0 0.523438 0.750694 0.070312 0.204167
2 0.753906 0.772917 0.029687 0.059722
2 0.808203 0.795139 0.077344 0.062500
2 0.874609 0.797917 0.053906 0.048611
2 0.808594 0.752083 0.078125 0.059722
2 0.875000 0.754167 0.054688 0.047222
2 0.808594 0.707639 0.078125 0.059722
2 0.862500 0.705556 0.079687 0.058333