3 0.499609 0.868750 0.999219 0.259722
4 0.444922 0.790278 0.010156 0.077778
4 0.495703 0.820833 0.044531 0.097222
4 0.554297 0.841667 0.014844 0.105556
4 0.587500 0.864583 0.056250 0.120833
4 0.673828 0.895833 0.019531 0.133333
4 0.727734 0.926389 0.067969 0.144444
4 0.871875 0.947917 0.007812 0.101389
4 0.973828 0.961806 0.050781 0.073611
8 0.764062 0.933333 0.114062 0.102778
5 0.312109 0.738889 0.052344 0.011111
5 0.312109 0.738889 0.052344 0.011111
5 0.312109 0.738889 0.052344 0.011111
5 0.312109 0.727083 0.052344 0.012500
5 0.312109 0.727083 0.052344 0.012500
5 0.312109 0.727083 0.052344 0.012500
5 0.312109 0.748611 0.052344 0.011111
5 0.312109 0.748611 0.052344 0.011111
5 0.312109 0.748611 0.052344 0.011111
5 0.380469 0.745833 0.051562 0.011111
5 0.380469 0.745833 0.051562 0.011111
5 0.380469 0.745833 0.051562 0.011111
5 0.380469 0.736111 0.051562 0.011111
5 0.380469 0.736111 0.051562 0.011111
5 0.380469 0.736111 0.051562 0.011111
5 0.380469 0.726389 0.051562 0.011111
5 0.380469 0.726389 0.051562 0.011111
5 0.380469 0.726389 0.051562 0.011111
5 0.380469 0.715278 0.051562 0.011111
5 0.380469 0.715278 0.051562 0.011111
5 0.380469 0.715278 0.051562 0.011111
6 0.516406 0.740972 0.051562 0.054167
6 0.482422 0.737500 0.041406 0.066667
6 0.516406 0.684028 0.051562 0.079167
6 0.498047 0.738889 0.049219 0.061111
6 0.600000 0.788889 0.084375 0.108333
6 0.665625 0.799306 0.092188 0.112500
7 0.920312 0.959028 0.045312 0.045833
7 0.544922 0.985417 0.094531 0.026389
7 0.402344 0.887500 0.065625 0.044444
7 0.359375 0.798611 0.067187 0.019444
7 0.430859 0.843750 0.083594 0.026389
8 0.950000 0.991667 0.029687 0.013889
5 0.973047 0.986806 0.052344 0.023611
8 0.656641 0.855556 0.021094 0.047222
5 0.664453 0.835417 0.003906 0.012500
8 0.624609 0.872222 0.085156 0.069444
5 0.627344 0.845833 0.078125 0.027778
8 0.509375 0.809722 0.065625 0.047222
5 0.512109 0.790278 0.060156 0.013889
8 0.493359 0.801389 0.064844 0.044444
5 0.494922 0.782639 0.061719 0.012500
8 0.476562 0.795139 0.059375 0.043056
5 0.478125 0.777083 0.059375 0.012500
8 0.457813 0.788194 0.050000 0.040278
5 0.463672 0.771528 0.057031 0.012500
8 0.532813 0.788889 0.042188 0.036111
5 0.535937 0.772917 0.043750 0.009722
8 0.504297 0.770139 0.014844 0.009722
5 0.527734 0.768750 0.057031 0.012500
8 0.548047 0.791667 0.019531 0.019444
5 0.547656 0.779167 0.020313 0.011111
8 0.557422 0.808333 0.000781 0.030556
5 0.555859 0.786806 0.003906 0.009722
8 0.789062 0.731944 0.001563 0.000000
5 0.790625 0.731944 0.000000 0.000000
8 0.908984 0.745833 0.002344 0.000000
5 0.906250 0.745833 0.001563 0.000000
8 0.764453 0.747917 0.039844 0.029167
5 0.768750 0.736111 0.043750 0.008333
8 0.776172 0.752083 0.024219 0.029167
5 0.778125 0.738889 0.023438 0.008333
8 0.787109 0.754167 0.005469 0.027778
5 0.788281 0.741667 0.003125 0.005556
8 0.998437 0.780556 0.001563 0.027778
5 0.998437 0.764583 0.001563 0.012500
8 0.998437 0.777083 0.001563 0.018056
8 0.928906 0.789583 0.006250 0.031944
5 0.928906 0.768056 0.006250 0.011111
5 0.928516 0.747917 0.005469 0.001389
8 0.928516 0.775694 0.005469 0.029167
5 0.931250 0.761806 0.001563 0.001389
5 0.909766 0.761111 0.002344 0.000000
0 0.831250 0.721528 0.084375 0.184722
0 0.494141 0.694444 0.055469 0.130556
2 0.997656 0.670139 0.003125 0.001389
2 0.998047 0.713889 0.002344 0.000000
1 0.899609 0.702778 0.072656 0.086111
2 0.875391 0.669444 0.000781 0.000000
2 0.917578 0.681944 0.030469 0.022222
2 0.917969 0.723611 0.026562 0.019444
2 0.883984 0.669444 0.014844 0.000000
2 0.906250 0.669444 0.007812 0.000000
2 0.911328 0.669444 0.000781 0.000000
2 0.998047 0.715278 0.002344 0.000000
2 0.997656 0.673611 0.003125 0.000000
2 0.998047 0.718056 0.002344 0.002778
2 0.997656 0.675000 0.003125 0.000000
2 0.999219 0.676389 0.000000 0.000000
1 0.867578 0.681944 0.067969 0.044444
2 0.835547 0.710417 0.000781 0.006944
2 0.850000 0.682639 0.032813 0.026389
2 0.878125 0.673611 0.026562 0.005556
2 0.866016 0.713194 0.000781 0.001389
2 0.846875 0.677083 0.009375 0.012500
2 0.859375 0.677083 0.014063 0.012500
1 0.962109 0.710417 0.074219 0.093056
2 0.930078 0.731250 0.002344 0.029167
2 0.933594 0.689583 0.010937 0.029167
2 0.997656 0.692361 0.003125 0.031944
2 0.998047 0.736806 0.002344 0.031944
2 0.646875 0.729861 0.021875 0.031944
2 0.685156 0.734722 0.053125 0.033333
2 0.730078 0.734722 0.035156 0.030556
2 0.685156 0.704861 0.053125 0.031944
2 0.730078 0.704167 0.035156 0.030556
2 0.685156 0.675000 0.053125 0.030556
2 0.725781 0.673611 0.043750 0.030556
5 0.705078 0.813194 0.105469 0.029167
5 0.705078 0.831250 0.105469 0.029167
5 0.705078 0.845833 0.105469 0.027778
5 0.705078 0.862500 0.105469 0.030556
5 0.703516 0.895833 0.102344 0.030556
5 0.703516 0.879167 0.102344 0.030556
5 0.703516 0.926389 0.102344 0.033333
5 0.703516 0.910417 0.102344 0.031944
5 0.796094 0.838889 0.106250 0.027778
5 0.796484 0.855556 0.105469 0.027778
5 0.796875 0.887500 0.104688 0.027778
5 0.797266 0.871528 0.103906 0.029167
5 0.805859 0.918750 0.088281 0.029167
5 0.805469 0.902778 0.087500 0.027778
5 0.795703 0.824306 0.105469 0.026389
5 0.795703 0.807639 0.105469 0.029167
5 0.889844 0.831250 0.103125 0.026389
5 0.889844 0.846528 0.103125 0.029167
5 0.889844 0.877778 0.103125 0.030556
5 0.889844 0.861806 0.103125 0.029167
5 0.890625 0.906944 0.103125 0.030556
5 0.890625 0.891667 0.103125 0.030556
5 0.889062 0.817361 0.103125 0.026389
5 0.889062 0.802778 0.103125 0.025000
5 0.887891 0.713889 0.102344 0.019444
5 0.888281 0.729861 0.103125 0.020833
5 0.888672 0.760417 0.102344 0.020833
5 0.888672 0.745139 0.102344 0.020833
5 0.889062 0.788889 0.103125 0.025000
5 0.889062 0.773611 0.103125 0.022222
5 0.887891 0.701389 0.102344 0.016667
5 0.887891 0.685417 0.102344 0.018056