3 0.337891 0.928472 0.675781 0.140278
8 0.028906 0.866667 0.034375 0.022222
6 0.052734 0.834722 0.016406 0.047222
6 0.036328 0.804167 0.036719 0.047222
6 0.035937 0.834722 0.037500 0.047222
5 0.951562 0.993750 0.014063 0.009722
5 0.951562 0.993750 0.014063 0.009722
5 0.951562 0.993750 0.014063 0.009722
5 0.944141 0.979167 0.027344 0.022222
5 0.944141 0.979167 0.027344 0.022222
5 0.944141 0.979167 0.027344 0.022222
5 0.943750 0.959028 0.028125 0.023611
5 0.943750 0.959028 0.028125 0.023611
5 0.943750 0.959028 0.028125 0.023611
5 0.942969 0.936111 0.028125 0.025000
5 0.942969 0.936111 0.028125 0.025000
5 0.942969 0.936111 0.028125 0.025000
6 0.294531 0.963889 0.126562 0.069444
6 0.501563 0.954861 0.120313 0.087500
6 0.296094 0.870139 0.126562 0.159722
6 0.403906 0.957639 0.123438 0.081944
7 0.151562 0.995139 0.043750 0.006944
7 0.286719 0.877083 0.023438 0.009722
7 0.323828 0.877778 0.008594 0.005556
7 0.162891 0.881944 0.025781 0.013889
7 0.220312 0.879167 0.018750 0.013889
8 0.080859 0.997222 0.003906 0.002778
5 0.047266 0.995833 0.061719 0.005556
8 0.133984 0.994444 0.066406 0.008333
5 0.136328 0.993056 0.064844 0.011111
0 0.870313 0.880556 0.153125 0.236111
1 0.484375 0.861111 0.075000 0.122222
1 0.441797 0.861111 0.074219 0.122222
1 0.446094 0.854167 0.068750 0.113889
1 0.405859 0.855556 0.067969 0.116667
1 0.413672 0.840278 0.063281 0.088889
1 0.375391 0.850000 0.061719 0.108333
1 0.406641 0.834028 0.069531 0.087500
1 0.042969 0.871528 0.085938 0.131944
1 0.040625 0.865278 0.081250 0.125000