3 0.499609 0.840972 0.999219 0.315278
4 0.282813 0.713194 0.000000 0.051389
4 0.195703 0.709722 0.010156 0.019444
4 0.094922 0.718750 0.002344 0.026389
4 0.032422 0.750694 0.011719 0.073611
4 0.036719 0.689583 0.001563 0.023611
8 0.035937 0.773611 0.071875 0.050000
5 0.500391 0.688889 0.039844 0.008333
5 0.500391 0.688889 0.039844 0.008333
5 0.500391 0.688889 0.039844 0.008333
5 0.500391 0.680556 0.039844 0.008333
5 0.500391 0.680556 0.039844 0.008333
5 0.500391 0.680556 0.039844 0.008333
5 0.500000 0.696528 0.040625 0.006944
5 0.500000 0.696528 0.040625 0.006944
5 0.500000 0.696528 0.040625 0.006944
5 0.540234 0.698611 0.019531 0.005556
5 0.540234 0.698611 0.019531 0.005556
5 0.540234 0.698611 0.019531 0.005556
5 0.540234 0.690972 0.019531 0.006944
5 0.540234 0.690972 0.019531 0.006944
5 0.540234 0.690972 0.019531 0.006944
5 0.540234 0.682639 0.019531 0.006944
5 0.540234 0.682639 0.019531 0.006944
5 0.540234 0.682639 0.019531 0.006944
5 0.547656 0.673611 0.034375 0.008333
5 0.547656 0.673611 0.034375 0.008333
5 0.547656 0.673611 0.034375 0.008333
6 0.452734 0.697917 0.044531 0.059722
6 0.489844 0.693056 0.039062 0.058333
6 0.453516 0.645139 0.046094 0.059722
6 0.475781 0.695833 0.035937 0.061111
6 0.316797 0.716667 0.042969 0.075000
6 0.299609 0.725000 0.044531 0.080556
7 0.076953 0.799306 0.077344 0.026389
7 0.025391 0.814583 0.050781 0.029167
7 0.419141 0.886111 0.111719 0.041667
7 0.471875 0.861111 0.101562 0.036111
7 0.242969 0.969444 0.145313 0.058333
7 0.329297 0.927083 0.128906 0.045833
7 0.088281 0.749306 0.056250 0.012500
7 0.006641 0.723611 0.013281 0.011111
7 0.036328 0.687500 0.033594 0.008333
7 0.062500 0.685417 0.025000 0.006944
7 0.006250 0.691667 0.012500 0.008333
6 0.017969 0.995833 0.035937 0.005556
8 0.203516 0.756250 0.052344 0.037500
5 0.203906 0.741667 0.050000 0.008333
8 0.172656 0.753472 0.014063 0.020833
5 0.172656 0.734028 0.014063 0.004167
8 0.293750 0.730556 0.001563 0.022222
5 0.293750 0.715278 0.001563 0.005556
8 0.365234 0.720139 0.000781 0.020833
5 0.366016 0.707639 0.005469 0.004167
5 0.366016 0.704167 0.005469 0.002778
8 0.365625 0.734028 0.004687 0.015278
5 0.366016 0.711806 0.005469 0.001389
8 0.366016 0.733333 0.005469 0.027778
5 0.366016 0.718056 0.005469 0.008333
8 0.831641 0.724306 0.010156 0.026389
5 0.813672 0.710417 0.041406 0.006944
8 0.839063 0.721528 0.009375 0.029167
5 0.819922 0.708333 0.041406 0.008333
8 0.810156 0.728472 0.046875 0.029167
5 0.808203 0.715278 0.044531 0.008333
8 0.816016 0.732639 0.021094 0.031944
5 0.801953 0.718750 0.042969 0.009722
8 0.789062 0.709028 0.007812 0.006944
5 0.768750 0.706250 0.035937 0.006944
8 0.783984 0.710417 0.002344 0.004167
5 0.760547 0.709028 0.042969 0.006944
8 0.758203 0.718056 0.044531 0.013889
5 0.755078 0.712500 0.038281 0.008333
8 0.746484 0.721528 0.050781 0.015278
5 0.746094 0.715972 0.045312 0.009722
8 0.746094 0.752778 0.048438 0.038889
5 0.745703 0.736806 0.042969 0.012500
8 0.792188 0.755556 0.048438 0.038889
5 0.791797 0.738889 0.042969 0.013889
8 0.722656 0.734028 0.010937 0.004167
5 0.707812 0.731944 0.039062 0.008333
8 0.657813 0.734028 0.040625 0.004167
5 0.659375 0.730556 0.037500 0.008333
8 0.783594 0.739583 0.048438 0.031944
5 0.780859 0.724306 0.047656 0.009722
8 0.776953 0.745139 0.052344 0.034722
5 0.775391 0.729167 0.049219 0.011111
8 0.722266 0.735417 0.000781 0.001389
5 0.722656 0.727778 0.040625 0.011111
8 0.688281 0.728472 0.032813 0.009722
5 0.686328 0.725694 0.030469 0.009722
8 0.507031 0.815278 0.045312 0.047222
5 0.508594 0.792361 0.042188 0.018056
8 0.518750 0.804861 0.012500 0.045833
5 0.525000 0.778472 0.018750 0.009722
0 0.432031 0.709028 0.078125 0.209722
0 0.579297 0.679167 0.064844 0.150000
0 0.590234 0.654861 0.049219 0.104167
1 0.257422 0.655556 0.052344 0.058333
1 0.243359 0.662500 0.058594 0.072222
1 0.216016 0.659722 0.050781 0.066667
1 0.195703 0.661111 0.058594 0.069444
1 0.176172 0.657639 0.042969 0.065278
1 0.149609 0.661111 0.055469 0.069444
1 0.099219 0.654861 0.051562 0.062500
1 0.048828 0.673611 0.072656 0.083333
1 0.028125 0.671528 0.056250 0.079167
1 0.968359 0.667361 0.041406 0.062500
2 0.969141 0.647222 0.033594 0.000000
2 0.967969 0.651389 0.035937 0.002778
2 0.968750 0.697222 0.035937 0.002778
2 0.951562 0.647222 0.000000 0.000000
2 0.986719 0.652778 0.000000 0.000000
2 0.951953 0.648611 0.003906 0.000000
1 0.969531 0.699306 0.048438 0.118056
2 0.960156 0.698611 0.018750 0.000000
2 0.980469 0.699306 0.018750 0.001389
2 0.961328 0.653472 0.022656 0.001389
2 0.968750 0.673611 0.042188 0.036111
2 0.969531 0.720139 0.042188 0.040278
2 0.959766 0.654167 0.017969 0.000000
2 0.980078 0.654861 0.019531 0.001389
2 0.949219 0.654167 0.001563 0.000000
2 0.983984 0.663889 0.011719 0.016667
1 0.921094 0.683333 0.043750 0.094444
2 0.940234 0.702083 0.000781 0.026389
2 0.939844 0.661806 0.000000 0.029167
2 0.919141 0.650000 0.035156 0.002778
2 0.920703 0.702778 0.038281 0.027778
2 0.939063 0.652083 0.000000 0.009722
1 0.915234 0.699306 0.049219 0.118056
2 0.907813 0.697222 0.018750 0.000000
2 0.927734 0.713889 0.019531 0.033333
2 0.926562 0.669444 0.020313 0.033333
2 0.913281 0.672222 0.040625 0.036111
2 0.915234 0.718056 0.042969 0.038889
2 0.906250 0.652778 0.018750 0.000000
2 0.927344 0.668750 0.018750 0.031944
2 0.906250 0.654167 0.015625 0.000000
2 0.923828 0.654167 0.017969 0.000000
2 0.971094 0.920139 0.056250 0.095833
2 0.970703 0.825694 0.057031 0.106944
2 0.975781 0.762500 0.046875 0.025000
2 0.688281 0.775694 0.128125 0.081944
2 0.641016 0.802083 0.147656 0.098611
2 0.703516 0.884028 0.022656 0.095833
2 0.743750 0.846528 0.017188 0.079167
2 0.666016 0.788194 0.136719 0.090278
2 0.610938 0.818056 0.160938 0.108333
2 0.610938 0.906944 0.160938 0.105556
2 0.725000 0.863889 0.020313 0.086111
2 0.546875 0.765278 0.082812 0.033333
2 0.839453 0.701389 0.007031 0.027778
2 0.773828 0.698611 0.039844 0.016667
2 0.814453 0.698611 0.041406 0.016667
2 0.773438 0.677083 0.039062 0.029167
2 0.814453 0.677083 0.041406 0.031944
2 0.774219 0.647222 0.040625 0.030556
2 0.814453 0.648611 0.041406 0.030556
5 0.104688 0.712500 0.067187 0.013889
5 0.101172 0.722917 0.060156 0.012500
5 0.101172 0.731944 0.060156 0.013889
5 0.101172 0.741667 0.060156 0.013889
5 0.101172 0.761111 0.060156 0.013889
5 0.101172 0.751389 0.060156 0.013889
5 0.100781 0.779861 0.060937 0.015278
5 0.100781 0.770139 0.060937 0.015278
5 0.003125 0.710417 0.006250 0.001389
5 0.155078 0.734722 0.067969 0.013889
5 0.155078 0.744444 0.067969 0.013889
5 0.155078 0.764583 0.067969 0.015278
5 0.155078 0.754861 0.067969 0.015278
5 0.155078 0.783333 0.067969 0.016667
5 0.155078 0.773611 0.067969 0.016667
5 0.017188 0.715278 0.034375 0.008333
5 0.019531 0.722917 0.015625 0.006944
5 0.155078 0.725694 0.067969 0.012500
5 0.155859 0.715278 0.067969 0.013889
5 0.214844 0.738194 0.068750 0.015278
5 0.214062 0.748611 0.068750 0.013889
5 0.214062 0.769444 0.068750 0.016667
5 0.214062 0.759028 0.068750 0.015278
5 0.214062 0.788889 0.068750 0.016667
5 0.214062 0.777778 0.068750 0.016667
5 0.049219 0.718056 0.042188 0.008333
5 0.048828 0.725000 0.042969 0.008333
5 0.214844 0.729167 0.068750 0.013889
5 0.214844 0.718750 0.068750 0.015278
5 0.214844 0.659722 0.068750 0.011111
5 0.214844 0.670833 0.068750 0.011111
5 0.214844 0.690972 0.068750 0.012500
5 0.214844 0.680556 0.068750 0.011111
5 0.214844 0.710417 0.068750 0.012500
5 0.214844 0.699306 0.068750 0.012500
5 0.051562 0.712500 0.046875 0.008333
5 0.051562 0.705556 0.046875 0.008333
5 0.214844 0.650694 0.068750 0.009722
5 0.215234 0.640278 0.067969 0.011111