3 0.440625 0.870139 0.692187 0.256944
4 0.169141 0.722222 0.000781 0.000000
5 0.319141 0.709722 0.027344 0.000000
5 0.319141 0.709722 0.027344 0.000000
5 0.319141 0.709722 0.027344 0.000000
6 0.382812 0.692361 0.012500 0.031944
6 0.383984 0.700000 0.010156 0.002778
6 0.293750 0.704167 0.012500 0.011111
6 0.508594 0.763194 0.056250 0.079167
6 0.396484 0.682639 0.050781 0.054167
6 0.466406 0.763889 0.026562 0.077778
6 0.150781 0.733333 0.035937 0.019444
7 0.539844 0.740278 0.004687 0.008333
7 0.564453 0.740972 0.003906 0.006944
7 0.489063 0.740972 0.006250 0.006944
8 0.505859 0.850000 0.058594 0.063889
5 0.505078 0.825694 0.050781 0.020833
8 0.576953 0.850000 0.061719 0.063889
5 0.576562 0.825694 0.054688 0.020833
8 0.464062 0.851389 0.012500 0.063889
5 0.462109 0.827083 0.008594 0.020833
8 0.569531 0.836111 0.057813 0.058333
5 0.568359 0.811111 0.050781 0.011111
8 0.503516 0.834722 0.053906 0.055556
5 0.502734 0.811111 0.046094 0.011111
8 0.466406 0.829167 0.007812 0.041667
5 0.462109 0.810417 0.008594 0.009722
0 0.149609 0.690278 0.102344 0.119444
0 0.708984 0.673611 0.063281 0.069444
1 0.633594 0.694444 0.042188 0.027778
1 0.600000 0.722222 0.037500 0.083333
1 0.607812 0.717361 0.015625 0.073611
1 0.593359 0.719444 0.028906 0.077778
1 0.601953 0.711111 0.025781 0.061111
1 0.578516 0.715972 0.035156 0.070833
1 0.627344 0.709722 0.048438 0.058333
1 0.339453 0.699306 0.025781 0.004167
1 0.371094 0.684722 0.000000 0.008333
1 0.173437 0.704167 0.065625 0.047222
1 0.165625 0.702778 0.067187 0.044444
1 0.884766 0.845833 0.228906 0.305556
2 0.854688 0.820833 0.137500 0.161111
2 0.892969 0.960417 0.212500 0.076389
2 0.965625 0.742361 0.067187 0.004167
2 0.984375 0.745833 0.029687 0.002778
2 0.907031 0.742361 0.090625 0.004167
2 0.951562 0.822917 0.095312 0.156944
1 0.278516 0.845833 0.366406 0.305556
2 0.407031 0.948611 0.073438 0.011111
2 0.407422 0.975000 0.075781 0.047222
2 0.408984 0.827778 0.077344 0.169444
2 0.150781 0.829861 0.110937 0.170833
2 0.222656 0.971528 0.256250 0.054167
2 0.316797 0.745139 0.071094 0.004167
2 0.308203 0.831250 0.086719 0.165278
2 0.241797 0.745833 0.086719 0.002778
2 0.223828 0.831944 0.102344 0.166667
1 0.813672 0.843750 0.277344 0.309722
2 0.892188 0.731250 0.096875 0.018056
2 0.728125 0.777778 0.084375 0.108333
2 0.759766 0.913889 0.147656 0.125000
2 0.830859 0.722917 0.046094 0.001389
2 0.850781 0.732639 0.062500 0.015278
2 0.755859 0.724306 0.027344 0.001389
2 0.789062 0.777778 0.071875 0.105556
1 0.318750 0.843750 0.267188 0.309722
2 0.413281 0.732639 0.059375 0.018056
2 0.235156 0.734028 0.075000 0.018056
2 0.356250 0.733333 0.057813 0.016667
2 0.351172 0.735417 0.061719 0.015278
2 0.298828 0.725694 0.060156 0.001389
2 0.291016 0.734722 0.063281 0.016667
1 0.721875 0.816667 0.204687 0.261111
2 0.785156 0.851389 0.001563 0.000000
2 0.784375 0.717361 0.064062 0.009722
2 0.663281 0.752778 0.045312 0.080556
2 0.706250 0.856944 0.129688 0.088889
2 0.731641 0.712500 0.039844 0.000000
2 0.745703 0.718056 0.047656 0.008333
2 0.677734 0.712500 0.017969 0.000000
2 0.706250 0.718056 0.045312 0.008333
1 0.348438 0.817361 0.198437 0.262500
2 0.418750 0.717361 0.043750 0.009722
2 0.284375 0.718750 0.051562 0.009722
2 0.383594 0.718056 0.025000 0.008333
2 0.371875 0.719444 0.045312 0.008333
2 0.331641 0.713889 0.041406 0.000000
2 0.326953 0.719444 0.046094 0.008333
1 0.695703 0.804167 0.183594 0.236111
2 0.748437 0.710417 0.042188 0.001389
2 0.636719 0.744444 0.051562 0.069444
2 0.648438 0.838889 0.075000 0.075000
2 0.710547 0.709722 0.032031 0.000000
2 0.723047 0.711111 0.033594 0.000000
2 0.661719 0.709722 0.025000 0.000000
2 0.666797 0.711806 0.014844 0.001389
1 0.357031 0.704167 0.178125 0.036111
2 0.419922 0.711111 0.038281 0.002778
2 0.298047 0.711806 0.042969 0.001389
2 0.385156 0.711806 0.028125 0.001389
2 0.384375 0.713194 0.026562 0.001389
2 0.336719 0.711111 0.031250 0.000000
2 0.334375 0.711806 0.035937 0.001389
2 0.750781 0.696528 0.018750 0.023611
2 0.821094 0.703472 0.120313 0.037500