3 0.499609 0.965972 0.999219 0.065278
4 0.235156 0.891667 0.006250 0.002778
4 0.164453 0.884028 0.067969 0.195833
4 0.155469 0.864583 0.020313 0.234722
4 0.048828 0.831944 0.097656 0.300000
8 0.302734 0.914583 0.605469 0.168056
5 0.283594 0.897222 0.026562 0.013889
5 0.283594 0.897222 0.026562 0.013889
5 0.283594 0.897222 0.026562 0.013889
5 0.387109 0.879167 0.053906 0.008333
5 0.387109 0.879167 0.053906 0.008333
5 0.387109 0.879167 0.053906 0.008333
6 0.498828 0.728472 0.000781 0.020833
6 0.521875 0.859722 0.165625 0.186111
6 0.656641 0.865972 0.153906 0.265278
7 0.164844 0.930556 0.035937 0.000000
7 0.144922 0.980556 0.075781 0.002778
8 0.608984 0.962500 0.042969 0.072222
5 0.602344 0.904861 0.143750 0.040278
8 0.331641 0.929167 0.164844 0.013889
5 0.340234 0.904861 0.180469 0.043056
5 0.313672 0.892361 0.002344 0.001389
5 0.437109 0.892361 0.002344 0.001389
5 0.950781 0.893056 0.029687 0.000000
8 0.993359 0.937500 0.002344 0.013889
5 0.976953 0.893056 0.021094 0.000000
0 0.992969 0.794444 0.012500 0.308333
2 0.791406 0.911111 0.029687 0.041667
2 0.846094 0.912500 0.081250 0.044444
2 0.917188 0.913194 0.059375 0.043056
2 0.836328 0.867361 0.063281 0.026389
2 0.924609 0.863889 0.007031 0.027778
2 0.830859 0.804861 0.055469 0.020833
2 0.922266 0.798611 0.007031 0.011111
5 0.390625 0.634722 0.396875 0.130556
5 0.389844 0.706250 0.400000 0.109722
5 0.389062 0.773611 0.403125 0.100000
5 0.387891 0.849306 0.405469 0.081944
5 0.387109 0.986806 0.410156 0.023611
5 0.387500 0.931944 0.407813 0.077778
5 0.813672 0.781250 0.371094 0.093056
5 0.814063 0.852083 0.370312 0.076389
5 0.814844 0.977778 0.368750 0.041667
5 0.814453 0.931944 0.369531 0.075000
5 0.813281 0.718750 0.371875 0.101389
5 0.812891 0.652778 0.372656 0.122222