3 0.505469 0.881250 0.987500 0.234722
4 0.075391 0.924306 0.025781 0.115278
5 0.418750 0.761806 0.035937 0.009722
5 0.418750 0.761806 0.035937 0.009722
5 0.418750 0.761806 0.035937 0.009722
5 0.427734 0.748611 0.053906 0.013889
5 0.427734 0.748611 0.053906 0.013889
5 0.427734 0.748611 0.053906 0.013889
5 0.426953 0.772917 0.052344 0.009722
5 0.426953 0.772917 0.052344 0.009722
5 0.426953 0.772917 0.052344 0.009722
5 0.503516 0.772222 0.052344 0.013889
5 0.503516 0.772222 0.052344 0.013889
5 0.503516 0.772222 0.052344 0.013889
5 0.506250 0.761806 0.046875 0.015278
5 0.506250 0.761806 0.046875 0.015278
5 0.506250 0.761806 0.046875 0.015278
5 0.503125 0.750000 0.053125 0.013889
5 0.503125 0.750000 0.053125 0.013889
5 0.503125 0.750000 0.053125 0.013889
5 0.503125 0.738194 0.053125 0.015278
5 0.503125 0.738194 0.053125 0.015278
5 0.503125 0.738194 0.053125 0.015278
6 0.453516 0.815972 0.058594 0.106944
6 0.479297 0.790278 0.050781 0.094444
6 0.455469 0.728472 0.062500 0.101389
6 0.468750 0.802083 0.053125 0.101389
6 0.334375 0.895833 0.078125 0.144444
6 0.326562 0.921528 0.062500 0.154167
7 0.090625 0.940972 0.096875 0.037500
8 0.125781 0.984722 0.000000 0.000000
5 0.153125 0.990972 0.050000 0.015278
8 0.094531 0.995139 0.010937 0.006944
5 0.056250 0.988889 0.085938 0.019444
8 0.374609 0.835417 0.002344 0.009722
5 0.339844 0.829167 0.056250 0.005556
8 0.428906 0.873611 0.018750 0.055556
5 0.402734 0.850000 0.060156 0.016667
8 0.414453 0.859722 0.077344 0.052778
5 0.413672 0.838889 0.069531 0.019444
8 0.400391 0.888194 0.053906 0.059722
5 0.397266 0.865278 0.049219 0.022222
8 0.391406 0.905556 0.035937 0.063889
5 0.388281 0.882639 0.031250 0.023611
8 0.971484 0.834722 0.019531 0.044444
5 0.981641 0.818056 0.035156 0.013889
8 0.973828 0.816667 0.042969 0.025000
5 0.976953 0.806944 0.044531 0.011111
8 0.985938 0.846528 0.023438 0.048611
5 0.988281 0.829167 0.021875 0.016667
8 0.992578 0.852083 0.013281 0.037500
5 0.994141 0.839583 0.010156 0.015278
8 0.911719 0.823611 0.067187 0.044444
5 0.910547 0.804861 0.060156 0.009722
8 0.916406 0.833333 0.064062 0.047222
5 0.918750 0.815278 0.064062 0.013889
8 0.931250 0.844444 0.073438 0.050000
5 0.930078 0.823611 0.066406 0.011111
8 0.940625 0.856250 0.078125 0.051389
5 0.939844 0.838889 0.070312 0.019444
8 0.986719 0.934028 0.025000 0.079167
5 0.988672 0.908333 0.021094 0.030556
8 0.934375 0.931250 0.075000 0.081944
5 0.933594 0.906250 0.065625 0.034722
8 0.978516 0.906250 0.041406 0.070833
5 0.980078 0.881944 0.038281 0.025000
8 0.920312 0.902778 0.067187 0.069444
5 0.919531 0.878472 0.059375 0.026389
0 0.762109 0.867361 0.135156 0.262500
0 0.776172 0.820139 0.086719 0.279167
0 0.587500 0.727083 0.051562 0.159722
1 0.078125 0.727778 0.067187 0.105556
1 0.052344 0.732639 0.076563 0.109722
1 0.016406 0.727083 0.004687 0.101389
2 0.827734 0.777083 0.005469 0.045833
2 0.884375 0.777778 0.000000 0.041667
2 0.857031 0.788889 0.053125 0.050000
2 0.912500 0.784722 0.056250 0.041667
2 0.857031 0.748611 0.053125 0.047222
2 0.912500 0.750694 0.056250 0.048611
2 0.856641 0.710417 0.053906 0.045833
2 0.912109 0.710417 0.055469 0.045833
5 0.007422 0.986806 0.014844 0.023611
5 0.011719 0.998611 0.001563 0.000000
5 0.082422 0.988194 0.138281 0.020833
5 0.259766 0.995833 0.102344 0.005556
5 0.233984 0.884028 0.153906 0.048611
5 0.233984 0.907639 0.153906 0.051389
5 0.233594 0.956250 0.154688 0.056944
5 0.233984 0.931944 0.153906 0.055556
5 0.241406 0.985417 0.139063 0.026389
5 0.233594 0.973611 0.154688 0.050000
5 0.234375 0.860417 0.154688 0.048611
5 0.234375 0.835417 0.154688 0.048611