3 0.499609 0.888194 0.999219 0.220833
4 0.461719 0.777083 0.003125 0.076389
4 0.532031 0.795833 0.051562 0.105556
4 0.608984 0.804861 0.017969 0.118056
4 0.659375 0.815278 0.067187 0.133333
4 0.777344 0.829861 0.023438 0.151389
4 0.870313 0.847917 0.095312 0.179167
8 0.883203 0.868750 0.149219 0.101389
5 0.289844 0.768056 0.056250 0.011111
5 0.289844 0.768056 0.056250 0.011111
5 0.289844 0.768056 0.056250 0.011111
5 0.289844 0.756944 0.056250 0.011111
5 0.289844 0.756944 0.056250 0.011111
5 0.289844 0.756944 0.056250 0.011111
5 0.289844 0.778472 0.056250 0.009722
5 0.289844 0.778472 0.056250 0.009722
5 0.289844 0.778472 0.056250 0.009722
5 0.358594 0.777083 0.048438 0.009722
5 0.358594 0.777083 0.048438 0.009722
5 0.358594 0.777083 0.048438 0.009722
5 0.358594 0.766667 0.048438 0.011111
5 0.358594 0.766667 0.048438 0.011111
5 0.358594 0.766667 0.048438 0.011111
5 0.358594 0.755556 0.048438 0.011111
5 0.358594 0.755556 0.048438 0.011111
5 0.358594 0.755556 0.048438 0.011111
5 0.358594 0.744444 0.048438 0.011111
5 0.358594 0.744444 0.048438 0.011111
5 0.358594 0.744444 0.048438 0.011111
6 0.524609 0.746528 0.060156 0.051389
6 0.478906 0.753472 0.051562 0.068056
6 0.524609 0.685417 0.060156 0.084722
6 0.499609 0.746528 0.053906 0.051389
6 0.632422 0.777083 0.092969 0.112500
6 0.703125 0.777083 0.079687 0.112500
7 0.675000 0.929861 0.150000 0.070833
7 0.010547 0.998611 0.000781 0.000000
7 0.441016 0.853472 0.080469 0.037500
7 0.358594 0.804167 0.073438 0.019444
7 0.454688 0.828472 0.093750 0.023611
8 0.752734 0.834722 0.089844 0.047222
5 0.755859 0.802083 0.085156 0.015278
8 0.687500 0.836111 0.098437 0.069444
5 0.692187 0.806944 0.092188 0.019444
8 0.533594 0.803472 0.078125 0.048611
5 0.533984 0.782639 0.072656 0.012500
8 0.510938 0.799306 0.073438 0.045833
5 0.511719 0.779167 0.068750 0.011111
8 0.488672 0.795139 0.067969 0.040278
5 0.489453 0.777083 0.063281 0.009722
8 0.468750 0.793056 0.060937 0.041667
5 0.472266 0.774306 0.063281 0.009722
8 0.540234 0.800694 0.014844 0.015278
5 0.557422 0.772222 0.058594 0.002778
8 0.515625 0.789583 0.020313 0.037500
5 0.539844 0.770139 0.062500 0.004167
8 0.566406 0.797222 0.039062 0.044444
5 0.569141 0.774306 0.033594 0.004167
8 0.605078 0.800000 0.067969 0.044444
5 0.579297 0.781250 0.013281 0.009722
8 0.815234 0.769444 0.003906 0.000000
5 0.806641 0.755556 0.019531 0.000000
5 0.793359 0.755556 0.005469 0.000000
8 0.803906 0.779861 0.026562 0.018056
8 0.807031 0.779167 0.021875 0.019444
8 0.953516 0.790278 0.027344 0.022222
5 0.953125 0.769444 0.026562 0.002778
5 0.965625 0.765972 0.001563 0.001389
8 0.940234 0.792361 0.000781 0.018056
5 0.939844 0.766667 0.000000 0.000000
0 0.866016 0.713889 0.097656 0.183333
0 0.492188 0.708333 0.048438 0.122222
2 0.964844 0.735417 0.001563 0.001389
1 0.903906 0.710417 0.078125 0.051389
2 0.923438 0.709722 0.006250 0.027778
2 0.924609 0.738194 0.005469 0.004167
1 0.864453 0.697917 0.066406 0.023611
2 0.839453 0.702083 0.010156 0.012500
2 0.883594 0.702778 0.031250 0.013889
2 0.866797 0.702778 0.002344 0.013889
1 0.951172 0.718750 0.028906 0.068056
2 0.942969 0.738194 0.003125 0.001389
2 0.942578 0.711806 0.003906 0.020833
2 0.965234 0.745833 0.002344 0.016667
2 0.964453 0.711806 0.002344 0.020833
2 0.698047 0.763889 0.027344 0.030556
2 0.723437 0.763889 0.023438 0.030556
2 0.682422 0.732639 0.057031 0.031944
2 0.727344 0.731944 0.031250 0.030556
2 0.682422 0.701389 0.057031 0.030556
2 0.726953 0.701389 0.032031 0.030556
5 0.795312 0.751389 0.123438 0.019444
5 0.795703 0.770833 0.124219 0.019444
5 0.795703 0.787500 0.124219 0.022222
5 0.795703 0.806250 0.124219 0.023611
5 0.796484 0.843750 0.124219 0.026389
5 0.796484 0.825000 0.124219 0.025000
5 0.796875 0.878472 0.125000 0.029167
5 0.796484 0.859028 0.124219 0.029167
5 0.894922 0.785417 0.114844 0.018056
5 0.895312 0.802778 0.115625 0.022222
5 0.896094 0.835417 0.115625 0.018056
5 0.895703 0.820833 0.114844 0.022222
5 0.912109 0.873611 0.085156 0.025000
5 0.896094 0.853472 0.114062 0.026389
5 0.896484 0.769444 0.111719 0.019444
5 0.890625 0.750694 0.121875 0.018056
5 0.966406 0.781250 0.065625 0.020833
5 0.966406 0.799306 0.065625 0.020833
5 0.966797 0.833333 0.064844 0.022222
5 0.966797 0.816667 0.064844 0.022222
5 0.967187 0.865278 0.064062 0.027778
5 0.967187 0.848611 0.064062 0.025000
5 0.966406 0.767361 0.065625 0.018056
5 0.966016 0.750000 0.066406 0.016667
5 0.962500 0.650694 0.073438 0.018056
5 0.962500 0.667361 0.073438 0.018056
5 0.962891 0.702083 0.072656 0.015278
5 0.962891 0.684722 0.072656 0.016667
5 0.963281 0.734722 0.071875 0.016667
5 0.963281 0.717361 0.071875 0.015278
5 0.962500 0.635417 0.073438 0.018056
5 0.962109 0.618750 0.074219 0.020833