3 0.499609 0.829861 0.999219 0.337500
4 0.350000 0.724306 0.006250 0.051389
4 0.308984 0.744444 0.013281 0.044444
4 0.297656 0.772222 0.004687 0.061111
4 0.269922 0.793056 0.013281 0.066667
4 0.248828 0.816667 0.005469 0.072222
4 0.210938 0.839583 0.023438 0.081944
4 0.180859 0.875694 0.011719 0.084722
4 0.152344 0.904861 0.026562 0.106944
4 0.050000 0.716667 0.004687 0.050000
8 0.273047 0.843056 0.053906 0.058333
8 0.791016 0.780556 0.061719 0.044444
5 0.439453 0.656250 0.035156 0.009722
5 0.439453 0.656250 0.035156 0.009722
5 0.439453 0.656250 0.035156 0.009722
5 0.439453 0.647917 0.035156 0.009722
5 0.439453 0.647917 0.035156 0.009722
5 0.439453 0.647917 0.035156 0.009722
5 0.439453 0.663889 0.035156 0.008333
5 0.439453 0.663889 0.035156 0.008333
5 0.439453 0.663889 0.035156 0.008333
5 0.491797 0.664583 0.033594 0.006944
5 0.491797 0.664583 0.033594 0.006944
5 0.491797 0.664583 0.033594 0.006944
5 0.492578 0.657639 0.032031 0.006944
5 0.492578 0.657639 0.032031 0.006944
5 0.492578 0.657639 0.032031 0.006944
5 0.491406 0.650000 0.034375 0.008333
5 0.491406 0.650000 0.034375 0.008333
5 0.491406 0.650000 0.034375 0.008333
5 0.491406 0.640972 0.034375 0.009722
5 0.491406 0.640972 0.034375 0.009722
5 0.491406 0.640972 0.034375 0.009722
6 0.476953 0.693750 0.032031 0.062500
6 0.487109 0.675000 0.028906 0.052778
6 0.478125 0.642361 0.034375 0.059722
6 0.482812 0.685417 0.029687 0.059722
6 0.422656 0.733333 0.053125 0.072222
6 0.423438 0.747917 0.051562 0.070833
7 0.355859 0.874306 0.072656 0.029167
7 0.335156 0.904861 0.078125 0.031944
7 0.849609 0.965278 0.091406 0.036111
7 0.832422 0.926389 0.083594 0.033333
7 0.113672 0.864583 0.055469 0.037500
7 0.213281 0.788889 0.040625 0.027778
7 0.021484 0.747917 0.042969 0.018056
7 0.346875 0.719444 0.043750 0.013889
7 0.301172 0.759722 0.052344 0.013889
6 0.119141 0.997222 0.072656 0.002778
6 0.145703 0.972917 0.110156 0.051389
8 0.201172 0.968750 0.094531 0.059722
5 0.200000 0.951389 0.085938 0.033333
8 0.173828 0.983333 0.102344 0.030556
5 0.179297 0.981250 0.078906 0.034722
8 0.268750 0.916667 0.065625 0.069444
5 0.269141 0.897222 0.058594 0.033333
8 0.208594 0.908333 0.068750 0.055556
5 0.209375 0.895833 0.060937 0.033333
8 0.360156 0.800694 0.000000 0.009722
5 0.365234 0.775000 0.010156 0.005556
8 0.337891 0.795833 0.000781 0.019444
5 0.338281 0.779167 0.001563 0.013889
8 0.381250 0.736111 0.028125 0.013889
5 0.382031 0.727778 0.026562 0.011111
8 0.382031 0.729861 0.010937 0.018056
5 0.386719 0.717361 0.017188 0.006944
8 0.388281 0.738889 0.000000 0.000000
5 0.391016 0.711111 0.008594 0.005556
8 0.392188 0.706944 0.001563 0.000000
5 0.399609 0.704167 0.014844 0.005556
8 0.470703 0.724306 0.005469 0.026389
5 0.465625 0.713194 0.009375 0.006944
8 0.475000 0.718750 0.007812 0.029167
5 0.468750 0.706250 0.015625 0.006944
8 0.465625 0.733333 0.009375 0.030556
5 0.464062 0.720833 0.006250 0.008333
8 0.462500 0.734028 0.003125 0.015278
5 0.460938 0.727778 0.000000 0.005556
8 0.792578 0.702778 0.036719 0.027778
5 0.793359 0.692361 0.035156 0.006944
8 0.790625 0.696528 0.037500 0.026389
5 0.789844 0.685417 0.034375 0.004167
8 0.796875 0.706250 0.035937 0.023611
5 0.797656 0.697222 0.034375 0.005556
8 0.802344 0.712500 0.040625 0.022222
5 0.799219 0.704861 0.031250 0.009722
8 0.747266 0.693750 0.036719 0.023611
5 0.746484 0.684028 0.033594 0.004167
8 0.748437 0.702083 0.035937 0.026389
5 0.748437 0.690972 0.034375 0.006944
8 0.753125 0.705556 0.039062 0.025000
5 0.752734 0.695833 0.035156 0.005556
8 0.755078 0.711806 0.039844 0.023611
5 0.754687 0.703472 0.035937 0.009722
8 0.809766 0.752083 0.035156 0.037500
5 0.808984 0.739583 0.030469 0.015278
8 0.850781 0.753472 0.034375 0.037500
5 0.849609 0.740972 0.032031 0.015278
8 0.775391 0.750694 0.033594 0.037500
5 0.774609 0.738194 0.028906 0.015278
8 0.735938 0.749306 0.031250 0.037500
5 0.735547 0.736806 0.027344 0.015278
8 0.805078 0.729167 0.044531 0.030556
5 0.805078 0.715972 0.041406 0.006944
8 0.813672 0.736111 0.047656 0.030556
5 0.812891 0.725694 0.042969 0.009722
8 0.771484 0.737500 0.032031 0.033333
5 0.771094 0.725694 0.028125 0.012500
8 0.733984 0.735417 0.030469 0.031944
5 0.733594 0.724306 0.026562 0.012500
8 0.855469 0.813194 0.060937 0.043056
5 0.854688 0.798611 0.054688 0.016667
8 0.848437 0.799306 0.057813 0.040278
5 0.844922 0.784028 0.047656 0.012500
8 0.880469 0.868056 0.064062 0.055556
5 0.881641 0.850694 0.061719 0.023611
8 0.875000 0.849306 0.067187 0.048611
5 0.873828 0.831944 0.061719 0.016667
8 0.800000 0.863889 0.067187 0.052778
5 0.798828 0.847222 0.060156 0.022222
8 0.794141 0.843750 0.063281 0.045833
5 0.792969 0.827778 0.057813 0.016667
0 0.638672 0.762500 0.052344 0.202778
0 0.657422 0.696528 0.041406 0.151389
0 0.297656 0.966667 0.139063 0.063889
0 0.550391 0.635417 0.032031 0.104167
1 0.192188 0.636111 0.059375 0.072222
1 0.181250 0.640278 0.060937 0.075000
1 0.141797 0.636111 0.050781 0.072222
1 0.125000 0.639583 0.060937 0.073611
1 0.080078 0.631944 0.039844 0.055556
1 0.069922 0.639583 0.060156 0.073611
1 0.003516 0.620833 0.007031 0.058333
1 0.037891 0.679861 0.064844 0.093056
1 0.016406 0.678472 0.032813 0.093056
1 0.985547 0.666667 0.027344 0.091667
2 0.980078 0.676389 0.011719 0.025000
2 0.987109 0.643056 0.024219 0.025000
2 0.993750 0.649306 0.010937 0.026389
2 0.989062 0.681944 0.020313 0.030556
2 0.987500 0.645139 0.017188 0.026389
2 0.996484 0.632639 0.005469 0.001389
2 0.987109 0.647222 0.007031 0.025000
1 0.903516 0.632639 0.046094 0.026389
2 0.897656 0.631944 0.031250 0.005556
2 0.908203 0.642361 0.032031 0.015278
2 0.911719 0.687500 0.000000 0.000000
2 0.894922 0.633333 0.013281 0.005556
2 0.906641 0.631250 0.013281 0.001389
2 0.891016 0.638889 0.005469 0.011111
1 0.940234 0.688194 0.053906 0.104167
2 0.937109 0.647917 0.025781 0.001389
2 0.945703 0.669444 0.036719 0.030556
2 0.944531 0.704861 0.040625 0.037500
2 0.928516 0.649306 0.008594 0.001389
2 0.949219 0.650694 0.010937 0.001389
2 0.928516 0.662500 0.008594 0.022222
2 0.946094 0.651389 0.004687 0.000000
1 0.865234 0.661806 0.044531 0.084722
2 0.848437 0.673611 0.006250 0.025000
2 0.857031 0.640278 0.023438 0.025000
2 0.869531 0.647222 0.031250 0.025000
2 0.863281 0.677778 0.029687 0.027778
2 0.855469 0.642361 0.014063 0.023611
2 0.866016 0.630556 0.005469 0.000000
2 0.852344 0.644444 0.003125 0.025000
2 0.879297 0.632639 0.003906 0.001389
1 0.895312 0.686806 0.035937 0.101389
2 0.879297 0.684028 0.003906 0.001389
2 0.892188 0.646528 0.029687 0.001389
2 0.898828 0.668750 0.028906 0.029167
2 0.895312 0.704167 0.035937 0.036111
2 0.886328 0.662500 0.017969 0.027778
2 0.902344 0.649306 0.017188 0.001389
2 0.890234 0.664583 0.017969 0.026389
2 0.906641 0.652083 0.013281 0.001389
2 0.961328 0.833333 0.075781 0.061111
2 0.978516 0.882639 0.041406 0.079167
2 0.967578 0.940278 0.019531 0.080556
2 0.927734 0.880556 0.008594 0.052778
2 0.971094 0.859028 0.056250 0.073611
2 0.988672 0.909028 0.021094 0.084722
2 0.988672 0.962500 0.021094 0.072222
2 0.950000 0.915278 0.014063 0.069444
2 0.798047 0.810417 0.057031 0.054167
2 0.739062 0.812500 0.053125 0.063889
2 0.705078 0.664583 0.000781 0.026389
2 0.738672 0.665278 0.002344 0.027778
2 0.721484 0.673611 0.030469 0.030556
2 0.755859 0.674306 0.032031 0.031944
2 0.721484 0.648611 0.030469 0.030556
2 0.755859 0.650000 0.032031 0.030556
2 0.721484 0.624306 0.030469 0.029167
2 0.754297 0.625000 0.027344 0.030556
5 0.305469 0.770833 0.056250 0.019444
5 0.305469 0.780556 0.056250 0.019444
5 0.305469 0.789583 0.056250 0.018056
5 0.305469 0.798611 0.056250 0.019444
5 0.305469 0.817361 0.056250 0.020833
5 0.305469 0.808333 0.056250 0.019444
5 0.305859 0.835417 0.055469 0.020833
5 0.305469 0.825694 0.056250 0.020833
5 0.003906 0.730556 0.007812 0.008333
5 0.000781 0.737500 0.001563 0.005556
5 0.365625 0.791667 0.054688 0.019444
5 0.365625 0.801389 0.054688 0.019444
5 0.365625 0.819444 0.054688 0.019444
5 0.365625 0.809722 0.054688 0.019444
5 0.366016 0.836806 0.053906 0.020833
5 0.365625 0.827778 0.054688 0.019444
5 0.026172 0.732639 0.047656 0.012500
5 0.028516 0.739583 0.042969 0.009722
5 0.365625 0.783333 0.054688 0.019444
5 0.365625 0.772917 0.054688 0.020833
5 0.433984 0.793056 0.052344 0.019444
5 0.433984 0.802083 0.052344 0.020833
5 0.433984 0.821528 0.052344 0.020833
5 0.433984 0.811806 0.052344 0.020833
5 0.433984 0.839583 0.052344 0.020833
5 0.433984 0.830556 0.052344 0.019444
5 0.074219 0.734028 0.046875 0.012500
5 0.075000 0.742361 0.046875 0.012500
5 0.433984 0.784722 0.052344 0.019444
5 0.433984 0.775694 0.052344 0.018056
5 0.433594 0.721528 0.053125 0.015278
5 0.433594 0.730556 0.053125 0.016667
5 0.433984 0.749306 0.052344 0.018056
5 0.433594 0.739583 0.053125 0.018056
5 0.433984 0.766667 0.052344 0.019444
5 0.433984 0.758333 0.052344 0.016667
5 0.074219 0.728472 0.046875 0.012500
5 0.075000 0.721528 0.046875 0.012500
5 0.433594 0.712500 0.053125 0.016667
5 0.433594 0.702778 0.053125 0.016667