3 0.513281 0.908333 0.971875 0.180556
4 0.038672 0.888194 0.005469 0.023611
5 0.492578 0.825000 0.066406 0.016667
5 0.492578 0.825000 0.066406 0.016667
5 0.492578 0.825000 0.066406 0.016667
5 0.492188 0.811806 0.065625 0.015278
5 0.492188 0.811806 0.065625 0.015278
5 0.492188 0.811806 0.065625 0.015278
5 0.492578 0.836806 0.066406 0.015278
5 0.492578 0.836806 0.066406 0.015278
5 0.492578 0.836806 0.066406 0.015278
5 0.576953 0.842361 0.066406 0.015278
5 0.576953 0.842361 0.066406 0.015278
5 0.576953 0.842361 0.066406 0.015278
5 0.576953 0.829167 0.066406 0.016667
5 0.576953 0.829167 0.066406 0.016667
5 0.576953 0.829167 0.066406 0.016667
5 0.576953 0.816667 0.066406 0.016667
5 0.576953 0.816667 0.066406 0.016667
5 0.576953 0.816667 0.066406 0.016667
5 0.576953 0.800694 0.066406 0.018056
5 0.576953 0.800694 0.066406 0.018056
5 0.576953 0.800694 0.066406 0.018056
6 0.408984 0.887500 0.089844 0.133333
6 0.480469 0.859028 0.073438 0.118056
6 0.410938 0.777083 0.093750 0.123611
6 0.447656 0.871528 0.082812 0.126389
6 0.098437 0.941667 0.153125 0.113889
6 0.024219 0.954861 0.048438 0.087500
7 0.173437 0.919444 0.000000 0.000000
8 0.174609 0.967361 0.002344 0.051389
5 0.175000 0.930556 0.003125 0.019444
8 0.174219 0.919444 0.000000 0.000000
5 0.208984 0.915972 0.071094 0.018056
8 0.282813 0.906944 0.034375 0.013889
5 0.268750 0.903472 0.050000 0.018056
8 0.291406 0.952778 0.107813 0.061111
5 0.288672 0.927083 0.099219 0.026389
8 0.333594 0.941667 0.103125 0.066667
5 0.332422 0.913194 0.092969 0.026389
8 0.264844 0.975000 0.070312 0.047222
5 0.262109 0.943750 0.078906 0.031944
8 0.210156 0.985417 0.073438 0.026389
5 0.209375 0.963194 0.073438 0.034722
8 0.998437 0.897222 0.001563 0.011111
8 0.997266 0.924306 0.003906 0.040278
5 0.998828 0.913194 0.000781 0.015278
8 0.999219 0.929861 0.000000 0.001389
8 0.998047 0.956250 0.002344 0.045833
8 0.927734 0.989583 0.002344 0.004167
5 0.962109 0.991667 0.074219 0.013889
0 0.242969 0.870139 0.379688 0.256944
0 0.717578 0.852083 0.136719 0.293056
0 0.647266 0.786806 0.071094 0.195833
1 0.113281 0.776389 0.093750 0.111111
1 0.081250 0.781944 0.098437 0.119444
1 0.058594 0.767361 0.059375 0.093056
1 0.043359 0.777083 0.028906 0.109722
2 0.982031 0.880556 0.034375 0.055556
2 0.981641 0.827083 0.035156 0.054167
2 0.980859 0.771528 0.036719 0.059722