3 0.499609 0.847917 0.999219 0.301389
4 0.369531 0.717361 0.001563 0.023611
4 0.354297 0.759028 0.016406 0.065278
4 0.347266 0.808333 0.000781 0.002778
4 0.333984 0.824306 0.027344 0.004167
4 0.308984 0.814583 0.022656 0.070833
4 0.309375 0.860417 0.012500 0.106944
4 0.296484 0.889583 0.021094 0.134722
4 0.201953 0.993056 0.007031 0.011111
4 0.002344 0.737500 0.004687 0.061111
8 0.374219 0.833333 0.056250 0.058333
8 0.896484 0.755556 0.075781 0.019444
5 0.403516 0.689583 0.019531 0.006944
5 0.403516 0.689583 0.019531 0.006944
5 0.403516 0.689583 0.019531 0.006944
5 0.403516 0.679861 0.019531 0.009722
5 0.403516 0.679861 0.019531 0.009722
5 0.403516 0.679861 0.019531 0.009722
5 0.395313 0.697917 0.003125 0.006944
5 0.395313 0.697917 0.003125 0.006944
5 0.395313 0.697917 0.003125 0.006944
5 0.458984 0.695833 0.038281 0.008333
5 0.458984 0.695833 0.038281 0.008333
5 0.458984 0.695833 0.038281 0.008333
5 0.458984 0.688889 0.038281 0.008333
5 0.458984 0.688889 0.038281 0.008333
5 0.458984 0.688889 0.038281 0.008333
5 0.458984 0.679861 0.038281 0.009722
5 0.458984 0.679861 0.038281 0.009722
5 0.458984 0.679861 0.038281 0.009722
5 0.454688 0.671528 0.029687 0.009722
5 0.454688 0.671528 0.029687 0.009722
5 0.454688 0.671528 0.029687 0.009722
6 0.488281 0.709028 0.031250 0.065278
6 0.483984 0.693056 0.027344 0.052778
6 0.489453 0.651389 0.033594 0.063889
6 0.485547 0.697917 0.027344 0.054167
6 0.467578 0.731944 0.055469 0.069444
6 0.486719 0.750000 0.067187 0.088889
7 0.496875 0.861111 0.082812 0.027778
7 0.502344 0.890278 0.089063 0.033333
7 0.183984 0.865972 0.053906 0.040278
7 0.242578 0.797222 0.032031 0.027778
7 0.346875 0.737500 0.001563 0.011111
7 0.321875 0.772222 0.051562 0.016667
6 0.459766 0.968750 0.121094 0.059722
6 0.458203 0.943750 0.103906 0.104167
8 0.413672 0.952778 0.105469 0.080556
5 0.411719 0.924306 0.095312 0.026389
8 0.414453 0.974306 0.107031 0.048611
5 0.410938 0.958333 0.100000 0.038889
8 0.444141 0.896528 0.063281 0.073611
5 0.444922 0.875000 0.055469 0.033333
8 0.370703 0.901389 0.050781 0.080556
5 0.369531 0.876389 0.046875 0.033333
8 0.443359 0.794444 0.038281 0.047222
5 0.444922 0.777083 0.035156 0.018056
8 0.383984 0.794444 0.021094 0.044444
5 0.376953 0.777778 0.005469 0.011111
8 0.417187 0.750000 0.045312 0.033333
5 0.417969 0.736806 0.043750 0.009722
5 0.430078 0.728472 0.019531 0.004167
5 0.426172 0.725694 0.027344 0.009722
5 0.426172 0.718056 0.027344 0.002778
8 0.497266 0.722917 0.002344 0.001389
8 0.496875 0.720139 0.001563 0.006944
8 0.500391 0.733333 0.002344 0.013889
5 0.497266 0.727778 0.002344 0.005556
8 0.498828 0.748611 0.005469 0.030556
5 0.497266 0.736806 0.002344 0.009722
8 0.803516 0.708333 0.019531 0.011111
5 0.814844 0.702083 0.039062 0.004167
5 0.810156 0.699306 0.031250 0.006944
8 0.827344 0.716667 0.040625 0.019444
5 0.826562 0.706250 0.040625 0.006944
8 0.837500 0.719444 0.048438 0.022222
5 0.836719 0.711111 0.043750 0.008333
8 0.746875 0.706250 0.009375 0.012500
5 0.751172 0.698611 0.017969 0.005556
8 0.751563 0.706944 0.007812 0.011111
5 0.754297 0.703472 0.010156 0.006944
8 0.776172 0.707639 0.039844 0.006944
5 0.777734 0.706944 0.039844 0.008333
8 0.802344 0.718750 0.018750 0.015278
5 0.800000 0.711111 0.017188 0.008333
8 0.877734 0.744444 0.041406 0.030556
5 0.878906 0.733333 0.039062 0.011111
8 0.922656 0.743056 0.048438 0.027778
5 0.925000 0.733333 0.035937 0.011111
8 0.844922 0.745139 0.046094 0.031944
5 0.844141 0.734028 0.039844 0.012500
8 0.817187 0.750694 0.015625 0.029167
5 0.814844 0.734028 0.014063 0.012500
8 0.853125 0.731944 0.051562 0.030556
5 0.853516 0.719444 0.047656 0.008333
8 0.869531 0.738194 0.054688 0.031944
5 0.869141 0.724306 0.049219 0.009722
8 0.828125 0.739583 0.040625 0.034722
5 0.828125 0.726389 0.037500 0.011111
8 0.808594 0.732639 0.001563 0.009722
5 0.795703 0.722222 0.003906 0.002778
5 0.969141 0.759722 0.053906 0.002778
8 0.973437 0.829861 0.051562 0.054167
5 0.982422 0.812500 0.033594 0.013889
8 0.961719 0.816667 0.075000 0.050000
5 0.938672 0.795833 0.021094 0.011111
0 0.777734 0.733333 0.088281 0.216667
0 0.714844 0.691667 0.054688 0.158333
0 0.965625 0.877083 0.067187 0.243056
0 0.535547 0.654861 0.033594 0.104167
1 0.121875 0.668750 0.067187 0.081944
1 0.112500 0.671528 0.070312 0.084722
1 0.055469 0.669444 0.070312 0.080556
1 0.044531 0.672222 0.071875 0.083333
1 0.016016 0.669444 0.021094 0.080556
1 0.009375 0.672222 0.010937 0.083333
1 0.004687 0.693750 0.009375 0.095833
1 0.987109 0.638889 0.024219 0.016667
2 0.981641 0.687500 0.005469 0.000000
2 0.988281 0.643750 0.021875 0.006944
2 0.998828 0.647222 0.000781 0.008333
2 0.992188 0.689583 0.014063 0.004167
2 0.987500 0.645833 0.006250 0.008333
2 0.995313 0.646528 0.007812 0.009722
1 0.912891 0.672222 0.057031 0.080556
2 0.892578 0.675694 0.010156 0.001389
2 0.890234 0.641667 0.003906 0.000000
2 0.922656 0.645139 0.031250 0.004167
2 0.916016 0.681944 0.046094 0.011111
2 0.895312 0.642361 0.004687 0.001389
2 0.922266 0.641667 0.005469 0.000000
2 0.925781 0.641667 0.000000 0.000000
1 0.970313 0.689583 0.057813 0.101389
2 0.952344 0.688889 0.015625 0.002778
2 0.972266 0.687500 0.011719 0.000000
2 0.958203 0.649306 0.027344 0.001389
2 0.982812 0.667361 0.032813 0.029167
2 0.975391 0.706250 0.047656 0.034722
2 0.960547 0.650694 0.019531 0.001389
2 0.978516 0.650000 0.014844 0.000000
2 0.968750 0.659722 0.020313 0.016667
2 0.987891 0.651389 0.016406 0.000000
1 0.873437 0.673611 0.050000 0.083333
2 0.858203 0.688194 0.014844 0.026389
2 0.873047 0.675000 0.013281 0.000000
2 0.860156 0.652778 0.020313 0.025000
2 0.882031 0.656250 0.031250 0.026389
2 0.877344 0.690972 0.042188 0.029167
2 0.864453 0.654167 0.017969 0.025000
2 0.880859 0.641667 0.013281 0.000000
2 0.863281 0.655556 0.004687 0.025000
1 0.936328 0.689583 0.058594 0.101389
2 0.908984 0.702083 0.003906 0.029167
2 0.928125 0.687500 0.015625 0.000000
2 0.917969 0.663194 0.021875 0.029167
2 0.942969 0.667361 0.039062 0.029167
2 0.936719 0.706250 0.053125 0.034722
2 0.918359 0.663889 0.017969 0.027778
2 0.935937 0.650000 0.015625 0.000000
2 0.927734 0.665972 0.014844 0.029167
2 0.944141 0.651389 0.016406 0.000000
2 0.923828 0.792361 0.053906 0.062500
2 0.875391 0.792361 0.080469 0.062500
2 0.693750 0.677778 0.004687 0.002778
2 0.732031 0.684722 0.001563 0.000000
2 0.753906 0.694444 0.026562 0.022222
2 0.714844 0.668750 0.035937 0.029167
2 0.753516 0.670139 0.027344 0.026389
2 0.714453 0.642361 0.036719 0.029167
2 0.751172 0.642361 0.039844 0.029167
5 0.393359 0.756250 0.057031 0.018056
5 0.393359 0.767361 0.057031 0.018056
5 0.393359 0.778472 0.057031 0.015278
5 0.393359 0.789583 0.057031 0.018056
5 0.393359 0.812500 0.057031 0.016667
5 0.393359 0.800694 0.057031 0.018056
5 0.393359 0.834028 0.057031 0.018056
5 0.393359 0.820833 0.057031 0.019444
5 0.468359 0.777778 0.055469 0.016667
5 0.468359 0.788889 0.055469 0.016667
5 0.468359 0.811806 0.055469 0.018056
5 0.468359 0.800694 0.055469 0.018056
5 0.468359 0.831250 0.055469 0.020833
5 0.468359 0.820139 0.055469 0.020833
5 0.468359 0.767361 0.055469 0.018056
5 0.468359 0.755556 0.055469 0.016667
5 0.550391 0.776389 0.058594 0.016667
5 0.550391 0.788194 0.058594 0.018056
5 0.550391 0.810417 0.058594 0.018056
5 0.550391 0.799306 0.058594 0.018056
5 0.550391 0.831250 0.058594 0.020833
5 0.550391 0.819444 0.058594 0.019444
5 0.031641 0.756250 0.053906 0.012500
5 0.032422 0.765278 0.053906 0.013889
5 0.550391 0.766667 0.058594 0.016667
5 0.550391 0.755556 0.058594 0.016667
5 0.550391 0.690972 0.058594 0.015278
5 0.550391 0.702083 0.058594 0.015278
5 0.550391 0.724306 0.058594 0.015278
5 0.550391 0.713194 0.058594 0.015278
5 0.550391 0.745833 0.058594 0.016667
5 0.550391 0.734722 0.058594 0.016667
5 0.032031 0.749306 0.054688 0.012500
5 0.032813 0.742361 0.054688 0.012500
5 0.550391 0.680556 0.058594 0.013889
5 0.550391 0.669444 0.058594 0.013889