3 0.499609 0.945833 0.999219 0.105556
4 0.966016 0.923611 0.017969 0.144444
4 0.915625 0.926389 0.023438 0.144444
5 0.010547 0.915278 0.021094 0.013889
5 0.010547 0.915278 0.021094 0.013889
5 0.010547 0.915278 0.021094 0.013889
5 0.010937 0.898611 0.021875 0.019444
5 0.010937 0.898611 0.021875 0.019444
5 0.010937 0.898611 0.021875 0.019444
5 0.067187 0.911111 0.090625 0.013889
5 0.067187 0.911111 0.090625 0.013889
5 0.067187 0.911111 0.090625 0.013889
5 0.064453 0.895139 0.097656 0.020833
5 0.064453 0.895139 0.097656 0.020833
5 0.064453 0.895139 0.097656 0.020833
5 0.064844 0.875694 0.098437 0.018056
5 0.064844 0.875694 0.098437 0.018056
5 0.064844 0.875694 0.098437 0.018056
6 0.644141 0.893750 0.103906 0.131944
6 0.476953 0.890972 0.092969 0.123611
6 0.642188 0.775694 0.103125 0.129167
6 0.556250 0.892361 0.101562 0.126389
7 0.640234 0.972917 0.083594 0.040278
8 0.973047 0.948611 0.052344 0.075000
5 0.975781 0.918056 0.046875 0.019444
8 0.891016 0.946528 0.083594 0.070833
5 0.892188 0.915278 0.073438 0.019444
8 0.810547 0.945139 0.085156 0.070833
5 0.811328 0.913889 0.075781 0.019444
8 0.725000 0.941667 0.087500 0.069444
5 0.725391 0.911806 0.077344 0.018056
8 0.830469 0.936806 0.075000 0.065278
5 0.830469 0.903472 0.068750 0.006944
8 0.751172 0.934028 0.077344 0.062500
5 0.751172 0.906250 0.069531 0.015278
8 0.904687 0.938889 0.073438 0.066667
5 0.904297 0.909722 0.066406 0.016667
8 0.978906 0.938889 0.040625 0.066667
5 0.982812 0.911111 0.032813 0.016667
8 0.700000 0.898611 0.007812 0.008333
5 0.691797 0.879167 0.019531 0.000000
8 0.633594 0.902778 0.037500 0.019444
5 0.634766 0.880556 0.008594 0.005556
8 0.720313 0.893056 0.045312 0.019444
5 0.721484 0.883333 0.039844 0.008333
8 0.766797 0.891667 0.046094 0.019444
5 0.766797 0.883333 0.041406 0.008333
8 0.616797 0.900694 0.050781 0.034722
5 0.614844 0.884028 0.037500 0.006944
8 0.644531 0.900694 0.015625 0.034722
5 0.646875 0.883333 0.010937 0.000000
8 0.705469 0.900000 0.046875 0.033333
5 0.704688 0.884722 0.043750 0.008333
8 0.752344 0.896528 0.050000 0.026389
5 0.752734 0.885417 0.044531 0.009722
8 0.851953 0.893750 0.041406 0.020833
5 0.852344 0.884722 0.035937 0.008333
8 0.894531 0.894444 0.020313 0.011111
5 0.893750 0.884722 0.017188 0.008333
8 0.892188 0.896528 0.018750 0.009722
5 0.893359 0.887500 0.021094 0.008333
8 0.889062 0.894444 0.031250 0.013889
5 0.890234 0.888889 0.028906 0.008333
0 0.951562 0.825000 0.095312 0.213889
0 0.288672 0.827083 0.142969 0.212500
1 0.292187 0.634722 0.584375 0.727778
1 0.192578 0.499306 0.385156 0.998611
1 0.714453 0.850694 0.021094 0.087500
2 0.710547 0.831250 0.021094 0.026389
2 0.711719 0.866667 0.020313 0.022222
1 0.822266 0.850694 0.075781 0.090278
2 0.850391 0.829861 0.010156 0.026389
2 0.851953 0.868056 0.010156 0.025000
1 0.669141 0.841667 0.069531 0.075000
2 0.697266 0.829167 0.005469 0.027778
2 0.691406 0.866667 0.018750 0.022222
1 0.808984 0.848611 0.082031 0.094444
2 0.781250 0.855556 0.017188 0.000000
2 0.838672 0.828472 0.013281 0.029167
2 0.818750 0.870833 0.056250 0.030556
1 0.600000 0.828472 0.010937 0.054167
2 0.608203 0.855556 0.000781 0.000000
2 0.640625 0.855556 0.021875 0.000000
2 0.630469 0.843056 0.000000 0.000000
2 0.632422 0.843056 0.000781 0.000000
1 0.792578 0.847917 0.089844 0.101389
2 0.828906 0.825694 0.006250 0.031944
2 0.805859 0.872222 0.055469 0.033333
2 0.773047 0.843056 0.003906 0.000000
2 0.776953 0.843056 0.002344 0.000000
2 0.791797 0.843056 0.002344 0.000000
1 0.618359 0.847222 0.067969 0.094444
2 0.592187 0.870139 0.015625 0.026389
2 0.591797 0.827083 0.014844 0.031944
2 0.643750 0.827083 0.015625 0.031944
2 0.626953 0.871528 0.050781 0.029167
2 0.607031 0.827778 0.015625 0.030556
2 0.608203 0.843056 0.000781 0.000000
2 0.629297 0.827083 0.011719 0.031944
2 0.627344 0.843056 0.004687 0.000000
1 0.784766 0.847917 0.092969 0.104167
2 0.753125 0.871528 0.020313 0.029167
2 0.751953 0.826389 0.019531 0.033333
2 0.816797 0.825694 0.019531 0.034722
2 0.795703 0.874306 0.064844 0.034722
2 0.771484 0.825694 0.019531 0.034722
2 0.769141 0.843056 0.002344 0.000000
2 0.787109 0.825694 0.011719 0.034722
2 0.788672 0.843056 0.002344 0.000000
2 0.394141 0.893750 0.030469 0.040278
2 0.394141 0.872222 0.030469 0.000000
2 0.450000 0.894444 0.079687 0.041667
2 0.500781 0.893750 0.020313 0.040278
2 0.450000 0.854167 0.079687 0.038889
2 0.500781 0.853472 0.020313 0.037500
2 0.450391 0.812500 0.078906 0.041667
2 0.500781 0.811111 0.020313 0.033333