3 0.499609 0.811806 0.999219 0.373611
4 0.230078 0.733333 0.005469 0.044444
4 0.099219 0.794444 0.004687 0.061111
4 0.045703 0.815278 0.007031 0.075000
4 0.075000 0.688194 0.001563 0.040278
8 0.094922 0.821528 0.052344 0.054167
8 0.654297 0.799306 0.066406 0.040278
5 0.496875 0.649306 0.034375 0.009722
5 0.496875 0.649306 0.034375 0.009722
5 0.496875 0.649306 0.034375 0.009722
5 0.496484 0.640972 0.035156 0.009722
5 0.496484 0.640972 0.035156 0.009722
5 0.496484 0.640972 0.035156 0.009722
5 0.496484 0.656944 0.035156 0.008333
5 0.496484 0.656944 0.035156 0.008333
5 0.496484 0.656944 0.035156 0.008333
5 0.540625 0.661111 0.032813 0.008333
5 0.540625 0.661111 0.032813 0.008333
5 0.540625 0.661111 0.032813 0.008333
5 0.540625 0.654167 0.032813 0.008333
5 0.540625 0.654167 0.032813 0.008333
5 0.540625 0.654167 0.032813 0.008333
5 0.540625 0.645833 0.032813 0.008333
5 0.540625 0.645833 0.032813 0.008333
5 0.540625 0.645833 0.032813 0.008333
5 0.541406 0.637500 0.034375 0.011111
5 0.541406 0.637500 0.034375 0.011111
5 0.541406 0.637500 0.034375 0.011111
6 0.460547 0.688194 0.035156 0.054167
6 0.489453 0.675000 0.036719 0.058333
6 0.461328 0.638194 0.036719 0.054167
6 0.480859 0.681944 0.027344 0.061111
6 0.348828 0.728472 0.055469 0.073611
6 0.328516 0.745833 0.041406 0.080556
7 0.135547 0.860417 0.038281 0.023611
7 0.091797 0.884028 0.060156 0.031944
7 0.465625 0.988194 0.087500 0.020833
7 0.506641 0.959722 0.078906 0.041667
7 0.003906 0.821528 0.007812 0.012500
7 0.117188 0.770833 0.007812 0.013889
7 0.033984 0.716667 0.042969 0.013889
7 0.319922 0.706250 0.002344 0.009722
7 0.230078 0.743750 0.021094 0.012500
7 0.056641 0.643750 0.028906 0.004167
7 0.092969 0.640278 0.010937 0.002778
7 0.008203 0.654861 0.002344 0.006944
7 0.011328 0.649306 0.008594 0.009722
8 0.028516 0.890972 0.057031 0.059722
5 0.026172 0.870833 0.052344 0.030556
8 0.008203 0.874306 0.013281 0.040278
5 0.005078 0.857639 0.010156 0.012500
8 0.234375 0.785417 0.010937 0.009722
5 0.234766 0.772222 0.010156 0.013889
8 0.231641 0.782639 0.002344 0.009722
5 0.231250 0.763194 0.003125 0.004167
8 0.319922 0.734722 0.002344 0.019444
5 0.319531 0.720139 0.001563 0.006944
8 0.378516 0.712500 0.002344 0.002778
5 0.376563 0.711806 0.000000 0.004167
8 0.385156 0.708333 0.015625 0.008333
5 0.383203 0.706250 0.013281 0.009722
8 0.387500 0.701389 0.043750 0.008333
5 0.386328 0.699306 0.039844 0.012500
8 0.403906 0.723611 0.032813 0.027778
5 0.404687 0.708333 0.031250 0.008333
8 0.423828 0.714583 0.038281 0.023611
5 0.416016 0.701389 0.019531 0.008333
8 0.399219 0.729861 0.042188 0.029167
5 0.397266 0.717361 0.041406 0.012500
8 0.390625 0.737500 0.026562 0.030556
5 0.388672 0.725000 0.024219 0.013889
8 0.803125 0.719444 0.004687 0.025000
5 0.785156 0.707639 0.035937 0.009722
8 0.791797 0.715278 0.039844 0.027778
5 0.790234 0.702778 0.038281 0.011111
8 0.780859 0.728472 0.044531 0.029167
5 0.780078 0.715972 0.039844 0.012500
8 0.776172 0.736111 0.041406 0.030556
5 0.774609 0.723611 0.038281 0.013889
8 0.758594 0.708333 0.004687 0.013889
5 0.745703 0.698611 0.030469 0.011111
8 0.757422 0.710417 0.003906 0.015278
5 0.737500 0.703472 0.039062 0.009722
8 0.736719 0.720139 0.037500 0.020833
5 0.733984 0.711806 0.032031 0.012500
8 0.725391 0.727083 0.044531 0.020833
5 0.725000 0.718750 0.040625 0.012500
8 0.725781 0.776389 0.042188 0.038889
5 0.725000 0.760417 0.037500 0.018056
8 0.766406 0.781250 0.042188 0.040278
5 0.766016 0.766667 0.036719 0.019444
8 0.689453 0.772222 0.041406 0.038889
5 0.693750 0.757639 0.029687 0.018056
8 0.650391 0.768750 0.039844 0.031944
5 0.651563 0.752778 0.037500 0.016667
8 0.756641 0.744444 0.046094 0.025000
5 0.755859 0.736806 0.041406 0.012500
8 0.752734 0.757639 0.044531 0.034722
5 0.751563 0.747222 0.042188 0.013889
8 0.704297 0.757639 0.038281 0.034722
5 0.704688 0.743750 0.035937 0.015278
8 0.667969 0.752778 0.040625 0.033333
5 0.667969 0.739583 0.035937 0.012500
8 0.677344 0.834028 0.064062 0.029167
5 0.676562 0.829861 0.057813 0.023611
8 0.692187 0.830556 0.057813 0.038889
5 0.690234 0.814583 0.053906 0.020833
8 0.595313 0.890972 0.017188 0.034722
5 0.603516 0.883333 0.028906 0.022222
8 0.612891 0.863889 0.014844 0.016667
5 0.620703 0.863889 0.024219 0.019444
8 0.539453 0.897917 0.061719 0.048611
5 0.540625 0.874306 0.059375 0.029167
8 0.559766 0.879167 0.058594 0.047222
5 0.560937 0.856250 0.056250 0.026389
0 0.444141 0.772222 0.088281 0.200000
0 0.575000 0.706944 0.060937 0.155556
0 0.580078 0.630556 0.042969 0.094444
1 0.269922 0.619444 0.053906 0.069444
1 0.255078 0.622917 0.055469 0.070833
1 0.229297 0.617361 0.044531 0.068056
1 0.214844 0.621528 0.043750 0.068056
1 0.201172 0.609722 0.016406 0.052778
1 0.173437 0.615972 0.040625 0.065278
1 0.105078 0.600000 0.030469 0.055556
1 0.081641 0.655556 0.064844 0.083333
1 0.064062 0.654167 0.045312 0.083333
1 0.923828 0.651389 0.036719 0.033333
2 0.924609 0.645833 0.030469 0.002778
2 0.923047 0.660417 0.032031 0.015278
2 0.916406 0.648611 0.015625 0.002778
2 0.932422 0.649306 0.014844 0.001389
2 0.914453 0.650694 0.013281 0.001389
2 0.932031 0.652083 0.015625 0.001389
1 0.922266 0.715278 0.042969 0.116667
2 0.923828 0.670833 0.035156 0.005556
2 0.922266 0.695139 0.036719 0.034722
2 0.921484 0.735417 0.036719 0.040278
2 0.914062 0.673611 0.017188 0.005556
2 0.932422 0.673611 0.016406 0.002778
2 0.913281 0.675694 0.017188 0.004167
2 0.931641 0.681250 0.017969 0.012500
1 0.881641 0.682639 0.038281 0.101389
2 0.898438 0.693750 0.000000 0.023611
2 0.883203 0.656250 0.030469 0.029167
2 0.879687 0.657639 0.031250 0.015278
2 0.897656 0.697222 0.000000 0.022222
2 0.874609 0.645833 0.014844 0.002778
2 0.890625 0.659722 0.015625 0.027778
2 0.871484 0.647917 0.011719 0.001389
2 0.888281 0.649306 0.014063 0.001389
1 0.875000 0.711806 0.043750 0.115278
2 0.894531 0.722222 0.000000 0.025000
2 0.877344 0.681250 0.034375 0.031944
2 0.873047 0.690972 0.035156 0.034722
2 0.874609 0.731250 0.038281 0.040278
2 0.867578 0.669444 0.017969 0.002778
2 0.885156 0.684028 0.017188 0.029167
2 0.866406 0.672222 0.017188 0.002778
2 0.883203 0.673611 0.014844 0.002778
2 0.941797 0.965278 0.114844 0.066667
2 0.947266 0.912500 0.103906 0.069444
2 0.682031 0.886806 0.104688 0.087500
2 0.646094 0.939583 0.117188 0.104167
2 0.696484 0.981944 0.016406 0.033333
2 0.727734 0.947917 0.013281 0.076389
2 0.664844 0.911806 0.110937 0.095833
2 0.624609 0.956944 0.125781 0.083333
2 0.687109 0.997917 0.000781 0.001389
2 0.712891 0.967361 0.014844 0.062500
2 0.614062 0.838889 0.064062 0.066667
2 0.555078 0.830556 0.067969 0.063889
2 0.808594 0.677778 0.006250 0.033333
2 0.749219 0.681250 0.035937 0.026389
2 0.785937 0.686111 0.037500 0.030556
2 0.749219 0.658333 0.035937 0.030556
2 0.785937 0.660417 0.037500 0.031944
2 0.750000 0.630556 0.037500 0.033333
2 0.786328 0.633333 0.036719 0.033333
5 0.172656 0.757639 0.037500 0.018056
5 0.154297 0.769444 0.000781 0.011111
5 0.154297 0.777778 0.000781 0.011111
5 0.154297 0.785417 0.000781 0.012500
5 0.154688 0.805556 0.000000 0.008333
5 0.154688 0.796528 0.000000 0.006944
5 0.154688 0.819444 0.000000 0.002778
5 0.154688 0.813889 0.000000 0.005556
5 0.026562 0.700000 0.037500 0.008333
5 0.011719 0.705556 0.007812 0.008333
5 0.210156 0.781944 0.045312 0.019444
5 0.210156 0.790972 0.045312 0.018056
5 0.210156 0.808333 0.045312 0.019444
5 0.210156 0.800000 0.045312 0.019444
5 0.210156 0.825000 0.045312 0.019444
5 0.210156 0.816667 0.045312 0.019444
5 0.057813 0.702778 0.031250 0.011111
5 0.057813 0.709722 0.031250 0.011111
5 0.210156 0.774306 0.045312 0.018056
5 0.210547 0.763889 0.046094 0.022222
5 0.263281 0.789583 0.059375 0.018056
5 0.263281 0.798611 0.059375 0.019444
5 0.263281 0.816667 0.059375 0.019444
5 0.263281 0.807639 0.059375 0.020833
5 0.263281 0.833333 0.059375 0.019444
5 0.263281 0.824306 0.059375 0.020833
5 0.089844 0.707639 0.042188 0.009722
5 0.089453 0.713889 0.042969 0.011111
5 0.263281 0.781944 0.059375 0.019444
5 0.263281 0.772917 0.059375 0.018056
5 0.263281 0.720833 0.059375 0.016667
5 0.263281 0.730556 0.059375 0.016667
5 0.263281 0.747917 0.059375 0.018056
5 0.263281 0.738889 0.059375 0.016667
5 0.263281 0.764583 0.059375 0.018056
5 0.263281 0.756250 0.059375 0.018056
5 0.089844 0.702778 0.042188 0.011111
5 0.089453 0.695833 0.042969 0.011111
5 0.263281 0.713889 0.059375 0.016667
5 0.263281 0.702778 0.059375 0.019444