3 0.499609 0.845139 0.999219 0.306944
4 0.462891 0.739583 0.007031 0.059722
4 0.505859 0.762500 0.033594 0.072222
4 0.551562 0.777083 0.010937 0.076389
4 0.575781 0.791667 0.040625 0.083333
4 0.635547 0.811111 0.013281 0.088889
4 0.672266 0.831250 0.049219 0.101389
4 0.754297 0.859722 0.016406 0.108333
4 0.799609 0.865278 0.011719 0.091667
4 0.060156 0.759028 0.003125 0.062500
4 0.064062 0.795139 0.021875 0.087500
4 0.058203 0.809722 0.008594 0.088889
4 0.067969 0.818750 0.018750 0.070833
4 0.060937 0.824306 0.004687 0.040278
4 0.066406 0.897917 0.031250 0.134722
4 0.060547 0.981250 0.022656 0.034722
4 0.032813 0.962500 0.064062 0.072222
8 0.694531 0.834722 0.076563 0.063889
8 0.993750 0.736806 0.010937 0.006944
5 0.336719 0.696528 0.045312 0.009722
5 0.336719 0.696528 0.045312 0.009722
5 0.336719 0.696528 0.045312 0.009722
5 0.337109 0.686806 0.044531 0.009722
5 0.337109 0.686806 0.044531 0.009722
5 0.337109 0.686806 0.044531 0.009722
5 0.336719 0.704861 0.045312 0.009722
5 0.336719 0.704861 0.045312 0.009722
5 0.336719 0.704861 0.045312 0.009722
5 0.394531 0.702778 0.043750 0.008333
5 0.394531 0.702778 0.043750 0.008333
5 0.394531 0.702778 0.043750 0.008333
5 0.394531 0.694444 0.043750 0.008333
5 0.394531 0.694444 0.043750 0.008333
5 0.394531 0.694444 0.043750 0.008333
5 0.394531 0.685417 0.043750 0.009722
5 0.394531 0.685417 0.043750 0.009722
5 0.394531 0.685417 0.043750 0.009722
5 0.394531 0.675694 0.043750 0.009722
5 0.394531 0.675694 0.043750 0.009722
5 0.394531 0.675694 0.043750 0.009722
6 0.516016 0.700694 0.044531 0.045833
6 0.482031 0.695833 0.039062 0.052778
6 0.516406 0.653472 0.045312 0.065278
6 0.498828 0.697917 0.041406 0.051389
6 0.583203 0.738889 0.064844 0.083333
6 0.633594 0.745139 0.068750 0.081944
7 0.828516 0.847222 0.078906 0.025000
7 0.898438 0.877083 0.085938 0.023611
7 0.555469 0.880556 0.071875 0.044444
7 0.231641 0.959722 0.064844 0.061111
7 0.441406 0.810417 0.050000 0.029167
7 0.048828 0.802083 0.071094 0.023611
7 0.390625 0.746528 0.053125 0.015278
7 0.455469 0.780556 0.064062 0.019444
6 0.001953 0.987500 0.003906 0.022222
6 0.017188 0.911806 0.034375 0.173611
6 0.017969 0.775000 0.035937 0.180556
6 0.023438 0.717361 0.046875 0.123611
6 0.023047 0.819444 0.046094 0.122222
8 0.974219 0.934028 0.050000 0.070833
5 0.977344 0.907639 0.043750 0.031944
8 0.905469 0.886111 0.106250 0.069444
5 0.907031 0.861111 0.095312 0.033333
8 0.830859 0.884722 0.077344 0.052778
5 0.843359 0.868750 0.088281 0.034722
8 0.624219 0.778472 0.012500 0.015278
5 0.630078 0.772222 0.002344 0.008333
8 0.601953 0.797917 0.060156 0.048611
5 0.603906 0.779167 0.056250 0.019444
8 0.512891 0.754167 0.052344 0.033333
5 0.514062 0.739583 0.050000 0.012500
8 0.499219 0.748611 0.050000 0.033333
5 0.500391 0.733333 0.049219 0.011111
8 0.484766 0.743750 0.047656 0.031944
5 0.487500 0.729167 0.045312 0.011111
8 0.469141 0.738194 0.039844 0.031944
5 0.473828 0.724306 0.046094 0.009722
8 0.519531 0.740972 0.014063 0.031944
5 0.532813 0.726389 0.035937 0.008333
8 0.506250 0.724306 0.012500 0.006944
5 0.520312 0.722222 0.037500 0.008333
8 0.543359 0.740972 0.011719 0.015278
5 0.543359 0.730556 0.014844 0.008333
8 0.548828 0.753472 0.000781 0.023611
5 0.549609 0.736806 0.002344 0.006944
8 0.717187 0.704167 0.028125 0.025000
5 0.719922 0.693750 0.030469 0.006944
8 0.726562 0.707639 0.015625 0.023611
5 0.727734 0.696528 0.014844 0.006944
8 0.735156 0.697917 0.000000 0.001389
8 0.884375 0.740972 0.004687 0.004167
8 0.868750 0.735417 0.025000 0.026389
5 0.882422 0.721528 0.007031 0.001389
8 0.840625 0.736806 0.043750 0.026389
5 0.850000 0.724306 0.020313 0.004167
5 0.890234 0.709722 0.000781 0.000000
8 0.861328 0.738194 0.000781 0.001389
8 0.817969 0.729167 0.000000 0.000000
0 0.947266 0.717361 0.103906 0.195833
0 0.766797 0.679861 0.064844 0.137500
0 0.494141 0.658333 0.044531 0.108333
0 0.881250 0.845139 0.235937 0.306944
0 0.001563 0.889583 0.003125 0.031944
1 0.102734 0.890278 0.161719 0.216667
1 0.242188 0.886806 0.175000 0.223611
1 0.049219 0.681250 0.062500 0.090278
1 0.042969 0.684722 0.076563 0.094444
1 0.008984 0.722917 0.017969 0.123611
1 0.007031 0.765278 0.014063 0.169444
1 0.976172 0.661806 0.044531 0.068056
2 0.955078 0.662500 0.002344 0.000000
2 0.982031 0.637500 0.026562 0.005556
2 0.975000 0.674306 0.042188 0.020833
2 0.955078 0.644444 0.002344 0.022222
2 0.969922 0.633333 0.002344 0.000000
1 0.901953 0.651389 0.055469 0.050000
2 0.881641 0.676389 0.003906 0.000000
2 0.884375 0.638194 0.015625 0.006944
2 0.918359 0.638889 0.024219 0.005556
2 0.925000 0.675694 0.014063 0.001389
2 0.891016 0.638194 0.010156 0.006944
2 0.903125 0.634722 0.012500 0.000000
2 0.900391 0.638194 0.011719 0.004167
1 0.978125 0.668750 0.042188 0.076389
2 0.968359 0.686111 0.005469 0.025000
2 0.983203 0.673611 0.013281 0.000000
2 0.968750 0.652778 0.006250 0.025000
2 0.995703 0.655556 0.007031 0.025000
2 0.985156 0.688194 0.028125 0.026389
2 0.974609 0.653472 0.008594 0.023611
2 0.991016 0.640278 0.007031 0.000000
2 0.993359 0.654167 0.011719 0.025000
1 0.851172 0.662500 0.028906 0.066667
2 0.849609 0.649306 0.025781 0.023611
2 0.850391 0.681250 0.025781 0.026389
2 0.837891 0.636111 0.002344 0.000000
2 0.838672 0.637500 0.003906 0.000000
2 0.845313 0.637500 0.003125 0.000000
1 0.918750 0.664583 0.070312 0.065278
2 0.892578 0.677778 0.003906 0.000000
2 0.910156 0.676389 0.014063 0.000000
2 0.890625 0.642361 0.007812 0.001389
2 0.925000 0.657639 0.015625 0.026389
2 0.911328 0.679167 0.016406 0.002778
2 0.905859 0.643056 0.016406 0.000000
2 0.914453 0.643750 0.007031 0.001389
2 0.925000 0.643056 0.012500 0.000000
1 0.806641 0.659722 0.060156 0.063889
2 0.791016 0.645139 0.017969 0.018056
2 0.790625 0.676389 0.003125 0.000000
2 0.793750 0.645833 0.012500 0.016667
2 0.800391 0.647917 0.000781 0.018056
1 0.887500 0.664583 0.068750 0.062500
2 0.864453 0.686806 0.016406 0.018056
2 0.879687 0.677778 0.012500 0.000000
2 0.863672 0.655556 0.016406 0.025000
2 0.902344 0.658333 0.032813 0.027778
2 0.892969 0.690278 0.053125 0.025000
2 0.871875 0.656250 0.012500 0.026389
2 0.885938 0.643056 0.014063 0.000000
2 0.884766 0.657639 0.019531 0.026389
2 0.898438 0.644444 0.001563 0.000000
2 0.993750 0.765972 0.010937 0.051389
2 0.621875 0.687500 0.018750 0.027778
2 0.654297 0.691667 0.044531 0.027778
2 0.692187 0.691667 0.029687 0.025000
2 0.654297 0.665972 0.044531 0.026389
2 0.692187 0.666667 0.029687 0.025000
2 0.654297 0.640972 0.044531 0.026389
2 0.687500 0.640278 0.039062 0.027778
5 0.658594 0.755556 0.073438 0.019444
5 0.658594 0.768056 0.073438 0.019444
5 0.658594 0.778472 0.073438 0.018056
5 0.658594 0.788889 0.073438 0.019444
5 0.658594 0.811111 0.073438 0.022222
5 0.658594 0.801389 0.073438 0.019444
5 0.658594 0.834028 0.073438 0.020833
5 0.658594 0.822917 0.073438 0.020833
5 0.723047 0.772917 0.072656 0.018056
5 0.723047 0.784722 0.072656 0.019444
5 0.723437 0.806944 0.073438 0.019444
5 0.728125 0.795833 0.064062 0.019444
5 0.728125 0.827778 0.064062 0.019444
5 0.728125 0.815972 0.064062 0.018056
5 0.025781 0.787500 0.051562 0.019444
5 0.026562 0.795833 0.053125 0.016667
5 0.723047 0.763194 0.072656 0.018056
5 0.723047 0.751389 0.072656 0.019444
5 0.789844 0.768750 0.059375 0.018056
5 0.789844 0.779861 0.059375 0.018056
5 0.789844 0.802778 0.059375 0.016667
5 0.789844 0.790972 0.059375 0.018056
5 0.789844 0.820139 0.059375 0.012500
5 0.790234 0.810417 0.058594 0.018056
5 0.101953 0.784028 0.050781 0.015278
5 0.103516 0.793056 0.050781 0.016667
5 0.789844 0.757639 0.059375 0.012500
5 0.787500 0.746528 0.064062 0.012500
5 0.786719 0.684722 0.064062 0.013889
5 0.786719 0.694444 0.064062 0.011111
5 0.777734 0.718056 0.046094 0.013889
5 0.776953 0.706944 0.044531 0.013889
5 0.787109 0.736806 0.064844 0.012500
5 0.787109 0.727083 0.064844 0.015278
5 0.101953 0.775000 0.050781 0.016667
5 0.103516 0.765278 0.050781 0.016667
5 0.786719 0.675000 0.064062 0.013889
5 0.786719 0.663889 0.064062 0.013889