3 0.499219 0.926389 0.998437 0.144444
4 0.094531 0.889583 0.003125 0.112500
5 0.450391 0.845833 0.053906 0.013889
5 0.450391 0.845833 0.053906 0.013889
5 0.450391 0.845833 0.053906 0.013889
5 0.450391 0.832639 0.053906 0.012500
5 0.450391 0.832639 0.053906 0.012500
5 0.450391 0.832639 0.053906 0.012500
5 0.450391 0.858333 0.053906 0.011111
5 0.450391 0.858333 0.053906 0.011111
5 0.450391 0.858333 0.053906 0.011111
5 0.530859 0.859722 0.061719 0.013889
5 0.530859 0.859722 0.061719 0.013889
5 0.530859 0.859722 0.061719 0.013889
5 0.530859 0.847222 0.061719 0.013889
5 0.530859 0.847222 0.061719 0.013889
5 0.530859 0.847222 0.061719 0.013889
5 0.530859 0.834028 0.061719 0.012500
5 0.530859 0.834028 0.061719 0.012500
5 0.530859 0.834028 0.061719 0.012500
5 0.531641 0.820139 0.060156 0.012500
5 0.531641 0.820139 0.060156 0.012500
5 0.531641 0.820139 0.060156 0.012500
6 0.430859 0.859722 0.078906 0.122222
6 0.478516 0.847222 0.063281 0.105556
6 0.433203 0.751389 0.082031 0.119444
6 0.457031 0.852778 0.071875 0.113889
6 0.200781 0.898611 0.151562 0.180556
6 0.143750 0.906250 0.126562 0.184722
7 0.122266 0.911111 0.007031 0.002778
8 0.121875 0.929861 0.007812 0.054167
5 0.122656 0.894444 0.006250 0.016667
8 0.290234 0.900000 0.016406 0.050000
5 0.283594 0.876389 0.017188 0.008333
8 0.315234 0.872222 0.030469 0.005556
5 0.299609 0.870139 0.049219 0.009722
8 0.346484 0.909722 0.096094 0.063889
5 0.339844 0.881944 0.095312 0.016667
8 0.376172 0.901389 0.089844 0.061111
5 0.371094 0.875694 0.089063 0.018056
8 0.323437 0.918750 0.096875 0.068056
5 0.320312 0.888889 0.090625 0.019444
8 0.306641 0.929167 0.063281 0.075000
5 0.302734 0.897917 0.055469 0.020833
8 0.976562 0.875694 0.018750 0.034722
5 0.984375 0.861806 0.029687 0.009722
8 0.982812 0.883333 0.018750 0.038889
5 0.987891 0.866667 0.022656 0.011111
8 0.990625 0.880556 0.010937 0.025000
5 0.993750 0.871528 0.010937 0.012500
8 0.996094 0.883333 0.006250 0.019444
5 0.998047 0.877778 0.002344 0.013889
8 0.988672 0.952778 0.021094 0.091667
5 0.990625 0.917361 0.017188 0.026389
8 0.977734 0.935417 0.021094 0.081944
5 0.985156 0.901389 0.028125 0.022222
0 0.683594 0.711111 0.242188 0.575000
0 0.810156 0.811111 0.110937 0.375000
0 0.616406 0.755556 0.059375 0.119444
1 0.049609 0.806250 0.099219 0.115278
1 0.036328 0.806944 0.072656 0.119444
1 0.009766 0.804861 0.019531 0.109722
2 0.910156 0.856250 0.006250 0.048611
2 0.978516 0.844444 0.002344 0.022222
2 0.944922 0.863194 0.064844 0.054167
2 0.989453 0.845833 0.019531 0.019444
2 0.944531 0.813889 0.065625 0.050000
2 0.988672 0.814583 0.021094 0.051389
2 0.942969 0.765972 0.065625 0.048611
2 0.987891 0.765972 0.022656 0.048611