3 0.499609 0.819444 0.999219 0.358333
5 0.732031 0.827083 0.085938 0.040278
5 0.732031 0.827083 0.085938 0.040278
5 0.732031 0.827083 0.085938 0.040278
5 0.732031 0.807639 0.085938 0.045833
5 0.732031 0.807639 0.085938 0.045833
5 0.732031 0.807639 0.085938 0.045833
5 0.731250 0.842361 0.084375 0.040278
5 0.731250 0.842361 0.084375 0.040278
5 0.731250 0.842361 0.084375 0.040278
5 0.803516 0.864583 0.000781 0.001389
5 0.803516 0.864583 0.000781 0.001389
5 0.803516 0.864583 0.000781 0.001389
5 0.835156 0.858333 0.070312 0.027778
5 0.835156 0.858333 0.070312 0.027778
5 0.835156 0.858333 0.070312 0.027778
5 0.829688 0.843056 0.078125 0.038889
5 0.829688 0.843056 0.078125 0.038889
5 0.829688 0.843056 0.078125 0.038889
5 0.821484 0.823611 0.089844 0.050000
5 0.821484 0.823611 0.089844 0.050000
5 0.821484 0.823611 0.089844 0.050000
6 0.305469 0.975694 0.132812 0.045833
6 0.494531 0.937500 0.118750 0.122222
6 0.305078 0.895139 0.133594 0.198611
6 0.406250 0.949306 0.125000 0.098611
7 0.118359 0.971528 0.064844 0.054167
7 0.156250 0.671528 0.021875 0.018056
7 0.212891 0.665972 0.028906 0.018056
7 0.033594 0.687500 0.031250 0.019444
7 0.089844 0.680556 0.031250 0.019444
8 0.117578 0.990278 0.067969 0.016667
5 0.121875 0.989583 0.068750 0.018056
0 0.834375 0.861111 0.182812 0.275000
1 0.386719 0.685417 0.079687 0.134722
1 0.346094 0.692361 0.079687 0.137500
1 0.342187 0.660417 0.073438 0.109722
1 0.302344 0.673611 0.073438 0.127778
1 0.302734 0.646528 0.067969 0.101389
1 0.272656 0.658333 0.053125 0.119444
1 0.282813 0.617361 0.071875 0.095833