3 0.500000 0.865278 0.998437 0.266667
4 0.195312 0.805556 0.003125 0.041667
4 0.045703 0.788194 0.024219 0.009722
4 0.305859 0.771528 0.003906 0.051389
4 0.175781 0.770139 0.026562 0.051389
4 0.126953 0.769444 0.007031 0.050000
4 0.053516 0.763194 0.008594 0.037500
4 0.012500 0.743750 0.000000 0.001389
8 0.451562 0.739583 0.026562 0.018056
5 0.433984 0.722917 0.030469 0.006944
5 0.433984 0.722917 0.030469 0.006944
5 0.433984 0.722917 0.030469 0.006944
5 0.433984 0.715972 0.030469 0.006944
5 0.433984 0.715972 0.030469 0.006944
5 0.433984 0.715972 0.030469 0.006944
5 0.433984 0.729167 0.030469 0.005556
5 0.433984 0.729167 0.030469 0.005556
5 0.433984 0.729167 0.030469 0.005556
5 0.403125 0.730556 0.026562 0.005556
5 0.403125 0.730556 0.026562 0.005556
5 0.403125 0.730556 0.026562 0.005556
5 0.402734 0.724306 0.025781 0.004167
5 0.402734 0.724306 0.025781 0.004167
5 0.402734 0.724306 0.025781 0.004167
5 0.405078 0.709722 0.030469 0.005556
5 0.405078 0.709722 0.030469 0.005556
5 0.405078 0.709722 0.030469 0.005556
6 0.467187 0.687500 0.000000 0.033333
6 0.467187 0.711111 0.000000 0.030556
6 0.357031 0.715972 0.001563 0.037500
6 0.369922 0.715278 0.027344 0.038889
6 0.366406 0.843750 0.079687 0.106944
6 0.514062 0.845139 0.075000 0.109722
6 0.367188 0.752083 0.079687 0.101389
6 0.440234 0.844444 0.077344 0.108333
6 0.068750 0.820833 0.076563 0.080556
6 0.001953 0.787500 0.003906 0.011111
7 0.023438 0.824306 0.012500 0.012500
7 0.252344 0.788194 0.032813 0.015278
7 0.363281 0.841667 0.017188 0.025000
7 0.123047 0.839583 0.032031 0.023611
7 0.669531 0.756944 0.017188 0.008333
7 0.527344 0.756250 0.017188 0.009722
7 0.569531 0.756944 0.015625 0.011111
7 0.184375 0.753472 0.026562 0.009722
7 0.145703 0.753472 0.024219 0.009722
7 0.239063 0.754167 0.023438 0.011111
6 0.084766 0.706944 0.053906 0.058333
6 0.118750 0.704167 0.031250 0.058333
6 0.083984 0.759722 0.053906 0.058333
6 0.117969 0.756250 0.031250 0.059722
6 0.055469 0.714583 0.000000 0.001389
8 0.160938 0.848611 0.062500 0.047222
5 0.160547 0.830556 0.055469 0.016667
8 0.210938 0.850000 0.060937 0.047222
5 0.210938 0.830556 0.053125 0.013889
8 0.256641 0.850000 0.058594 0.047222
5 0.256641 0.831944 0.052344 0.016667
8 0.307422 0.851389 0.055469 0.047222
5 0.307812 0.833333 0.050000 0.016667
8 0.231250 0.864583 0.064062 0.051389
5 0.231250 0.845833 0.056250 0.019444
8 0.285547 0.865278 0.061719 0.052778
5 0.285547 0.845833 0.053906 0.019444
8 0.182422 0.863889 0.066406 0.052778
5 0.182422 0.844444 0.058594 0.019444
8 0.132031 0.863194 0.062500 0.051389
5 0.130469 0.843750 0.057813 0.018056
8 0.362891 0.989583 0.000781 0.001389
5 0.394531 0.992361 0.075000 0.012500
8 0.350781 0.994444 0.006250 0.008333
5 0.307422 0.991667 0.078906 0.013889
8 0.250781 0.992361 0.018750 0.012500
5 0.210938 0.989583 0.085938 0.018056
0 0.028125 0.812500 0.056250 0.230556
0 0.755078 0.808333 0.128906 0.238889
0 0.010937 0.723611 0.021875 0.116667
0 0.036328 0.727083 0.046094 0.123611
1 0.728516 0.748611 0.049219 0.097222
1 0.688281 0.752083 0.045312 0.104167
1 0.716016 0.744444 0.044531 0.097222
1 0.678516 0.744444 0.041406 0.097222
1 0.704688 0.731944 0.040625 0.077778
1 0.669922 0.738194 0.038281 0.090278
1 0.739453 0.725000 0.060156 0.077778
1 0.385156 0.743056 0.060937 0.091667
1 0.388281 0.741667 0.067187 0.091667
1 0.198828 0.740278 0.075781 0.091667
1 0.183984 0.744444 0.078906 0.094444
1 0.031641 0.704167 0.052344 0.036111
2 0.017188 0.713889 0.014063 0.011111
2 0.042188 0.704861 0.026562 0.020833
2 0.034766 0.701389 0.016406 0.011111
2 0.019922 0.695833 0.011719 0.000000
2 0.044531 0.701389 0.001563 0.011111
1 0.598047 0.965972 0.408594 0.065278
2 0.718359 0.995139 0.082031 0.006944
2 0.470703 0.993056 0.082031 0.011111
2 0.635938 0.995139 0.081250 0.006944
2 0.552734 0.993750 0.080469 0.009722
1 0.044141 0.963889 0.088281 0.069444
2 0.037109 0.990278 0.071094 0.016667
1 0.598047 0.940278 0.336719 0.105556
2 0.708594 0.967361 0.087500 0.059722
2 0.484375 0.964583 0.081250 0.059722
2 0.632031 0.948611 0.071875 0.025000
2 0.633203 0.973611 0.077344 0.036111
2 0.559375 0.963194 0.070312 0.056944
2 0.556641 0.976389 0.075781 0.044444
1 0.131250 0.942361 0.068750 0.112500
2 0.089063 0.963889 0.126562 0.069444
2 0.037891 0.938889 0.075781 0.019444
2 0.027344 0.963889 0.054688 0.033333
2 0.010937 0.934028 0.021875 0.012500
1 0.022266 0.690278 0.000781 0.008333
2 0.010547 0.694444 0.010156 0.000000
2 0.006250 0.695833 0.001563 0.000000
2 0.010547 0.695833 0.005469 0.000000
2 0.998047 0.988889 0.002344 0.019444
2 0.785937 0.986111 0.010937 0.025000
2 0.788672 0.943750 0.017969 0.109722
2 0.896875 0.957639 0.198437 0.081944
2 0.865625 0.856250 0.173437 0.106944
2 0.895703 0.884028 0.199219 0.126389
5 0.324609 0.751389 0.025781 0.005556
5 0.324609 0.746528 0.025781 0.004167
5 0.324609 0.736111 0.025781 0.005556
5 0.324609 0.741667 0.025781 0.005556
5 0.317578 0.778472 0.017969 0.009722
5 0.323437 0.786806 0.006250 0.006944
5 0.314844 0.784028 0.014063 0.009722
5 0.313672 0.791667 0.011719 0.008333
5 0.289453 0.790972 0.039844 0.009722
5 0.287109 0.798611 0.039844 0.008333
5 0.289453 0.784722 0.039844 0.008333
5 0.287500 0.777778 0.040625 0.011111