3 0.503125 0.905556 0.992188 0.186111
5 0.528125 0.822917 0.064062 0.015278
5 0.528125 0.822917 0.064062 0.015278
5 0.528125 0.822917 0.064062 0.015278
5 0.527734 0.809028 0.064844 0.018056
5 0.527734 0.809028 0.064844 0.018056
5 0.527734 0.809028 0.064844 0.018056
5 0.527734 0.835417 0.064844 0.015278
5 0.527734 0.835417 0.064844 0.015278
5 0.527734 0.835417 0.064844 0.015278
5 0.595313 0.840278 0.039062 0.011111
5 0.595313 0.840278 0.039062 0.011111
5 0.595313 0.840278 0.039062 0.011111
5 0.595313 0.832639 0.039062 0.006944
5 0.595313 0.832639 0.039062 0.006944
5 0.595313 0.832639 0.039062 0.006944
5 0.577344 0.816667 0.000000 0.008333
5 0.577344 0.816667 0.000000 0.008333
5 0.577344 0.816667 0.000000 0.008333
5 0.594922 0.799306 0.039844 0.015278
5 0.594922 0.799306 0.039844 0.015278
5 0.594922 0.799306 0.039844 0.015278
6 0.398828 0.872917 0.091406 0.126389
6 0.483203 0.850000 0.075781 0.113889
6 0.400391 0.768056 0.094531 0.119444
6 0.444531 0.860417 0.084375 0.120833
6 0.066797 0.924306 0.133594 0.148611
6 0.003516 0.931944 0.007031 0.116667
7 0.150391 0.900694 0.036719 0.020833
8 0.137109 0.945139 0.010156 0.056944
5 0.132812 0.916667 0.003125 0.008333
8 0.167969 0.931250 0.065625 0.056944
5 0.162500 0.905556 0.062500 0.025000
8 0.214062 0.921528 0.059375 0.059722
5 0.201953 0.895139 0.071094 0.023611
8 0.244922 0.889583 0.094531 0.015278
5 0.243750 0.884028 0.084375 0.020833
8 0.268750 0.934722 0.103125 0.066667
5 0.267578 0.904861 0.092969 0.026389
8 0.317969 0.921528 0.098437 0.062500
5 0.316406 0.894444 0.087500 0.025000
8 0.225000 0.948611 0.109375 0.069444
5 0.223438 0.918056 0.098437 0.030556
8 0.177344 0.963194 0.090625 0.070833
5 0.173047 0.933333 0.083594 0.030556
8 0.996484 0.936111 0.005469 0.025000
5 0.996484 0.921528 0.005469 0.006944
8 0.996875 0.957639 0.004687 0.034722
5 0.996484 0.938194 0.005469 0.026389
5 0.814453 0.998611 0.008594 0.000000
5 0.969531 0.991667 0.059375 0.013889
8 0.873437 0.988889 0.112500 0.019444
5 0.873047 0.982639 0.099219 0.031944
0 0.085938 0.845833 0.171875 0.305556
0 0.619141 0.843750 0.164844 0.309722
0 0.669922 0.778472 0.086719 0.184722
1 0.173437 0.775000 0.087500 0.108333
1 0.142578 0.775694 0.089844 0.106944
1 0.102734 0.777778 0.067969 0.091667
1 0.086719 0.781250 0.070312 0.095833
1 0.052734 0.769444 0.080469 0.100000
1 0.036328 0.770139 0.052344 0.101389
1 0.015234 0.759028 0.005469 0.079167
2 0.995703 0.854167 0.007031 0.002778
2 0.995313 0.825000 0.007812 0.052778
2 0.994531 0.769444 0.009375 0.058333