3 0.499609 0.840278 0.999219 0.316667
4 0.533203 0.885417 0.013281 0.093056
4 0.653516 0.950000 0.044531 0.097222
4 0.766016 0.973611 0.003906 0.050000
4 0.828516 0.997222 0.005469 0.002778
5 0.249219 0.742361 0.060937 0.020833
5 0.249219 0.742361 0.060937 0.020833
5 0.249219 0.742361 0.060937 0.020833
5 0.249219 0.730556 0.060937 0.022222
5 0.249219 0.730556 0.060937 0.022222
5 0.249219 0.730556 0.060937 0.022222
5 0.249219 0.753472 0.060937 0.020833
5 0.249219 0.753472 0.060937 0.020833
5 0.249219 0.753472 0.060937 0.020833
5 0.322266 0.745833 0.058594 0.016667
5 0.322266 0.745833 0.058594 0.016667
5 0.322266 0.745833 0.058594 0.016667
5 0.322266 0.734028 0.058594 0.020833
5 0.322266 0.734028 0.058594 0.020833
5 0.322266 0.734028 0.058594 0.020833
5 0.322266 0.724306 0.058594 0.015278
5 0.322266 0.724306 0.058594 0.015278
5 0.322266 0.724306 0.058594 0.015278
5 0.322266 0.711111 0.058594 0.019444
5 0.322266 0.711111 0.058594 0.019444
5 0.322266 0.711111 0.058594 0.019444
6 0.543359 0.789583 0.067969 0.081944
6 0.477344 0.767361 0.059375 0.090278
6 0.544141 0.715278 0.069531 0.097222
6 0.512500 0.775694 0.054688 0.090278
6 0.716016 0.879167 0.085156 0.136111
6 0.810547 0.909028 0.091406 0.145833
7 0.396094 0.872222 0.076563 0.033333
7 0.558203 0.974306 0.096094 0.048611
8 0.864844 0.981250 0.037500 0.031944
5 0.887109 0.981250 0.067969 0.034722
8 0.811719 0.990972 0.040625 0.015278
5 0.836719 0.990278 0.075000 0.016667
8 0.601562 0.901389 0.081250 0.058333
5 0.602734 0.876389 0.075781 0.030556
8 0.569141 0.878472 0.080469 0.065278
5 0.569922 0.859028 0.069531 0.029167
8 0.538281 0.868056 0.078125 0.052778
5 0.537891 0.845833 0.069531 0.027778
8 0.509766 0.852778 0.074219 0.050000
5 0.508984 0.831250 0.066406 0.023611
8 0.603125 0.848611 0.075000 0.036111
5 0.602734 0.834722 0.067969 0.025000
8 0.572656 0.829167 0.071875 0.025000
5 0.572266 0.820139 0.064844 0.023611
8 0.615625 0.868750 0.039062 0.051389
5 0.628516 0.846528 0.058594 0.026389
8 0.643750 0.881944 0.028125 0.047222
5 0.645703 0.861806 0.024219 0.018056
8 0.806641 0.740972 0.039844 0.026389
5 0.813281 0.729167 0.046875 0.011111
8 0.785937 0.734722 0.051562 0.025000
5 0.785547 0.722917 0.046094 0.012500
8 0.833984 0.748611 0.041406 0.027778
5 0.839453 0.735417 0.046094 0.012500
8 0.898828 0.747917 0.000781 0.009722
5 0.854297 0.738889 0.016406 0.002778
8 0.747266 0.742361 0.052344 0.031944
5 0.746875 0.728472 0.046875 0.012500
8 0.773438 0.750000 0.053125 0.033333
5 0.773438 0.735417 0.048438 0.012500
8 0.800391 0.756944 0.055469 0.033333
5 0.800781 0.741667 0.050000 0.013889
8 0.818750 0.765278 0.032813 0.036111
5 0.821484 0.749306 0.033594 0.015278
8 0.994141 0.795833 0.010156 0.033333
5 0.995313 0.778472 0.007812 0.004167
8 0.981250 0.800694 0.035937 0.031944
5 0.982812 0.788889 0.032813 0.019444
8 0.981250 0.818750 0.035937 0.040278
5 0.980469 0.797917 0.034375 0.020833
8 0.980859 0.772917 0.032031 0.015278
5 0.978516 0.765972 0.030469 0.015278
8 0.970703 0.794444 0.014844 0.033333
5 0.968359 0.778472 0.010156 0.009722
0 0.904687 0.758333 0.142187 0.205556
0 0.453906 0.692361 0.067187 0.145833
1 0.985547 0.645833 0.027344 0.033333
2 0.965625 0.630556 0.004687 0.000000
2 0.989453 0.648611 0.019531 0.027778
2 0.968750 0.645833 0.010937 0.025000
2 0.971094 0.632639 0.015625 0.001389
2 0.975781 0.647917 0.018750 0.026389
2 0.983594 0.634028 0.014063 0.001389
1 0.903125 0.668056 0.007812 0.083333
2 0.904297 0.636806 0.010156 0.001389
2 0.921484 0.651389 0.000781 0.016667
2 0.907031 0.702778 0.000000 0.000000
2 0.905859 0.650694 0.013281 0.023611
2 0.915234 0.638194 0.013281 0.001389
2 0.914844 0.651389 0.014063 0.022222
1 0.997656 0.673611 0.003125 0.063889
2 0.999219 0.653472 0.000000 0.001389
1 0.845703 0.679167 0.066406 0.094444
2 0.830859 0.644444 0.030469 0.005556
2 0.865625 0.663194 0.026562 0.031944
2 0.859375 0.700694 0.039062 0.031944
2 0.837109 0.647222 0.019531 0.002778
2 0.847656 0.645139 0.015625 0.001389
2 0.848047 0.648611 0.016406 0.002778
2 0.859375 0.646528 0.009375 0.001389
1 0.991797 0.710417 0.014844 0.104167
2 0.964453 0.659722 0.002344 0.000000
2 0.987891 0.682639 0.022656 0.034722
2 0.982422 0.724306 0.033594 0.037500
2 0.966406 0.662500 0.001563 0.000000
2 0.970703 0.661111 0.014844 0.002778
2 0.975000 0.665972 0.018750 0.004167
2 0.985938 0.663194 0.020313 0.001389
1 0.821875 0.685417 0.076563 0.101389
2 0.795312 0.698611 0.017188 0.030556
2 0.805469 0.684028 0.015625 0.001389
2 0.801953 0.660417 0.030469 0.031944
2 0.840234 0.666667 0.033594 0.030556
2 0.828516 0.704167 0.058594 0.036111
2 0.807422 0.663194 0.017969 0.029167
2 0.819922 0.647917 0.014844 0.001389
2 0.821484 0.665278 0.021094 0.030556
2 0.830859 0.649306 0.008594 0.001389
1 0.942969 0.706250 0.089063 0.112500
2 0.911328 0.715278 0.021094 0.019444
2 0.919922 0.704861 0.003906 0.001389
2 0.911719 0.672222 0.020313 0.022222
2 0.974609 0.686111 0.017969 0.033333
2 0.950391 0.728472 0.067969 0.040278
2 0.918750 0.681250 0.006250 0.031944
2 0.596484 0.708333 0.030469 0.038889
2 0.635156 0.717361 0.045312 0.037500
2 0.689453 0.716667 0.030469 0.033333
2 0.635156 0.686111 0.045312 0.036111
2 0.689453 0.686806 0.030469 0.031944
2 0.635156 0.654861 0.045312 0.037500
2 0.681250 0.653472 0.046875 0.037500
5 0.965625 0.987500 0.067187 0.022222
5 0.021094 0.992361 0.042188 0.012500