3 0.467969 0.829861 0.935937 0.337500
4 0.537891 0.695139 0.022656 0.040278
4 0.580078 0.697917 0.007031 0.051389
4 0.603516 0.703472 0.028906 0.056944
4 0.651563 0.711111 0.007812 0.058333
4 0.680859 0.717361 0.028906 0.062500
4 0.741797 0.727083 0.010156 0.068056
4 0.783594 0.734722 0.026562 0.063889
4 0.814844 0.930556 0.012500 0.136111
4 0.299609 0.712500 0.002344 0.019444
4 0.324219 0.724306 0.000000 0.018056
4 0.526563 0.886111 0.000000 0.002778
4 0.618359 0.864583 0.041406 0.120833
8 0.691797 0.724306 0.053906 0.037500
8 0.882812 0.673611 0.007812 0.002778
5 0.337109 0.662500 0.007031 0.005556
5 0.337109 0.662500 0.007031 0.005556
5 0.337109 0.662500 0.007031 0.005556
5 0.337109 0.655556 0.007031 0.002778
5 0.337109 0.655556 0.007031 0.002778
5 0.337109 0.655556 0.007031 0.002778
5 0.337109 0.668750 0.007031 0.006944
5 0.337109 0.668750 0.007031 0.006944
5 0.337109 0.668750 0.007031 0.006944
5 0.404297 0.666667 0.024219 0.005556
5 0.404297 0.666667 0.024219 0.005556
5 0.404297 0.666667 0.024219 0.005556
5 0.403906 0.660417 0.025000 0.006944
5 0.403906 0.660417 0.025000 0.006944
5 0.403906 0.660417 0.025000 0.006944
5 0.400391 0.653472 0.019531 0.006944
5 0.400391 0.653472 0.019531 0.006944
5 0.400391 0.653472 0.019531 0.006944
5 0.401172 0.645139 0.021094 0.006944
5 0.401172 0.645139 0.021094 0.006944
5 0.401172 0.645139 0.021094 0.006944
6 0.514062 0.654167 0.026562 0.030556
6 0.485547 0.658333 0.032031 0.044444
6 0.513672 0.618056 0.027344 0.047222
6 0.505469 0.653472 0.028125 0.031944
6 0.593750 0.677778 0.034375 0.058333
6 0.627344 0.679861 0.046875 0.056944
7 0.757031 0.733333 0.010937 0.013889
7 0.612109 0.746528 0.050781 0.020833
7 0.504687 0.719444 0.040625 0.016667
7 0.429688 0.686806 0.032813 0.004167
7 0.498828 0.709722 0.046094 0.005556
6 0.485156 0.902083 0.139063 0.193056
6 0.640625 0.896528 0.128125 0.204167
6 0.484766 0.744444 0.138281 0.208333
6 0.640234 0.733333 0.127344 0.191667
6 0.879297 0.841667 0.239844 0.313889
6 0.788281 0.986111 0.054688 0.025000
6 0.223047 0.758333 0.064844 0.111111
6 0.310547 0.737500 0.047656 0.075000
6 0.313672 0.661806 0.053906 0.101389
6 0.223438 0.665972 0.065625 0.106944
6 0.239844 0.641667 0.035937 0.072222
6 0.162500 0.648611 0.035937 0.083333
6 0.154688 0.722917 0.021875 0.087500
8 0.907813 0.754861 0.010937 0.006944
5 0.914844 0.736806 0.025000 0.006944
8 0.915234 0.756250 0.022656 0.009722
5 0.923438 0.741667 0.006250 0.000000
8 0.777734 0.747222 0.010156 0.027778
8 0.637109 0.707639 0.025781 0.029167
5 0.639062 0.692361 0.021875 0.001389
8 0.615234 0.711806 0.041406 0.029167
5 0.612500 0.697917 0.031250 0.009722
8 0.534375 0.684028 0.040625 0.006944
5 0.520312 0.680556 0.012500 0.005556
8 0.512500 0.679861 0.028125 0.006944
5 0.513281 0.677778 0.026562 0.005556
8 0.501172 0.680556 0.010156 0.008333
5 0.507031 0.673611 0.017188 0.002778
8 0.480078 0.681250 0.008594 0.009722
5 0.491016 0.673611 0.030469 0.005556
5 0.526172 0.673611 0.000781 0.000000
5 0.520312 0.670139 0.012500 0.001389
5 0.554688 0.674306 0.000000 0.001389
5 0.554688 0.677778 0.000000 0.002778
8 0.685547 0.668056 0.000781 0.000000
5 0.685937 0.653472 0.004687 0.001389
5 0.749219 0.659028 0.018750 0.001389
8 0.671094 0.664583 0.023438 0.012500
5 0.675391 0.655556 0.019531 0.005556
8 0.677734 0.664583 0.021094 0.012500
5 0.675000 0.659722 0.001563 0.000000
8 0.684766 0.664583 0.007031 0.006944
5 0.687500 0.661111 0.000000 0.000000
8 0.798828 0.683333 0.003906 0.005556
8 0.793750 0.683333 0.028125 0.008333
5 0.779687 0.666667 0.000000 0.000000
8 0.767969 0.680556 0.023438 0.013889
5 0.767969 0.669444 0.023438 0.005556
5 0.766797 0.659722 0.002344 0.000000
8 0.804688 0.673611 0.006250 0.019444
5 0.792969 0.662500 0.026562 0.002778
8 0.757031 0.680556 0.000000 0.000000
5 0.773438 0.664583 0.012500 0.001389
8 0.748437 0.677083 0.001563 0.006944
5 0.748437 0.666667 0.001563 0.000000
5 0.935937 0.676389 0.000000 0.000000
5 0.923828 0.674306 0.014844 0.001389
0 0.861328 0.652778 0.085156 0.130556
0 0.714453 0.640278 0.052344 0.108333
0 0.484766 0.627083 0.039844 0.084722
0 0.825000 0.720139 0.154688 0.245833
0 0.387109 0.769444 0.249219 0.336111
0 0.301953 0.731944 0.205469 0.269444
0 0.201172 0.692361 0.141406 0.198611
0 0.187891 0.685417 0.138281 0.187500
1 0.452734 0.748611 0.117969 0.191667
1 0.508984 0.751389 0.091406 0.186111
1 0.123438 0.647917 0.059375 0.076389
1 0.126562 0.649306 0.056250 0.076389
1 0.061719 0.650694 0.064062 0.079167
1 0.064844 0.652778 0.065625 0.080556
1 0.014844 0.651389 0.029687 0.077778
1 0.016406 0.652778 0.032813 0.080556
1 0.143359 0.668056 0.046094 0.097222
1 0.100000 0.670833 0.050000 0.102778
1 0.137109 0.690278 0.058594 0.125000
1 0.190625 0.682639 0.060937 0.109722
1 0.856641 0.625000 0.047656 0.027778
2 0.835547 0.612500 0.002344 0.002778
2 0.864453 0.611806 0.016406 0.001389
2 0.862109 0.641667 0.021094 0.011111
2 0.853516 0.620139 0.003906 0.015278
1 0.917578 0.637500 0.036719 0.063889
2 0.905859 0.647222 0.008594 0.019444
2 0.915625 0.637500 0.010937 0.000000
2 0.905469 0.621528 0.007812 0.018056
2 0.931250 0.622917 0.007812 0.018056
2 0.922656 0.648611 0.025000 0.019444
2 0.914062 0.621528 0.007812 0.018056
2 0.925000 0.622222 0.012500 0.019444
2 0.933203 0.612500 0.002344 0.000000
1 0.816016 0.624306 0.032031 0.031944
2 0.792188 0.640278 0.001563 0.000000
2 0.791406 0.611806 0.001563 0.001389
2 0.827344 0.612500 0.000000 0.002778
2 0.812109 0.640278 0.036719 0.002778
2 0.799219 0.612500 0.000000 0.000000
2 0.804688 0.611806 0.009375 0.001389
1 0.877344 0.639583 0.051562 0.065278
2 0.854688 0.644444 0.004687 0.008333
2 0.867188 0.638889 0.003125 0.000000
2 0.861328 0.622222 0.019531 0.019444
2 0.889844 0.623611 0.021875 0.019444
2 0.882812 0.650694 0.037500 0.020833
2 0.865625 0.620139 0.003125 0.012500
2 0.870703 0.619444 0.003906 0.011111
1 0.749219 0.631944 0.037500 0.052778
2 0.762500 0.622917 0.010937 0.015278
2 0.762500 0.645139 0.010937 0.015278
1 0.815625 0.627778 0.042188 0.033333
2 0.803125 0.641667 0.001563 0.000000
2 0.804297 0.613889 0.010156 0.000000
2 0.830859 0.625000 0.011719 0.019444
2 0.819141 0.643056 0.025781 0.002778
2 0.821094 0.613889 0.000000 0.000000
1 0.732422 0.629167 0.047656 0.047222
2 0.713281 0.621528 0.006250 0.018056
2 0.735156 0.622222 0.009375 0.016667
2 0.740234 0.648611 0.000781 0.008333
2 0.719531 0.621528 0.004687 0.018056
2 0.728906 0.622222 0.001563 0.016667
1 0.807813 0.638194 0.032813 0.051389
2 0.792969 0.641667 0.003125 0.000000
2 0.791406 0.613889 0.001563 0.000000
2 0.803125 0.625694 0.012500 0.020833
2 0.807031 0.653472 0.031250 0.020833
2 0.793359 0.625000 0.005469 0.019444
2 0.916016 0.692361 0.039844 0.034722
2 0.898828 0.693750 0.039844 0.034722
2 0.583203 0.647917 0.013281 0.001389
2 0.609766 0.658333 0.036719 0.019444
2 0.645703 0.661806 0.010156 0.006944
2 0.610156 0.630556 0.037500 0.011111
2 0.640234 0.634722 0.021094 0.016667
2 0.610156 0.615972 0.037500 0.020833
2 0.640234 0.615278 0.021094 0.019444
5 0.667969 0.676389 0.039062 0.011111
5 0.667969 0.684028 0.039062 0.009722
5 0.667969 0.690972 0.039062 0.009722
5 0.667969 0.700000 0.039062 0.008333
5 0.660156 0.715278 0.035937 0.008333
5 0.666406 0.706944 0.042188 0.011111
5 0.660156 0.730556 0.046875 0.011111
5 0.660156 0.721528 0.046875 0.009722
5 0.133203 0.715278 0.036719 0.011111
5 0.135156 0.719444 0.037500 0.005556
5 0.703906 0.688889 0.050000 0.011111
5 0.705078 0.696528 0.047656 0.009722
5 0.705078 0.711806 0.047656 0.009722
5 0.703906 0.704167 0.050000 0.011111
5 0.705469 0.726389 0.046875 0.011111
5 0.716406 0.718750 0.025000 0.009722
5 0.703906 0.681944 0.050000 0.008333
5 0.703516 0.674306 0.050781 0.009722
5 0.746094 0.686806 0.045312 0.009722
5 0.741016 0.694444 0.035156 0.008333
5 0.742969 0.709028 0.039062 0.009722
5 0.742969 0.702083 0.039062 0.009722
5 0.742969 0.723611 0.039062 0.011111
5 0.742969 0.715972 0.039062 0.009722
5 0.746094 0.679861 0.045312 0.009722
5 0.746094 0.672222 0.045312 0.008333
5 0.745703 0.629861 0.044531 0.006944
5 0.745703 0.636806 0.044531 0.006944
5 0.745703 0.652083 0.044531 0.006944
5 0.745703 0.644444 0.044531 0.008333
5 0.745703 0.666667 0.044531 0.008333
5 0.745703 0.658333 0.044531 0.008333
5 0.745703 0.622917 0.044531 0.006944
5 0.745703 0.614583 0.044531 0.006944