3 0.499609 0.852083 0.999219 0.293056
4 0.480859 0.964583 0.003906 0.068056
5 0.244141 0.764583 0.066406 0.023611
5 0.244141 0.764583 0.066406 0.023611
5 0.244141 0.764583 0.066406 0.023611
5 0.244141 0.751389 0.066406 0.025000
5 0.244141 0.751389 0.066406 0.025000
5 0.244141 0.751389 0.066406 0.025000
5 0.244141 0.777083 0.066406 0.023611
5 0.244141 0.777083 0.066406 0.023611
5 0.244141 0.777083 0.066406 0.023611
5 0.327344 0.766667 0.062500 0.022222
5 0.327344 0.766667 0.062500 0.022222
5 0.327344 0.766667 0.062500 0.022222
5 0.326953 0.754861 0.063281 0.023611
5 0.326953 0.754861 0.063281 0.023611
5 0.326953 0.754861 0.063281 0.023611
5 0.326953 0.742361 0.063281 0.023611
5 0.326953 0.742361 0.063281 0.023611
5 0.326953 0.742361 0.063281 0.023611
5 0.326953 0.729861 0.063281 0.023611
5 0.326953 0.729861 0.063281 0.023611
5 0.326953 0.729861 0.063281 0.023611
6 0.537500 0.852778 0.076563 0.116667
6 0.473828 0.802778 0.064844 0.097222
6 0.539062 0.758333 0.079687 0.119444
6 0.505859 0.826389 0.064844 0.116667
6 0.706641 0.950000 0.116406 0.097222
6 0.822266 0.972222 0.125781 0.052778
7 0.340625 0.949306 0.092188 0.045833
8 0.564063 0.977083 0.087500 0.043056
5 0.566016 0.977083 0.083594 0.043056
8 0.539062 0.963889 0.098437 0.069444
5 0.537891 0.948611 0.088281 0.041667
8 0.508203 0.947917 0.092969 0.079167
5 0.507422 0.925694 0.083594 0.037500
8 0.481250 0.922917 0.087500 0.073611
5 0.480859 0.901389 0.078906 0.033333
8 0.588281 0.931250 0.082812 0.054167
5 0.590234 0.911806 0.078906 0.034722
8 0.562109 0.897917 0.086719 0.048611
5 0.561328 0.888889 0.077344 0.033333
8 0.613281 0.951389 0.070312 0.072222
5 0.620313 0.933333 0.076563 0.036111
8 0.628125 0.984722 0.003125 0.027778
5 0.628125 0.959722 0.003125 0.022222
8 0.886719 0.775694 0.064062 0.023611
5 0.886328 0.766667 0.057031 0.016667
8 0.855469 0.763194 0.060937 0.018056
5 0.855469 0.756944 0.054688 0.016667
8 0.905078 0.779861 0.039844 0.015278
5 0.908594 0.776389 0.040625 0.019444
8 0.920312 0.786806 0.003125 0.004167
5 0.924609 0.786111 0.003906 0.008333
8 0.807422 0.779167 0.061719 0.038889
5 0.807031 0.763194 0.056250 0.018056
8 0.836719 0.790972 0.064062 0.040278
5 0.836719 0.772917 0.057813 0.018056
8 0.863672 0.800694 0.058594 0.043056
5 0.866797 0.783333 0.058594 0.019444
8 0.881641 0.813194 0.028906 0.043056
5 0.898438 0.795139 0.056250 0.020833
0 0.944922 0.826389 0.108594 0.261111
0 0.472656 0.714583 0.075000 0.168056
1 0.908594 0.654861 0.028125 0.015278
2 0.916797 0.662500 0.038281 0.005556
2 0.930469 0.714583 0.007812 0.001389
2 0.924219 0.665278 0.025000 0.005556
2 0.931641 0.663889 0.013281 0.002778
2 0.931641 0.668056 0.013281 0.005556
1 0.898438 0.708333 0.079687 0.116667
2 0.874609 0.725000 0.025781 0.036111
2 0.883203 0.708333 0.013281 0.002778
2 0.880469 0.680556 0.037500 0.036111
2 0.921094 0.687500 0.034375 0.030556
2 0.907031 0.732639 0.062500 0.045833
2 0.887500 0.684722 0.023438 0.036111
2 0.902734 0.666667 0.019531 0.002778
2 0.900781 0.687500 0.023438 0.036111
2 0.916406 0.669444 0.020313 0.002778
2 0.642969 0.729861 0.031250 0.048611
2 0.691797 0.744444 0.066406 0.047222
2 0.745313 0.743056 0.039062 0.038889
2 0.692187 0.709028 0.065625 0.045833
2 0.745313 0.707639 0.039062 0.037500
2 0.692578 0.672917 0.066406 0.045833
2 0.731641 0.668750 0.066406 0.045833