3 0.544531 0.943750 0.909375 0.109722
8 0.567969 0.934722 0.010937 0.019444
8 0.324609 0.963889 0.002344 0.002778
8 0.304297 0.979167 0.082031 0.038889
8 0.396484 0.960417 0.010156 0.018056
1 0.853516 0.945139 0.217969 0.106944
2 0.907813 0.959722 0.093750 0.077778
2 0.798438 0.969444 0.090625 0.058333
2 0.857031 0.938194 0.062500 0.020833
2 0.886328 0.971528 0.064844 0.054167
2 0.820312 0.944444 0.060937 0.022222
2 0.849219 0.974306 0.064062 0.048611
1 0.929297 0.928472 0.139844 0.112500
2 0.986719 0.931250 0.025000 0.068056
2 0.994531 0.872917 0.009375 0.026389
2 0.907031 0.884028 0.059375 0.029167
2 0.932813 0.933333 0.110937 0.075000
2 0.976172 0.875694 0.025781 0.029167
2 0.950391 0.879861 0.025781 0.029167
1 0.702344 0.945139 0.175000 0.106944
2 0.756641 0.970139 0.030469 0.056944
2 0.768359 0.911111 0.030469 0.036111
2 0.654687 0.926389 0.065625 0.038889
2 0.686328 0.970139 0.130469 0.056944
2 0.736719 0.916667 0.031250 0.038889
2 0.712500 0.919444 0.015625 0.033333
1 0.833594 0.907639 0.051562 0.054167
2 0.849219 0.906944 0.071875 0.050000
1 0.598437 0.958333 0.045312 0.080556
2 0.610156 0.957639 0.057813 0.076389