3 0.499609 0.803472 0.999219 0.390278
4 0.176953 0.865278 0.003906 0.066667
4 0.007031 0.823611 0.014063 0.041667
4 0.425391 0.733333 0.005469 0.063889
4 0.279687 0.718056 0.029687 0.063889
4 0.227734 0.712500 0.008594 0.061111
4 0.158594 0.705556 0.028125 0.061111
4 0.111719 0.700000 0.007812 0.058333
4 0.053906 0.693750 0.014063 0.056944
4 0.005078 0.687500 0.007031 0.055556
8 0.670312 0.640278 0.031250 0.025000
8 0.560156 0.618056 0.007812 0.016667
5 0.668359 0.602778 0.036719 0.008333
5 0.668359 0.602778 0.036719 0.008333
5 0.668359 0.602778 0.036719 0.008333
5 0.668359 0.593750 0.036719 0.009722
5 0.668359 0.593750 0.036719 0.009722
5 0.668359 0.593750 0.036719 0.009722
5 0.668359 0.609722 0.036719 0.008333
5 0.668359 0.609722 0.036719 0.008333
5 0.668359 0.609722 0.036719 0.008333
5 0.632812 0.609722 0.032813 0.008333
5 0.632812 0.609722 0.032813 0.008333
5 0.632812 0.609722 0.032813 0.008333
5 0.632812 0.602083 0.032813 0.006944
5 0.632812 0.602083 0.032813 0.006944
5 0.632812 0.602083 0.032813 0.006944
5 0.632812 0.594444 0.032813 0.008333
5 0.632812 0.594444 0.032813 0.008333
5 0.632812 0.594444 0.032813 0.008333
5 0.635547 0.585417 0.038281 0.009722
5 0.635547 0.585417 0.038281 0.009722
5 0.635547 0.585417 0.038281 0.009722
6 0.566797 0.593750 0.021094 0.048611
6 0.589453 0.590278 0.036719 0.047222
6 0.316797 0.967361 0.135156 0.062500
6 0.533594 0.977083 0.139063 0.043056
6 0.316406 0.883333 0.135937 0.191667
6 0.421094 0.968056 0.137500 0.061111
6 0.016797 0.890972 0.033594 0.109722
7 0.036328 0.829167 0.066406 0.027778
7 0.367969 0.746528 0.031250 0.029167
7 0.393359 0.925694 0.063281 0.059722
7 0.110937 0.877083 0.081250 0.048611
7 0.882812 0.695139 0.023438 0.020833
7 0.752734 0.684722 0.021094 0.019444
7 0.805469 0.688889 0.025000 0.019444
7 0.359375 0.652083 0.014063 0.015278
7 0.410156 0.656944 0.031250 0.016667
6 0.074609 0.667361 0.028906 0.065278
6 0.028516 0.677083 0.057031 0.068056
6 0.028516 0.616667 0.057031 0.066667
6 0.079297 0.609028 0.039844 0.068056
6 0.188672 0.631250 0.063281 0.076389
6 0.227344 0.620833 0.059375 0.072222
6 0.189062 0.696528 0.062500 0.076389
6 0.227734 0.681944 0.058594 0.072222
6 0.244531 0.608333 0.042188 0.050000
6 0.226953 0.606944 0.013281 0.050000
8 0.108594 0.924306 0.100000 0.056944
5 0.108984 0.909722 0.089844 0.047222
8 0.166406 0.949306 0.100000 0.084722
5 0.166406 0.921528 0.089063 0.048611
8 0.211328 0.956944 0.077344 0.044444
5 0.213672 0.931250 0.071094 0.051389
8 0.278125 0.975694 0.084375 0.045833
5 0.273047 0.957639 0.063281 0.029167
8 0.152734 0.979167 0.111719 0.038889
5 0.153125 0.972917 0.100000 0.051389
8 0.252344 0.981250 0.046875 0.034722
5 0.221094 0.980556 0.098437 0.036111
8 0.092969 0.973611 0.112500 0.050000
5 0.093359 0.965972 0.100781 0.056944
8 0.044531 0.966667 0.089063 0.063889
5 0.041797 0.952083 0.083594 0.054167
0 0.908984 0.950694 0.144531 0.095833
0 0.108594 0.641667 0.068750 0.144444
0 0.158984 0.645833 0.077344 0.147222
1 0.983594 0.756250 0.031250 0.170833
1 0.942187 0.752778 0.064062 0.172222
1 0.980078 0.722917 0.038281 0.145833
1 0.936328 0.717361 0.057031 0.143056
1 0.976562 0.697917 0.045312 0.129167
1 0.931250 0.697917 0.051562 0.137500
1 0.523438 0.699306 0.098437 0.134722
1 0.537891 0.688194 0.086719 0.129167
1 0.325000 0.669444 0.089063 0.119444
1 0.286328 0.676389 0.066406 0.116667
1 0.188281 0.611111 0.062500 0.080556
2 0.181641 0.634722 0.019531 0.025000
2 0.169922 0.625000 0.014844 0.008333
2 0.174609 0.599306 0.032031 0.026389
2 0.202734 0.581944 0.028906 0.002778
2 0.184766 0.632639 0.024219 0.029167
2 0.193359 0.596528 0.010156 0.023611
2 0.180859 0.583333 0.005469 0.000000
2 0.194531 0.582639 0.007812 0.001389
2 0.189844 0.582639 0.012500 0.001389
1 0.118359 0.600694 0.064844 0.068056
2 0.110547 0.625694 0.019531 0.018056
2 0.097656 0.619444 0.017188 0.008333
2 0.104688 0.595139 0.031250 0.026389
2 0.144141 0.579861 0.000781 0.001389
2 0.118359 0.618750 0.033594 0.012500
2 0.117188 0.593750 0.007812 0.026389
2 0.113672 0.579861 0.002344 0.001389
2 0.129688 0.579861 0.017188 0.001389
2 0.116016 0.579167 0.000781 0.000000
1 0.153906 0.600000 0.064062 0.063889
2 0.148047 0.631250 0.008594 0.023611
2 0.132031 0.625694 0.007812 0.012500
2 0.141406 0.597917 0.023438 0.026389
2 0.180078 0.580556 0.007031 0.002778
2 0.154688 0.618056 0.021875 0.005556
2 0.159766 0.585417 0.002344 0.001389
2 0.167578 0.582639 0.013281 0.001389
2 0.149609 0.580556 0.007031 0.000000
5 0.500000 0.652083 0.003125 0.001389
5 0.515625 0.646528 0.034375 0.006944
5 0.515625 0.634722 0.034375 0.011111
5 0.515625 0.640972 0.034375 0.009722
5 0.450000 0.729861 0.046875 0.020833
5 0.454297 0.740278 0.036719 0.016667
5 0.434766 0.744444 0.038281 0.022222
5 0.439453 0.754861 0.022656 0.018056
5 0.399609 0.763889 0.055469 0.019444
5 0.396484 0.773611 0.055469 0.019444
5 0.399609 0.755556 0.055469 0.019444
5 0.396484 0.745139 0.055469 0.023611