3 0.499609 0.852083 0.999219 0.293056
5 0.042969 0.929861 0.085938 0.048611
5 0.042969 0.929861 0.085938 0.048611
5 0.042969 0.929861 0.085938 0.048611
5 0.042969 0.911806 0.085938 0.048611
5 0.042969 0.911806 0.085938 0.048611
5 0.042969 0.911806 0.085938 0.048611
5 0.042969 0.893056 0.085938 0.047222
5 0.042969 0.893056 0.085938 0.047222
5 0.042969 0.893056 0.085938 0.047222
5 0.042969 0.871528 0.085938 0.048611
5 0.042969 0.871528 0.085938 0.048611
5 0.042969 0.871528 0.085938 0.048611
6 0.654687 0.936806 0.104688 0.123611
6 0.473828 0.922222 0.103906 0.152778
6 0.654297 0.825000 0.105469 0.144444
6 0.561328 0.927083 0.103906 0.143056
7 0.989844 0.743056 0.018750 0.019444
7 0.937891 0.740972 0.013281 0.018056
8 0.857031 0.984028 0.065625 0.029167
5 0.853516 0.984028 0.064844 0.029167
8 0.768359 0.978472 0.077344 0.040278
5 0.769141 0.977778 0.067969 0.041667
8 0.931641 0.988194 0.067969 0.020833
5 0.931641 0.988194 0.061719 0.020833
8 0.987500 0.994444 0.004687 0.008333
5 0.994922 0.994444 0.008594 0.008333
8 0.657422 0.796528 0.033594 0.031944
5 0.658984 0.778472 0.030469 0.018056
8 0.619531 0.790972 0.046875 0.034722
5 0.619922 0.774306 0.041406 0.018056
8 0.719922 0.797222 0.016406 0.044444
5 0.714063 0.781250 0.023438 0.018056
8 0.751563 0.800694 0.045312 0.048611
5 0.752344 0.784028 0.040625 0.018056
8 0.601953 0.805556 0.050781 0.047222
5 0.601953 0.788889 0.044531 0.019444
8 0.648438 0.808333 0.050000 0.050000
5 0.648828 0.793056 0.044531 0.019444
8 0.691016 0.812500 0.049219 0.044444
5 0.691406 0.796528 0.043750 0.018056
8 0.740625 0.817361 0.048438 0.051389
5 0.741016 0.801389 0.042969 0.022222
5 0.979688 0.806944 0.023438 0.011111
8 0.949219 0.791667 0.001563 0.005556
5 0.969531 0.795833 0.039062 0.011111
5 0.985547 0.819444 0.019531 0.013889
5 0.988672 0.832639 0.016406 0.012500
8 0.839063 0.809722 0.040625 0.050000
5 0.839453 0.795139 0.035156 0.020833
8 0.890234 0.801389 0.039844 0.025000
5 0.891406 0.796528 0.035937 0.018056
8 0.883984 0.827778 0.024219 0.047222
5 0.891016 0.810417 0.033594 0.015278
8 0.885938 0.841667 0.037500 0.050000
5 0.887891 0.825694 0.036719 0.020833
0 0.950781 0.800694 0.096875 0.229167
0 0.276953 0.800694 0.163281 0.226389
1 0.628906 0.644444 0.007812 0.019444
2 0.637500 0.650000 0.020313 0.011111
2 0.673828 0.652778 0.000781 0.008333
2 0.673438 0.693750 0.001563 0.004167
2 0.650781 0.650694 0.015625 0.009722
2 0.654687 0.645139 0.012500 0.001389
2 0.666016 0.652083 0.016406 0.009722
2 0.667969 0.645833 0.012500 0.000000
1 0.794922 0.688194 0.072656 0.098611
2 0.770703 0.654861 0.017969 0.012500
2 0.819141 0.666667 0.016406 0.030556
2 0.824609 0.704861 0.005469 0.031944
2 0.779687 0.656250 0.003125 0.009722
2 0.788281 0.650694 0.015625 0.001389
2 0.803125 0.657639 0.015625 0.009722
2 0.803906 0.650694 0.015625 0.001389
1 0.637500 0.696528 0.073438 0.104167
2 0.615234 0.662500 0.022656 0.013889
2 0.663672 0.673611 0.021094 0.033333
2 0.660937 0.714583 0.026562 0.034722
2 0.629687 0.664583 0.018750 0.012500
2 0.633203 0.656250 0.016406 0.001389
2 0.645703 0.664583 0.017969 0.012500
2 0.650391 0.657639 0.016406 0.001389
1 0.784766 0.704167 0.078906 0.108333
2 0.758594 0.668750 0.020313 0.015278
2 0.811719 0.681250 0.018750 0.034722
2 0.817578 0.722917 0.007031 0.034722
2 0.773828 0.670139 0.014844 0.012500
2 0.775000 0.662500 0.012500 0.000000
2 0.798828 0.671528 0.007031 0.012500
2 0.799219 0.663194 0.007812 0.001389
1 0.613281 0.712500 0.084375 0.111111
2 0.586719 0.672917 0.025000 0.006944
2 0.640234 0.690278 0.024219 0.036111
2 0.644531 0.734722 0.015625 0.038889
2 0.601953 0.674306 0.019531 0.004167
2 0.607422 0.671528 0.017969 0.001389
2 0.619922 0.675694 0.019531 0.004167
2 0.624219 0.672222 0.018750 0.002778
1 0.772266 0.724306 0.086719 0.120833
2 0.743359 0.679861 0.022656 0.006944
2 0.802734 0.697917 0.014844 0.037500
2 0.809375 0.747917 0.001563 0.034722
2 0.761719 0.681944 0.020313 0.005556
2 0.764844 0.678472 0.018750 0.001389
2 0.776172 0.682639 0.010156 0.004167
2 0.776953 0.678472 0.007031 0.001389
1 0.605469 0.719444 0.079687 0.111111
2 0.574219 0.741667 0.017188 0.036111
2 0.575781 0.722222 0.018750 0.002778
2 0.576172 0.694444 0.021094 0.038889
2 0.628906 0.698611 0.025000 0.038889
2 0.610938 0.743056 0.062500 0.041667
2 0.589063 0.697222 0.020313 0.036111
2 0.594922 0.677778 0.017969 0.002778
2 0.608594 0.698611 0.021875 0.036111
2 0.613281 0.678472 0.020313 0.001389
1 0.766406 0.734028 0.090625 0.126389
2 0.735547 0.752083 0.021094 0.037500
2 0.737500 0.731944 0.020313 0.002778
2 0.735938 0.703472 0.023438 0.040278
2 0.801172 0.706944 0.011719 0.041667
2 0.776953 0.754167 0.063281 0.044444
2 0.755078 0.706250 0.021094 0.037500
2 0.757812 0.686111 0.020313 0.002778
2 0.773047 0.706250 0.016406 0.037500
2 0.774609 0.686111 0.013281 0.002778
2 0.356250 0.786111 0.064062 0.055556
2 0.369531 0.754861 0.037500 0.012500
2 0.429688 0.795139 0.081250 0.051389
2 0.480859 0.782639 0.019531 0.048611
2 0.429688 0.753472 0.081250 0.048611
2 0.480859 0.743056 0.019531 0.047222
2 0.429688 0.711111 0.081250 0.052778
2 0.451953 0.701389 0.077344 0.050000