3 0.499609 0.839583 0.999219 0.318056
4 0.246875 0.687500 0.010937 0.041667
4 0.166406 0.694444 0.003125 0.044444
4 0.126172 0.704861 0.010156 0.062500
4 0.014453 0.716667 0.003906 0.072222
8 0.132031 0.722222 0.067187 0.038889
5 0.535547 0.686806 0.035156 0.006944
5 0.535547 0.686806 0.035156 0.006944
5 0.535547 0.686806 0.035156 0.006944
5 0.523438 0.679861 0.012500 0.006944
5 0.523438 0.679861 0.012500 0.006944
5 0.523438 0.679861 0.012500 0.006944
5 0.535547 0.671528 0.035156 0.006944
5 0.535547 0.671528 0.035156 0.006944
5 0.535547 0.671528 0.035156 0.006944
5 0.535156 0.663889 0.035937 0.005556
5 0.535156 0.663889 0.035937 0.005556
5 0.535156 0.663889 0.035937 0.005556
6 0.454688 0.678472 0.025000 0.054167
6 0.506641 0.650000 0.000781 0.000000
6 0.461328 0.628472 0.038281 0.054167
6 0.369531 0.685417 0.040625 0.062500
6 0.353516 0.677778 0.008594 0.044444
7 0.186328 0.740972 0.066406 0.018056
7 0.135547 0.747222 0.067969 0.022222
7 0.532422 0.774306 0.088281 0.023611
7 0.563281 0.764583 0.076563 0.023611
7 0.442188 0.809028 0.110937 0.031944
7 0.483203 0.793056 0.092969 0.027778
7 0.277734 0.869444 0.146094 0.044444
7 0.354297 0.843750 0.132031 0.040278
7 0.011328 0.731250 0.022656 0.015278
7 0.153516 0.711806 0.042969 0.009722
7 0.032813 0.702083 0.043750 0.012500
7 0.248438 0.709028 0.023438 0.001389
7 0.039062 0.681250 0.031250 0.006944
7 0.053906 0.681944 0.001563 0.005556
7 0.013281 0.683333 0.015625 0.008333
6 0.042969 0.906250 0.085938 0.184722
6 0.238281 0.823611 0.167187 0.225000
6 0.440625 0.852778 0.170313 0.272222
8 0.060937 0.741667 0.076563 0.044444
5 0.060547 0.722917 0.067969 0.012500
8 0.026562 0.742361 0.053125 0.040278
5 0.025000 0.721528 0.050000 0.012500
8 0.259766 0.710417 0.025781 0.020833
5 0.264453 0.700000 0.035156 0.005556
8 0.248438 0.709722 0.003125 0.000000
5 0.226562 0.700000 0.020313 0.002778
8 0.393750 0.706250 0.003125 0.004167
5 0.392969 0.683333 0.006250 0.000000
8 0.402344 0.704861 0.000000 0.001389
5 0.400391 0.682639 0.021094 0.001389
8 0.421094 0.697917 0.039062 0.026389
5 0.419141 0.686111 0.036719 0.005556
8 0.432031 0.696528 0.035937 0.023611
5 0.433203 0.684722 0.035156 0.005556
8 0.409375 0.699306 0.040625 0.026389
5 0.408203 0.687500 0.036719 0.005556
8 0.401953 0.702083 0.024219 0.026389
5 0.400391 0.689583 0.021094 0.006944
8 0.797656 0.696528 0.015625 0.023611
5 0.792578 0.683333 0.021094 0.002778
8 0.805078 0.695139 0.008594 0.023611
5 0.794531 0.683333 0.025000 0.005556
8 0.794922 0.697917 0.017969 0.023611
5 0.791797 0.686111 0.019531 0.005556
8 0.792578 0.700694 0.013281 0.026389
5 0.789453 0.688889 0.014844 0.005556
8 0.790234 0.711806 0.016406 0.031944
5 0.789062 0.697222 0.014063 0.008333
8 0.783984 0.703472 0.003906 0.026389
5 0.782422 0.689583 0.000781 0.001389
8 0.782813 0.699306 0.001563 0.015278
8 0.588281 0.740278 0.070312 0.041667
5 0.594531 0.721528 0.050000 0.012500
8 0.600781 0.736806 0.057813 0.037500
5 0.601172 0.717361 0.057031 0.009722
8 0.064453 0.961111 0.128906 0.075000
5 0.056641 0.944444 0.111719 0.075000
8 0.224219 0.975000 0.281250 0.047222
5 0.221484 0.963194 0.252344 0.070833
8 0.327344 0.953472 0.237500 0.090278
5 0.325000 0.925000 0.214062 0.072222
8 0.120703 0.943056 0.225781 0.111111
5 0.117188 0.902083 0.204687 0.062500
0 0.477734 0.660417 0.078906 0.173611
0 0.592969 0.641667 0.046875 0.113889
0 0.571875 0.642361 0.035937 0.093056
1 0.258594 0.649306 0.054688 0.054167
1 0.244531 0.655556 0.054688 0.066667
1 0.214844 0.653472 0.048438 0.059722
1 0.193750 0.651389 0.048438 0.058333
1 0.162891 0.653472 0.042969 0.062500
1 0.152734 0.654167 0.055469 0.063889
1 0.099609 0.652083 0.036719 0.056944
1 0.076953 0.656944 0.064844 0.072222
1 0.042188 0.656250 0.053125 0.070833
1 0.917969 0.664583 0.035937 0.087500
2 0.926562 0.665278 0.012500 0.000000
2 0.902734 0.643056 0.000781 0.025000
2 0.917578 0.679167 0.030469 0.027778
1 0.923828 0.669444 0.041406 0.100000
2 0.916797 0.669444 0.010156 0.000000
2 0.931250 0.669444 0.015625 0.000000
2 0.923438 0.645139 0.035937 0.029167
2 0.924219 0.685417 0.035937 0.031944
2 0.915234 0.659722 0.013281 0.000000
2 0.931641 0.659722 0.013281 0.000000
1 0.876172 0.664583 0.035156 0.087500
2 0.876172 0.665972 0.030469 0.001389
1 0.876953 0.668750 0.039844 0.098611
2 0.876172 0.645139 0.035156 0.029167
2 0.876953 0.685417 0.035156 0.031944
2 0.893750 0.633333 0.000000 0.005556
2 0.893750 0.641667 0.000000 0.019444
2 0.946484 0.756250 0.003906 0.059722
2 0.973828 0.773611 0.050781 0.069444
2 0.973437 0.707639 0.051562 0.068056
2 0.971484 0.697917 0.055469 0.056944
2 0.734375 0.695139 0.093750 0.056944
2 0.710547 0.703472 0.110156 0.065278
2 0.761719 0.764583 0.009375 0.065278
2 0.778516 0.749306 0.007031 0.056944
2 0.722656 0.698611 0.103125 0.061111
2 0.696875 0.707639 0.118750 0.070833
2 0.697266 0.772917 0.119531 0.070833
2 0.770312 0.756944 0.007812 0.061111
2 0.620313 0.723611 0.018750 0.047222
2 0.587109 0.722917 0.064844 0.048611
2 0.800000 0.675694 0.004687 0.009722
2 0.789453 0.677083 0.014844 0.006944
2 0.743359 0.656250 0.035156 0.018056
2 0.779297 0.660417 0.035156 0.026389
2 0.743359 0.634722 0.035156 0.025000
2 0.779297 0.634722 0.035156 0.025000
5 0.187891 0.672917 0.057031 0.009722
5 0.187500 0.681944 0.057813 0.008333
5 0.187500 0.689583 0.057813 0.009722
5 0.187500 0.697917 0.057813 0.009722
5 0.187500 0.715278 0.057813 0.011111
5 0.187500 0.706944 0.057813 0.008333
5 0.191016 0.720139 0.050781 0.004167
5 0.021094 0.695139 0.031250 0.006944
5 0.008594 0.701389 0.006250 0.005556
5 0.235547 0.690278 0.055469 0.008333
5 0.235547 0.699306 0.055469 0.009722
5 0.226562 0.716667 0.037500 0.011111
5 0.235937 0.707639 0.056250 0.009722
5 0.242969 0.736806 0.039062 0.004167
5 0.234766 0.721528 0.055469 0.004167
5 0.042578 0.696528 0.024219 0.006944
5 0.052734 0.701389 0.003906 0.002778
5 0.235547 0.682639 0.055469 0.009722
5 0.235547 0.673611 0.055469 0.008333
5 0.292969 0.691667 0.057813 0.008333
5 0.292969 0.700694 0.057813 0.009722
5 0.271094 0.721528 0.015625 0.001389
5 0.292969 0.709028 0.057813 0.006944
5 0.292578 0.735417 0.058594 0.012500
5 0.301563 0.728472 0.040625 0.006944
5 0.089063 0.697222 0.042188 0.005556
5 0.089063 0.703472 0.042188 0.006944
5 0.292969 0.684028 0.057813 0.009722
5 0.292969 0.675000 0.057813 0.008333
5 0.292969 0.622917 0.057813 0.006944
5 0.292969 0.632639 0.057813 0.006944
5 0.292969 0.650000 0.057813 0.008333
5 0.292969 0.640972 0.057813 0.006944
5 0.292969 0.666667 0.057813 0.008333
5 0.292969 0.658333 0.057813 0.008333
5 0.096094 0.691667 0.029687 0.005556
5 0.095703 0.685417 0.028906 0.006944
5 0.292969 0.615278 0.057813 0.008333
5 0.293750 0.606250 0.057813 0.006944