3 0.499609 0.818750 0.999219 0.359722
4 0.314063 0.686111 0.000000 0.044444
4 0.239453 0.691667 0.000781 0.030556
4 0.162109 0.690972 0.008594 0.004167
4 0.119141 0.728472 0.007031 0.056944
4 0.006641 0.752083 0.005469 0.062500
4 0.112500 0.660417 0.001563 0.020833
4 0.028906 0.684028 0.017188 0.045833
8 0.121094 0.747222 0.054688 0.041667
8 0.608203 0.730556 0.061719 0.016667
5 0.507422 0.652778 0.035156 0.008333
5 0.507422 0.652778 0.035156 0.008333
5 0.507422 0.652778 0.035156 0.008333
5 0.507422 0.645139 0.035156 0.009722
5 0.507422 0.645139 0.035156 0.009722
5 0.507422 0.645139 0.035156 0.009722
5 0.507422 0.659028 0.035156 0.006944
5 0.507422 0.659028 0.035156 0.006944
5 0.507422 0.659028 0.035156 0.006944
5 0.542578 0.661806 0.010156 0.004167
5 0.542578 0.661806 0.010156 0.004167
5 0.542578 0.661806 0.010156 0.004167
5 0.542969 0.655556 0.010937 0.005556
5 0.542969 0.655556 0.010937 0.005556
5 0.542969 0.655556 0.010937 0.005556
5 0.546094 0.647917 0.025000 0.006944
5 0.546094 0.647917 0.025000 0.006944
5 0.546094 0.647917 0.025000 0.006944
5 0.546094 0.640278 0.025000 0.008333
5 0.546094 0.640278 0.025000 0.008333
5 0.546094 0.640278 0.025000 0.008333
6 0.457422 0.672222 0.038281 0.052778
6 0.491406 0.659722 0.028125 0.044444
6 0.458203 0.626389 0.039844 0.052778
6 0.474219 0.668056 0.032813 0.052778
6 0.348828 0.691667 0.049219 0.058333
6 0.319922 0.701389 0.021094 0.066667
7 0.155078 0.770833 0.057031 0.022222
7 0.115234 0.784028 0.042969 0.023611
7 0.400000 0.849306 0.071875 0.029167
7 0.433594 0.829167 0.062500 0.027778
7 0.273438 0.910417 0.090625 0.040278
7 0.331250 0.880556 0.084375 0.033333
7 0.075000 0.993056 0.096875 0.011111
7 0.160156 0.965278 0.103125 0.050000
7 0.019141 0.748611 0.038281 0.013889
7 0.145703 0.721528 0.017969 0.015278
7 0.093750 0.693056 0.000000 0.002778
7 0.273047 0.709722 0.010156 0.008333
7 0.107422 0.646528 0.027344 0.006944
7 0.130078 0.643750 0.024219 0.006944
7 0.034375 0.654861 0.006250 0.006944
6 0.022656 0.951389 0.045312 0.094444
6 0.119531 0.962500 0.157812 0.072222
8 0.024609 0.786806 0.041406 0.037500
5 0.026562 0.767361 0.039062 0.018056
8 0.018359 0.775000 0.036719 0.033333
5 0.016406 0.762500 0.032813 0.016667
8 0.249609 0.732639 0.039844 0.023611
5 0.250000 0.718056 0.039062 0.008333
5 0.226172 0.713194 0.010156 0.006944
8 0.323047 0.699306 0.000781 0.012500
5 0.323047 0.689583 0.000781 0.004167
8 0.378125 0.695833 0.004687 0.022222
5 0.376563 0.684722 0.004687 0.002778
8 0.382812 0.693056 0.006250 0.019444
5 0.382422 0.680556 0.016406 0.005556
8 0.398828 0.679861 0.003906 0.001389
5 0.390625 0.677083 0.032813 0.006944
5 0.411328 0.683333 0.028906 0.005556
8 0.445312 0.683333 0.003125 0.008333
5 0.426172 0.680556 0.036719 0.005556
8 0.393359 0.698611 0.035156 0.022222
5 0.392578 0.688194 0.032031 0.009722
8 0.387500 0.704167 0.026562 0.025000
5 0.385937 0.692361 0.023438 0.009722
8 0.757422 0.697917 0.041406 0.023611
5 0.757031 0.686806 0.037500 0.006944
8 0.766016 0.694444 0.039844 0.025000
5 0.765234 0.683333 0.036719 0.008333
8 0.756250 0.702083 0.032813 0.026389
5 0.751953 0.690972 0.036719 0.009722
8 0.745313 0.707639 0.037500 0.026389
5 0.742969 0.695139 0.037500 0.009722
8 0.724609 0.682639 0.039844 0.006944
5 0.724219 0.680556 0.035937 0.008333
8 0.717578 0.685417 0.036719 0.004167
5 0.712109 0.682639 0.032031 0.004167
8 0.708594 0.696528 0.039062 0.020833
5 0.707812 0.686806 0.037500 0.006944
8 0.700781 0.697917 0.034375 0.015278
5 0.700391 0.691667 0.033594 0.008333
8 0.683984 0.729167 0.041406 0.033333
5 0.687109 0.715972 0.030469 0.012500
8 0.719922 0.732639 0.041406 0.031944
5 0.719922 0.718750 0.036719 0.012500
8 0.652734 0.725694 0.041406 0.029167
5 0.649609 0.713194 0.030469 0.012500
8 0.621094 0.722222 0.037500 0.027778
5 0.619531 0.710417 0.034375 0.012500
8 0.723047 0.714583 0.039844 0.026389
5 0.720703 0.703472 0.039844 0.009722
8 0.713281 0.720139 0.045312 0.026389
5 0.712891 0.707639 0.041406 0.009722
8 0.670703 0.718056 0.039844 0.027778
5 0.670703 0.705556 0.035156 0.008333
8 0.637891 0.715972 0.039844 0.029167
5 0.637891 0.704167 0.035156 0.011111
8 0.644922 0.765972 0.005469 0.031944
5 0.642969 0.752778 0.001563 0.008333
8 0.652734 0.761111 0.021094 0.036111
5 0.637500 0.745139 0.043750 0.015278
8 0.460156 0.790972 0.009375 0.034722
5 0.474219 0.772222 0.032813 0.013889
8 0.480469 0.764583 0.003125 0.001389
5 0.493359 0.762500 0.024219 0.008333
0 0.920703 0.842361 0.157031 0.290278
0 0.412500 0.702083 0.085938 0.168056
0 0.553125 0.668750 0.056250 0.134722
0 0.581250 0.629861 0.045312 0.093056
1 0.299219 0.625000 0.050000 0.061111
1 0.282813 0.627778 0.046875 0.063889
1 0.261719 0.619444 0.043750 0.052778
1 0.243750 0.625694 0.050000 0.059722
1 0.228516 0.618056 0.033594 0.050000
1 0.204297 0.625000 0.047656 0.061111
1 0.159766 0.613889 0.044531 0.052778
1 0.122266 0.643750 0.057031 0.070833
1 0.110156 0.638889 0.032813 0.063889
1 0.001953 0.658333 0.003906 0.077778
1 0.014844 0.659722 0.029687 0.080556
1 0.986719 0.635417 0.025000 0.020833
2 0.989062 0.635417 0.020313 0.001389
2 0.987500 0.643056 0.023438 0.008333
2 0.989453 0.636806 0.007031 0.001389
2 0.994531 0.637500 0.001563 0.000000
2 0.984766 0.638194 0.014844 0.001389
2 0.996094 0.638889 0.006250 0.000000
1 0.983984 0.688889 0.030469 0.105556
2 0.991406 0.688889 0.000000 0.000000
2 0.993750 0.688889 0.003125 0.000000
2 0.987109 0.647917 0.024219 0.001389
2 0.985156 0.668056 0.028125 0.030556
2 0.985156 0.707639 0.028125 0.037500
2 0.976953 0.648611 0.005469 0.000000
2 0.997266 0.650000 0.003906 0.000000
2 0.981250 0.651389 0.017188 0.000000
2 0.994922 0.652083 0.008594 0.001389
1 0.891406 0.668056 0.040625 0.091667
2 0.904687 0.678472 0.009375 0.023611
2 0.894922 0.643750 0.028906 0.026389
2 0.888281 0.648611 0.029687 0.027778
2 0.901953 0.683333 0.011719 0.030556
2 0.887109 0.632639 0.008594 0.001389
2 0.900000 0.645833 0.015625 0.025000
2 0.883203 0.634028 0.013281 0.001389
2 0.898438 0.647222 0.015625 0.025000
1 0.877344 0.683333 0.045312 0.102778
2 0.876172 0.681944 0.003906 0.000000
2 0.896094 0.695833 0.003125 0.027778
2 0.881250 0.657639 0.032813 0.029167
2 0.874609 0.662500 0.035156 0.030556
2 0.876563 0.700000 0.039062 0.036111
2 0.876172 0.644444 0.007031 0.000000
2 0.888281 0.659028 0.015625 0.029167
2 0.868750 0.646528 0.017188 0.001389
2 0.884766 0.660417 0.017969 0.029167
1 0.851953 0.631944 0.039844 0.022222
2 0.856250 0.635417 0.028125 0.012500
2 0.848047 0.640278 0.028906 0.013889
2 0.857422 0.681250 0.010156 0.009722
2 0.850391 0.631250 0.003906 0.001389
2 0.861328 0.636806 0.014844 0.009722
2 0.844141 0.631944 0.014844 0.000000
2 0.859766 0.636806 0.013281 0.009722
1 0.833984 0.681250 0.046094 0.101389
2 0.828516 0.679167 0.003906 0.000000
2 0.852734 0.692361 0.003906 0.026389
2 0.839453 0.654861 0.030469 0.029167
2 0.830469 0.660417 0.034375 0.029167
2 0.833203 0.697222 0.039844 0.036111
2 0.823438 0.641667 0.003125 0.000000
2 0.847656 0.657639 0.010937 0.029167
2 0.824609 0.644444 0.016406 0.000000
2 0.841797 0.659028 0.016406 0.029167
2 0.855469 0.848611 0.021875 0.066667
2 0.788672 0.886111 0.111719 0.075000
2 0.788672 0.822222 0.111719 0.083333
2 0.816406 0.791667 0.100000 0.072222
2 0.594531 0.769444 0.093750 0.063889
2 0.547266 0.793750 0.103906 0.073611
2 0.587500 0.851389 0.023438 0.066667
2 0.631641 0.820833 0.019531 0.058333
2 0.571875 0.781250 0.098437 0.068056
2 0.519922 0.808333 0.110156 0.077778
2 0.519922 0.868750 0.110156 0.070833
2 0.610547 0.835417 0.021094 0.062500
2 0.545703 0.745139 0.038281 0.018056
2 0.512109 0.747917 0.066406 0.031944
2 0.794531 0.671528 0.009375 0.029167
2 0.734375 0.672222 0.032813 0.019444
2 0.770312 0.676389 0.037500 0.027778
2 0.734375 0.650694 0.032813 0.026389
2 0.770312 0.651389 0.037500 0.027778
2 0.737109 0.625000 0.038281 0.027778
2 0.770312 0.626389 0.037500 0.027778
5 0.173437 0.697917 0.051562 0.012500
5 0.171094 0.706250 0.046875 0.012500
5 0.171094 0.713194 0.046875 0.012500
5 0.170703 0.720139 0.046094 0.012500
5 0.171484 0.736111 0.046094 0.013889
5 0.171094 0.728472 0.046875 0.012500
5 0.170313 0.750000 0.045312 0.013889
5 0.166797 0.742361 0.038281 0.012500
5 0.212500 0.716667 0.051562 0.013889
5 0.212500 0.724306 0.051562 0.012500
5 0.212500 0.740278 0.051562 0.013889
5 0.212500 0.731944 0.051562 0.013889
5 0.212500 0.754167 0.051562 0.013889
5 0.212500 0.747222 0.051562 0.013889
5 0.102344 0.681944 0.017188 0.008333
5 0.102344 0.687500 0.017188 0.008333
5 0.212500 0.710417 0.051562 0.012500
5 0.212500 0.701389 0.051562 0.013889
5 0.258203 0.720833 0.052344 0.013889
5 0.258203 0.729167 0.052344 0.013889
5 0.258203 0.744444 0.052344 0.013889
5 0.258203 0.737500 0.052344 0.013889
5 0.258203 0.759722 0.052344 0.013889
5 0.258203 0.752778 0.052344 0.013889
5 0.125391 0.684722 0.038281 0.008333
5 0.124609 0.690972 0.038281 0.006944
5 0.258203 0.713889 0.052344 0.013889
5 0.258203 0.706250 0.052344 0.012500
5 0.258203 0.659722 0.052344 0.011111
5 0.258203 0.668056 0.052344 0.011111
5 0.258203 0.684028 0.052344 0.012500
5 0.258203 0.676389 0.052344 0.011111
5 0.258203 0.699306 0.052344 0.012500
5 0.258203 0.690972 0.052344 0.012500
5 0.125391 0.680556 0.038281 0.008333
5 0.124609 0.675000 0.038281 0.008333
5 0.258203 0.653472 0.052344 0.009722
5 0.258203 0.645139 0.052344 0.012500