3 0.346484 0.931250 0.692969 0.134722
4 0.261328 0.928472 0.014844 0.140278
4 0.213672 0.944444 0.055469 0.108333
4 0.213281 0.963194 0.010937 0.070833
4 0.137500 0.983333 0.089063 0.030556
5 0.310547 0.852083 0.063281 0.015278
5 0.310547 0.852083 0.063281 0.015278
5 0.310547 0.852083 0.063281 0.015278
5 0.310547 0.838194 0.063281 0.015278
5 0.310547 0.838194 0.063281 0.015278
5 0.310547 0.838194 0.063281 0.015278
5 0.310547 0.865278 0.063281 0.013889
5 0.310547 0.865278 0.063281 0.013889
5 0.310547 0.865278 0.063281 0.013889
5 0.403906 0.863889 0.062500 0.013889
5 0.403906 0.863889 0.062500 0.013889
5 0.403906 0.863889 0.062500 0.013889
5 0.403906 0.851389 0.062500 0.013889
5 0.403906 0.851389 0.062500 0.013889
5 0.403906 0.851389 0.062500 0.013889
5 0.403906 0.838194 0.062500 0.012500
5 0.403906 0.838194 0.062500 0.012500
5 0.403906 0.838194 0.062500 0.012500
5 0.404687 0.823611 0.062500 0.013889
5 0.404687 0.823611 0.062500 0.013889
5 0.404687 0.823611 0.062500 0.013889
6 0.499609 0.825694 0.058594 0.026389
6 0.471094 0.820833 0.056250 0.036111
6 0.501953 0.761806 0.063281 0.123611
6 0.491797 0.828472 0.038281 0.020833
6 0.509766 0.916667 0.139844 0.163889
6 0.586328 0.921528 0.188281 0.154167
7 0.208984 0.936806 0.102344 0.031944
8 0.380469 0.957639 0.114062 0.076389
5 0.378906 0.929861 0.103125 0.026389
8 0.380078 0.940972 0.105469 0.062500
5 0.378906 0.911111 0.095312 0.011111
8 0.369922 0.934722 0.089844 0.069444
5 0.355469 0.905556 0.053125 0.019444
8 0.330469 0.894444 0.003125 0.008333
5 0.357031 0.891667 0.050000 0.008333
8 0.438672 0.918750 0.000781 0.006944
0 0.539844 0.769444 0.062500 0.138889
5 0.389062 0.984028 0.243750 0.029167
5 0.627344 0.981944 0.132812 0.033333