3 0.499609 0.863194 0.999219 0.270833
4 0.421094 0.777083 0.009375 0.073611
4 0.450000 0.806250 0.039062 0.090278
4 0.516016 0.848611 0.032031 0.108333
4 0.587500 0.898611 0.034375 0.122222
4 0.685156 0.938194 0.006250 0.120833
4 0.755859 0.950694 0.052344 0.095833
8 0.637891 0.910417 0.088281 0.090278
5 0.335156 0.726389 0.048438 0.011111
5 0.335156 0.726389 0.048438 0.011111
5 0.335156 0.726389 0.048438 0.011111
5 0.335156 0.715278 0.048438 0.011111
5 0.335156 0.715278 0.048438 0.011111
5 0.335156 0.715278 0.048438 0.011111
5 0.335156 0.735417 0.048438 0.009722
5 0.335156 0.735417 0.048438 0.009722
5 0.335156 0.735417 0.048438 0.009722
5 0.400781 0.733333 0.048438 0.011111
5 0.400781 0.733333 0.048438 0.011111
5 0.400781 0.733333 0.048438 0.011111
5 0.400781 0.724306 0.048438 0.009722
5 0.400781 0.724306 0.048438 0.009722
5 0.400781 0.724306 0.048438 0.009722
5 0.400781 0.714583 0.048438 0.009722
5 0.400781 0.714583 0.048438 0.009722
5 0.400781 0.714583 0.048438 0.009722
5 0.400781 0.704167 0.048438 0.011111
5 0.400781 0.704167 0.048438 0.011111
5 0.400781 0.704167 0.048438 0.011111
6 0.474219 0.726389 0.029687 0.061111
6 0.510938 0.670139 0.051562 0.065278
6 0.488281 0.727778 0.031250 0.058333
6 0.562500 0.776389 0.076563 0.086111
6 0.615625 0.792361 0.084375 0.079167
7 0.835156 0.934722 0.096875 0.038889
7 0.916797 0.975000 0.103906 0.047222
7 0.422266 0.970139 0.077344 0.056944
7 0.348828 0.865972 0.050781 0.037500
7 0.352734 0.784028 0.061719 0.018056
7 0.396094 0.826389 0.075000 0.022222
8 0.931641 0.981250 0.114844 0.034722
5 0.922266 0.968056 0.119531 0.058333
8 0.814844 0.977778 0.151562 0.041667
5 0.816406 0.973611 0.134375 0.050000
8 0.646094 0.847917 0.001563 0.031944
8 0.530078 0.847222 0.024219 0.050000
5 0.550391 0.829861 0.046094 0.020833
8 0.485156 0.795139 0.065625 0.043056
5 0.466016 0.777778 0.022656 0.013889
8 0.457031 0.790278 0.028125 0.036111
5 0.461328 0.769444 0.033594 0.011111
8 0.439844 0.781250 0.017188 0.040278
5 0.456250 0.762500 0.045312 0.008333
8 0.428516 0.775000 0.011719 0.038889
5 0.451172 0.757639 0.052344 0.009722
8 0.516406 0.779167 0.000000 0.000000
5 0.520312 0.759722 0.007812 0.005556
8 0.519922 0.787500 0.007031 0.036111
5 0.520312 0.768750 0.007812 0.012500
8 0.522266 0.781944 0.002344 0.019444
5 0.523828 0.773611 0.000781 0.008333
5 0.850781 0.725694 0.012500 0.001389
8 0.859375 0.743056 0.028125 0.019444
5 0.858984 0.730556 0.027344 0.005556
8 0.875391 0.740278 0.055469 0.013889
5 0.875000 0.736111 0.050000 0.008333
8 0.758984 0.740278 0.003906 0.002778
8 0.850391 0.744444 0.008594 0.013889
5 0.848437 0.738194 0.006250 0.006944
8 0.929297 0.775694 0.035156 0.040278
5 0.930469 0.759028 0.032813 0.012500
8 0.901172 0.777083 0.061719 0.040278
5 0.900000 0.761111 0.054688 0.013889
8 0.912500 0.757639 0.057813 0.031944
5 0.912891 0.742361 0.053906 0.006944
8 0.926953 0.763194 0.030469 0.034722
5 0.931250 0.747917 0.035937 0.009722
8 0.905469 0.767361 0.053125 0.037500
5 0.905469 0.751389 0.051562 0.011111
8 0.869531 0.770833 0.045312 0.033333
5 0.868750 0.753472 0.043750 0.012500
0 0.972266 0.747917 0.053906 0.234722
0 0.827344 0.714583 0.085938 0.179167
0 0.508203 0.660417 0.042969 0.076389
0 0.663672 0.846528 0.405469 0.304167
1 0.019531 0.706250 0.039062 0.101389
1 0.017578 0.710417 0.035156 0.104167
1 0.970703 0.679167 0.025781 0.058333
2 0.962891 0.708333 0.005469 0.000000
2 0.974219 0.663194 0.028125 0.006944
2 0.994531 0.663889 0.007812 0.002778
2 0.974609 0.663889 0.010156 0.005556
2 0.985156 0.663194 0.010937 0.004167
2 0.998828 0.661111 0.000781 0.000000
1 0.912891 0.695139 0.061719 0.087500
2 0.898438 0.697222 0.010937 0.000000
2 0.896094 0.661111 0.028125 0.000000
2 0.922266 0.677083 0.035156 0.026389
2 0.916797 0.713889 0.047656 0.030556
2 0.893359 0.662500 0.000781 0.000000
2 0.903516 0.662500 0.017969 0.000000
2 0.923047 0.662500 0.013281 0.000000
1 0.977734 0.681944 0.030469 0.052778
2 0.974219 0.709028 0.015625 0.001389
2 0.973437 0.668056 0.006250 0.000000
2 0.980078 0.709722 0.003906 0.000000
2 0.985156 0.668056 0.015625 0.000000
2 0.992188 0.669444 0.003125 0.000000
1 0.875391 0.695139 0.064844 0.087500
2 0.850781 0.711806 0.015625 0.026389
2 0.866016 0.698611 0.013281 0.000000
2 0.855859 0.675000 0.025781 0.027778
2 0.886719 0.677778 0.035937 0.027778
2 0.878125 0.715278 0.054688 0.030556
2 0.860547 0.676389 0.021094 0.027778
2 0.871875 0.662500 0.000000 0.000000
2 0.863672 0.677083 0.008594 0.026389
2 0.882422 0.662500 0.000781 0.000000
1 0.960938 0.700000 0.073438 0.086111
2 0.938672 0.725000 0.021094 0.030556
2 0.957422 0.709028 0.000781 0.001389
2 0.939844 0.683333 0.023438 0.030556
2 0.979688 0.686806 0.034375 0.031944
2 0.960938 0.725000 0.042188 0.030556
2 0.945703 0.684028 0.013281 0.031944
2 0.964844 0.668056 0.009375 0.000000
2 0.960156 0.685417 0.020313 0.031944
2 0.980469 0.669444 0.018750 0.000000
2 0.658594 0.720833 0.014063 0.022222
2 0.689453 0.727083 0.032031 0.009722
2 0.746875 0.738889 0.001563 0.000000
2 0.695703 0.689583 0.049219 0.020833
2 0.739062 0.689583 0.035937 0.018056
2 0.695312 0.666667 0.050000 0.030556
2 0.736328 0.665278 0.041406 0.030556
5 0.616016 0.804861 0.080469 0.020833
5 0.614062 0.818056 0.084375 0.025000
5 0.613281 0.830556 0.085938 0.027778
5 0.613281 0.845833 0.085938 0.027778
5 0.614844 0.876389 0.079687 0.030556
5 0.616016 0.860417 0.082031 0.029167
5 0.612500 0.906250 0.073438 0.029167
5 0.616016 0.890278 0.082031 0.027778
5 0.702344 0.826389 0.090625 0.025000
5 0.702344 0.840972 0.090625 0.026389
5 0.702344 0.870833 0.090625 0.027778
5 0.702344 0.856250 0.090625 0.026389
5 0.703125 0.897917 0.089063 0.029167
5 0.703125 0.881944 0.089063 0.025000
5 0.701562 0.813194 0.090625 0.023611
5 0.700391 0.797222 0.092969 0.025000
5 0.783984 0.819444 0.071094 0.022222
5 0.784375 0.834722 0.071875 0.025000
5 0.785547 0.864583 0.074219 0.026389
5 0.785156 0.850000 0.073438 0.025000
5 0.787109 0.891667 0.075781 0.027778
5 0.786719 0.876389 0.075000 0.027778
5 0.003125 0.820833 0.006250 0.016667
5 0.003906 0.833333 0.007812 0.019444
5 0.783594 0.807639 0.070312 0.020833
5 0.782813 0.793750 0.068750 0.020833
5 0.827734 0.706250 0.028906 0.006944
5 0.755469 0.746528 0.014063 0.004167
5 0.769531 0.743750 0.042188 0.009722
5 0.783984 0.787500 0.064844 0.008333
5 0.003125 0.812500 0.006250 0.013889
5 0.004297 0.801389 0.008594 0.016667
5 0.794922 0.697222 0.094531 0.016667
5 0.794531 0.683333 0.093750 0.016667