3 0.393359 0.971528 0.786719 0.054167
4 0.043750 0.997222 0.001563 0.002778
4 0.010937 0.993750 0.003125 0.009722
4 0.139063 0.965278 0.010937 0.044444
4 0.092578 0.959722 0.005469 0.041667
4 0.583594 0.993750 0.023438 0.009722
4 0.535547 0.991667 0.002344 0.013889
4 0.477734 0.988889 0.011719 0.019444
4 0.382812 0.983333 0.017188 0.030556
4 0.349219 0.981944 0.001563 0.033333
4 0.312891 0.979167 0.003906 0.038889
4 0.182031 0.972222 0.015625 0.047222
8 0.986328 0.981944 0.019531 0.005556
6 0.991016 0.942361 0.016406 0.012500
6 0.359766 0.966667 0.153906 0.063889
7 0.354297 0.964583 0.011719 0.006944
7 0.383203 0.965972 0.010156 0.006944
7 0.728906 0.995833 0.025000 0.005556
7 0.678125 0.993750 0.032813 0.009722
7 0.790234 0.998611 0.005469 0.000000
6 0.014844 0.902778 0.025000 0.036111
6 0.019141 0.930556 0.016406 0.022222
6 0.177734 0.963889 0.033594 0.055556
6 0.239844 0.909028 0.017188 0.043056
6 0.179297 0.914583 0.033594 0.054167
6 0.157031 0.909722 0.037500 0.047222
6 0.114453 0.910417 0.038281 0.048611
6 0.112891 0.955556 0.038281 0.050000
6 0.155859 0.953472 0.035156 0.048611
6 0.411328 0.974306 0.008594 0.048611
6 0.373047 0.975694 0.053906 0.045833
6 0.373828 0.925694 0.053906 0.068056
6 0.413672 0.920833 0.030469 0.058333
6 0.507812 0.934722 0.062500 0.077778
6 0.564063 0.931944 0.045312 0.075000
6 0.507422 0.981250 0.063281 0.034722
6 0.564063 0.979861 0.045312 0.037500
6 0.628125 0.960417 0.043750 0.054167
6 0.604688 0.958333 0.029687 0.052778
0 0.870313 0.966667 0.257812 0.063889
0 0.037500 0.939583 0.057813 0.118056
0 0.008984 0.928472 0.017969 0.104167
0 0.257422 0.934722 0.057031 0.113889
0 0.325781 0.938889 0.087500 0.119444
0 0.447656 0.939583 0.071875 0.118056
0 0.496484 0.939583 0.049219 0.118056
1 0.265625 0.954861 0.071875 0.087500
1 0.239063 0.956250 0.059375 0.084722
1 0.858594 0.965972 0.128125 0.065278
1 0.892188 0.965972 0.125000 0.065278
1 0.648438 0.960417 0.090625 0.076389
1 0.616797 0.961111 0.100781 0.075000
1 0.046094 0.920833 0.031250 0.047222
1 0.021094 0.920833 0.039062 0.044444
1 0.077734 0.930556 0.036719 0.063889
1 0.041016 0.920139 0.041406 0.043056
1 0.083594 0.923611 0.048438 0.058333
1 0.126172 0.922917 0.050781 0.056944
1 0.007031 0.897917 0.000000 0.001389
1 0.025000 0.909028 0.045312 0.026389
1 0.565625 0.953472 0.048438 0.090278
2 0.544922 0.975694 0.007031 0.020833
2 0.548047 0.933333 0.013281 0.027778
2 0.574609 0.931250 0.017969 0.026389
2 0.571094 0.970833 0.031250 0.025000
2 0.560547 0.933333 0.010156 0.027778
2 0.571094 0.932639 0.009375 0.026389
2 0.555078 0.918056 0.019531 0.000000
1 0.500781 0.929167 0.031250 0.036111
2 0.481250 0.929861 0.018750 0.026389
2 0.516016 0.915972 0.002344 0.001389
2 0.511328 0.950000 0.000781 0.000000
2 0.496875 0.916667 0.006250 0.000000
2 0.494922 0.915278 0.010156 0.000000
1 0.519531 0.928472 0.056250 0.040278
2 0.505469 0.931250 0.023438 0.026389
2 0.546484 0.916667 0.002344 0.000000
2 0.544531 0.953472 0.006250 0.001389
2 0.541406 0.918056 0.000000 0.000000
2 0.517188 0.916667 0.000000 0.000000