3 0.482422 0.943056 0.964844 0.111111
4 0.478125 0.996528 0.003125 0.004167
4 0.298828 0.986806 0.019531 0.023611
4 0.148047 0.977083 0.027344 0.043056
4 0.093750 0.974306 0.003125 0.048611
4 0.021484 0.969444 0.024219 0.058333
8 0.808203 0.933333 0.041406 0.030556
8 0.668359 0.907639 0.010156 0.023611
5 0.801562 0.890278 0.046875 0.011111
5 0.801562 0.890278 0.046875 0.011111
5 0.801562 0.890278 0.046875 0.011111
5 0.801562 0.879861 0.046875 0.012500
5 0.801562 0.879861 0.046875 0.012500
5 0.801562 0.879861 0.046875 0.012500
5 0.801953 0.900000 0.046094 0.011111
5 0.801953 0.900000 0.046094 0.011111
5 0.801953 0.900000 0.046094 0.011111
5 0.758203 0.898611 0.039844 0.011111
5 0.758203 0.898611 0.039844 0.011111
5 0.758203 0.898611 0.039844 0.011111
5 0.758203 0.889583 0.039844 0.009722
5 0.758203 0.889583 0.039844 0.009722
5 0.758203 0.889583 0.039844 0.009722
5 0.757812 0.880556 0.039062 0.011111
5 0.757812 0.880556 0.039062 0.011111
5 0.757812 0.880556 0.039062 0.011111
5 0.760547 0.870139 0.046094 0.012500
5 0.760547 0.870139 0.046094 0.012500
5 0.760547 0.870139 0.046094 0.012500
6 0.676172 0.879167 0.027344 0.058333
6 0.705078 0.875000 0.044531 0.055556
7 0.009766 0.899306 0.019531 0.009722
7 0.919531 0.987500 0.034375 0.022222
7 0.408594 0.939583 0.028125 0.018056
7 0.365234 0.936806 0.042969 0.015278
7 0.481250 0.945833 0.042188 0.019444
6 0.063672 0.943750 0.032031 0.070833
6 0.021094 0.957639 0.042188 0.081944
6 0.021875 0.884028 0.043750 0.087500
6 0.074609 0.875694 0.050781 0.081944
6 0.189844 0.900694 0.079687 0.098611
6 0.230078 0.848611 0.000781 0.005556
6 0.189062 0.967361 0.079687 0.062500
6 0.304688 0.886111 0.029687 0.055556
0 0.103906 0.912500 0.092188 0.172222
0 0.157031 0.913889 0.095312 0.169444
1 0.615234 0.951389 0.135156 0.094444
1 0.635547 0.947222 0.117969 0.102778
1 0.362500 0.938194 0.114062 0.120833
1 0.337500 0.941667 0.096875 0.113889
1 0.206250 0.883333 0.048438 0.088889
2 0.203906 0.913194 0.003125 0.029167
2 0.193750 0.904167 0.020313 0.011111
2 0.194922 0.872222 0.021094 0.030556
2 0.205078 0.896528 0.000781 0.001389
2 0.229687 0.854167 0.000000 0.000000
2 0.229687 0.852778 0.000000 0.000000
1 0.139453 0.874306 0.071094 0.068056
2 0.123047 0.896528 0.002344 0.006944
2 0.115625 0.895833 0.017188 0.008333
2 0.125391 0.865278 0.035156 0.030556
2 0.159375 0.846528 0.017188 0.001389
2 0.146094 0.889583 0.043750 0.004167
2 0.144531 0.850694 0.015625 0.001389
2 0.137109 0.848611 0.000781 0.000000
2 0.159375 0.849306 0.017188 0.004167
2 0.144531 0.847222 0.015625 0.000000
1 0.178125 0.866667 0.056250 0.061111
2 0.178516 0.902083 0.010156 0.006944
2 0.152344 0.898611 0.006250 0.005556
2 0.167187 0.868750 0.034375 0.031944
2 0.196875 0.849306 0.018750 0.001389
2 0.186328 0.895139 0.038281 0.006944
2 0.165234 0.851389 0.007031 0.000000
2 0.203906 0.850694 0.004687 0.001389
2 0.188281 0.850000 0.000000 0.000000
5 0.613672 0.921528 0.042969 0.012500
5 0.613672 0.926389 0.042969 0.005556