3 0.396484 0.880556 0.792969 0.236111
4 0.051172 0.790972 0.005469 0.056944
8 0.069922 0.766667 0.013281 0.016667
5 0.022656 0.752083 0.015625 0.006944
5 0.022656 0.752083 0.015625 0.006944
5 0.022656 0.752083 0.015625 0.006944
5 0.022656 0.745139 0.015625 0.006944
5 0.022656 0.745139 0.015625 0.006944
5 0.022656 0.745139 0.015625 0.006944
5 0.022266 0.759722 0.014844 0.005556
5 0.022266 0.759722 0.014844 0.005556
5 0.022266 0.759722 0.014844 0.005556
6 0.076563 0.739583 0.001563 0.037500
6 0.066406 0.714583 0.028125 0.040278
6 0.064453 0.740972 0.025781 0.040278
5 0.791406 0.836111 0.001563 0.011111
5 0.791406 0.836111 0.001563 0.011111
5 0.791406 0.836111 0.001563 0.011111
5 0.791406 0.822917 0.001563 0.012500
5 0.791406 0.822917 0.001563 0.012500
5 0.791406 0.822917 0.001563 0.012500
5 0.792188 0.808333 0.029687 0.013889
5 0.792188 0.808333 0.029687 0.013889
5 0.792188 0.808333 0.029687 0.013889
5 0.792188 0.793056 0.029687 0.016667
5 0.792188 0.793056 0.029687 0.016667
5 0.792188 0.793056 0.029687 0.016667
6 0.369531 0.830556 0.082812 0.105556
6 0.499609 0.821528 0.078906 0.101389
6 0.370312 0.739583 0.082812 0.098611
6 0.437500 0.825694 0.081250 0.104167
6 0.024219 0.843750 0.048438 0.118056
7 0.296484 0.771528 0.024219 0.009722
7 0.333203 0.770833 0.017969 0.008333
7 0.197656 0.775000 0.023438 0.011111
7 0.233594 0.773611 0.009375 0.008333
8 0.092969 0.858333 0.051562 0.047222
5 0.093359 0.838194 0.047656 0.012500
8 0.169922 0.858333 0.014844 0.041667
5 0.178125 0.835417 0.000000 0.001389
8 0.179297 0.832639 0.002344 0.006944
5 0.189453 0.831944 0.019531 0.011111
8 0.287500 0.845139 0.000000 0.001389
5 0.284375 0.828472 0.000000 0.001389
8 0.298047 0.861806 0.022656 0.043056
5 0.294922 0.838889 0.019531 0.016667
8 0.169141 0.867361 0.014844 0.020833
5 0.177344 0.846528 0.010937 0.018056
8 0.096094 0.870833 0.045312 0.050000
5 0.098047 0.848611 0.042969 0.016667
5 0.850781 0.945833 0.000000 0.000000
8 0.760547 0.965972 0.064844 0.065278
5 0.791406 0.943056 0.117188 0.036111
8 0.714453 0.970833 0.128906 0.055556
5 0.710547 0.955556 0.116406 0.044444
8 0.786719 0.897222 0.000000 0.000000
5 0.792188 0.897917 0.001563 0.006944
8 0.749609 0.940278 0.064844 0.075000
5 0.757031 0.911111 0.071875 0.030556
8 0.715234 0.952778 0.114844 0.086111
5 0.713281 0.920139 0.101562 0.034722
8 0.639453 0.958333 0.114844 0.080556
5 0.637500 0.927083 0.101562 0.029167
8 0.260937 0.993750 0.151562 0.009722
5 0.262109 0.986111 0.136719 0.025000
8 0.232813 0.982639 0.137500 0.031944
5 0.235156 0.975694 0.126562 0.045833
8 0.214844 0.971528 0.128125 0.054167
5 0.216016 0.952778 0.116406 0.038889
8 0.546875 0.979167 0.134375 0.038889
5 0.544531 0.972222 0.118750 0.050000
8 0.451562 0.985417 0.135937 0.026389
5 0.449219 0.979167 0.120313 0.038889
8 0.376563 0.975694 0.135937 0.045833
5 0.377734 0.961111 0.122656 0.041667
8 0.347656 0.964583 0.125000 0.062500
5 0.348828 0.940278 0.113281 0.036111
0 0.162500 0.828472 0.254688 0.326389
0 0.733203 0.770139 0.117969 0.195833
1 0.466797 0.752778 0.060156 0.091667
1 0.434375 0.754167 0.059375 0.094444
1 0.434766 0.749306 0.055469 0.087500
1 0.403125 0.749306 0.056250 0.087500
1 0.406641 0.743056 0.052344 0.077778
1 0.380078 0.745833 0.044531 0.083333
1 0.395703 0.736111 0.058594 0.069444
1 0.119922 0.759722 0.085156 0.100000
1 0.112500 0.758333 0.081250 0.100000
1 0.948047 0.892361 0.102344 0.212500
2 0.954688 0.897222 0.089063 0.138889
2 0.955469 0.990278 0.087500 0.016667
2 0.978125 0.827778 0.042188 0.008333
1 0.889844 0.882639 0.218750 0.231944
2 0.960547 0.806944 0.077344 0.011111
2 0.858203 0.874306 0.132031 0.129167
2 0.882812 0.972917 0.179688 0.051389
2 0.920312 0.807639 0.076563 0.006944
2 0.961719 0.815972 0.075000 0.012500
2 0.876563 0.811111 0.079687 0.005556
2 0.925000 0.820139 0.085938 0.015278
2 0.964453 0.800694 0.038281 0.004167
2 0.963672 0.768056 0.039844 0.066667
5 0.050391 0.797222 0.005469 0.000000
5 0.056250 0.804167 0.006250 0.000000
5 0.055078 0.811111 0.005469 0.000000
5 0.057422 0.811806 0.017969 0.009722
5 0.055859 0.821528 0.016406 0.006944
5 0.057813 0.804861 0.018750 0.006944
5 0.056250 0.796528 0.017188 0.009722