3 0.531250 0.893750 0.935937 0.209722
5 0.514844 0.870139 0.098437 0.037500
5 0.514844 0.870139 0.098437 0.037500
5 0.514844 0.870139 0.098437 0.037500
5 0.514844 0.845833 0.098437 0.047222
5 0.514844 0.845833 0.098437 0.047222
5 0.514844 0.845833 0.098437 0.047222
5 0.514844 0.888194 0.098437 0.037500
5 0.514844 0.888194 0.098437 0.037500
5 0.514844 0.888194 0.098437 0.037500
5 0.639844 0.913194 0.100000 0.040278
5 0.639844 0.913194 0.100000 0.040278
5 0.639844 0.913194 0.100000 0.040278
5 0.639844 0.893750 0.100000 0.040278
5 0.639844 0.893750 0.100000 0.040278
5 0.639844 0.893750 0.100000 0.040278
5 0.640234 0.873611 0.100781 0.041667
5 0.640234 0.873611 0.100781 0.041667
5 0.640234 0.873611 0.100781 0.041667
5 0.640234 0.847222 0.100781 0.050000
5 0.640234 0.847222 0.100781 0.050000
5 0.640234 0.847222 0.100781 0.050000
6 0.323828 0.979167 0.147656 0.038889
0 0.761328 0.867361 0.124219 0.262500