3 0.467187 0.823611 0.934375 0.350000
4 0.125781 0.676389 0.001563 0.044444
4 0.076953 0.681944 0.011719 0.050000
4 0.023438 0.686806 0.007812 0.051389
4 0.080469 0.658333 0.012500 0.036111
8 0.126172 0.687500 0.042969 0.022222
8 0.523828 0.682639 0.010156 0.009722
5 0.544531 0.649306 0.001563 0.004167
5 0.544531 0.649306 0.001563 0.004167
5 0.544531 0.649306 0.001563 0.004167
5 0.544531 0.643056 0.001563 0.005556
5 0.544531 0.643056 0.001563 0.005556
5 0.544531 0.643056 0.001563 0.005556
5 0.544531 0.655556 0.001563 0.005556
5 0.544531 0.655556 0.001563 0.005556
5 0.544531 0.655556 0.001563 0.005556
5 0.556641 0.657639 0.011719 0.004167
5 0.556641 0.657639 0.011719 0.004167
5 0.556641 0.657639 0.011719 0.004167
5 0.556250 0.651389 0.010937 0.005556
5 0.556250 0.651389 0.010937 0.005556
5 0.556250 0.651389 0.010937 0.005556
5 0.555859 0.644444 0.010156 0.005556
5 0.555859 0.644444 0.010156 0.005556
5 0.555859 0.644444 0.010156 0.005556
5 0.556250 0.637500 0.010937 0.005556
5 0.556250 0.637500 0.010937 0.005556
5 0.556250 0.637500 0.010937 0.005556
6 0.455078 0.646528 0.036719 0.031944
6 0.488281 0.645833 0.021875 0.036111
6 0.455859 0.611806 0.038281 0.045833
6 0.476172 0.646528 0.033594 0.034722
6 0.335547 0.659028 0.032031 0.045833
6 0.313672 0.666667 0.030469 0.055556
7 0.135156 0.706250 0.031250 0.015278
7 0.096484 0.710417 0.047656 0.012500
7 0.298828 0.743750 0.039844 0.020833
7 0.314844 0.735417 0.014063 0.015278
7 0.136328 0.764583 0.027344 0.020833
7 0.043359 0.784722 0.069531 0.025000
7 0.125391 0.667361 0.030469 0.009722
7 0.281641 0.679167 0.005469 0.008333
7 0.644922 0.835417 0.008594 0.026389
7 0.607031 0.863194 0.084375 0.037500
7 0.443359 0.936806 0.125781 0.051389
7 0.530078 0.900694 0.121094 0.043056
7 0.123047 0.649306 0.025781 0.006944
7 0.143359 0.647917 0.014844 0.006944
6 0.004687 0.777778 0.009375 0.116667
6 0.010937 0.611111 0.021875 0.041667
6 0.011719 0.656944 0.018750 0.047222
8 0.038672 0.706944 0.055469 0.030556
5 0.037891 0.693750 0.050781 0.009722
8 0.020703 0.705556 0.041406 0.022222
5 0.019531 0.690972 0.039062 0.009722
8 0.418359 0.663194 0.010156 0.004167
5 0.417187 0.661806 0.007812 0.004167
8 0.427734 0.661806 0.027344 0.004167
5 0.426172 0.659722 0.025781 0.005556
8 0.646094 0.670833 0.003125 0.000000
5 0.646094 0.666667 0.003125 0.005556
8 0.576172 0.677778 0.002344 0.002778
5 0.583203 0.676389 0.011719 0.005556
8 0.564844 0.677083 0.034375 0.004167
5 0.567969 0.675694 0.035937 0.006944
5 0.645703 0.671528 0.003906 0.001389
5 0.615234 0.670833 0.002344 0.000000
5 0.589844 0.670833 0.031250 0.002778
8 0.523438 0.706944 0.007812 0.022222
5 0.523438 0.693750 0.007812 0.009722
8 0.527344 0.694444 0.000000 0.000000
5 0.526563 0.688194 0.001563 0.001389
0 0.075781 0.794444 0.151562 0.408333
0 0.616797 0.695833 0.063281 0.216667
0 0.357031 0.648611 0.082812 0.133333
0 0.517969 0.634722 0.051562 0.108333
0 0.583594 0.624306 0.043750 0.087500
1 0.344922 0.616667 0.044531 0.036111
1 0.336328 0.617361 0.032031 0.037500
1 0.310937 0.625000 0.043750 0.052778
1 0.296875 0.626389 0.018750 0.055556
1 0.294141 0.620139 0.011719 0.043056
1 0.148438 0.640972 0.003125 0.034722
1 0.138672 0.640972 0.022656 0.034722
1 0.038672 0.645833 0.055469 0.052778
1 0.055078 0.650000 0.061719 0.055556
1 0.905859 0.626389 0.010156 0.030556
2 0.905859 0.633333 0.010156 0.019444
2 0.908984 0.622222 0.003906 0.000000
2 0.903516 0.622222 0.005469 0.000000
1 0.872266 0.628472 0.000781 0.040278
2 0.572656 0.758333 0.089063 0.055556
2 0.572656 0.707639 0.089063 0.056944
2 0.617188 0.680556 0.060937 0.019444
2 0.466016 0.686111 0.080469 0.047222
2 0.402734 0.695139 0.088281 0.051389
2 0.430469 0.740972 0.032813 0.048611
2 0.492188 0.729167 0.028125 0.044444
2 0.437891 0.690972 0.078906 0.048611
2 0.367969 0.700000 0.092188 0.052778
2 0.367969 0.747917 0.092188 0.051389
2 0.462500 0.735417 0.029687 0.045833
5 0.150781 0.654167 0.000000 0.005556
5 0.150781 0.660417 0.000000 0.004167
5 0.150781 0.665972 0.000000 0.004167
5 0.150781 0.672917 0.000000 0.004167
5 0.150781 0.686111 0.000000 0.005556
5 0.150781 0.679167 0.000000 0.005556
5 0.150781 0.697222 0.000000 0.002778
5 0.150781 0.692361 0.000000 0.004167
5 0.123828 0.660417 0.030469 0.004167
5 0.109375 0.665972 0.003125 0.004167
5 0.139844 0.662500 0.020313 0.005556
5 0.145703 0.668750 0.010156 0.004167