3 0.499609 0.838194 0.999219 0.320833
4 0.317188 0.715972 0.012500 0.056944
4 0.306641 0.699306 0.002344 0.006944
4 0.280859 0.736111 0.019531 0.066667
4 0.227344 0.747917 0.018750 0.051389
4 0.203906 0.764583 0.003125 0.054167
4 0.181250 0.780556 0.007812 0.069444
4 0.055469 0.699306 0.004687 0.048611
8 0.285156 0.763194 0.060937 0.031944
8 0.793359 0.730556 0.061719 0.030556
5 0.440234 0.670139 0.017969 0.001389
5 0.440234 0.670139 0.017969 0.001389
5 0.440234 0.670139 0.017969 0.001389
5 0.440625 0.663889 0.017188 0.008333
5 0.440625 0.663889 0.017188 0.008333
5 0.440625 0.663889 0.017188 0.008333
5 0.488672 0.679861 0.033594 0.006944
5 0.488672 0.679861 0.033594 0.006944
5 0.488672 0.679861 0.033594 0.006944
5 0.490234 0.672917 0.030469 0.006944
5 0.490234 0.672917 0.030469 0.006944
5 0.490234 0.672917 0.030469 0.006944
5 0.490234 0.664583 0.030469 0.006944
5 0.490234 0.664583 0.030469 0.006944
5 0.490234 0.664583 0.030469 0.006944
5 0.500000 0.656250 0.010937 0.006944
5 0.500000 0.656250 0.010937 0.006944
5 0.500000 0.656250 0.010937 0.006944
6 0.483203 0.684722 0.021094 0.058333
6 0.487109 0.675000 0.027344 0.050000
6 0.479687 0.634028 0.032813 0.056944
6 0.485547 0.680556 0.024219 0.055556
6 0.431250 0.705556 0.039062 0.055556
6 0.436328 0.708333 0.049219 0.063889
7 0.369922 0.791667 0.064844 0.022222
7 0.355859 0.807639 0.075781 0.023611
7 0.858984 0.836806 0.083594 0.026389
7 0.845703 0.817361 0.077344 0.023611
7 0.950391 0.902083 0.060156 0.034722
7 0.914844 0.865972 0.045312 0.020833
7 0.985156 0.995833 0.028125 0.005556
7 0.962891 0.963194 0.072656 0.043056
7 0.132031 0.786806 0.053125 0.026389
7 0.224609 0.745833 0.036719 0.019444
7 0.025000 0.724306 0.050000 0.015278
7 0.353906 0.707639 0.035937 0.009722
7 0.289453 0.730556 0.003906 0.011111
6 0.107813 0.909028 0.118750 0.179167
6 0.080078 0.925000 0.061719 0.147222
6 0.143359 0.884722 0.117969 0.180556
6 0.188281 0.857639 0.103125 0.165278
8 0.233594 0.838889 0.085938 0.061111
5 0.232031 0.815972 0.079687 0.020833
8 0.218359 0.855556 0.075781 0.063889
5 0.215625 0.831250 0.070312 0.023611
8 0.292187 0.809028 0.062500 0.056944
5 0.292578 0.789583 0.055469 0.020833
8 0.232813 0.793056 0.065625 0.025000
5 0.233594 0.788194 0.057813 0.020833
8 0.384766 0.743750 0.016406 0.009722
5 0.379297 0.732639 0.005469 0.006944
8 0.335156 0.747917 0.034375 0.029167
5 0.335156 0.729861 0.034375 0.009722
8 0.392969 0.712500 0.000000 0.000000
5 0.387891 0.702083 0.027344 0.004167
8 0.383594 0.704167 0.000000 0.000000
5 0.391797 0.700000 0.017969 0.008333
5 0.397266 0.694444 0.007031 0.002778
5 0.397266 0.691667 0.002344 0.000000
8 0.474219 0.707639 0.003125 0.023611
5 0.466797 0.695833 0.013281 0.002778
8 0.477344 0.704861 0.007812 0.026389
5 0.475781 0.693750 0.006250 0.006944
8 0.466797 0.705556 0.013281 0.013889
5 0.460547 0.697222 0.000781 0.000000
8 0.460938 0.718750 0.001563 0.026389
5 0.460938 0.704861 0.001563 0.001389
8 0.772656 0.690278 0.003125 0.013889
5 0.789453 0.685417 0.035156 0.004167
8 0.769141 0.684722 0.002344 0.008333
5 0.771875 0.682639 0.006250 0.004167
5 0.809766 0.686806 0.007031 0.001389
5 0.810937 0.688889 0.007812 0.000000
8 0.742969 0.688889 0.034375 0.016667
5 0.742969 0.680556 0.032813 0.002778
8 0.744922 0.690972 0.035156 0.015278
5 0.745313 0.684722 0.032813 0.005556
8 0.750000 0.692361 0.037500 0.012500
5 0.750000 0.688194 0.034375 0.006944
8 0.753516 0.701389 0.039844 0.025000
5 0.752344 0.690972 0.035937 0.006944
8 0.807031 0.713889 0.029687 0.013889
5 0.816016 0.704861 0.010156 0.001389
8 0.853516 0.722917 0.025781 0.006944
8 0.775391 0.717361 0.033594 0.023611
5 0.775000 0.709028 0.029687 0.009722
8 0.736719 0.714583 0.031250 0.020833
5 0.736328 0.707639 0.027344 0.009722
8 0.804688 0.711111 0.035937 0.016667
8 0.807031 0.714583 0.035937 0.020833
5 0.806250 0.702778 0.029687 0.002778
8 0.770703 0.712500 0.030469 0.025000
5 0.765234 0.701389 0.017969 0.005556
8 0.733984 0.711806 0.030469 0.026389
5 0.733594 0.700694 0.026562 0.006944
8 0.858984 0.745833 0.058594 0.022222
5 0.857422 0.738889 0.053906 0.011111
8 0.846875 0.738194 0.050000 0.020833
5 0.847656 0.729167 0.048438 0.005556
8 0.888281 0.781944 0.065625 0.047222
5 0.888672 0.764583 0.063281 0.015278
8 0.878125 0.775000 0.045312 0.036111
5 0.878125 0.752778 0.045312 0.008333
8 0.808594 0.783333 0.054688 0.038889
5 0.807422 0.762500 0.050781 0.013889
8 0.801172 0.770833 0.063281 0.044444
5 0.800000 0.751389 0.057813 0.008333
0 0.869141 0.834722 0.203906 0.327778
0 0.647266 0.695833 0.052344 0.180556
0 0.658984 0.668056 0.041406 0.138889
0 0.365234 0.826389 0.163281 0.344444
0 0.548438 0.643056 0.031250 0.100000
1 0.191016 0.650000 0.058594 0.069444
1 0.183203 0.652083 0.055469 0.070833
1 0.134375 0.650000 0.057813 0.069444
1 0.116797 0.652083 0.047656 0.070833
1 0.082422 0.650000 0.060156 0.069444
1 0.069531 0.652083 0.062500 0.070833
1 0.001953 0.642361 0.003906 0.059722
1 0.041797 0.668056 0.063281 0.083333
1 0.017969 0.667361 0.035937 0.084722
1 0.050000 0.890278 0.096875 0.216667
2 0.057813 0.982639 0.054688 0.031944
2 0.035547 0.993750 0.039844 0.009722
2 0.042969 0.894444 0.085938 0.147222
2 0.012500 0.825694 0.025000 0.012500
1 0.008203 0.906944 0.016406 0.183333
2 0.000781 0.922917 0.001563 0.123611
1 0.981250 0.663194 0.035937 0.084722
2 0.967578 0.674306 0.003906 0.023611
2 0.967578 0.642361 0.003906 0.023611
2 0.989062 0.644444 0.020313 0.025000
2 0.984766 0.677778 0.028906 0.027778
2 0.976172 0.643056 0.011719 0.025000
2 0.991406 0.630556 0.012500 0.000000
2 0.976562 0.643750 0.004687 0.023611
1 0.900391 0.645833 0.038281 0.050000
2 0.900391 0.634028 0.030469 0.004167
2 0.898828 0.671528 0.027344 0.001389
2 0.887891 0.632639 0.013281 0.004167
2 0.901953 0.630556 0.013281 0.000000
2 0.883203 0.634028 0.002344 0.001389
1 0.933984 0.668750 0.053906 0.084722
2 0.914453 0.672917 0.010156 0.001389
2 0.934766 0.672222 0.008594 0.000000
2 0.923828 0.636806 0.028906 0.001389
2 0.944141 0.652778 0.027344 0.027778
2 0.935937 0.688889 0.045312 0.030556
2 0.914453 0.650000 0.002344 0.025000
2 0.925781 0.650694 0.015625 0.026389
2 0.941797 0.637500 0.014844 0.000000
1 0.858984 0.654861 0.042969 0.068056
2 0.846875 0.673611 0.015625 0.022222
2 0.860938 0.662500 0.010937 0.000000
2 0.847656 0.640972 0.017188 0.023611
2 0.858203 0.643750 0.021094 0.023611
2 0.856641 0.676389 0.028906 0.025000
2 0.843359 0.642361 0.002344 0.023611
2 0.850391 0.643056 0.011719 0.025000
1 0.892578 0.673611 0.050781 0.094444
2 0.877344 0.680556 0.015625 0.016667
2 0.893359 0.672222 0.014844 0.000000
2 0.885547 0.648611 0.033594 0.025000
2 0.897266 0.652778 0.035156 0.027778
2 0.897656 0.685417 0.035937 0.023611
2 0.886719 0.636111 0.000000 0.000000
2 0.886328 0.650694 0.013281 0.026389
2 0.901172 0.637500 0.014844 0.000000
2 0.976172 0.715278 0.046094 0.005556
2 0.981641 0.760417 0.035156 0.065278
2 0.975391 0.816667 0.021094 0.066667
2 0.933984 0.793056 0.005469 0.041667
2 0.976172 0.750000 0.046094 0.061111
2 0.992578 0.770139 0.013281 0.065278
2 0.992969 0.828472 0.012500 0.065278
2 0.959375 0.804861 0.010937 0.056944
2 0.802344 0.752778 0.057813 0.052778
2 0.744922 0.752083 0.053906 0.051389
2 0.700000 0.675000 0.001563 0.025000
2 0.733594 0.670833 0.001563 0.013889
2 0.716797 0.680556 0.030469 0.027778
2 0.749219 0.675000 0.028125 0.016667
2 0.716797 0.654861 0.030469 0.026389
2 0.749219 0.654861 0.028125 0.026389
2 0.716797 0.631250 0.030469 0.026389
2 0.749219 0.631250 0.028125 0.026389
5 0.319141 0.709028 0.053906 0.012500
5 0.319141 0.718750 0.053906 0.012500
5 0.319141 0.727083 0.053906 0.012500
5 0.319141 0.736806 0.053906 0.012500
5 0.324219 0.755556 0.043750 0.013889
5 0.319141 0.745833 0.053906 0.013889
5 0.323437 0.772222 0.045312 0.013889
5 0.326953 0.763889 0.038281 0.013889
5 0.006250 0.713889 0.012500 0.008333
5 0.003125 0.719444 0.004687 0.005556
5 0.377344 0.727778 0.050000 0.013889
5 0.377344 0.737500 0.050000 0.013889
5 0.377344 0.755556 0.050000 0.013889
5 0.377344 0.746528 0.050000 0.015278
5 0.372656 0.773611 0.040625 0.013889
5 0.377344 0.764583 0.050000 0.012500
5 0.032031 0.713889 0.046875 0.008333
5 0.044922 0.720139 0.021094 0.006944
5 0.377734 0.720139 0.049219 0.012500
5 0.383984 0.710417 0.036719 0.012500
5 0.447266 0.729167 0.049219 0.013889
5 0.447266 0.738194 0.049219 0.012500
5 0.447266 0.756944 0.049219 0.013889
5 0.447266 0.747222 0.049219 0.013889
5 0.447266 0.774306 0.049219 0.015278
5 0.447266 0.765278 0.049219 0.013889
5 0.080078 0.715972 0.046094 0.009722
5 0.080078 0.722917 0.046094 0.009722
5 0.447266 0.720139 0.049219 0.012500
5 0.447266 0.711111 0.049219 0.013889
5 0.447266 0.657639 0.049219 0.009722
5 0.448828 0.666667 0.046094 0.011111
5 0.450000 0.685417 0.043750 0.012500
5 0.449609 0.676389 0.044531 0.011111
5 0.447266 0.703472 0.049219 0.012500
5 0.450391 0.693750 0.042969 0.012500
5 0.080078 0.709722 0.046094 0.008333
5 0.080859 0.702778 0.046094 0.008333
5 0.446484 0.649306 0.050781 0.009722
5 0.446484 0.639583 0.050781 0.009722