3 0.499219 0.959028 0.998437 0.079167
8 0.375000 0.901389 0.025000 0.008333
5 0.351172 0.901389 0.032031 0.005556
5 0.351172 0.901389 0.032031 0.005556
5 0.351172 0.901389 0.032031 0.005556
5 0.351172 0.895139 0.032031 0.004167
5 0.351172 0.895139 0.032031 0.004167
5 0.351172 0.895139 0.032031 0.004167
5 0.364063 0.905556 0.004687 0.000000
5 0.364063 0.905556 0.004687 0.000000
5 0.364063 0.905556 0.004687 0.000000
5 0.319531 0.900694 0.029687 0.001389
5 0.319531 0.900694 0.029687 0.001389
5 0.319531 0.900694 0.029687 0.001389
5 0.319922 0.895833 0.028906 0.005556
5 0.319922 0.895833 0.028906 0.005556
5 0.319922 0.895833 0.028906 0.005556
6 0.387891 0.852778 0.000781 0.008333
6 0.387500 0.902083 0.000000 0.001389
6 0.292578 0.899306 0.010156 0.004167
6 0.348438 0.873611 0.084375 0.108333
6 0.514062 0.875694 0.079687 0.112500
6 0.350391 0.775000 0.085156 0.113889
6 0.430859 0.875694 0.080469 0.112500
6 0.020313 0.900000 0.000000 0.000000
7 0.328906 0.924306 0.001563 0.004167
7 0.570703 0.904861 0.008594 0.001389
7 0.460938 0.904861 0.010937 0.001389
7 0.507812 0.906944 0.015625 0.005556
8 0.228125 0.901389 0.000000 0.002778
8 0.292969 0.910417 0.010937 0.034722
8 0.254688 0.899306 0.056250 0.012500
8 0.455859 0.915972 0.116406 0.109722
5 0.455469 0.867361 0.101562 0.023611
8 0.600000 0.916667 0.117188 0.111111
5 0.597656 0.867361 0.101562 0.023611
8 0.337500 0.916667 0.123438 0.111111
5 0.334375 0.868056 0.115625 0.025000
8 0.196875 0.936111 0.129688 0.072222
8 0.587500 0.914583 0.098437 0.093056
5 0.584766 0.872222 0.083594 0.013889
8 0.467187 0.915278 0.095312 0.091667
5 0.467578 0.875000 0.078906 0.008333
8 0.360547 0.914583 0.107031 0.093056
5 0.370703 0.870833 0.066406 0.016667
8 0.247656 0.925694 0.103125 0.070833
5 0.288281 0.875000 0.000000 0.005556
8 0.019141 0.957639 0.021094 0.012500
0 0.018359 0.902778 0.002344 0.005556
0 0.800781 0.902778 0.000000 0.005556
1 0.662500 0.860417 0.001563 0.081944
1 0.642578 0.859722 0.041406 0.091667
1 0.653906 0.860417 0.015625 0.081944
1 0.635938 0.863194 0.042188 0.087500
1 0.642969 0.864583 0.020313 0.073611
1 0.619922 0.866667 0.044531 0.077778
1 0.652344 0.855556 0.000000 0.002778
1 0.317188 0.861111 0.079687 0.088889
1 0.324219 0.863889 0.075000 0.083333
1 0.963672 0.499306 0.071094 0.998611
2 0.987891 0.175000 0.022656 0.327778
2 0.996484 0.540972 0.005469 0.109722
1 0.839844 0.658333 0.318750 0.680556
2 0.786719 0.526389 0.170313 0.252778
2 0.851562 0.795833 0.295312 0.222222
2 0.994531 0.515278 0.009375 0.180556
2 0.923047 0.502778 0.114844 0.205556
1 0.128516 0.648611 0.257031 0.700000
2 0.165625 0.804167 0.129688 0.205556
2 0.125781 0.793056 0.162500 0.230556
2 0.149219 0.513889 0.176563 0.269444
2 0.026172 0.792361 0.052344 0.231944
2 0.034375 0.485417 0.068750 0.212500
1 0.773438 0.720139 0.257812 0.556944
2 0.682422 0.602778 0.042969 0.194444
2 0.782031 0.818750 0.240625 0.173611
1 0.156250 0.713889 0.284375 0.569444
2 0.269531 0.824306 0.017188 0.162500
2 0.201563 0.818056 0.117188 0.177778
2 0.258203 0.594444 0.049219 0.202778
2 0.078125 0.902083 0.128125 0.006944
2 0.916406 0.928472 0.048438 0.056944
2 0.955078 0.956250 0.028906 0.012500
5 0.226953 0.901389 0.000781 0.002778