3 0.293359 0.902083 0.578906 0.193056
4 0.087500 0.825694 0.000000 0.004167
4 0.119531 0.827778 0.003125 0.058333
8 0.207031 0.809028 0.028125 0.018056
5 0.163281 0.795833 0.032813 0.005556
5 0.163281 0.795833 0.032813 0.005556
5 0.163281 0.795833 0.032813 0.005556
5 0.163281 0.788889 0.032813 0.005556
5 0.163281 0.788889 0.032813 0.005556
5 0.163281 0.788889 0.032813 0.005556
5 0.163281 0.802083 0.032813 0.006944
5 0.163281 0.802083 0.032813 0.006944
5 0.163281 0.802083 0.032813 0.006944
5 0.130078 0.804167 0.033594 0.005556
5 0.130078 0.804167 0.033594 0.005556
5 0.130078 0.804167 0.033594 0.005556
5 0.129688 0.797917 0.032813 0.006944
5 0.129688 0.797917 0.032813 0.006944
5 0.129688 0.797917 0.032813 0.006944
5 0.130078 0.790278 0.032031 0.005556
5 0.130078 0.790278 0.032031 0.005556
5 0.130078 0.790278 0.032031 0.005556
5 0.130859 0.782639 0.033594 0.006944
5 0.130859 0.782639 0.033594 0.006944
5 0.130859 0.782639 0.033594 0.006944
6 0.227734 0.785417 0.007031 0.040278
6 0.216797 0.759722 0.028906 0.038889
6 0.216406 0.785417 0.029687 0.040278
6 0.105859 0.784722 0.003906 0.036111
5 0.868359 0.836111 0.066406 0.011111
5 0.868359 0.836111 0.066406 0.011111
5 0.868359 0.836111 0.066406 0.011111
6 0.347656 0.870833 0.082812 0.116667
6 0.507812 0.854861 0.082812 0.090278
6 0.348828 0.768750 0.082031 0.109722
6 0.430078 0.866667 0.085156 0.111111
6 0.002734 0.847917 0.005469 0.068056
7 0.266016 0.884722 0.030469 0.025000
7 0.450000 0.818056 0.006250 0.005556
7 0.306250 0.818750 0.009375 0.009722
7 0.355859 0.820139 0.021094 0.006944
8 0.139453 0.892361 0.035156 0.051389
5 0.136719 0.871528 0.034375 0.015278
8 0.185156 0.890972 0.051562 0.051389
5 0.184766 0.869444 0.044531 0.013889
8 0.247656 0.887500 0.048438 0.047222
5 0.247266 0.868056 0.042969 0.013889
8 0.181250 0.902778 0.056250 0.058333
5 0.180859 0.881250 0.049219 0.018056
8 0.248828 0.900694 0.052344 0.056944
5 0.248047 0.879167 0.046094 0.019444
8 0.136719 0.904861 0.029687 0.056944
5 0.133984 0.882639 0.027344 0.018056
8 0.432812 0.987500 0.007812 0.022222
5 0.448828 0.984722 0.039844 0.027778
8 0.017969 0.989583 0.018750 0.018056
5 0.010937 0.987500 0.021875 0.022222
8 0.176953 0.997917 0.003906 0.001389
5 0.108984 0.995833 0.130469 0.005556
8 0.113281 0.986111 0.146875 0.025000
5 0.116016 0.983333 0.132031 0.027778
0 0.062109 0.833333 0.124219 0.330556
0 0.772656 0.762500 0.123438 0.138889
1 0.565625 0.787500 0.059375 0.080556
1 0.528125 0.787500 0.057813 0.080556
1 0.535156 0.786111 0.046875 0.077778
1 0.503906 0.788889 0.053125 0.083333
1 0.515625 0.782639 0.050000 0.073611
1 0.482422 0.787500 0.049219 0.083333
1 0.522266 0.781944 0.058594 0.072222
1 0.196875 0.800000 0.081250 0.105556
1 0.197266 0.797917 0.077344 0.101389
1 0.008594 0.800000 0.007812 0.105556
1 0.002734 0.775000 0.005469 0.055556
1 0.950391 0.918750 0.097656 0.159722
2 0.975391 0.994444 0.047656 0.008333
1 0.755469 0.889583 0.487500 0.218056
2 0.903906 0.920139 0.190625 0.156944
2 0.622656 0.924306 0.182812 0.148611
2 0.789453 0.850000 0.136719 0.011111
2 0.844922 0.926389 0.150781 0.144444
2 0.694922 0.852778 0.133594 0.011111
2 0.744531 0.927083 0.153125 0.143056
1 0.663672 0.886111 0.421094 0.225000
2 0.780469 0.834028 0.153125 0.020833
2 0.537500 0.914583 0.135937 0.168056
2 0.681250 0.829861 0.107813 0.006944
2 0.718359 0.838889 0.114844 0.013889
2 0.601562 0.831944 0.104688 0.008333
2 0.633594 0.841667 0.115625 0.013889
2 0.998828 0.850694 0.000781 0.009722
2 0.997266 0.802083 0.003906 0.084722
5 0.072266 0.822222 0.024219 0.005556
5 0.072656 0.815972 0.025000 0.006944
5 0.073047 0.804861 0.024219 0.006944
5 0.073047 0.811111 0.024219 0.005556
5 0.121875 0.839583 0.023438 0.009722
5 0.130469 0.849306 0.001563 0.004167
5 0.121484 0.843750 0.019531 0.009722
5 0.127734 0.853472 0.002344 0.006944
5 0.122266 0.850000 0.011719 0.008333
5 0.122266 0.859028 0.007031 0.006944
5 0.116406 0.841667 0.023438 0.008333
5 0.105859 0.834028 0.039844 0.009722