3 0.499609 0.882639 0.999219 0.231944
4 0.259375 0.773611 0.000000 0.000000
4 0.171094 0.697222 0.000000 0.000000
4 0.065234 0.717361 0.007031 0.048611
8 0.034766 0.743750 0.069531 0.040278
8 0.842187 0.750000 0.007812 0.008333
5 0.445312 0.752778 0.042188 0.008333
5 0.445312 0.752778 0.042188 0.008333
5 0.445312 0.752778 0.042188 0.008333
5 0.461719 0.743750 0.009375 0.006944
5 0.461719 0.743750 0.009375 0.006944
5 0.461719 0.743750 0.009375 0.006944
5 0.445312 0.761806 0.042188 0.006944
5 0.445312 0.761806 0.042188 0.006944
5 0.445312 0.761806 0.042188 0.006944
5 0.511719 0.761806 0.045312 0.006944
5 0.511719 0.761806 0.045312 0.006944
5 0.511719 0.761806 0.045312 0.006944
5 0.512109 0.752778 0.044531 0.008333
5 0.512109 0.752778 0.044531 0.008333
5 0.512109 0.752778 0.044531 0.008333
5 0.512109 0.743056 0.044531 0.008333
5 0.512109 0.743056 0.044531 0.008333
5 0.512109 0.743056 0.044531 0.008333
5 0.512109 0.733333 0.044531 0.008333
5 0.512109 0.733333 0.044531 0.008333
5 0.512109 0.733333 0.044531 0.008333
6 0.459766 0.734028 0.047656 0.076389
6 0.485547 0.736111 0.039844 0.066667
6 0.461328 0.665278 0.050781 0.077778
6 0.473438 0.734722 0.043750 0.072222
6 0.360547 0.729167 0.060156 0.097222
6 0.338672 0.726389 0.075781 0.105556
7 0.118750 0.778472 0.126562 0.034722
7 0.054688 0.782639 0.109375 0.037500
7 0.943359 0.793750 0.111719 0.045833
7 0.932813 0.786111 0.132812 0.038889
7 0.992188 0.845833 0.014063 0.025000
7 0.964844 0.807639 0.068750 0.059722
7 0.028906 0.761111 0.042188 0.005556
7 0.286719 0.766667 0.001563 0.002778
8 0.242578 0.762500 0.032031 0.041667
5 0.242578 0.735417 0.028906 0.009722
8 0.145703 0.746528 0.049219 0.020833
8 0.295312 0.747222 0.018750 0.019444
5 0.287500 0.738889 0.001563 0.005556
8 0.355859 0.772917 0.010156 0.004167
8 0.393359 0.760417 0.005469 0.023611
8 0.416797 0.756250 0.053906 0.034722
5 0.416016 0.739583 0.047656 0.006944
8 0.427344 0.755556 0.059375 0.033333
5 0.446875 0.740278 0.012500 0.005556
8 0.405078 0.756250 0.058594 0.037500
5 0.411719 0.739583 0.037500 0.006944
8 0.387500 0.756944 0.062500 0.038889
5 0.402734 0.738889 0.024219 0.008333
8 0.842578 0.750694 0.007031 0.006944
8 0.944531 0.752778 0.000000 0.000000
8 0.972266 0.751389 0.033594 0.030556
5 0.962891 0.736111 0.008594 0.005556
8 0.844141 0.750000 0.003906 0.008333
8 0.959375 0.750000 0.001563 0.005556
8 0.842578 0.758333 0.003906 0.025000
8 0.966016 0.748611 0.046094 0.036111
5 0.957422 0.732639 0.024219 0.012500
8 0.966797 0.760417 0.044531 0.012500
5 0.964063 0.731944 0.012500 0.002778
8 0.989844 0.745139 0.018750 0.043056
5 0.992188 0.727778 0.014063 0.016667
8 0.978906 0.746528 0.025000 0.040278
5 0.977344 0.729861 0.014063 0.015278
8 0.891016 0.761111 0.122656 0.075000
5 0.889062 0.727778 0.110937 0.016667
8 0.882422 0.760417 0.111719 0.068056
5 0.878516 0.729861 0.096094 0.012500
0 0.620313 0.644444 0.092188 0.291667
0 0.691016 0.677778 0.057031 0.200000
0 0.567578 0.702778 0.022656 0.130556
1 0.146094 0.716667 0.048438 0.069444
1 0.123828 0.725000 0.002344 0.055556
1 0.044922 0.719444 0.003906 0.077778
1 0.053516 0.718750 0.063281 0.079167
1 0.023438 0.720139 0.046875 0.079167
1 0.019141 0.718750 0.038281 0.079167
1 0.978125 0.711806 0.021875 0.109722
2 0.973828 0.735417 0.003906 0.031944
2 0.972266 0.689583 0.003906 0.031944
2 0.984766 0.687500 0.005469 0.033333
2 0.981250 0.734722 0.010937 0.033333
2 0.976172 0.688889 0.003906 0.033333
2 0.980078 0.687500 0.003906 0.033333
2 0.893750 0.753472 0.095312 0.073611
2 0.794531 0.753472 0.084375 0.073611
2 0.802344 0.709028 0.039062 0.012500
2 0.849219 0.710417 0.042188 0.018056
2 0.801953 0.684722 0.039844 0.033333
2 0.848437 0.684028 0.042188 0.034722
5 0.102734 0.679861 0.099219 0.015278
5 0.102344 0.694444 0.100000 0.013889
5 0.101953 0.707639 0.099219 0.015278
5 0.101562 0.722222 0.100000 0.013889
5 0.100781 0.752083 0.100000 0.012500
5 0.101172 0.737500 0.099219 0.013889
5 0.095312 0.761111 0.089063 0.005556
5 0.191016 0.706944 0.097656 0.016667
5 0.190234 0.722222 0.097656 0.013889
5 0.189844 0.752778 0.098437 0.013889
5 0.190234 0.737500 0.097656 0.013889
5 0.202734 0.781250 0.071094 0.015278
5 0.189844 0.765278 0.098437 0.013889
5 0.191016 0.693750 0.097656 0.015278
5 0.191016 0.679167 0.097656 0.016667
5 0.292969 0.706250 0.095312 0.015278
5 0.292969 0.721528 0.095312 0.015278
5 0.292187 0.752778 0.095312 0.013889
5 0.292578 0.736806 0.096094 0.015278
5 0.292187 0.781250 0.095312 0.015278
5 0.292187 0.766667 0.095312 0.013889
5 0.292969 0.692361 0.095312 0.015278
5 0.293359 0.677778 0.094531 0.016667
5 0.294141 0.590278 0.094531 0.022222
5 0.294141 0.604861 0.094531 0.020833
5 0.293750 0.635417 0.095312 0.018056
5 0.294141 0.620139 0.094531 0.020833
5 0.293359 0.663889 0.094531 0.016667
5 0.293750 0.648611 0.095312 0.019444
5 0.294531 0.576389 0.093750 0.022222
5 0.294922 0.561806 0.094531 0.023611