3 0.490234 0.895833 0.980469 0.205556
4 0.700391 0.977778 0.005469 0.041667
5 0.103516 0.870833 0.091406 0.025000
5 0.103516 0.870833 0.091406 0.025000
5 0.103516 0.870833 0.091406 0.025000
5 0.104297 0.852083 0.091406 0.029167
5 0.104297 0.852083 0.091406 0.029167
5 0.104297 0.852083 0.091406 0.029167
5 0.103516 0.887500 0.091406 0.025000
5 0.103516 0.887500 0.091406 0.025000
5 0.103516 0.887500 0.091406 0.025000
5 0.204297 0.872222 0.083594 0.022222
5 0.204297 0.872222 0.083594 0.022222
5 0.204297 0.872222 0.083594 0.022222
5 0.204297 0.857639 0.083594 0.023611
5 0.204297 0.857639 0.083594 0.023611
5 0.204297 0.857639 0.083594 0.023611
5 0.204687 0.841667 0.084375 0.022222
5 0.204687 0.841667 0.084375 0.022222
5 0.204687 0.841667 0.084375 0.022222
5 0.205078 0.823611 0.083594 0.025000
5 0.205078 0.823611 0.083594 0.025000
5 0.205078 0.823611 0.083594 0.025000
6 0.601172 0.911111 0.088281 0.138889
6 0.469141 0.879861 0.091406 0.129167
6 0.601953 0.793750 0.089844 0.134722
6 0.528125 0.886111 0.098437 0.125000
6 0.948828 0.949306 0.100781 0.098611
5 0.798047 0.993750 0.069531 0.009722
8 0.714063 0.991667 0.125000 0.013889
5 0.713672 0.984028 0.111719 0.029167
8 0.647656 0.984028 0.118750 0.029167
5 0.645312 0.975694 0.103125 0.040278
8 0.584375 0.975000 0.114062 0.047222
5 0.584375 0.957639 0.101562 0.037500
8 0.725000 0.973611 0.110937 0.050000
5 0.725000 0.953472 0.098437 0.034722
8 0.661328 0.964583 0.105469 0.062500
5 0.661328 0.938889 0.094531 0.033333
8 0.790234 0.980556 0.114844 0.036111
5 0.790234 0.968750 0.102344 0.040278
8 0.818359 0.990278 0.021094 0.011111
5 0.857812 0.982639 0.085938 0.031944
8 0.840234 0.845833 0.053906 0.038889
5 0.843750 0.826389 0.056250 0.011111
8 0.803906 0.840278 0.059375 0.038889
5 0.802734 0.821528 0.053906 0.012500
8 0.873437 0.852083 0.043750 0.040278
5 0.878125 0.831944 0.045312 0.013889
8 0.923828 0.853472 0.053906 0.031944
5 0.925391 0.838889 0.049219 0.011111
8 0.763672 0.847222 0.063281 0.041667
5 0.763672 0.829167 0.057031 0.013889
8 0.804688 0.853472 0.064062 0.043056
5 0.805078 0.835417 0.058594 0.015278
8 0.846094 0.859028 0.067187 0.043056
5 0.845703 0.840278 0.060156 0.016667
8 0.879297 0.866667 0.042969 0.044444
5 0.881250 0.846528 0.039062 0.018056
0 0.987500 0.810417 0.023438 0.215278
0 0.398047 0.789583 0.114844 0.195833
1 0.987500 0.727778 0.006250 0.022222
2 0.980859 0.732639 0.019531 0.015278
2 0.946875 0.727083 0.003125 0.004167
2 0.946875 0.723611 0.003125 0.000000
2 0.971094 0.725000 0.000000 0.000000
2 0.973828 0.725000 0.003906 0.000000
1 0.905078 0.762500 0.082031 0.094444
2 0.878125 0.777083 0.012500 0.004167
2 0.880078 0.729861 0.025781 0.006944
2 0.946875 0.736806 0.003125 0.012500
2 0.917188 0.786111 0.064062 0.033333
2 0.891406 0.744444 0.015625 0.030556
2 0.898047 0.727778 0.002344 0.000000
1 0.849609 0.772917 0.096094 0.106944
2 0.814063 0.779861 0.017188 0.001389
2 0.822266 0.733333 0.033594 0.002778
2 0.874219 0.752778 0.035937 0.036111
2 0.858594 0.798611 0.070312 0.038889
2 0.830469 0.734028 0.017188 0.001389
2 0.845703 0.733333 0.014844 0.000000
2 0.850781 0.735417 0.021875 0.001389
2 0.864844 0.734722 0.004687 0.000000
1 0.975781 0.732639 0.009375 0.012500
2 0.978516 0.793750 0.011719 0.001389
2 0.980078 0.741667 0.017969 0.002778
2 0.996875 0.795139 0.004687 0.001389
2 0.991797 0.743056 0.014844 0.000000
1 0.822656 0.772917 0.098437 0.101389
2 0.791016 0.798611 0.025781 0.036111
2 0.801953 0.779861 0.024219 0.001389
2 0.794141 0.751389 0.033594 0.036111
2 0.847656 0.755556 0.037500 0.036111
2 0.831641 0.801389 0.072656 0.041667
2 0.806641 0.753472 0.024219 0.034722
2 0.816797 0.735417 0.010156 0.001389
2 0.824219 0.754861 0.025000 0.034722
2 0.833984 0.736111 0.022656 0.000000
1 0.972266 0.791667 0.053906 0.108333
2 0.948438 0.813194 0.003125 0.037500
2 0.975000 0.794444 0.004687 0.000000
2 0.960938 0.762500 0.031250 0.038889
2 0.985938 0.815278 0.026562 0.041667
2 0.978906 0.764583 0.015625 0.040278
2 0.980469 0.744444 0.017188 0.000000
2 0.989844 0.765278 0.018750 0.038889
2 0.999219 0.745139 0.000000 0.001389
2 0.564844 0.811806 0.015625 0.034722
2 0.567578 0.794444 0.010156 0.002778
2 0.612891 0.825694 0.077344 0.043056
2 0.669141 0.823611 0.033594 0.041667
2 0.612500 0.787500 0.078125 0.044444
2 0.669141 0.784722 0.033594 0.038889
2 0.612500 0.747222 0.078125 0.044444
2 0.649609 0.745139 0.072656 0.043056