3 0.726172 0.851389 0.305469 0.294444
5 0.577344 0.700000 0.007812 0.005556
5 0.577344 0.700000 0.007812 0.005556
5 0.577344 0.700000 0.007812 0.005556
5 0.576953 0.692361 0.007031 0.006944
5 0.576953 0.692361 0.007031 0.006944
5 0.576953 0.692361 0.007031 0.006944
5 0.576562 0.684028 0.006250 0.006944
5 0.576562 0.684028 0.006250 0.006944
5 0.576562 0.684028 0.006250 0.006944
5 0.576953 0.675000 0.007031 0.008333
5 0.576953 0.675000 0.007031 0.008333
5 0.576953 0.675000 0.007031 0.008333
8 0.783203 0.733333 0.033594 0.016667
5 0.781250 0.711111 0.032813 0.002778
8 0.806641 0.724306 0.046094 0.026389
5 0.802734 0.711111 0.047656 0.008333
8 0.773828 0.732639 0.050781 0.029167
5 0.774219 0.717361 0.048438 0.009722
8 0.758984 0.734722 0.053906 0.033333
5 0.757031 0.720139 0.051562 0.009722
8 0.771484 0.709028 0.013281 0.001389
5 0.753906 0.706250 0.045312 0.004167
8 0.750000 0.725694 0.004687 0.026389
5 0.733594 0.710417 0.039062 0.006944
8 0.747656 0.724306 0.007812 0.023611
5 0.731641 0.712500 0.033594 0.005556
8 0.725000 0.717361 0.017188 0.004167
5 0.706641 0.715972 0.030469 0.006944
8 0.635938 0.736111 0.017188 0.002778
5 0.637109 0.733333 0.019531 0.008333
8 0.716406 0.741667 0.003125 0.002778
5 0.716797 0.740278 0.008594 0.002778
8 0.602344 0.737500 0.028125 0.011111
5 0.617188 0.731944 0.051562 0.011111
8 0.590625 0.742361 0.034375 0.031944
5 0.589063 0.729167 0.031250 0.011111
8 0.732031 0.739583 0.034375 0.031944
5 0.730859 0.725694 0.028906 0.009722
8 0.724609 0.734028 0.016406 0.012500
5 0.722656 0.729167 0.012500 0.008333
5 0.637109 0.725000 0.019531 0.005556
5 0.609375 0.722222 0.040625 0.005556
8 0.581250 0.756250 0.003125 0.004167
5 0.575781 0.755556 0.004687 0.005556
0 0.754687 0.781944 0.279687 0.433333
0 0.610938 0.658333 0.060937 0.111111
1 0.890234 0.680556 0.002344 0.077778
1 0.885938 0.643750 0.004687 0.012500
2 0.887109 0.649306 0.002344 0.001389
2 0.889062 0.697917 0.000000 0.001389
1 0.861719 0.699306 0.054688 0.120833
2 0.865625 0.698611 0.009375 0.000000
2 0.873437 0.651389 0.029687 0.000000
2 0.853125 0.671528 0.031250 0.037500
2 0.856250 0.720833 0.037500 0.041667
2 0.857422 0.651389 0.000781 0.000000
2 0.858594 0.670833 0.012500 0.036111
2 0.886719 0.670833 0.004687 0.036111
2 0.610938 0.914583 0.073438 0.112500
2 0.610547 0.817361 0.074219 0.115278
2 0.662891 0.769444 0.157031 0.063889
2 0.861719 0.697222 0.015625 0.002778
2 0.781641 0.700694 0.032031 0.012500
2 0.835938 0.711806 0.034375 0.031944
2 0.781641 0.679167 0.028906 0.030556
2 0.829688 0.681250 0.021875 0.029167
2 0.777734 0.648611 0.032031 0.030556
2 0.835156 0.649306 0.034375 0.031944