3 0.499609 0.875694 0.999219 0.245833
4 0.158984 0.769444 0.019531 0.052778
4 0.033594 0.809722 0.007812 0.105556
8 0.017578 0.863194 0.035156 0.070833
8 0.918359 0.815972 0.108594 0.048611
5 0.447656 0.745139 0.040625 0.009722
5 0.447656 0.745139 0.040625 0.009722
5 0.447656 0.745139 0.040625 0.009722
5 0.447656 0.735417 0.040625 0.009722
5 0.447656 0.735417 0.040625 0.009722
5 0.447656 0.735417 0.040625 0.009722
5 0.447656 0.754861 0.040625 0.009722
5 0.447656 0.754861 0.040625 0.009722
5 0.447656 0.754861 0.040625 0.009722
5 0.511328 0.756250 0.046094 0.009722
5 0.511328 0.756250 0.046094 0.009722
5 0.511328 0.756250 0.046094 0.009722
5 0.511328 0.746528 0.046094 0.009722
5 0.511328 0.746528 0.046094 0.009722
5 0.511328 0.746528 0.046094 0.009722
5 0.510938 0.736806 0.046875 0.009722
5 0.510938 0.736806 0.046875 0.009722
5 0.510938 0.736806 0.046875 0.009722
5 0.510938 0.725694 0.046875 0.009722
5 0.510938 0.725694 0.046875 0.009722
5 0.510938 0.725694 0.046875 0.009722
6 0.458594 0.753472 0.050000 0.081944
6 0.484375 0.746528 0.042188 0.073611
6 0.460156 0.681250 0.053125 0.079167
6 0.472266 0.750000 0.046094 0.077778
6 0.348047 0.774306 0.077344 0.104167
6 0.340625 0.783333 0.060937 0.116667
7 0.084375 0.913889 0.145313 0.047222
7 0.036328 0.950000 0.072656 0.055556
7 0.964063 0.984028 0.070312 0.029167
7 0.008594 0.829861 0.017188 0.029167
8 0.208594 0.836806 0.065625 0.054167
5 0.208594 0.808333 0.065625 0.019444
8 0.119922 0.828472 0.049219 0.034722
5 0.151953 0.809722 0.050781 0.013889
5 0.275781 0.771528 0.001563 0.001389
8 0.391406 0.761111 0.003125 0.000000
5 0.387500 0.760417 0.003125 0.004167
8 0.416406 0.785417 0.051562 0.040278
5 0.412109 0.767361 0.052344 0.009722
8 0.427734 0.781250 0.055469 0.037500
5 0.423047 0.764583 0.057031 0.009722
8 0.409375 0.790278 0.045312 0.041667
5 0.407031 0.771528 0.042188 0.009722
8 0.401562 0.795139 0.029687 0.043056
5 0.399219 0.776389 0.025000 0.011111
8 0.892578 0.765278 0.010156 0.016667
5 0.915625 0.759028 0.051562 0.006944
8 0.889062 0.761806 0.010937 0.015278
5 0.910937 0.755556 0.050000 0.005556
8 0.918750 0.765972 0.048438 0.012500
5 0.924609 0.762500 0.055469 0.008333
8 0.903516 0.767361 0.008594 0.009722
5 0.928516 0.764583 0.053906 0.006944
8 0.848437 0.761806 0.053125 0.018056
5 0.847266 0.752778 0.047656 0.002778
8 0.849219 0.763889 0.053125 0.016667
5 0.850000 0.757639 0.050000 0.006944
8 0.855078 0.767361 0.055469 0.018056
5 0.855859 0.761806 0.052344 0.009722
8 0.859766 0.772917 0.060156 0.020833
5 0.858594 0.765278 0.054688 0.011111
8 0.946484 0.791667 0.058594 0.022222
5 0.945312 0.786806 0.051562 0.015278
8 0.993750 0.798611 0.010937 0.019444
5 0.993359 0.787500 0.011719 0.013889
8 0.889844 0.805556 0.054688 0.050000
5 0.889453 0.785417 0.047656 0.015278
8 0.827344 0.792361 0.050000 0.026389
5 0.826562 0.784028 0.043750 0.015278
8 0.937500 0.785417 0.071875 0.031944
5 0.936719 0.773611 0.065625 0.011111
8 0.950391 0.788194 0.075781 0.026389
5 0.945703 0.778472 0.061719 0.012500
8 0.884375 0.792361 0.050000 0.037500
5 0.883203 0.777778 0.044531 0.011111
8 0.825391 0.788194 0.046094 0.031944
5 0.825000 0.775000 0.040625 0.008333
8 0.994531 0.845833 0.009375 0.033333
5 0.992188 0.827778 0.014063 0.016667
8 0.985156 0.829861 0.028125 0.034722
5 0.985547 0.813889 0.027344 0.008333
8 0.936328 0.909722 0.125781 0.100000
5 0.938281 0.872222 0.121875 0.033333
8 0.930078 0.889583 0.128906 0.090278
5 0.927734 0.852778 0.116406 0.022222
0 0.636719 0.749306 0.098437 0.331944
0 0.703516 0.722917 0.061719 0.215278
0 0.579688 0.703472 0.045312 0.134722
1 0.131641 0.713889 0.077344 0.086111
1 0.112891 0.713889 0.080469 0.086111
1 0.065234 0.714583 0.078906 0.087500
1 0.044531 0.715972 0.081250 0.090278
1 0.020703 0.714583 0.036719 0.087500
1 0.010547 0.715972 0.021094 0.090278
1 0.992578 0.724306 0.013281 0.109722
2 0.994531 0.746528 0.009375 0.034722
2 0.991406 0.698611 0.004687 0.033333
2 0.996875 0.746528 0.004687 0.034722
2 0.996484 0.699306 0.005469 0.034722
2 0.998828 0.700000 0.000781 0.033333
2 0.934375 0.856250 0.109375 0.098611
2 0.826562 0.853472 0.095312 0.095833
2 0.791797 0.750694 0.000781 0.031944
2 0.837500 0.742361 0.003125 0.015278
2 0.813672 0.756944 0.041406 0.036111
2 0.862109 0.747222 0.044531 0.019444
2 0.813281 0.721528 0.042188 0.034722
2 0.861719 0.722222 0.045312 0.036111
2 0.812891 0.687500 0.041406 0.033333
2 0.861328 0.688194 0.044531 0.034722
5 0.073438 0.765972 0.109375 0.020833
5 0.073438 0.782639 0.109375 0.020833
5 0.073047 0.796528 0.110156 0.020833
5 0.072656 0.812500 0.109375 0.022222
5 0.072266 0.844444 0.110156 0.025000
5 0.072266 0.828472 0.110156 0.023611
5 0.075781 0.875694 0.101562 0.026389
5 0.071484 0.859028 0.110156 0.026389
5 0.169141 0.798611 0.107031 0.022222
5 0.169141 0.814583 0.107031 0.023611
5 0.168359 0.847917 0.107031 0.026389
5 0.168750 0.831944 0.107813 0.025000
5 0.167969 0.879167 0.107813 0.027778
5 0.168359 0.863194 0.107031 0.026389
5 0.169141 0.784028 0.107031 0.020833
5 0.169922 0.767361 0.107031 0.020833
5 0.280078 0.800694 0.103906 0.023611
5 0.280078 0.818056 0.103906 0.025000
5 0.279687 0.851389 0.104688 0.027778
5 0.280078 0.834028 0.103906 0.026389
5 0.279687 0.883333 0.104688 0.027778
5 0.279687 0.866667 0.104688 0.027778
5 0.280078 0.786111 0.103906 0.022222
5 0.280469 0.770139 0.104688 0.020833
5 0.281250 0.674306 0.103125 0.015278
5 0.281250 0.690972 0.103125 0.015278
5 0.280859 0.724306 0.103906 0.018056
5 0.280859 0.708333 0.103906 0.016667
5 0.280859 0.755556 0.103906 0.019444
5 0.280859 0.738889 0.103906 0.019444
5 0.281641 0.659028 0.103906 0.015278
5 0.281641 0.643056 0.103906 0.016667