3 0.499609 0.884722 0.999219 0.227778
4 0.250781 0.870833 0.003125 0.044444
4 0.114453 0.840278 0.008594 0.005556
4 0.004687 0.854167 0.009375 0.058333
4 0.470703 0.829167 0.008594 0.058333
4 0.345313 0.820833 0.023438 0.055556
4 0.298828 0.817361 0.007031 0.054167
4 0.237891 0.813889 0.024219 0.052778
4 0.196875 0.810417 0.006250 0.051389
4 0.149609 0.807639 0.007031 0.051389
8 0.716016 0.792361 0.019531 0.020833
8 0.609375 0.781944 0.006250 0.013889
5 0.715625 0.770139 0.020313 0.006944
5 0.715625 0.770139 0.020313 0.006944
5 0.715625 0.770139 0.020313 0.006944
5 0.715625 0.762500 0.020313 0.008333
5 0.715625 0.762500 0.020313 0.008333
5 0.715625 0.762500 0.020313 0.008333
5 0.716016 0.777778 0.019531 0.005556
5 0.716016 0.777778 0.019531 0.005556
5 0.716016 0.777778 0.019531 0.005556
5 0.674219 0.777778 0.012500 0.005556
5 0.674219 0.777778 0.012500 0.005556
5 0.674219 0.777778 0.012500 0.005556
5 0.674219 0.770139 0.012500 0.006944
5 0.674219 0.770139 0.012500 0.006944
5 0.674219 0.770139 0.012500 0.006944
5 0.674219 0.763194 0.012500 0.006944
5 0.674219 0.763194 0.012500 0.006944
5 0.674219 0.763194 0.012500 0.006944
5 0.674219 0.754861 0.012500 0.006944
5 0.674219 0.754861 0.012500 0.006944
5 0.674219 0.754861 0.012500 0.006944
6 0.617188 0.759722 0.025000 0.041667
6 0.643750 0.759722 0.031250 0.041667
6 0.358984 0.936806 0.108594 0.123611
6 0.529297 0.940278 0.113281 0.116667
6 0.359375 0.827083 0.109375 0.134722
6 0.441406 0.936806 0.110937 0.123611
6 0.121875 0.890278 0.025000 0.102778
6 0.005469 0.886111 0.010937 0.100000
7 0.153125 0.879861 0.015625 0.018056
7 0.416406 0.845139 0.037500 0.018056
7 0.423047 0.925694 0.050781 0.031944
7 0.208984 0.897917 0.030469 0.020833
7 0.008594 0.776389 0.006250 0.008333
7 0.910547 0.823611 0.013281 0.013889
7 0.961719 0.827778 0.023438 0.013889
7 0.781250 0.816667 0.026562 0.013889
7 0.830469 0.820139 0.021875 0.012500
7 0.415234 0.797222 0.030469 0.011111
7 0.377734 0.797917 0.032031 0.004167
7 0.466797 0.800000 0.030469 0.011111
6 0.160156 0.793750 0.015625 0.056944
6 0.130469 0.796528 0.039062 0.056944
6 0.131250 0.743056 0.039062 0.058333
6 0.170703 0.740972 0.035156 0.056944
6 0.266406 0.750000 0.054688 0.063889
6 0.300781 0.745833 0.051562 0.061111
6 0.265625 0.807639 0.054688 0.065278
6 0.307812 0.801389 0.035937 0.061111
6 0.317969 0.767361 0.039062 0.045833
6 0.289844 0.765278 0.037500 0.041667
8 0.004687 0.883333 0.009375 0.016667
5 0.005078 0.872917 0.010156 0.012500
8 0.194531 0.920139 0.081250 0.051389
5 0.194531 0.899306 0.073438 0.020833
8 0.240234 0.926389 0.080469 0.052778
5 0.241406 0.904167 0.073438 0.019444
8 0.286328 0.931944 0.082031 0.055556
5 0.286719 0.910417 0.073438 0.023611
8 0.331250 0.943750 0.068750 0.051389
5 0.332813 0.916667 0.062500 0.025000
8 0.229297 0.952083 0.089844 0.065278
5 0.230078 0.927778 0.080469 0.027778
8 0.282813 0.959722 0.090625 0.066667
5 0.283203 0.934028 0.080469 0.029167
8 0.181250 0.946528 0.089063 0.062500
5 0.182422 0.922222 0.080469 0.027778
8 0.143359 0.939583 0.069531 0.059722
5 0.141016 0.915972 0.064844 0.026389
0 0.807422 0.879861 0.197656 0.237500
0 0.005469 0.753472 0.010937 0.104167
0 0.196094 0.766667 0.060937 0.125000
0 0.239453 0.768056 0.067969 0.127778
1 0.006250 0.781250 0.012500 0.059722
1 0.006250 0.781944 0.012500 0.080556
1 0.979297 0.829861 0.039844 0.143056
1 0.931250 0.828472 0.056250 0.143056
1 0.980078 0.809028 0.038281 0.112500
1 0.935156 0.809722 0.050000 0.116667
1 0.980078 0.798611 0.038281 0.102778
1 0.936719 0.800000 0.046875 0.108333
1 0.561719 0.802083 0.089063 0.115278
1 0.574609 0.797222 0.075781 0.111111
1 0.386719 0.787500 0.079687 0.100000
1 0.363281 0.788889 0.082812 0.100000
1 0.266797 0.762500 0.057031 0.072222
2 0.267578 0.776389 0.002344 0.019444
2 0.255078 0.746528 0.027344 0.023611
2 0.269922 0.773611 0.007031 0.019444
2 0.271484 0.752083 0.003906 0.009722
2 0.254297 0.733333 0.003906 0.000000
1 0.204297 0.743750 0.057031 0.037500
2 0.192188 0.743750 0.028125 0.023611
2 0.217969 0.731250 0.021875 0.001389
2 0.207422 0.742361 0.014844 0.020833
2 0.195703 0.731944 0.007031 0.000000
2 0.218750 0.731944 0.006250 0.000000
1 0.232031 0.743056 0.048438 0.036111
2 0.223047 0.745139 0.021094 0.023611
2 0.252734 0.731944 0.002344 0.000000
2 0.232813 0.763889 0.000000 0.000000
2 0.244922 0.733333 0.002344 0.000000
2 0.248047 0.732639 0.007031 0.001389
2 0.237891 0.731944 0.011719 0.000000
2 0.564844 0.995139 0.073438 0.006944
5 0.566797 0.800694 0.032031 0.006944
5 0.566797 0.795139 0.032031 0.006944
5 0.566797 0.784028 0.032031 0.006944
5 0.566797 0.789583 0.032031 0.006944
5 0.497266 0.835417 0.044531 0.012500
5 0.504297 0.844444 0.024219 0.011111
5 0.482812 0.842361 0.032813 0.012500
5 0.484375 0.850694 0.023438 0.012500
5 0.448437 0.851389 0.050000 0.013889
5 0.446094 0.858333 0.050000 0.013889
5 0.448437 0.844444 0.050000 0.011111
5 0.446094 0.835417 0.050000 0.012500