3 0.139453 0.984028 0.267969 0.029167
6 0.491797 0.992361 0.144531 0.012500
6 0.263281 0.916667 0.167187 0.163889
6 0.398047 0.996528 0.105469 0.004167
7 0.089063 0.977083 0.012500 0.012500
7 0.157031 0.975694 0.035937 0.015278
7 0.017188 0.981944 0.025000 0.016667
0 0.036328 0.838889 0.072656 0.319444
0 0.867969 0.904167 0.157812 0.188889
1 0.353906 0.940278 0.090625 0.113889
1 0.308203 0.940972 0.091406 0.112500
1 0.303516 0.936111 0.083594 0.105556
1 0.260937 0.939583 0.079687 0.109722
1 0.260547 0.931944 0.075781 0.100000
1 0.225781 0.936806 0.062500 0.104167
1 0.237500 0.928472 0.081250 0.095833