3 0.499609 0.923611 0.999219 0.150000
8 0.985156 0.977778 0.028125 0.041667
5 0.504297 0.842361 0.028906 0.012500
5 0.504297 0.842361 0.028906 0.012500
5 0.504297 0.842361 0.028906 0.012500
5 0.505078 0.828472 0.027344 0.012500
5 0.505078 0.828472 0.027344 0.012500
5 0.505078 0.828472 0.027344 0.012500
5 0.507031 0.854861 0.023438 0.012500
5 0.507031 0.854861 0.023438 0.012500
5 0.507031 0.854861 0.023438 0.012500
5 0.569531 0.856944 0.064062 0.013889
5 0.569531 0.856944 0.064062 0.013889
5 0.569531 0.856944 0.064062 0.013889
5 0.569531 0.844444 0.064062 0.013889
5 0.569531 0.844444 0.064062 0.013889
5 0.569531 0.844444 0.064062 0.013889
5 0.569531 0.831944 0.064062 0.013889
5 0.569531 0.831944 0.064062 0.013889
5 0.569531 0.831944 0.064062 0.013889
5 0.569531 0.817361 0.064062 0.012500
5 0.569531 0.817361 0.064062 0.012500
5 0.569531 0.817361 0.064062 0.012500
6 0.450000 0.804167 0.015625 0.016667
6 0.481641 0.845139 0.067969 0.104167
6 0.417578 0.747917 0.088281 0.112500
6 0.466797 0.818056 0.046094 0.047222
6 0.120313 0.893056 0.121875 0.172222
6 0.048047 0.905556 0.096094 0.186111
8 0.975781 0.863194 0.001563 0.004167
5 0.988281 0.860417 0.021875 0.004167
8 0.974609 0.881250 0.003906 0.029167
5 0.987500 0.869444 0.023438 0.011111
8 0.987500 0.895139 0.023438 0.048611
5 0.989062 0.876389 0.020313 0.016667
8 0.986328 0.910417 0.025781 0.065278
5 0.988281 0.884028 0.021875 0.018056
8 0.931641 0.957639 0.100781 0.081944
5 0.930859 0.927083 0.088281 0.034722
8 0.944531 0.940972 0.085938 0.084722
5 0.941797 0.908333 0.078906 0.027778
0 0.331250 0.719444 0.323437 0.558333
0 0.712109 0.810417 0.132031 0.376389
0 0.637109 0.786806 0.063281 0.187500
1 0.114453 0.782639 0.092969 0.070833
1 0.098828 0.781250 0.067969 0.070833
1 0.044922 0.795833 0.089844 0.097222
1 0.010547 0.806944 0.021094 0.075000
1 0.010937 0.799306 0.021875 0.101389
2 0.971484 0.866667 0.055469 0.052778
2 0.970703 0.815278 0.057031 0.050000
2 0.969922 0.763194 0.058594 0.051389