3 0.472266 0.874306 0.944531 0.248611
4 0.555078 0.777083 0.000781 0.001389
4 0.669922 0.752083 0.041406 0.084722
4 0.764062 0.756250 0.014063 0.093056
4 0.837891 0.759722 0.055469 0.102778
4 0.516406 0.799306 0.057813 0.190278
4 0.655078 0.822917 0.017969 0.240278
4 0.922266 0.815972 0.057031 0.234722
6 0.529687 0.735417 0.031250 0.073611
6 0.494141 0.729167 0.013281 0.055556
6 0.541406 0.666667 0.056250 0.075000
6 0.513281 0.734028 0.051562 0.070833
6 0.708203 0.740972 0.066406 0.093056
6 0.787109 0.742361 0.072656 0.098611
7 0.930078 0.820139 0.024219 0.029167
7 0.833594 0.884722 0.193750 0.069444
7 0.650000 0.795833 0.087500 0.027778
7 0.586719 0.782639 0.059375 0.012500
6 0.310547 0.815278 0.267969 0.366667
6 0.568359 0.813889 0.247656 0.336111
6 0.567578 0.517361 0.244531 0.334722
6 0.313281 0.479167 0.264062 0.402778
6 0.232813 0.566667 0.126562 0.133333
6 0.057422 0.583333 0.114844 0.213889
6 0.025000 0.777778 0.050000 0.216667
8 0.854688 0.778472 0.062500 0.048611
5 0.857031 0.754861 0.056250 0.012500
8 0.828516 0.779861 0.092969 0.051389
5 0.830078 0.756250 0.083594 0.012500
8 0.614062 0.763889 0.064062 0.036111
5 0.612500 0.747222 0.060937 0.008333
8 0.596875 0.758333 0.029687 0.022222
5 0.594141 0.745833 0.024219 0.008333
8 0.550000 0.762500 0.064062 0.036111
5 0.532031 0.745139 0.023438 0.006944
8 0.517188 0.760417 0.053125 0.034722
5 0.522656 0.743750 0.042188 0.006944
8 0.608984 0.763889 0.050781 0.013889
5 0.606641 0.740278 0.049219 0.000000
8 0.571875 0.761806 0.056250 0.015278
5 0.587500 0.738889 0.010937 0.000000
8 0.624609 0.761111 0.049219 0.022222
5 0.627344 0.744444 0.040625 0.008333
8 0.660547 0.765278 0.057031 0.030556
5 0.643359 0.745833 0.011719 0.008333
8 0.765625 0.747917 0.045312 0.020833
5 0.768750 0.731944 0.003125 0.000000
8 0.744141 0.750000 0.003906 0.013889
5 0.746484 0.731944 0.008594 0.000000
8 0.781641 0.752083 0.022656 0.015278
5 0.784766 0.733333 0.013281 0.000000
8 0.749219 0.754861 0.003125 0.009722
5 0.744531 0.737500 0.000000 0.000000
8 0.759766 0.748611 0.035156 0.025000
5 0.759766 0.736111 0.035156 0.005556
8 0.781641 0.750000 0.022656 0.025000
5 0.776172 0.735417 0.030469 0.004167
8 0.937109 0.757639 0.014844 0.018056
5 0.937109 0.736111 0.014844 0.000000
8 0.930469 0.752778 0.028125 0.027778
5 0.930078 0.737500 0.028906 0.002778
8 0.906250 0.752778 0.048438 0.027778
5 0.917188 0.738194 0.003125 0.001389
8 0.917188 0.756250 0.001563 0.015278
5 0.901563 0.734722 0.034375 0.000000
0 0.837891 0.693056 0.092969 0.155556
0 0.934375 0.499306 0.129688 0.998611
0 0.200000 0.652778 0.400000 0.597222
0 0.150000 0.659028 0.300000 0.506944
1 0.005078 0.694444 0.010156 0.141667
1 0.015625 0.709028 0.031250 0.254167
1 0.068359 0.715972 0.136719 0.229167
1 0.900000 0.676389 0.064062 0.002778
1 0.875000 0.694444 0.018750 0.041667
2 0.878906 0.715278 0.003125 0.000000
1 0.929297 0.710417 0.016406 0.076389
2 0.942578 0.734722 0.003906 0.000000
2 0.942187 0.690972 0.012500 0.020833
2 0.950781 0.688889 0.003125 0.016667
1 0.787109 0.693750 0.055469 0.043056
2 0.808203 0.685417 0.014844 0.006944
1 0.900391 0.691667 0.077344 0.047222
2 0.925781 0.690972 0.020313 0.023611
2 0.929688 0.734722 0.001563 0.000000
1 0.768750 0.710417 0.068750 0.079167
2 0.744922 0.723611 0.007031 0.013889
2 0.742578 0.693750 0.010156 0.023611
2 0.783203 0.693056 0.024219 0.025000
2 0.770703 0.723611 0.042969 0.016667
2 0.753516 0.693750 0.010156 0.023611
2 0.764844 0.693056 0.010937 0.025000
1 0.878125 0.692361 0.073438 0.034722
2 0.844922 0.684028 0.005469 0.009722
2 0.881641 0.691667 0.003906 0.027778
2 0.880859 0.725000 0.007031 0.016667
2 0.862891 0.684028 0.002344 0.009722
2 0.873047 0.691667 0.013281 0.027778
2 0.877344 0.705556 0.000000 0.000000
2 0.581641 0.733333 0.000781 0.008333
2 0.582031 0.726389 0.000000 0.000000
2 0.610547 0.742361 0.053906 0.026389
2 0.644141 0.742361 0.010156 0.026389
2 0.610547 0.712500 0.053906 0.027778
2 0.643359 0.713194 0.010156 0.026389
2 0.610547 0.684722 0.053906 0.027778
2 0.642969 0.685417 0.010937 0.026389
5 0.925391 0.704861 0.038281 0.004167
5 0.926172 0.736806 0.038281 0.012500
5 0.926562 0.750000 0.039062 0.013889
5 0.926562 0.779167 0.037500 0.013889
5 0.926953 0.764583 0.038281 0.015278
5 0.925781 0.805556 0.034375 0.013889
5 0.926172 0.790972 0.036719 0.015278
5 0.016797 0.788194 0.033594 0.009722