3 0.499609 0.904861 0.999219 0.187500
4 0.127344 0.797222 0.003125 0.061111
5 0.008594 0.800000 0.017188 0.005556
5 0.008594 0.800000 0.017188 0.005556
5 0.008594 0.800000 0.017188 0.005556
5 0.008594 0.793056 0.017188 0.005556
5 0.008594 0.793056 0.017188 0.005556
5 0.008594 0.793056 0.017188 0.005556
5 0.005859 0.806944 0.011719 0.005556
5 0.005859 0.806944 0.011719 0.005556
5 0.005859 0.806944 0.011719 0.005556
6 0.092578 0.788194 0.000781 0.031944
6 0.094531 0.788889 0.004687 0.033333
6 0.069922 0.747917 0.002344 0.006944
8 0.016406 0.849306 0.032813 0.095833
5 0.659375 0.804167 0.000000 0.000000
5 0.659375 0.804167 0.000000 0.000000
5 0.659375 0.804167 0.000000 0.000000
5 0.662109 0.827083 0.002344 0.001389
5 0.662109 0.827083 0.002344 0.001389
5 0.662109 0.827083 0.002344 0.001389
5 0.770312 0.828472 0.009375 0.001389
5 0.770312 0.828472 0.009375 0.001389
5 0.770312 0.828472 0.009375 0.001389
5 0.767969 0.798611 0.014063 0.008333
5 0.767969 0.798611 0.014063 0.008333
5 0.767969 0.798611 0.014063 0.008333
5 0.763672 0.787500 0.022656 0.011111
5 0.763672 0.787500 0.022656 0.011111
5 0.763672 0.787500 0.022656 0.011111
6 0.381250 0.777083 0.076563 0.056944
6 0.498828 0.795139 0.072656 0.087500
6 0.382031 0.711806 0.076563 0.093056
6 0.442578 0.793750 0.074219 0.087500
6 0.062500 0.796528 0.060937 0.104167
6 0.000781 0.787500 0.001563 0.086111
7 0.002734 0.813194 0.003906 0.001389
7 0.015625 0.831944 0.031250 0.016667
7 0.333594 0.805556 0.001563 0.000000
8 0.126562 0.822917 0.051562 0.040278
5 0.108203 0.804167 0.010156 0.008333
8 0.165625 0.822917 0.018750 0.037500
5 0.165625 0.803472 0.010937 0.006944
8 0.175391 0.822917 0.013281 0.040278
5 0.173047 0.804167 0.003906 0.008333
8 0.139844 0.825000 0.056250 0.044444
5 0.139063 0.804861 0.050000 0.009722
8 0.824219 0.845139 0.098437 0.054167
8 0.874609 0.865972 0.058594 0.006944
8 0.774609 0.842361 0.103906 0.062500
5 0.754297 0.813194 0.058594 0.015278
8 0.712109 0.844444 0.108594 0.066667
5 0.708203 0.813194 0.100781 0.015278
8 0.773047 0.828472 0.013281 0.001389
8 0.757812 0.847222 0.082812 0.036111
5 0.757422 0.804167 0.052344 0.000000
8 0.707812 0.842361 0.098437 0.048611
5 0.704688 0.810417 0.087500 0.012500
8 0.643750 0.842361 0.098437 0.051389
5 0.641406 0.811806 0.089063 0.012500
8 0.335938 0.852778 0.128125 0.077778
5 0.337891 0.817361 0.117969 0.018056
8 0.369531 0.857639 0.142187 0.084722
5 0.371094 0.820139 0.128125 0.020833
8 0.305078 0.848611 0.119531 0.072222
5 0.302734 0.815278 0.100781 0.016667
8 0.276562 0.844444 0.103125 0.066667
5 0.282422 0.813889 0.102344 0.013889
8 0.572266 0.847917 0.114844 0.070833
5 0.570312 0.815278 0.103125 0.016667
8 0.494141 0.850000 0.117969 0.075000
5 0.492188 0.816667 0.104688 0.016667
8 0.424219 0.851389 0.115625 0.058333
5 0.425000 0.814583 0.106250 0.015278
8 0.396875 0.852083 0.100000 0.043056
5 0.392188 0.806250 0.095312 0.001389
0 0.222266 0.728472 0.222656 0.276389
0 0.709375 0.743056 0.101562 0.172222
1 0.453516 0.769444 0.058594 0.072222
1 0.422266 0.768750 0.058594 0.073611
1 0.421875 0.770139 0.053125 0.068056
1 0.389062 0.770139 0.050000 0.068056
1 0.389453 0.770833 0.044531 0.066667
1 0.369531 0.770833 0.040625 0.066667
1 0.378516 0.781250 0.057031 0.043056
1 0.125391 0.775694 0.080469 0.098611
1 0.117188 0.773611 0.078125 0.091667
1 0.933203 0.746528 0.132031 0.340278
2 0.938281 0.668750 0.121875 0.104167
2 0.939844 0.805556 0.118750 0.102778
1 0.885938 0.750694 0.226562 0.304167
2 0.830859 0.681250 0.097656 0.093056
2 0.832812 0.804167 0.098437 0.091667
2 0.933203 0.750694 0.058594 0.006944
2 0.983203 0.747222 0.017969 0.005556
5 0.028516 0.811806 0.007031 0.001389
5 0.031250 0.815278 0.001563 0.005556
5 0.031250 0.820833 0.001563 0.002778