3 0.499609 0.979167 0.999219 0.038889
5 0.305078 0.959722 0.102344 0.047222
5 0.305078 0.959722 0.102344 0.047222
5 0.305078 0.959722 0.102344 0.047222
5 0.305078 0.937500 0.102344 0.047222
5 0.305078 0.937500 0.102344 0.047222
5 0.305078 0.937500 0.102344 0.047222
5 0.305078 0.978472 0.102344 0.040278
5 0.305078 0.978472 0.102344 0.040278
5 0.305078 0.978472 0.102344 0.040278
5 0.453906 0.982639 0.103125 0.031944
5 0.453906 0.982639 0.103125 0.031944
5 0.453906 0.982639 0.103125 0.031944
5 0.453906 0.966667 0.103125 0.041667
5 0.453906 0.966667 0.103125 0.041667
5 0.453906 0.966667 0.103125 0.041667
5 0.453906 0.944444 0.103125 0.041667
5 0.453906 0.944444 0.103125 0.041667
5 0.453906 0.944444 0.103125 0.041667
5 0.453906 0.918056 0.103125 0.047222
5 0.453906 0.918056 0.103125 0.047222
5 0.453906 0.918056 0.103125 0.047222
0 0.665234 0.887500 0.103906 0.222222