3 0.499609 0.868056 0.999219 0.261111
4 0.433984 0.720833 0.002344 0.055556
4 0.464453 0.731944 0.035156 0.077778
4 0.504297 0.734028 0.011719 0.084722
4 0.516797 0.737500 0.035156 0.091667
5 0.341406 0.725000 0.046875 0.008333
5 0.341406 0.725000 0.046875 0.008333
5 0.341406 0.725000 0.046875 0.008333
5 0.341797 0.716667 0.046094 0.008333
5 0.341797 0.716667 0.046094 0.008333
5 0.341797 0.716667 0.046094 0.008333
5 0.341016 0.734028 0.046094 0.006944
5 0.341016 0.734028 0.046094 0.006944
5 0.341016 0.734028 0.046094 0.006944
5 0.403125 0.734028 0.045312 0.006944
5 0.403125 0.734028 0.045312 0.006944
5 0.403125 0.734028 0.045312 0.006944
5 0.403125 0.725000 0.045312 0.008333
5 0.403125 0.725000 0.045312 0.008333
5 0.403125 0.725000 0.045312 0.008333
5 0.403125 0.715972 0.045312 0.006944
5 0.403125 0.715972 0.045312 0.006944
5 0.403125 0.715972 0.045312 0.006944
5 0.403125 0.706250 0.045312 0.006944
5 0.403125 0.706250 0.045312 0.006944
5 0.403125 0.706250 0.045312 0.006944
6 0.510547 0.715278 0.046094 0.066667
6 0.479687 0.709028 0.035937 0.051389
6 0.511719 0.653472 0.048438 0.068056
6 0.493750 0.715278 0.037500 0.066667
6 0.531641 0.720139 0.007031 0.084722
7 0.835547 0.775694 0.011719 0.001389
7 0.869531 0.794444 0.079687 0.030556
7 0.458594 0.792361 0.070312 0.034722
7 0.025000 0.818750 0.050000 0.045833
7 0.378516 0.767361 0.047656 0.023611
7 0.001563 0.761111 0.003125 0.016667
7 0.367578 0.746528 0.057031 0.015278
7 0.416797 0.758333 0.064844 0.016667
8 0.946875 0.806944 0.104688 0.088889
5 0.950391 0.768056 0.097656 0.022222
8 0.983203 0.813194 0.032031 0.090278
5 0.987500 0.774306 0.023438 0.020833
8 0.878125 0.789583 0.096875 0.070833
5 0.875391 0.755556 0.091406 0.019444
8 0.837109 0.790972 0.017969 0.070833
5 0.835156 0.758333 0.010937 0.016667
8 0.530078 0.740972 0.003906 0.015278
5 0.532031 0.731944 0.000000 0.002778
8 0.491797 0.743056 0.060156 0.036111
5 0.488281 0.727083 0.048438 0.006944
8 0.475781 0.741667 0.043750 0.033333
5 0.475781 0.725694 0.043750 0.006944
8 0.468359 0.739583 0.055469 0.031944
5 0.464844 0.724306 0.043750 0.006944
8 0.457031 0.738194 0.050000 0.031944
5 0.450391 0.723611 0.028906 0.005556
8 0.518750 0.742361 0.017188 0.012500
5 0.517578 0.721528 0.019531 0.001389
8 0.508203 0.743750 0.038281 0.018056
5 0.494141 0.720833 0.007031 0.000000
8 0.524609 0.740972 0.005469 0.031944
5 0.524609 0.725000 0.005469 0.005556
8 0.526563 0.740972 0.004687 0.031944
5 0.526563 0.726389 0.001563 0.005556
8 0.830469 0.738194 0.000000 0.001389
8 0.847266 0.734028 0.036719 0.020833
5 0.845313 0.717361 0.039062 0.001389
8 0.893359 0.735417 0.027344 0.023611
5 0.896484 0.724306 0.016406 0.006944
8 0.869141 0.734722 0.055469 0.025000
5 0.868359 0.724306 0.049219 0.006944
8 0.880469 0.739583 0.050000 0.015278
5 0.880859 0.718056 0.047656 0.000000
8 0.894531 0.739583 0.021875 0.015278
5 0.901563 0.719444 0.006250 0.000000
8 0.875000 0.736806 0.051562 0.020833
5 0.877734 0.722222 0.039844 0.005556
8 0.846484 0.734028 0.035156 0.023611
5 0.842969 0.722917 0.032813 0.006944
0 0.951953 0.667361 0.094531 0.204167
0 0.825781 0.718056 0.000000 0.000000
0 0.503906 0.678472 0.045312 0.109722
0 0.669141 0.609028 0.321094 0.768056
1 0.032813 0.696528 0.065625 0.093056
1 0.031250 0.696528 0.062500 0.095833
1 0.995313 0.658333 0.001563 0.000000
1 0.944922 0.656944 0.041406 0.002778
1 0.880078 0.685417 0.053906 0.062500
2 0.885938 0.676389 0.020313 0.025000
2 0.886328 0.708333 0.019531 0.016667
2 0.886719 0.688889 0.000000 0.000000
1 0.962891 0.654861 0.069531 0.006944
2 0.982031 0.661806 0.032813 0.004167
1 0.850391 0.685417 0.057031 0.062500
2 0.823828 0.707639 0.002344 0.015278
2 0.822266 0.676389 0.003906 0.025000
2 0.858203 0.676389 0.033594 0.025000
2 0.850781 0.708333 0.050000 0.016667
2 0.828906 0.676389 0.007812 0.025000
2 0.837109 0.676389 0.008594 0.025000
2 0.864453 0.688889 0.000781 0.000000
1 0.930469 0.682639 0.075000 0.068056
2 0.901172 0.708333 0.008594 0.016667
2 0.900781 0.674306 0.009375 0.026389
2 0.946094 0.661806 0.037500 0.004167
2 0.910937 0.668750 0.009375 0.018056
2 0.921484 0.661806 0.010156 0.004167
5 0.030078 0.753472 0.058594 0.012500
5 0.031641 0.763194 0.058594 0.012500
5 0.030078 0.744444 0.058594 0.011111
5 0.032031 0.734722 0.059375 0.011111