3 0.499609 0.856250 0.999219 0.284722
4 0.388672 0.702083 0.003906 0.051389
4 0.383984 0.704167 0.014844 0.061111
4 0.391016 0.705556 0.003906 0.063889
4 0.385156 0.706944 0.018750 0.069444
4 0.393750 0.709722 0.004687 0.075000
4 0.386328 0.707639 0.022656 0.090278
4 0.399609 0.710417 0.011719 0.098611
4 0.401172 0.710417 0.011719 0.104167
4 0.412500 0.734722 0.014063 0.158333
4 0.397656 0.738194 0.078125 0.206944
4 0.454688 0.777778 0.053125 0.358333
4 0.664453 0.690972 0.055469 0.615278
8 0.425391 0.713889 0.030469 0.025000
5 0.393359 0.703472 0.033594 0.006944
5 0.393359 0.703472 0.033594 0.006944
5 0.393359 0.703472 0.033594 0.006944
5 0.393359 0.695139 0.033594 0.006944
5 0.393359 0.695139 0.033594 0.006944
5 0.393359 0.695139 0.033594 0.006944
5 0.393359 0.711111 0.033594 0.005556
5 0.393359 0.711111 0.033594 0.005556
5 0.393359 0.711111 0.033594 0.005556
5 0.431250 0.695139 0.001563 0.006944
5 0.431250 0.695139 0.001563 0.006944
5 0.431250 0.695139 0.001563 0.006944
5 0.431250 0.688194 0.001563 0.004167
5 0.431250 0.688194 0.001563 0.004167
5 0.431250 0.688194 0.001563 0.004167
6 0.489844 0.634028 0.025000 0.054167
6 0.496094 0.681250 0.043750 0.048611
6 0.515234 0.679861 0.066406 0.048611
7 0.586328 0.745833 0.069531 0.022222
7 0.263672 0.741667 0.041406 0.025000
7 0.289062 0.729861 0.029687 0.018056
7 0.350391 0.714583 0.032031 0.006944
7 0.354687 0.725000 0.056250 0.013889
6 0.748047 0.709028 0.108594 0.184722
6 0.790625 0.734028 0.203125 0.301389
6 0.659375 0.713194 0.132812 0.223611
6 0.603125 0.709722 0.070312 0.194444
8 0.532422 0.745139 0.100781 0.065278
5 0.532031 0.716667 0.092188 0.013889
8 0.540234 0.747917 0.099219 0.065278
5 0.542188 0.718750 0.095312 0.015278
8 0.533984 0.736806 0.067969 0.056944
5 0.540625 0.711806 0.050000 0.012500
8 0.459375 0.736806 0.059375 0.056944
5 0.463281 0.711806 0.057813 0.012500
8 0.487500 0.718750 0.023438 0.020833
5 0.489063 0.702778 0.026562 0.005556
8 0.429297 0.719444 0.000781 0.000000
5 0.434766 0.704167 0.011719 0.008333
5 0.430469 0.697222 0.003125 0.000000
8 0.499219 0.713889 0.042188 0.030556
0 0.794531 0.627083 0.070312 0.020833
0 0.716406 0.668056 0.043750 0.102778
0 0.523438 0.663194 0.015625 0.079167
0 0.072656 0.600694 0.145313 0.437500
1 0.143359 0.676389 0.010156 0.077778
1 0.139844 0.668750 0.004687 0.065278
1 0.838281 0.626389 0.321875 0.650000
2 0.739844 0.480556 0.087500 0.208333
2 0.740625 0.738194 0.089063 0.198611
1 0.878125 0.584722 0.242188 0.827778
2 0.890625 0.415278 0.217188 0.286111
2 0.891016 0.756250 0.216406 0.268056
2 0.705859 0.642361 0.010156 0.004167
2 0.736719 0.640278 0.003125 0.000000
5 0.447656 0.665972 0.054688 0.009722
5 0.447656 0.677083 0.054688 0.009722
5 0.447656 0.686806 0.054688 0.009722
5 0.447656 0.697917 0.054688 0.009722
5 0.429297 0.716667 0.000781 0.002778
5 0.447656 0.704861 0.054688 0.004167
5 0.451562 0.737500 0.045312 0.008333
5 0.451953 0.729167 0.046094 0.002778
5 0.520703 0.686806 0.052344 0.009722
5 0.520703 0.697917 0.052344 0.009722
5 0.520703 0.705556 0.052344 0.005556
5 0.496484 0.736111 0.002344 0.002778
5 0.495312 0.733333 0.000000 0.000000
5 0.520703 0.677083 0.052344 0.009722
5 0.520703 0.665972 0.052344 0.009722
5 0.593359 0.686806 0.055469 0.009722
5 0.593359 0.697222 0.055469 0.008333
5 0.619922 0.718750 0.002344 0.009722
5 0.593359 0.707639 0.055469 0.009722
5 0.619922 0.740278 0.002344 0.008333
5 0.619922 0.729167 0.002344 0.008333
5 0.593359 0.677778 0.055469 0.008333
5 0.592969 0.665972 0.056250 0.009722
5 0.594531 0.605556 0.059375 0.011111
5 0.578906 0.615972 0.028125 0.012500
5 0.592969 0.636806 0.056250 0.009722
5 0.592969 0.627083 0.056250 0.009722
5 0.592969 0.656944 0.056250 0.008333
5 0.592969 0.646528 0.056250 0.009722
5 0.594531 0.595833 0.059375 0.011111
5 0.594531 0.585417 0.059375 0.012500