3 0.466406 0.813889 0.932813 0.369444
5 0.839844 0.893056 0.106250 0.058333
5 0.839844 0.893056 0.106250 0.058333
5 0.839844 0.893056 0.106250 0.058333
5 0.840234 0.868750 0.107031 0.062500
5 0.840234 0.868750 0.107031 0.062500
5 0.840234 0.868750 0.107031 0.062500
5 0.839063 0.913194 0.106250 0.059722
5 0.839063 0.913194 0.106250 0.059722
5 0.839063 0.913194 0.106250 0.059722
5 0.954688 0.965278 0.089063 0.044444
5 0.954688 0.965278 0.089063 0.044444
5 0.954688 0.965278 0.089063 0.044444
5 0.946094 0.954861 0.106250 0.065278
5 0.946094 0.954861 0.106250 0.065278
5 0.946094 0.954861 0.106250 0.065278
5 0.946094 0.934722 0.106250 0.069444
5 0.946094 0.934722 0.106250 0.069444
5 0.946094 0.934722 0.106250 0.069444
5 0.946094 0.906944 0.106250 0.075000
5 0.946094 0.906944 0.106250 0.075000
5 0.946094 0.906944 0.106250 0.075000
6 0.508594 0.988889 0.092188 0.019444
6 0.234375 0.938889 0.167187 0.119444
7 0.228516 0.659722 0.030469 0.019444
7 0.282813 0.654167 0.031250 0.016667
7 0.083594 0.675694 0.012500 0.020833
7 0.151953 0.668750 0.028906 0.020833
0 0.920703 0.899306 0.157031 0.198611
1 0.451953 0.690972 0.085156 0.154167
1 0.404687 0.697222 0.084375 0.158333
1 0.407813 0.659028 0.076563 0.123611
1 0.363281 0.673611 0.076563 0.144444
1 0.370312 0.640278 0.070312 0.113889
1 0.328125 0.652778 0.070312 0.133333
1 0.360938 0.602778 0.076563 0.102778