3 0.496875 0.817361 0.993750 0.362500
4 0.085547 0.669444 0.000781 0.016667
8 0.562109 0.797222 0.071094 0.044444
5 0.548828 0.672222 0.002344 0.000000
5 0.548828 0.672222 0.002344 0.000000
5 0.548828 0.672222 0.002344 0.000000
5 0.566406 0.675694 0.014063 0.006944
5 0.566406 0.675694 0.014063 0.006944
5 0.566406 0.675694 0.014063 0.006944
5 0.566016 0.668750 0.013281 0.004167
5 0.566016 0.668750 0.013281 0.004167
5 0.566016 0.668750 0.013281 0.004167
6 0.446094 0.709028 0.045312 0.031944
6 0.494141 0.696528 0.036719 0.029167
6 0.446094 0.618750 0.045312 0.012500
6 0.471484 0.702778 0.039844 0.030556
6 0.250781 0.760417 0.007812 0.026389
7 0.008984 0.822222 0.017969 0.019444
7 0.207813 0.967361 0.090625 0.048611
7 0.246094 0.931250 0.014063 0.026389
7 0.082422 0.995833 0.032031 0.005556
7 0.128125 0.647222 0.004687 0.008333
7 0.153516 0.644444 0.017969 0.008333
7 0.063672 0.656250 0.003906 0.006944
7 0.083203 0.652778 0.028906 0.008333
8 0.190234 0.770833 0.016406 0.019444
8 0.376172 0.726389 0.000781 0.000000
8 0.386719 0.722917 0.042188 0.029167
5 0.396094 0.711806 0.017188 0.006944
8 0.408594 0.717361 0.042188 0.026389
5 0.416016 0.706250 0.021094 0.006944
8 0.376563 0.726389 0.026562 0.025000
5 0.375000 0.717361 0.023438 0.006944
8 0.364453 0.726389 0.002344 0.013889
8 0.800000 0.734028 0.009375 0.026389
5 0.798438 0.722917 0.006250 0.009722
8 0.807422 0.729861 0.019531 0.029167
5 0.804688 0.716667 0.018750 0.011111
8 0.769531 0.739583 0.051562 0.026389
5 0.748047 0.725000 0.003906 0.002778
8 0.740625 0.740972 0.018750 0.015278
5 0.740625 0.732639 0.018750 0.012500
8 0.723047 0.709722 0.000781 0.000000
5 0.740625 0.709028 0.018750 0.006944
8 0.746875 0.721528 0.006250 0.004167
5 0.729688 0.715972 0.040625 0.012500
8 0.721875 0.730556 0.048438 0.019444
5 0.720703 0.720833 0.044531 0.011111
8 0.705859 0.737500 0.050781 0.022222
5 0.702734 0.727778 0.041406 0.013889
8 0.669922 0.781250 0.047656 0.040278
5 0.668359 0.764583 0.044531 0.018056
8 0.707422 0.787500 0.053906 0.041667
5 0.707422 0.770833 0.047656 0.019444
8 0.632031 0.776389 0.053125 0.038889
5 0.628906 0.760417 0.040625 0.018056
8 0.594922 0.770139 0.052344 0.037500
5 0.594922 0.754167 0.046094 0.016667
8 0.722656 0.761111 0.054688 0.033333
5 0.722266 0.745833 0.049219 0.013889
8 0.708984 0.767361 0.055469 0.031944
5 0.708203 0.753472 0.050781 0.015278
8 0.660156 0.763889 0.050000 0.036111
5 0.664062 0.749306 0.035937 0.015278
8 0.623828 0.759028 0.049219 0.034722
5 0.619141 0.744444 0.035156 0.016667
8 0.557813 0.844444 0.062500 0.047222
5 0.555469 0.822917 0.057813 0.023611
8 0.580469 0.831250 0.070312 0.045833
5 0.579297 0.811111 0.063281 0.022222
5 0.374219 0.847917 0.021875 0.015278
8 0.380859 0.840278 0.017969 0.005556
5 0.397266 0.836111 0.044531 0.016667
0 0.884375 0.919444 0.178125 0.158333
0 0.370312 0.772222 0.014063 0.111111
0 0.519531 0.726389 0.082812 0.113889
0 0.601953 0.645139 0.057031 0.106944
1 0.251563 0.620833 0.006250 0.052778
1 0.242578 0.624306 0.024219 0.059722
1 0.233203 0.622222 0.042969 0.061111
1 0.212891 0.624306 0.039844 0.062500
1 0.183594 0.613889 0.046875 0.061111
1 0.103906 0.647917 0.065625 0.065278
1 0.083203 0.646528 0.042969 0.070833
1 0.955469 0.700000 0.026562 0.102778
2 0.962891 0.715972 0.007031 0.031944
2 0.954297 0.674306 0.024219 0.031944
2 0.949219 0.681250 0.014063 0.031944
2 0.953125 0.721528 0.020313 0.037500
2 0.943750 0.660417 0.003125 0.001389
2 0.953516 0.677083 0.019531 0.031944
2 0.950781 0.678472 0.017188 0.031944
1 0.912109 0.725694 0.061719 0.123611
2 0.905469 0.677083 0.014063 0.001389
2 0.898438 0.702778 0.028125 0.038889
2 0.898438 0.748611 0.028125 0.044444
2 0.903516 0.680556 0.017969 0.002778
2 0.900781 0.682639 0.020313 0.004167
2 0.910547 0.684722 0.003906 0.000000
1 0.888281 0.659028 0.039062 0.031944
2 0.899219 0.655556 0.026562 0.002778
2 0.889844 0.670139 0.037500 0.020833
2 0.892188 0.726389 0.000000 0.000000
2 0.889453 0.656944 0.019531 0.002778
2 0.905078 0.657639 0.014844 0.001389
2 0.885938 0.659028 0.018750 0.001389
2 0.903125 0.666667 0.018750 0.016667
1 0.860547 0.722222 0.061719 0.125000
2 0.884766 0.725000 0.010156 0.008333
2 0.869141 0.677778 0.041406 0.011111
2 0.854297 0.698611 0.042969 0.038889
2 0.858984 0.743056 0.052344 0.044444
2 0.855078 0.676389 0.019531 0.002778
2 0.873828 0.694444 0.022656 0.036111
2 0.851562 0.677778 0.018750 0.002778
2 0.869922 0.697222 0.021094 0.036111
2 0.769922 0.976389 0.060156 0.044444
2 0.660547 0.956250 0.157031 0.084722
2 0.731250 0.911806 0.137500 0.093056
2 0.471875 0.868056 0.120313 0.094444
2 0.400391 0.912500 0.094531 0.111111
2 0.423047 0.970833 0.049219 0.055556
2 0.512500 0.936111 0.039062 0.080556
2 0.428516 0.888194 0.127344 0.101389
2 0.325781 0.942361 0.143750 0.106944
2 0.325781 0.984722 0.143750 0.027778
2 0.470313 0.958333 0.043750 0.080556
2 0.484766 0.813194 0.086719 0.034722
2 0.433594 0.815278 0.085938 0.055556
2 0.835156 0.679861 0.003125 0.001389
2 0.749219 0.696528 0.001563 0.018056
2 0.812500 0.704861 0.034375 0.034722
2 0.749219 0.672917 0.001563 0.026389
2 0.814063 0.675000 0.037500 0.033333
2 0.749219 0.644444 0.001563 0.027778
2 0.814063 0.646528 0.037500 0.034722
5 0.073438 0.796528 0.023438 0.009722
5 0.079687 0.791667 0.010937 0.002778
5 0.110547 0.786111 0.035156 0.013889
5 0.120313 0.781944 0.017188 0.005556
5 0.110547 0.801389 0.049219 0.016667
5 0.111328 0.793056 0.050781 0.016667
5 0.169531 0.769444 0.042188 0.011111
5 0.160156 0.775694 0.060937 0.018056
5 0.159766 0.793750 0.061719 0.018056
5 0.159766 0.785417 0.061719 0.018056
5 0.159766 0.811111 0.061719 0.019444
5 0.159766 0.802083 0.061719 0.018056