3 0.496484 0.863194 0.992969 0.270833
5 0.237891 0.793056 0.072656 0.030556
5 0.237891 0.793056 0.072656 0.030556
5 0.237891 0.793056 0.072656 0.030556
5 0.237500 0.777083 0.073438 0.031944
5 0.237500 0.777083 0.073438 0.031944
5 0.237500 0.777083 0.073438 0.031944
5 0.238281 0.806944 0.073438 0.030556
5 0.238281 0.806944 0.073438 0.030556
5 0.238281 0.806944 0.073438 0.030556
5 0.336719 0.795833 0.071875 0.027778
5 0.336719 0.795833 0.071875 0.027778
5 0.336719 0.795833 0.071875 0.027778
5 0.336719 0.782639 0.071875 0.029167
5 0.336719 0.782639 0.071875 0.029167
5 0.336719 0.782639 0.071875 0.029167
5 0.336719 0.768750 0.071875 0.029167
5 0.336719 0.768750 0.071875 0.029167
5 0.336719 0.768750 0.071875 0.029167
5 0.336719 0.753472 0.071875 0.029167
5 0.336719 0.753472 0.071875 0.029167
5 0.336719 0.753472 0.071875 0.029167
6 0.526953 0.939583 0.088281 0.118056
6 0.468750 0.881250 0.075000 0.145833
6 0.526563 0.837500 0.089063 0.163889
6 0.495312 0.913889 0.078125 0.158333
5 0.565234 0.997917 0.011719 0.001389
8 0.976562 0.834028 0.020313 0.018056
5 0.980859 0.831944 0.022656 0.019444
8 0.959766 0.826389 0.060156 0.038889
5 0.962891 0.813889 0.058594 0.025000
8 0.905859 0.841667 0.078906 0.052778
5 0.905078 0.820833 0.071094 0.025000
8 0.942187 0.861111 0.084375 0.055556
5 0.941797 0.840278 0.075781 0.027778
8 0.962109 0.879861 0.052344 0.059722
5 0.966406 0.857639 0.051562 0.029167
8 0.984375 0.896528 0.014063 0.048611
5 0.987109 0.877778 0.010156 0.016667
0 0.496875 0.747222 0.078125 0.205556
1 0.985547 0.738194 0.016406 0.123611
2 0.987109 0.765278 0.011719 0.041667
2 0.987891 0.711806 0.011719 0.043056
2 0.712500 0.759722 0.034375 0.061111
2 0.769141 0.781944 0.078906 0.061111
2 0.834375 0.782639 0.050000 0.048611
2 0.769531 0.739583 0.079687 0.059722
2 0.834375 0.740278 0.050000 0.047222
2 0.769922 0.696528 0.078906 0.059722
2 0.819531 0.692361 0.079687 0.059722