3 0.499609 0.854167 0.999219 0.288889
4 0.243750 0.676389 0.000000 0.002778
4 0.111719 0.681944 0.001563 0.019444
8 0.116797 0.684722 0.066406 0.013889
5 0.542188 0.688889 0.014063 0.005556
5 0.542188 0.688889 0.014063 0.005556
5 0.542188 0.688889 0.014063 0.005556
5 0.542188 0.680556 0.014063 0.005556
5 0.542188 0.680556 0.014063 0.005556
5 0.542188 0.680556 0.014063 0.005556
6 0.361328 0.679167 0.055469 0.022222
6 0.344141 0.679167 0.041406 0.022222
7 0.185547 0.715972 0.000781 0.001389
7 0.103516 0.715278 0.032031 0.008333
7 0.593359 0.706250 0.046094 0.009722
7 0.624219 0.710417 0.031250 0.018056
7 0.517578 0.715278 0.060156 0.011111
7 0.555078 0.715278 0.049219 0.011111
7 0.302734 0.731944 0.141406 0.036111
7 0.443750 0.728472 0.045312 0.029167
7 0.004297 0.712500 0.002344 0.002778
6 0.091797 0.474306 0.183594 0.856944
6 0.289062 0.620139 0.204687 0.295833
6 0.541797 0.613194 0.192969 0.320833
8 0.043359 0.698611 0.083594 0.044444
5 0.042969 0.678472 0.073438 0.009722
8 0.017578 0.702083 0.035156 0.034722
5 0.012500 0.679167 0.025000 0.008333
8 0.255859 0.687500 0.025781 0.000000
5 0.256641 0.685417 0.024219 0.001389
5 0.243359 0.685417 0.000781 0.001389
8 0.327734 0.689583 0.000781 0.001389
5 0.328516 0.686111 0.002344 0.002778
8 0.434766 0.690278 0.003906 0.000000
8 0.390234 0.689583 0.000781 0.001389
5 0.390234 0.685417 0.000781 0.004167
8 0.680859 0.699306 0.024219 0.043056
5 0.682031 0.679167 0.021875 0.008333
8 0.689453 0.698611 0.008594 0.041667
5 0.689453 0.680556 0.007031 0.005556
8 0.630469 0.699306 0.051562 0.043056
5 0.628125 0.679167 0.046875 0.008333
8 0.636328 0.698611 0.063281 0.041667
5 0.634375 0.680556 0.059375 0.008333
8 0.087500 0.669444 0.175000 0.127778
5 0.071094 0.628472 0.142187 0.068056
8 0.323437 0.708333 0.381250 0.233333
5 0.319922 0.619444 0.342969 0.077778
8 0.438281 0.705556 0.300000 0.186111
5 0.466797 0.634722 0.207031 0.061111
8 0.155078 0.705556 0.285156 0.166667
5 0.159375 0.643750 0.142187 0.048611
0 0.499219 0.613194 0.065625 0.156944
0 0.598828 0.621528 0.038281 0.095833
0 0.567187 0.648611 0.025000 0.086111
1 0.244922 0.676389 0.000781 0.002778
1 0.150000 0.680556 0.000000 0.000000
1 0.130078 0.681944 0.010156 0.019444
1 0.125391 0.680556 0.044531 0.019444
1 0.094531 0.680556 0.001563 0.019444
1 0.053906 0.679861 0.067187 0.020833
1 0.015625 0.670139 0.031250 0.006944
1 0.937891 0.664583 0.039844 0.093056
2 0.918750 0.650694 0.000000 0.001389
2 0.924219 0.642361 0.006250 0.026389
2 0.925000 0.681250 0.006250 0.026389
1 0.948828 0.660417 0.047656 0.104167
2 0.928516 0.679861 0.000781 0.029167
2 0.927734 0.638194 0.000781 0.026389
2 0.950000 0.636111 0.037500 0.030556
2 0.949219 0.679167 0.040625 0.030556
2 0.928516 0.637500 0.000781 0.027778
2 0.937891 0.640972 0.017969 0.020833
2 0.955469 0.651389 0.007812 0.000000
1 0.894141 0.664583 0.038281 0.090278
2 0.878125 0.643750 0.001563 0.026389
2 0.878906 0.681250 0.001563 0.026389
1 0.900391 0.661111 0.042969 0.102778
2 0.899609 0.636111 0.036719 0.030556
2 0.900781 0.679167 0.037500 0.030556
2 0.914453 0.651389 0.000781 0.000000
2 0.830859 0.636111 0.003906 0.061111
2 0.823438 0.627778 0.004687 0.069444
2 0.768750 0.693750 0.115625 0.068056
2 0.831641 0.693750 0.003906 0.059722
2 0.827344 0.632639 0.004687 0.065278
2 0.757031 0.622222 0.128125 0.075000
2 0.757812 0.693750 0.128125 0.073611
2 0.828516 0.695139 0.003906 0.062500
2 0.666406 0.694444 0.054688 0.047222
2 0.596875 0.686111 0.042188 0.027778
5 0.188672 0.670833 0.025781 0.000000
5 0.173437 0.676389 0.053125 0.008333
5 0.173047 0.690278 0.052344 0.000000
5 0.173047 0.684722 0.052344 0.008333
5 0.233984 0.670833 0.035156 0.000000
5 0.225781 0.675000 0.051562 0.008333
5 0.225781 0.690278 0.051562 0.000000
5 0.225781 0.684722 0.051562 0.008333
5 0.310937 0.668056 0.025000 0.002778
5 0.294141 0.675000 0.058594 0.008333
5 0.294141 0.690278 0.058594 0.000000
5 0.294141 0.684722 0.058594 0.008333
5 0.078125 0.688889 0.025000 0.002778
5 0.293359 0.581250 0.061719 0.006944
5 0.293359 0.574306 0.061719 0.012500