3 0.499609 0.843750 0.999219 0.309722
4 0.400000 0.727083 0.006250 0.056944
4 0.398438 0.746528 0.023438 0.068056
4 0.416016 0.760417 0.005469 0.070833
4 0.409766 0.774306 0.030469 0.079167
4 0.427734 0.792361 0.010156 0.084722
4 0.423828 0.810417 0.036719 0.095833
4 0.446094 0.836806 0.010937 0.101389
4 0.457031 0.861111 0.020313 0.125000
4 0.525000 0.964583 0.006250 0.068056
4 0.503906 0.993750 0.007812 0.009722
4 0.030469 0.734028 0.006250 0.059722
8 0.472656 0.816667 0.046875 0.058333
8 0.909375 0.736806 0.071875 0.015278
5 0.384375 0.686111 0.039062 0.008333
5 0.384375 0.686111 0.039062 0.008333
5 0.384375 0.686111 0.039062 0.008333
5 0.384375 0.677778 0.039062 0.008333
5 0.384375 0.677778 0.039062 0.008333
5 0.384375 0.677778 0.039062 0.008333
5 0.384375 0.694444 0.039062 0.008333
5 0.384375 0.694444 0.039062 0.008333
5 0.384375 0.694444 0.039062 0.008333
5 0.439063 0.693056 0.037500 0.008333
5 0.439063 0.693056 0.037500 0.008333
5 0.439063 0.693056 0.037500 0.008333
5 0.439063 0.686111 0.037500 0.008333
5 0.439063 0.686111 0.037500 0.008333
5 0.439063 0.686111 0.037500 0.008333
5 0.439063 0.677778 0.037500 0.008333
5 0.439063 0.677778 0.037500 0.008333
5 0.439063 0.677778 0.037500 0.008333
5 0.439063 0.668750 0.037500 0.009722
5 0.439063 0.668750 0.037500 0.009722
5 0.439063 0.668750 0.037500 0.009722
6 0.494922 0.681250 0.030469 0.020833
6 0.483594 0.690278 0.029687 0.055556
6 0.494922 0.646528 0.030469 0.062500
6 0.491406 0.678472 0.028125 0.026389
6 0.503906 0.727083 0.053125 0.076389
6 0.531250 0.738889 0.067187 0.086111
7 0.598828 0.837500 0.080469 0.025000
7 0.620703 0.861111 0.088281 0.030556
7 0.301172 0.847917 0.036719 0.037500
7 0.308984 0.786806 0.027344 0.026389
7 0.017578 0.767361 0.035156 0.018056
7 0.362500 0.733333 0.046875 0.013889
7 0.368359 0.762500 0.055469 0.016667
6 0.876563 0.961806 0.157812 0.073611
6 0.905469 0.992361 0.115625 0.012500
6 0.773047 0.939583 0.152344 0.118056
6 0.710156 0.922222 0.110937 0.152778
8 0.599219 0.915972 0.107813 0.081944
5 0.598047 0.887500 0.097656 0.027778
8 0.620313 0.943750 0.117188 0.090278
5 0.618359 0.913889 0.105469 0.036111
8 0.580469 0.854861 0.065625 0.040278
5 0.582812 0.846528 0.060937 0.029167
8 0.513672 0.874306 0.071094 0.073611
5 0.514453 0.848611 0.063281 0.030556
8 0.517578 0.781944 0.024219 0.022222
5 0.517578 0.763194 0.024219 0.015278
8 0.457031 0.781250 0.043750 0.045833
5 0.458984 0.764583 0.041406 0.015278
8 0.448047 0.741667 0.044531 0.033333
5 0.449219 0.728472 0.042188 0.009722
8 0.447266 0.734028 0.046094 0.029167
5 0.446875 0.720139 0.042188 0.004167
8 0.423438 0.731250 0.006250 0.031944
5 0.439844 0.718056 0.035937 0.008333
8 0.421484 0.726389 0.005469 0.030556
5 0.439063 0.711806 0.037500 0.004167
8 0.469922 0.716667 0.000781 0.011111
5 0.799219 0.692361 0.006250 0.001389
5 0.799219 0.689583 0.006250 0.001389
8 0.797656 0.698611 0.003125 0.000000
5 0.799219 0.695833 0.006250 0.002778
8 0.823047 0.700694 0.046094 0.004167
5 0.758984 0.689583 0.008594 0.001389
5 0.759375 0.692361 0.009375 0.001389
8 0.759375 0.706250 0.007812 0.015278
5 0.759375 0.697917 0.009375 0.006944
8 0.759766 0.711806 0.008594 0.023611
5 0.760547 0.701389 0.007031 0.005556
8 0.880078 0.732639 0.041406 0.023611
5 0.878516 0.720139 0.041406 0.009722
8 0.916797 0.728472 0.047656 0.023611
5 0.916016 0.719444 0.042969 0.011111
8 0.863281 0.736111 0.014063 0.027778
5 0.860938 0.721528 0.012500 0.009722
5 0.856641 0.705556 0.021094 0.002778
8 0.875781 0.722222 0.026562 0.019444
5 0.869922 0.711806 0.032031 0.006944
5 0.992969 0.747917 0.012500 0.004167
5 0.975000 0.742361 0.048438 0.006944
8 0.993750 0.797917 0.010937 0.040278
5 0.995313 0.780556 0.007812 0.011111
8 0.979688 0.790972 0.039062 0.045833
5 0.981250 0.772917 0.035937 0.015278
0 0.836328 0.715972 0.080469 0.195833
0 0.731250 0.681250 0.065625 0.148611
0 0.517578 0.647917 0.025781 0.095833
0 0.155078 0.834028 0.155469 0.329167
1 0.106641 0.668750 0.066406 0.081944
1 0.100000 0.671528 0.068750 0.084722
1 0.037891 0.669444 0.069531 0.083333
1 0.033984 0.671528 0.063281 0.084722
1 0.004297 0.670139 0.003906 0.076389
1 0.011328 0.699306 0.022656 0.109722
1 0.925781 0.962500 0.060937 0.072222
2 0.957031 0.992361 0.084375 0.012500
1 0.964063 0.667361 0.059375 0.081944
2 0.950781 0.637500 0.028125 0.005556
2 0.974609 0.649306 0.032031 0.023611
2 0.971484 0.681944 0.039844 0.025000
2 0.946484 0.638889 0.002344 0.005556
2 0.957812 0.638194 0.014063 0.004167
2 0.972656 0.636111 0.009375 0.000000
1 0.876563 0.664583 0.046875 0.076389
2 0.862891 0.668750 0.014844 0.001389
2 0.875391 0.668056 0.008594 0.000000
2 0.858203 0.636111 0.005469 0.000000
2 0.887500 0.650000 0.025000 0.025000
2 0.880859 0.682639 0.038281 0.026389
2 0.869141 0.636806 0.014844 0.001389
2 0.885156 0.636111 0.010937 0.000000
2 0.869922 0.645139 0.003906 0.015278
1 0.951172 0.679167 0.060156 0.094444
2 0.926172 0.679167 0.010156 0.002778
2 0.939063 0.677778 0.014063 0.000000
2 0.933984 0.642361 0.025781 0.001389
2 0.959766 0.658333 0.035156 0.027778
2 0.951562 0.695139 0.053125 0.031944
2 0.934375 0.643750 0.018750 0.001389
2 0.951953 0.643056 0.014844 0.000000
2 0.936328 0.657639 0.007031 0.026389
1 0.860156 0.666667 0.028125 0.080556
2 0.862109 0.650000 0.019531 0.025000
2 0.862500 0.683333 0.020313 0.027778
2 0.853516 0.636111 0.002344 0.000000
1 0.909766 0.679861 0.064844 0.093056
2 0.889844 0.692361 0.018750 0.026389
2 0.900000 0.679167 0.000000 0.000000
2 0.889844 0.655556 0.020313 0.027778
2 0.924219 0.659028 0.029687 0.026389
2 0.913672 0.695833 0.052344 0.030556
2 0.893750 0.656944 0.012500 0.027778
2 0.909375 0.643056 0.000000 0.000000
2 0.901953 0.657639 0.014844 0.026389
2 0.925781 0.644444 0.009375 0.000000
2 0.959375 0.769444 0.079687 0.055556
2 0.905469 0.770833 0.081250 0.055556
2 0.667188 0.684722 0.010937 0.027778
2 0.685937 0.688889 0.025000 0.027778
2 0.692969 0.663889 0.039062 0.027778
2 0.730078 0.663194 0.033594 0.023611
2 0.692969 0.638194 0.039062 0.026389
2 0.726562 0.638194 0.040625 0.026389
5 0.475781 0.741667 0.057813 0.016667
5 0.475781 0.752778 0.057813 0.016667
5 0.475781 0.762500 0.057813 0.016667
5 0.475781 0.773611 0.057813 0.016667
5 0.478125 0.795139 0.053125 0.018056
5 0.475781 0.784722 0.057813 0.016667
5 0.477734 0.816667 0.053906 0.016667
5 0.480859 0.806250 0.047656 0.015278
5 0.548047 0.761806 0.055469 0.015278
5 0.548047 0.771528 0.055469 0.018056
5 0.548047 0.793750 0.055469 0.018056
5 0.548047 0.782639 0.055469 0.018056
5 0.548047 0.814583 0.055469 0.018056
5 0.548047 0.802778 0.055469 0.019444
5 0.012500 0.752778 0.025000 0.008333
5 0.024219 0.756944 0.003125 0.000000
5 0.548047 0.751389 0.055469 0.016667
5 0.548047 0.740278 0.055469 0.016667
5 0.626172 0.760417 0.053906 0.015278
5 0.626172 0.770139 0.053906 0.015278
5 0.626172 0.791667 0.053906 0.016667
5 0.626172 0.780556 0.053906 0.016667
5 0.626563 0.811806 0.053125 0.018056
5 0.626172 0.802083 0.053906 0.015278
5 0.061719 0.753472 0.050000 0.012500
5 0.061719 0.761806 0.048438 0.012500
5 0.626172 0.750694 0.053906 0.015278
5 0.626172 0.740278 0.053906 0.013889
5 0.626172 0.678472 0.053906 0.012500
5 0.626172 0.688889 0.053906 0.013889
5 0.641016 0.709722 0.024219 0.013889
5 0.626172 0.699306 0.053906 0.012500
5 0.626172 0.729861 0.053906 0.015278
5 0.626172 0.720139 0.053906 0.012500
5 0.061719 0.746528 0.050000 0.012500
5 0.062891 0.738194 0.049219 0.012500
5 0.626172 0.668750 0.053906 0.012500
5 0.626172 0.657639 0.053906 0.012500