3 0.497266 0.861111 0.977344 0.275000
4 0.308203 0.721528 0.003906 0.018056
8 0.815234 0.713889 0.013281 0.036111
5 0.460547 0.712500 0.033594 0.005556
5 0.460547 0.712500 0.033594 0.005556
5 0.460547 0.712500 0.033594 0.005556
5 0.459766 0.703472 0.035156 0.006944
5 0.459766 0.703472 0.035156 0.006944
5 0.459766 0.703472 0.035156 0.006944
5 0.459766 0.720139 0.035156 0.006944
5 0.459766 0.720139 0.035156 0.006944
5 0.459766 0.720139 0.035156 0.006944
5 0.514844 0.720139 0.035937 0.006944
5 0.514844 0.720139 0.035937 0.006944
5 0.514844 0.720139 0.035937 0.006944
5 0.512891 0.711806 0.039844 0.006944
5 0.512891 0.711806 0.039844 0.006944
5 0.512891 0.711806 0.039844 0.006944
5 0.512891 0.703472 0.039844 0.006944
5 0.512891 0.703472 0.039844 0.006944
5 0.512891 0.703472 0.039844 0.006944
5 0.512891 0.695139 0.039844 0.006944
5 0.512891 0.695139 0.039844 0.006944
5 0.512891 0.695139 0.039844 0.006944
6 0.465234 0.697917 0.039844 0.062500
6 0.486328 0.699306 0.036719 0.056944
6 0.466406 0.641667 0.042188 0.063889
6 0.477344 0.698611 0.037500 0.061111
6 0.376563 0.696528 0.064062 0.076389
6 0.367969 0.696528 0.059375 0.081944
7 0.257812 0.737500 0.009375 0.019444
7 0.769141 0.740278 0.111719 0.011111
7 0.768359 0.735417 0.100781 0.009722
7 0.763281 0.751389 0.132812 0.013889
7 0.767188 0.748611 0.125000 0.019444
7 0.773047 0.807639 0.236719 0.073611
7 0.775391 0.777083 0.197656 0.034722
7 0.303516 0.725694 0.013281 0.006944
7 0.266016 0.729167 0.000781 0.002778
6 0.912109 0.657639 0.174219 0.512500
8 0.284375 0.722917 0.054688 0.034722
5 0.283203 0.704167 0.052344 0.008333
8 0.260547 0.720139 0.007031 0.015278
5 0.256250 0.701389 0.000000 0.000000
8 0.342578 0.708333 0.000781 0.000000
5 0.333594 0.704167 0.018750 0.005556
8 0.363672 0.725694 0.042969 0.012500
8 0.410156 0.720833 0.004687 0.019444
8 0.430859 0.717361 0.041406 0.029167
5 0.444922 0.704167 0.007031 0.005556
8 0.438281 0.716667 0.048438 0.027778
5 0.454297 0.704167 0.010156 0.005556
8 0.420312 0.717361 0.046875 0.029167
5 0.425391 0.704167 0.030469 0.005556
8 0.405859 0.718056 0.050781 0.030556
5 0.417969 0.704167 0.018750 0.005556
8 0.813672 0.712500 0.000781 0.000000
8 0.817969 0.719444 0.018750 0.025000
5 0.811719 0.704167 0.004687 0.005556
8 0.879297 0.724306 0.014844 0.015278
5 0.877344 0.702083 0.012500 0.001389
8 0.741406 0.713889 0.009375 0.011111
5 0.741406 0.704167 0.009375 0.005556
8 0.819141 0.713889 0.016406 0.002778
5 0.808594 0.701389 0.000000 0.000000
8 0.816406 0.720833 0.009375 0.027778
5 0.813672 0.704167 0.000781 0.005556
5 0.738281 0.705556 0.003125 0.002778
8 0.850391 0.721528 0.066406 0.037500
5 0.845703 0.700694 0.052344 0.001389
8 0.844922 0.720139 0.055469 0.031944
5 0.845703 0.704167 0.053906 0.008333
8 0.858984 0.723611 0.078906 0.044444
5 0.853125 0.704167 0.060937 0.011111
8 0.854688 0.727083 0.070312 0.048611
5 0.853125 0.703472 0.062500 0.009722
8 0.753906 0.717361 0.079687 0.031944
5 0.752734 0.704167 0.072656 0.011111
8 0.757812 0.718056 0.073438 0.033333
5 0.757812 0.704167 0.064062 0.008333
8 0.957812 0.836806 0.082812 0.323611
5 0.969922 0.702778 0.058594 0.116667
8 0.934766 0.843056 0.103906 0.311111
5 0.920703 0.702778 0.044531 0.069444
0 0.130078 0.499306 0.260156 0.998611
0 0.578125 0.640278 0.071875 0.211111
0 0.646875 0.656250 0.050000 0.156944
0 0.564844 0.623611 0.028125 0.019444
1 0.897266 0.664583 0.000781 0.051389
2 0.911719 0.647222 0.006250 0.047222
2 0.927734 0.640972 0.002344 0.051389
2 0.921484 0.643056 0.011719 0.052778
2 0.973047 0.629861 0.052344 0.059722
2 0.776953 0.713194 0.061719 0.040278
2 0.705078 0.719444 0.063281 0.052778
2 0.744922 0.718056 0.002344 0.005556
2 0.814063 0.699306 0.003125 0.001389
2 0.759375 0.683333 0.032813 0.027778
2 0.799219 0.683333 0.032813 0.027778
2 0.759375 0.654861 0.032813 0.029167
2 0.798828 0.654861 0.032031 0.029167
5 0.276953 0.684722 0.039844 0.011111
5 0.276953 0.695139 0.039844 0.009722
5 0.275781 0.718750 0.040625 0.009722
5 0.276172 0.706944 0.039844 0.008333
5 0.275391 0.738889 0.041406 0.011111
5 0.275391 0.727778 0.041406 0.011111
5 0.277344 0.674306 0.039062 0.009722
5 0.277734 0.663889 0.038281 0.011111
5 0.337500 0.684028 0.068750 0.009722
5 0.337500 0.695139 0.068750 0.009722
5 0.337109 0.718750 0.069531 0.009722
5 0.337500 0.707639 0.068750 0.009722
5 0.336719 0.738889 0.068750 0.011111
5 0.337109 0.728472 0.069531 0.009722
5 0.337500 0.674306 0.068750 0.009722
5 0.337500 0.663889 0.068750 0.011111
5 0.338281 0.598611 0.068750 0.013889
5 0.337891 0.610417 0.067969 0.012500
5 0.337891 0.631944 0.067969 0.011111
5 0.337891 0.621528 0.067969 0.012500
5 0.337500 0.652778 0.068750 0.011111
5 0.337500 0.642361 0.068750 0.012500
5 0.338281 0.588889 0.068750 0.013889
5 0.338281 0.577778 0.068750 0.013889