4 0.062891 0.962500 0.002344 0.005556
5 0.127344 0.997222 0.001563 0.002778
5 0.127344 0.997222 0.001563 0.002778
5 0.127344 0.997222 0.001563 0.002778
6 0.213672 0.995833 0.000781 0.005556
6 0.201953 0.968750 0.025781 0.040278
6 0.201172 0.988889 0.025781 0.019444
6 0.075781 0.997222 0.012500 0.002778
6 0.340625 0.997222 0.014063 0.002778
6 0.497656 0.998611 0.009375 0.000000
8 0.028906 0.995833 0.057813 0.005556
8 0.098437 0.988889 0.071875 0.019444
5 0.125781 0.981944 0.010937 0.013889
8 0.179688 0.988889 0.065625 0.019444
5 0.179688 0.985417 0.053125 0.018056
8 0.083984 0.988194 0.082031 0.020833
5 0.119141 0.979861 0.002344 0.012500
8 0.171484 0.986806 0.074219 0.023611
5 0.170313 0.981250 0.064062 0.020833
8 0.037109 0.996528 0.019531 0.004167
8 0.683594 0.998611 0.025000 0.000000
8 0.449609 0.997917 0.146094 0.001389
8 0.722656 0.998611 0.015625 0.000000
8 0.690234 0.998611 0.058594 0.000000
8 0.435547 0.997222 0.174219 0.002778
8 0.062500 0.936111 0.125000 0.125000
5 0.053125 0.902083 0.106250 0.084722
1 0.509766 0.998611 0.021094 0.000000
1 0.159375 0.952778 0.092188 0.091667
1 0.160156 0.954861 0.092188 0.087500
1 0.626172 0.499306 0.746094 0.998611
2 0.523047 0.406250 0.375781 0.812500
1 0.482031 0.499306 0.496875 0.998611
2 0.310547 0.556944 0.071094 0.677778
5 0.042578 0.996528 0.052344 0.004167