3 0.499609 0.834028 0.999219 0.329167
4 0.208594 0.766667 0.014063 0.050000
4 0.111719 0.804861 0.015625 0.056944
4 0.057422 0.847222 0.011719 0.083333
8 0.065234 0.881250 0.091406 0.070833
5 0.470313 0.681250 0.042188 0.009722
5 0.470313 0.681250 0.042188 0.009722
5 0.470313 0.681250 0.042188 0.009722
5 0.470313 0.672222 0.042188 0.011111
5 0.470313 0.672222 0.042188 0.011111
5 0.470313 0.672222 0.042188 0.011111
5 0.469922 0.690972 0.041406 0.006944
5 0.469922 0.690972 0.041406 0.006944
5 0.469922 0.690972 0.041406 0.006944
5 0.526953 0.690972 0.039844 0.004167
5 0.526953 0.690972 0.039844 0.004167
5 0.526953 0.690972 0.039844 0.004167
5 0.526172 0.686111 0.035156 0.005556
5 0.526172 0.686111 0.035156 0.005556
5 0.526172 0.686111 0.035156 0.005556
5 0.526563 0.675000 0.040625 0.008333
5 0.526563 0.675000 0.040625 0.008333
5 0.526563 0.675000 0.040625 0.008333
5 0.526172 0.665972 0.041406 0.012500
5 0.526172 0.665972 0.041406 0.012500
5 0.526172 0.665972 0.041406 0.012500
6 0.459375 0.720139 0.043750 0.070833
6 0.487500 0.703472 0.037500 0.065278
6 0.460547 0.661111 0.046094 0.069444
6 0.474609 0.711111 0.041406 0.069444
6 0.350781 0.762500 0.067187 0.088889
6 0.335156 0.781250 0.056250 0.098611
7 0.139844 0.926389 0.093750 0.038889
7 0.076563 0.963889 0.103125 0.044444
7 0.084375 0.813889 0.048438 0.030556
7 0.317188 0.740972 0.000000 0.004167
7 0.215234 0.784028 0.050781 0.015278
8 0.010547 0.963194 0.021094 0.059722
5 0.007812 0.942361 0.015625 0.020833
8 0.240625 0.833333 0.017188 0.019444
5 0.232422 0.813194 0.003906 0.020833
8 0.317188 0.764583 0.000000 0.006944
5 0.317188 0.754167 0.000000 0.011111
8 0.386328 0.738889 0.003906 0.005556
5 0.384375 0.737500 0.000000 0.005556
8 0.396094 0.734028 0.015625 0.009722
5 0.382422 0.731250 0.036719 0.012500
8 0.412109 0.756250 0.053906 0.034722
5 0.411328 0.741667 0.049219 0.011111
8 0.427344 0.748611 0.051562 0.033333
5 0.426563 0.734722 0.046875 0.011111
8 0.407422 0.763889 0.041406 0.036111
5 0.404687 0.749306 0.040625 0.012500
8 0.398438 0.772917 0.026562 0.037500
5 0.396484 0.758333 0.024219 0.013889
8 0.862891 0.731250 0.002344 0.004167
5 0.849219 0.729861 0.023438 0.006944
8 0.856250 0.729861 0.017188 0.015278
5 0.849609 0.722917 0.024219 0.006944
8 0.851953 0.745139 0.028906 0.018056
5 0.850391 0.736806 0.025781 0.006944
8 0.851562 0.757639 0.028125 0.029167
5 0.850000 0.746528 0.025000 0.012500
8 0.767578 0.720139 0.002344 0.004167
5 0.770312 0.718750 0.004687 0.004167
8 0.764453 0.727778 0.002344 0.008333
5 0.768750 0.725000 0.007812 0.005556
8 0.766406 0.744444 0.007812 0.030556
5 0.768359 0.731944 0.008594 0.005556
8 0.765234 0.755556 0.014844 0.027778
5 0.766406 0.741667 0.012500 0.011111
8 0.838672 0.797222 0.002344 0.033333
8 0.869141 0.806250 0.041406 0.051389
5 0.868750 0.790278 0.035937 0.022222
8 0.849219 0.766667 0.023438 0.019444
5 0.847266 0.759722 0.021094 0.008333
8 0.850781 0.786111 0.026562 0.038889
5 0.848828 0.770833 0.024219 0.013889
8 0.771094 0.769444 0.000000 0.000000
5 0.767969 0.765972 0.009375 0.009722
8 0.746875 0.765972 0.018750 0.009722
5 0.736328 0.763194 0.035156 0.012500
8 0.848047 0.884722 0.022656 0.052778
5 0.845703 0.866667 0.017969 0.022222
8 0.848437 0.865278 0.023438 0.047222
5 0.846094 0.847222 0.018750 0.016667
8 0.808203 0.959722 0.089844 0.077778
5 0.807422 0.938889 0.082031 0.038889
8 0.811719 0.936111 0.082812 0.061111
5 0.811719 0.915278 0.078125 0.025000
8 0.695312 0.948611 0.090625 0.080556
5 0.694141 0.925000 0.082031 0.036111
8 0.705859 0.924306 0.085156 0.073611
5 0.705078 0.902778 0.077344 0.027778
0 0.525781 0.804861 0.089063 0.259722
0 0.631641 0.728472 0.058594 0.184722
0 0.578516 0.659028 0.042969 0.118056
1 0.207422 0.652778 0.063281 0.077778
1 0.191016 0.657639 0.064844 0.079167
1 0.149219 0.650000 0.056250 0.075000
1 0.132812 0.654861 0.059375 0.079167
1 0.099219 0.649306 0.059375 0.076389
1 0.083203 0.652778 0.064844 0.077778
1 0.021094 0.640278 0.042188 0.072222
1 0.016016 0.684722 0.032031 0.088889
1 0.981641 0.690972 0.035156 0.087500
2 0.982812 0.666667 0.032813 0.016667
2 0.985938 0.679861 0.026562 0.031944
2 0.987109 0.726389 0.010156 0.011111
2 0.978125 0.667361 0.018750 0.015278
2 0.993750 0.661111 0.010937 0.000000
2 0.980078 0.669444 0.019531 0.013889
2 0.994922 0.663889 0.008594 0.000000
1 0.993359 0.723611 0.011719 0.116667
2 0.992969 0.740972 0.004687 0.034722
2 0.994922 0.695139 0.008594 0.034722
2 0.998828 0.703472 0.000781 0.034722
2 0.996094 0.748611 0.006250 0.041667
2 0.996094 0.698611 0.006250 0.036111
2 0.997266 0.700694 0.003906 0.034722
1 0.940625 0.700000 0.046875 0.108333
2 0.921094 0.710417 0.001563 0.029167
2 0.937891 0.671528 0.035156 0.029167
2 0.944141 0.678472 0.035156 0.031944
2 0.929297 0.718056 0.016406 0.038889
2 0.930078 0.672917 0.017969 0.029167
2 0.948438 0.659722 0.017188 0.000000
2 0.932031 0.675694 0.018750 0.029167
2 0.950781 0.662500 0.017188 0.000000
1 0.962500 0.728472 0.056250 0.129167
2 0.938672 0.737500 0.002344 0.033333
2 0.957812 0.693056 0.042188 0.033333
2 0.966016 0.704167 0.041406 0.038889
2 0.963281 0.748611 0.048438 0.047222
2 0.949609 0.695139 0.021094 0.031944
2 0.970313 0.680556 0.021875 0.002778
2 0.951172 0.699306 0.021094 0.034722
2 0.973047 0.683333 0.021094 0.002778
2 0.921484 0.922222 0.136719 0.094444
2 0.927734 0.967361 0.142969 0.062500
2 0.853516 0.973611 0.000781 0.050000
2 0.926953 0.951389 0.144531 0.094444
2 0.928516 0.986806 0.141406 0.023611
2 0.854688 0.996528 0.000000 0.004167
2 0.745703 0.886111 0.053906 0.083333
2 0.649219 0.873611 0.045312 0.083333
2 0.764844 0.711806 0.015625 0.029167
2 0.764844 0.681944 0.015625 0.027778
2 0.764844 0.649306 0.015625 0.034722
5 0.138281 0.797222 0.076563 0.025000
5 0.137500 0.809722 0.075000 0.022222
5 0.136719 0.819444 0.073438 0.022222
5 0.132812 0.831250 0.065625 0.023611
5 0.137109 0.853472 0.074219 0.023611
5 0.136719 0.842361 0.073438 0.023611
5 0.135156 0.875000 0.059375 0.025000
5 0.132422 0.863194 0.064844 0.023611
5 0.203516 0.825694 0.075781 0.023611
5 0.203125 0.836806 0.075000 0.023611
5 0.203125 0.859722 0.075000 0.025000
5 0.203516 0.848611 0.075781 0.025000
5 0.203125 0.881250 0.075000 0.026389
5 0.203516 0.869444 0.075781 0.025000
5 0.203125 0.815278 0.075000 0.022222
5 0.203125 0.802083 0.075000 0.026389
5 0.278906 0.831944 0.075000 0.025000
5 0.278906 0.843056 0.075000 0.025000
5 0.278906 0.867361 0.075000 0.026389
5 0.278906 0.855556 0.075000 0.025000
5 0.278906 0.888889 0.075000 0.027778
5 0.278906 0.877083 0.075000 0.026389
5 0.017188 0.750000 0.034375 0.013889
5 0.017188 0.756944 0.034375 0.013889
5 0.278906 0.821528 0.075000 0.023611
5 0.278906 0.810417 0.075000 0.023611
5 0.278906 0.742361 0.075000 0.020833
5 0.278906 0.754861 0.075000 0.020833
5 0.278906 0.777778 0.075000 0.022222
5 0.278906 0.765278 0.075000 0.022222
5 0.278906 0.800000 0.075000 0.022222
5 0.278906 0.787500 0.075000 0.022222
5 0.017188 0.743056 0.034375 0.013889
5 0.017188 0.736111 0.034375 0.013889
5 0.278906 0.732639 0.075000 0.020833
5 0.278906 0.720139 0.075000 0.020833