3 0.499609 0.836806 0.999219 0.323611
4 0.351172 0.752083 0.005469 0.054167
4 0.315625 0.781944 0.017188 0.052778
4 0.307812 0.795139 0.001563 0.029167
4 0.278516 0.838194 0.021094 0.076389
4 0.266016 0.877083 0.011719 0.084722
4 0.231250 0.911806 0.029687 0.101389
4 0.207422 0.954861 0.003906 0.087500
4 0.177344 0.962500 0.012500 0.016667
4 0.002344 0.750000 0.004687 0.058333
8 0.295703 0.909028 0.069531 0.070833
8 0.861719 0.806250 0.073438 0.034722
5 0.417578 0.670139 0.033594 0.006944
5 0.417578 0.670139 0.033594 0.006944
5 0.417578 0.670139 0.033594 0.006944
5 0.417578 0.659722 0.033594 0.011111
5 0.417578 0.659722 0.033594 0.011111
5 0.417578 0.659722 0.033594 0.011111
5 0.417578 0.677778 0.033594 0.005556
5 0.417578 0.677778 0.033594 0.005556
5 0.417578 0.677778 0.033594 0.005556
5 0.460938 0.678472 0.006250 0.006944
5 0.460938 0.678472 0.006250 0.006944
5 0.460938 0.678472 0.006250 0.006944
5 0.474609 0.670139 0.033594 0.006944
5 0.474609 0.670139 0.033594 0.006944
5 0.474609 0.670139 0.033594 0.006944
5 0.474609 0.661806 0.033594 0.006944
5 0.474609 0.661806 0.033594 0.006944
5 0.474609 0.661806 0.033594 0.006944
5 0.476172 0.651389 0.036719 0.011111
5 0.476172 0.651389 0.036719 0.011111
5 0.476172 0.651389 0.036719 0.011111
6 0.480859 0.707639 0.032031 0.059722
6 0.484766 0.690278 0.028906 0.055556
6 0.482031 0.656944 0.034375 0.066667
6 0.483984 0.700694 0.028906 0.056944
6 0.439063 0.764583 0.057813 0.081944
6 0.449219 0.787500 0.065625 0.097222
7 0.407422 0.948611 0.083594 0.036111
7 0.399219 0.985417 0.082812 0.026389
7 0.966797 0.990278 0.064844 0.016667
7 0.110937 0.943056 0.062500 0.050000
7 0.215625 0.836111 0.028125 0.033333
7 0.338672 0.744444 0.049219 0.016667
7 0.300000 0.797222 0.059375 0.019444
8 0.330469 0.984028 0.057813 0.029167
5 0.324609 0.983333 0.061719 0.030556
8 0.257812 0.984028 0.057813 0.029167
5 0.250000 0.983333 0.065625 0.030556
8 0.371094 0.843056 0.001563 0.019444
5 0.400000 0.815972 0.021875 0.001389
8 0.346875 0.838889 0.037500 0.044444
5 0.346094 0.824306 0.035937 0.018056
8 0.390625 0.772917 0.037500 0.029167
5 0.391406 0.756944 0.035937 0.013889
8 0.387500 0.771528 0.004687 0.006944
5 0.397266 0.744444 0.024219 0.008333
8 0.385156 0.740278 0.000000 0.000000
5 0.397266 0.735417 0.024219 0.006944
8 0.412891 0.727778 0.046094 0.005556
5 0.412109 0.727778 0.041406 0.008333
8 0.482812 0.743056 0.000000 0.011111
5 0.474219 0.735417 0.012500 0.004167
8 0.483984 0.740278 0.005469 0.027778
5 0.464062 0.728472 0.039062 0.006944
8 0.482031 0.748611 0.001563 0.011111
5 0.468359 0.743750 0.000781 0.001389
8 0.468750 0.770833 0.000000 0.011111
5 0.468750 0.763889 0.000000 0.000000
8 0.801953 0.716667 0.011719 0.027778
5 0.815234 0.706250 0.035156 0.009722
8 0.810937 0.704167 0.040625 0.016667
5 0.811328 0.698611 0.038281 0.005556
8 0.827344 0.724306 0.045312 0.029167
5 0.826562 0.712500 0.040625 0.008333
8 0.834766 0.728472 0.047656 0.023611
5 0.833984 0.720833 0.042969 0.011111
8 0.763281 0.709722 0.037500 0.027778
5 0.764844 0.697917 0.037500 0.006944
8 0.768750 0.717361 0.039062 0.029167
5 0.770312 0.705556 0.039062 0.008333
8 0.778125 0.723611 0.043750 0.030556
5 0.777734 0.711111 0.039844 0.008333
8 0.783984 0.729861 0.046094 0.026389
5 0.783203 0.720139 0.041406 0.009722
8 0.862500 0.774306 0.043750 0.040278
5 0.858203 0.761806 0.032031 0.018056
8 0.905859 0.777083 0.046094 0.043056
5 0.905078 0.763194 0.039844 0.018056
8 0.825000 0.775000 0.042188 0.041667
5 0.824219 0.761806 0.037500 0.018056
8 0.782031 0.774306 0.040625 0.043056
5 0.781641 0.761111 0.035156 0.016667
8 0.845703 0.741667 0.052344 0.019444
5 0.845313 0.735417 0.046875 0.009722
8 0.858203 0.758333 0.053906 0.036111
5 0.853516 0.745833 0.041406 0.011111
8 0.814453 0.760417 0.039844 0.040278
5 0.813672 0.747222 0.035156 0.013889
8 0.773438 0.759722 0.037500 0.038889
5 0.773047 0.745833 0.033594 0.013889
8 0.947656 0.848611 0.073438 0.044444
5 0.942187 0.835417 0.056250 0.020833
8 0.932422 0.827083 0.069531 0.031944
5 0.926562 0.818056 0.053125 0.016667
8 0.984375 0.921528 0.029687 0.062500
5 0.985938 0.902778 0.026562 0.025000
8 0.962500 0.898611 0.025000 0.058333
5 0.976172 0.879167 0.046094 0.022222
8 0.918359 0.920139 0.085156 0.062500
5 0.917188 0.900694 0.076563 0.026389
8 0.901172 0.895833 0.080469 0.058333
5 0.900391 0.877083 0.072656 0.020833
0 0.714063 0.803472 0.070312 0.234722
0 0.693750 0.713194 0.050000 0.159722
0 0.545703 0.645833 0.032031 0.111111
1 0.147656 0.650000 0.065625 0.080556
1 0.136719 0.654861 0.067187 0.081944
1 0.085156 0.650000 0.067187 0.080556
1 0.072656 0.654861 0.068750 0.081944
1 0.033203 0.650000 0.052344 0.080556
1 0.026562 0.654861 0.039062 0.081944
1 0.010156 0.700694 0.020313 0.095833
1 0.997266 0.664583 0.003906 0.076389
2 0.998437 0.648611 0.001563 0.025000
1 0.926953 0.640972 0.053906 0.029167
2 0.903906 0.676389 0.004687 0.002778
2 0.917969 0.638889 0.032813 0.005556
2 0.933984 0.650694 0.035156 0.015278
2 0.915625 0.640278 0.017188 0.005556
2 0.930859 0.638194 0.016406 0.001389
2 0.921875 0.647222 0.015625 0.013889
2 0.937891 0.641667 0.014844 0.000000
1 0.973437 0.697917 0.051562 0.104167
2 0.952344 0.701389 0.001563 0.000000
2 0.969141 0.659028 0.038281 0.004167
2 0.983984 0.681250 0.030469 0.031944
2 0.982812 0.719444 0.032813 0.038889
2 0.968750 0.660417 0.003125 0.001389
2 0.988281 0.660417 0.012500 0.001389
2 0.975781 0.677778 0.017188 0.030556
2 0.990625 0.663194 0.017188 0.001389
1 0.887109 0.671528 0.052344 0.090278
2 0.868359 0.684028 0.010156 0.026389
2 0.875781 0.649306 0.025000 0.026389
2 0.896875 0.656250 0.028125 0.026389
2 0.889062 0.690278 0.043750 0.033333
2 0.876563 0.650694 0.017188 0.026389
2 0.891797 0.638194 0.016406 0.001389
2 0.880078 0.652778 0.016406 0.025000
2 0.901172 0.641667 0.008594 0.000000
1 0.935156 0.700000 0.062500 0.111111
2 0.912500 0.711111 0.010937 0.030556
2 0.925391 0.670833 0.036719 0.030556
2 0.938672 0.681250 0.030469 0.031944
2 0.932813 0.718750 0.040625 0.040278
2 0.921875 0.673611 0.018750 0.030556
2 0.939453 0.659722 0.016406 0.002778
2 0.928906 0.677083 0.021875 0.031944
2 0.944531 0.662500 0.018750 0.002778
2 0.887891 0.852778 0.075781 0.066667
2 0.822266 0.854861 0.071094 0.073611
2 0.705469 0.672222 0.001563 0.025000
2 0.728906 0.685417 0.034375 0.031944
2 0.764844 0.682639 0.035937 0.029167
2 0.728906 0.660417 0.034375 0.029167
2 0.764844 0.658333 0.035937 0.033333
2 0.728125 0.631250 0.035937 0.031944
2 0.764453 0.631944 0.036719 0.033333
5 0.333984 0.820139 0.053906 0.023611
5 0.333984 0.831250 0.053906 0.023611
5 0.333984 0.840972 0.053906 0.023611
5 0.333984 0.852083 0.053906 0.023611
5 0.333984 0.873611 0.053906 0.025000
5 0.333984 0.862500 0.053906 0.025000
5 0.333984 0.894444 0.053906 0.025000
5 0.333984 0.883333 0.053906 0.025000
5 0.401953 0.842361 0.058594 0.023611
5 0.401953 0.852778 0.058594 0.025000
5 0.401953 0.875000 0.058594 0.025000
5 0.401953 0.863889 0.058594 0.025000
5 0.401953 0.895833 0.058594 0.025000
5 0.401953 0.885417 0.058594 0.023611
5 0.000781 0.764583 0.001563 0.006944
5 0.000781 0.772917 0.001563 0.006944
5 0.401953 0.832639 0.058594 0.023611
5 0.401953 0.820833 0.058594 0.025000
5 0.482031 0.843750 0.056250 0.023611
5 0.482031 0.854167 0.056250 0.025000
5 0.482031 0.876389 0.056250 0.025000
5 0.482031 0.865278 0.056250 0.025000
5 0.482031 0.897222 0.056250 0.025000
5 0.482031 0.886806 0.056250 0.023611
5 0.030859 0.770139 0.053906 0.015278
5 0.031250 0.778472 0.053125 0.015278
5 0.482031 0.833333 0.056250 0.025000
5 0.482031 0.822917 0.056250 0.023611
5 0.482031 0.759028 0.056250 0.020833
5 0.482031 0.769444 0.056250 0.022222
5 0.482031 0.792361 0.056250 0.023611
5 0.482031 0.780556 0.056250 0.022222
5 0.482031 0.812500 0.056250 0.025000
5 0.482031 0.802778 0.056250 0.022222
5 0.030859 0.763194 0.053906 0.015278
5 0.031250 0.756250 0.053125 0.015278
5 0.482031 0.749306 0.056250 0.020833
5 0.482031 0.738194 0.056250 0.020833