3 0.497266 0.908333 0.994531 0.180556
4 0.066016 0.867361 0.000781 0.006944
5 0.477734 0.821528 0.061719 0.012500
5 0.477734 0.821528 0.061719 0.012500
5 0.477734 0.821528 0.061719 0.012500
5 0.485156 0.806944 0.051562 0.016667
5 0.485156 0.806944 0.051562 0.016667
5 0.485156 0.806944 0.051562 0.016667
5 0.478125 0.833333 0.060937 0.013889
5 0.478125 0.833333 0.060937 0.013889
5 0.478125 0.833333 0.060937 0.013889
5 0.566797 0.836806 0.055469 0.015278
5 0.566797 0.836806 0.055469 0.015278
5 0.566797 0.836806 0.055469 0.015278
5 0.566406 0.825000 0.056250 0.016667
5 0.566406 0.825000 0.056250 0.016667
5 0.566406 0.825000 0.056250 0.016667
5 0.566016 0.811806 0.057031 0.015278
5 0.566016 0.811806 0.057031 0.015278
5 0.566016 0.811806 0.057031 0.015278
5 0.565625 0.797222 0.057813 0.016667
5 0.565625 0.797222 0.057813 0.016667
5 0.565625 0.797222 0.057813 0.016667
6 0.425781 0.874306 0.067187 0.129167
6 0.479687 0.849306 0.070312 0.112500
6 0.423438 0.770833 0.076563 0.116667
6 0.451172 0.854861 0.077344 0.109722
6 0.137109 0.929861 0.149219 0.137500
6 0.049609 0.943056 0.099219 0.111111
8 0.226172 0.941667 0.025781 0.061111
5 0.221094 0.916667 0.021875 0.019444
8 0.238672 0.913194 0.010156 0.006944
5 0.227734 0.904167 0.033594 0.025000
8 0.263672 0.890972 0.097656 0.009722
5 0.262109 0.889583 0.088281 0.018056
8 0.325000 0.938889 0.075000 0.063889
5 0.320312 0.911806 0.070312 0.026389
8 0.348047 0.925000 0.099219 0.063889
5 0.333203 0.898611 0.063281 0.025000
8 0.275000 0.953472 0.114062 0.065278
5 0.273828 0.927778 0.102344 0.027778
8 0.249219 0.968056 0.076563 0.061111
5 0.227344 0.944444 0.034375 0.033333
8 0.982812 0.879861 0.004687 0.009722
5 0.991016 0.878472 0.016406 0.009722
8 0.986719 0.915972 0.012500 0.059722
5 0.991406 0.893056 0.015625 0.016667
8 0.992578 0.921528 0.013281 0.048611
5 0.994141 0.901389 0.010156 0.013889
8 0.992969 0.936806 0.012500 0.051389
5 0.994531 0.920139 0.009375 0.023611
8 0.921094 0.993056 0.003125 0.008333
5 0.960156 0.991667 0.078125 0.013889
8 0.960938 0.977778 0.076563 0.041667
5 0.962891 0.974306 0.072656 0.040278
0 0.395703 0.850694 0.302344 0.295833
0 0.734766 0.844444 0.128906 0.308333
0 0.639062 0.779861 0.073438 0.190278
1 0.106641 0.776389 0.080469 0.113889
1 0.069141 0.780556 0.099219 0.116667
1 0.036719 0.765278 0.073438 0.091667
1 0.010156 0.778472 0.020313 0.112500
1 0.003125 0.762500 0.006250 0.086111
2 0.971484 0.868056 0.055469 0.052778
2 0.971094 0.816667 0.056250 0.052778
2 0.970313 0.763194 0.057813 0.056944