3 0.641406 0.879861 0.715625 0.237500
4 0.576562 0.870139 0.015625 0.106944
4 0.744922 0.915972 0.053906 0.131944
4 0.899609 0.936806 0.007031 0.123611
4 0.998437 0.950000 0.001563 0.097222
5 0.302734 0.800000 0.035156 0.013889
5 0.302734 0.800000 0.035156 0.013889
5 0.302734 0.800000 0.035156 0.013889
5 0.302734 0.787500 0.035156 0.013889
5 0.302734 0.787500 0.035156 0.013889
5 0.302734 0.787500 0.035156 0.013889
5 0.302734 0.775694 0.035156 0.015278
5 0.302734 0.775694 0.035156 0.015278
5 0.302734 0.775694 0.035156 0.015278
5 0.302734 0.761806 0.035156 0.015278
5 0.302734 0.761806 0.035156 0.015278
5 0.302734 0.761806 0.035156 0.015278
6 0.557031 0.803472 0.078125 0.084722
6 0.471094 0.796528 0.060937 0.095833
6 0.557422 0.724306 0.080469 0.098611
6 0.514453 0.800000 0.072656 0.091667
6 0.788672 0.860417 0.089844 0.143056
6 0.907422 0.875694 0.110156 0.151389
7 0.404297 0.879861 0.088281 0.031944
7 0.624609 0.949306 0.111719 0.045833
6 0.643359 0.968750 0.316406 0.059722
8 0.988281 0.959722 0.020313 0.072222
5 0.992188 0.923611 0.010937 0.011111
8 0.962109 0.968056 0.072656 0.061111
5 0.966406 0.944444 0.064062 0.038889
8 0.652734 0.891667 0.097656 0.061111
5 0.652344 0.863889 0.087500 0.025000
8 0.607812 0.879167 0.092188 0.058333
5 0.607031 0.853472 0.082812 0.023611
8 0.564063 0.870833 0.081250 0.055556
5 0.567187 0.845833 0.079687 0.022222
8 0.530078 0.861111 0.085156 0.052778
5 0.529687 0.837500 0.076563 0.019444
8 0.635156 0.861111 0.082812 0.052778
5 0.635938 0.836111 0.076563 0.016667
8 0.596875 0.852083 0.081250 0.048611
5 0.596484 0.829167 0.072656 0.016667
8 0.670703 0.869444 0.075781 0.055556
5 0.672656 0.843750 0.071875 0.018056
8 0.692969 0.874306 0.031250 0.045833
5 0.695312 0.855556 0.026562 0.019444
8 0.819141 0.786806 0.050781 0.026389
5 0.821484 0.773611 0.049219 0.005556
8 0.781641 0.786111 0.028906 0.025000
5 0.789844 0.769444 0.048438 0.005556
8 0.841016 0.790278 0.033594 0.027778
5 0.851562 0.777083 0.048438 0.006944
8 0.866797 0.794444 0.013281 0.027778
5 0.868750 0.781944 0.014063 0.008333
8 0.758984 0.787500 0.030469 0.022222
5 0.759766 0.775000 0.032031 0.011111
8 0.776953 0.788194 0.046094 0.020833
5 0.782031 0.778472 0.051562 0.009722
8 0.812500 0.796528 0.056250 0.031944
5 0.813281 0.781944 0.053125 0.011111
8 0.846094 0.802778 0.056250 0.036111
5 0.848047 0.786111 0.053906 0.011111
8 0.998828 0.831250 0.000781 0.026389
5 0.994141 0.809722 0.010156 0.013889
8 0.998828 0.826389 0.000781 0.000000
5 0.994141 0.790972 0.010156 0.006944
8 0.992188 0.806250 0.006250 0.006944
5 0.994141 0.799306 0.010156 0.006944
0 0.936719 0.763194 0.125000 0.212500
0 0.439844 0.734722 0.085938 0.155556
1 0.964063 0.715972 0.070312 0.062500
2 0.946875 0.695833 0.017188 0.002778
2 0.986328 0.700000 0.025781 0.008333
2 0.994141 0.747222 0.007031 0.000000
2 0.951172 0.699306 0.011719 0.006944
2 0.968359 0.699306 0.017969 0.006944
1 0.912500 0.711806 0.079687 0.051389
2 0.885938 0.737500 0.018750 0.005556
2 0.894531 0.733333 0.006250 0.000000
2 0.882031 0.708333 0.012500 0.022222
2 0.933984 0.701389 0.030469 0.005556
2 0.914844 0.741667 0.048438 0.013889
2 0.894141 0.711111 0.008594 0.027778
2 0.923438 0.697222 0.009375 0.000000
1 0.848437 0.733333 0.082812 0.088889
2 0.822266 0.739583 0.022656 0.001389
2 0.830078 0.699306 0.024219 0.001389
2 0.869141 0.715278 0.025781 0.030556
2 0.855859 0.755556 0.061719 0.033333
2 0.830469 0.700000 0.012500 0.000000
2 0.847656 0.700000 0.014063 0.000000
2 0.862109 0.700000 0.013281 0.000000
1 0.946875 0.720833 0.023438 0.055556
2 0.947266 0.747917 0.003906 0.001389
2 0.949609 0.703472 0.021094 0.001389
2 0.997656 0.705556 0.003125 0.000000
2 0.987109 0.750694 0.024219 0.004167
2 0.971094 0.704861 0.001563 0.001389
2 0.981250 0.704167 0.020313 0.000000
2 0.983984 0.705556 0.022656 0.000000
2 0.992578 0.704167 0.000781 0.000000
1 0.820703 0.730556 0.083594 0.083333
2 0.790625 0.753472 0.015625 0.026389
2 0.805859 0.740278 0.013281 0.000000
2 0.796484 0.714583 0.028906 0.029167
2 0.841016 0.716667 0.035156 0.030556
2 0.827734 0.756250 0.063281 0.031944
2 0.801953 0.715972 0.013281 0.029167
2 0.816797 0.700000 0.010156 0.000000
2 0.820703 0.716667 0.022656 0.030556
1 0.958984 0.738194 0.080469 0.090278
2 0.926953 0.753472 0.002344 0.004167
2 0.937891 0.750000 0.002344 0.000000
2 0.925000 0.721528 0.012500 0.034722
2 0.984766 0.724306 0.028906 0.034722
2 0.964063 0.768750 0.070312 0.037500
2 0.936719 0.722222 0.018750 0.033333
2 0.953516 0.705556 0.013281 0.000000
2 0.952734 0.723611 0.016406 0.033333
2 0.581250 0.770139 0.035937 0.037500
2 0.598828 0.750000 0.000781 0.000000
2 0.632422 0.775000 0.064844 0.038889
2 0.681250 0.774306 0.032813 0.034722
2 0.632031 0.741667 0.065625 0.036111
2 0.681250 0.740278 0.032813 0.033333
2 0.631641 0.707639 0.064844 0.034722
2 0.673438 0.706250 0.048438 0.034722