3 0.499609 0.861806 0.999219 0.273611
5 0.311328 0.711806 0.002344 0.006944
5 0.311328 0.711806 0.002344 0.006944
5 0.311328 0.711806 0.002344 0.006944
5 0.319531 0.703472 0.018750 0.006944
5 0.319531 0.703472 0.018750 0.006944
5 0.319531 0.703472 0.018750 0.006944
5 0.311328 0.720139 0.002344 0.006944
5 0.311328 0.720139 0.002344 0.006944
5 0.311328 0.720139 0.002344 0.006944
6 0.641406 0.685417 0.029687 0.048611
6 0.201953 0.705556 0.128906 0.197222
6 0.334375 0.700694 0.050000 0.173611
6 0.369141 0.544444 0.116406 0.183333
6 0.204297 0.531944 0.127344 0.202778
6 0.214453 0.575000 0.085156 0.105556
6 0.083594 0.579167 0.068750 0.136111
6 0.067187 0.700694 0.040625 0.131944
0 0.727344 0.486111 0.543750 0.972222
0 0.408984 0.562500 0.436719 0.583333
0 0.158203 0.617361 0.266406 0.337500
0 0.122656 0.625000 0.235937 0.305556
1 0.653516 0.623611 0.146094 0.363889
1 0.777344 0.588194 0.264062 0.229167
1 0.030078 0.679167 0.055469 0.069444
1 0.031641 0.685417 0.060156 0.068056
1 0.045312 0.675000 0.073438 0.141667
1 0.008203 0.669444 0.016406 0.113889
1 0.043359 0.668056 0.086719 0.188889
1 0.093359 0.668056 0.046094 0.152778
2 0.627734 0.657639 0.007031 0.015278
2 0.648047 0.657639 0.014844 0.018056
5 0.058594 0.737500 0.001563 0.000000
5 0.030859 0.743750 0.057031 0.009722
5 0.076172 0.726389 0.002344 0.000000
5 0.076953 0.742361 0.000781 0.004167