3 0.499609 0.875694 0.999219 0.245833
4 0.491016 0.751389 0.002344 0.066667
4 0.563281 0.764583 0.021875 0.090278
4 0.645703 0.770833 0.014844 0.100000
4 0.698828 0.778472 0.047656 0.109722
4 0.806641 0.786111 0.019531 0.122222
4 0.897266 0.797222 0.063281 0.138889
4 0.004297 0.766667 0.003906 0.077778
4 0.014063 0.808333 0.028125 0.155556
4 0.009375 0.819444 0.018750 0.172222
4 0.035547 0.849306 0.060156 0.218056
4 0.052344 0.872917 0.025000 0.251389
4 0.046094 0.879861 0.092188 0.237500
8 0.892188 0.816667 0.123438 0.077778
5 0.289453 0.747222 0.046094 0.011111
5 0.289453 0.747222 0.046094 0.011111
5 0.289453 0.747222 0.046094 0.011111
5 0.288281 0.736806 0.048438 0.009722
5 0.288281 0.736806 0.048438 0.009722
5 0.288281 0.736806 0.048438 0.009722
5 0.288281 0.757639 0.048438 0.009722
5 0.288281 0.757639 0.048438 0.009722
5 0.288281 0.757639 0.048438 0.009722
5 0.354687 0.755556 0.046875 0.008333
5 0.354687 0.755556 0.046875 0.008333
5 0.354687 0.755556 0.046875 0.008333
5 0.354687 0.746528 0.046875 0.009722
5 0.354687 0.746528 0.046875 0.009722
5 0.354687 0.746528 0.046875 0.009722
5 0.354687 0.735417 0.046875 0.009722
5 0.354687 0.735417 0.046875 0.009722
5 0.354687 0.735417 0.046875 0.009722
5 0.354687 0.725694 0.046875 0.009722
5 0.354687 0.725694 0.046875 0.009722
5 0.354687 0.725694 0.046875 0.009722
6 0.529297 0.723611 0.057031 0.044444
6 0.479297 0.736806 0.049219 0.070833
6 0.530078 0.670833 0.060156 0.075000
6 0.498828 0.738194 0.032031 0.073611
6 0.645703 0.750000 0.080469 0.097222
6 0.719141 0.753472 0.083594 0.104167
7 0.748828 0.859028 0.127344 0.048611
7 0.336719 0.936806 0.148438 0.084722
7 0.491797 0.812500 0.046094 0.030556
7 0.003516 0.813194 0.002344 0.018056
7 0.387109 0.775000 0.066406 0.013889
7 0.485156 0.795139 0.059375 0.020833
6 0.002344 0.793750 0.004687 0.193056
6 0.005859 0.552083 0.011719 0.287500
8 0.744922 0.795139 0.039844 0.043056
5 0.770703 0.769444 0.082031 0.013889
8 0.716016 0.794444 0.092969 0.052778
5 0.719531 0.772222 0.079687 0.016667
8 0.564844 0.776389 0.018750 0.030556
5 0.564453 0.756250 0.019531 0.009722
8 0.530469 0.770833 0.068750 0.038889
5 0.530469 0.754167 0.062500 0.008333
8 0.494141 0.768056 0.036719 0.033333
5 0.496484 0.751389 0.036719 0.008333
8 0.485938 0.763194 0.057813 0.029167
5 0.485547 0.750000 0.052344 0.008333
8 0.564844 0.770833 0.018750 0.011111
5 0.564453 0.747917 0.019531 0.001389
8 0.567578 0.776389 0.011719 0.000000
5 0.564453 0.745139 0.019531 0.001389
8 0.567187 0.776389 0.014063 0.022222
5 0.567969 0.749306 0.012500 0.001389
8 0.648047 0.790278 0.000781 0.002778
8 0.741797 0.749306 0.042969 0.026389
5 0.740234 0.737500 0.036719 0.005556
8 0.749609 0.746528 0.017969 0.018056
5 0.750781 0.738889 0.015625 0.005556
8 0.999219 0.752083 0.000000 0.001389
5 0.999219 0.749306 0.000000 0.001389
8 0.925781 0.758333 0.003125 0.016667
8 0.915234 0.765278 0.022656 0.030556
5 0.926172 0.750694 0.000781 0.001389
8 0.924609 0.765972 0.000781 0.001389
5 0.922656 0.738889 0.000000 0.000000
5 0.924609 0.740278 0.003906 0.000000
8 0.904687 0.767361 0.000000 0.001389
5 0.904297 0.741667 0.000781 0.000000
0 0.851953 0.699306 0.107031 0.168056
0 0.475000 0.697917 0.060937 0.126389
1 0.288672 0.624306 0.527344 0.748611
1 0.590234 0.660417 0.558594 0.676389
1 0.901172 0.694444 0.021094 0.041667
1 0.998437 0.713889 0.000000 0.000000
2 0.998437 0.691667 0.000000 0.016667
1 0.860938 0.693056 0.057813 0.041667
2 0.881641 0.693056 0.010156 0.025000
1 0.960156 0.695139 0.078125 0.054167
2 0.992578 0.691667 0.010156 0.016667
2 0.993750 0.731250 0.010937 0.018056
1 0.825781 0.677778 0.026562 0.016667
2 0.800781 0.686111 0.003125 0.011111
2 0.837891 0.686111 0.002344 0.011111
2 0.807422 0.686111 0.010156 0.011111
2 0.814844 0.686111 0.003125 0.011111
1 0.906641 0.691667 0.038281 0.047222
2 0.903516 0.725000 0.000781 0.005556
2 0.896875 0.692361 0.012500 0.029167
2 0.924609 0.730556 0.003906 0.016667
2 0.909375 0.692361 0.012500 0.029167
2 0.921094 0.688889 0.009375 0.022222
2 0.700000 0.745833 0.028125 0.022222
2 0.654297 0.703472 0.052344 0.006944
2 0.697266 0.712500 0.032031 0.025000
2 0.653906 0.685417 0.053125 0.029167
2 0.697266 0.685417 0.032031 0.029167
5 0.806641 0.724306 0.092969 0.015278
5 0.800000 0.740278 0.079687 0.016667
5 0.806641 0.753472 0.092969 0.015278
5 0.807422 0.769444 0.092969 0.016667
5 0.807422 0.800694 0.092969 0.018056
5 0.800781 0.784722 0.079687 0.016667
5 0.808203 0.831944 0.092969 0.013889
5 0.800000 0.810417 0.078125 0.015278
5 0.901172 0.752083 0.071094 0.015278
5 0.895312 0.767361 0.084375 0.015278
5 0.902344 0.796528 0.070312 0.015278
5 0.901953 0.781250 0.071094 0.015278
5 0.902344 0.827083 0.070312 0.012500
5 0.902734 0.807639 0.071094 0.012500
5 0.894922 0.738889 0.083594 0.013889
5 0.886328 0.723611 0.100781 0.013889
5 0.960938 0.750000 0.076563 0.013889
5 0.960938 0.764583 0.076563 0.015278
5 0.961328 0.793056 0.075781 0.016667
5 0.961328 0.778472 0.075781 0.015278
5 0.961719 0.820833 0.075000 0.016667
5 0.961719 0.805556 0.075000 0.016667
5 0.041406 0.802778 0.051562 0.002778
5 0.041797 0.809722 0.055469 0.016667
5 0.960938 0.737500 0.076563 0.013889
5 0.960547 0.722917 0.077344 0.012500
5 0.955469 0.640972 0.087500 0.015278
5 0.955469 0.655556 0.087500 0.013889
5 0.955859 0.684028 0.086719 0.012500
5 0.955469 0.669444 0.087500 0.013889
5 0.955859 0.710417 0.086719 0.012500
5 0.955859 0.696528 0.086719 0.012500
5 0.036719 0.770833 0.067187 0.011111
5 0.955078 0.628472 0.088281 0.015278
5 0.955078 0.615278 0.088281 0.016667