3 0.499609 0.836111 0.999219 0.325000
4 0.183203 0.725694 0.010156 0.023611
4 0.130859 0.693750 0.000781 0.001389
4 0.076172 0.695833 0.002344 0.000000
4 0.005469 0.736111 0.007812 0.063889
4 0.078125 0.677778 0.001563 0.022222
8 0.004687 0.750000 0.009375 0.019444
8 0.575781 0.761111 0.056250 0.050000
5 0.523438 0.670833 0.021875 0.005556
5 0.523438 0.670833 0.021875 0.005556
5 0.523438 0.670833 0.021875 0.005556
5 0.568750 0.690972 0.010937 0.006944
5 0.568750 0.690972 0.010937 0.006944
5 0.568750 0.690972 0.010937 0.006944
5 0.568750 0.684028 0.009375 0.006944
5 0.568750 0.684028 0.009375 0.006944
5 0.568750 0.684028 0.009375 0.006944
5 0.566016 0.675000 0.014844 0.008333
5 0.566016 0.675000 0.014844 0.008333
5 0.566016 0.675000 0.014844 0.008333
5 0.565234 0.666667 0.017969 0.008333
5 0.565234 0.666667 0.017969 0.008333
5 0.565234 0.666667 0.017969 0.008333
6 0.445703 0.692361 0.046094 0.059722
6 0.491797 0.685417 0.041406 0.056944
6 0.446484 0.640278 0.047656 0.058333
6 0.469922 0.688889 0.044531 0.058333
6 0.299219 0.704167 0.053125 0.061111
6 0.264453 0.715278 0.041406 0.075000
7 0.004687 0.778472 0.009375 0.018056
7 0.205859 0.868056 0.094531 0.038889
7 0.245703 0.846528 0.016406 0.026389
7 0.003906 0.935417 0.007812 0.037500
7 0.093750 0.902083 0.079687 0.045833
7 0.207422 0.727083 0.041406 0.015278
7 0.121094 0.674306 0.003125 0.006944
7 0.057031 0.679167 0.001563 0.005556
7 0.075391 0.676389 0.028906 0.008333
8 0.180078 0.740972 0.028906 0.031944
5 0.184766 0.727083 0.013281 0.006944
5 0.382031 0.696528 0.014063 0.004167
8 0.391797 0.715972 0.030469 0.026389
5 0.389844 0.702778 0.028125 0.008333
8 0.407422 0.713194 0.042969 0.026389
5 0.404687 0.700000 0.042188 0.008333
8 0.382422 0.718750 0.011719 0.026389
5 0.380859 0.706250 0.008594 0.006944
8 0.784375 0.724306 0.037500 0.026389
5 0.782422 0.709722 0.041406 0.008333
8 0.812109 0.713889 0.021094 0.008333
5 0.789453 0.704167 0.027344 0.002778
8 0.776172 0.727083 0.050781 0.029167
5 0.775000 0.713194 0.046875 0.009722
8 0.762500 0.730556 0.051562 0.030556
5 0.760547 0.716667 0.047656 0.011111
8 0.768750 0.704167 0.012500 0.002778
5 0.750391 0.703472 0.042969 0.006944
8 0.755859 0.707639 0.011719 0.004167
5 0.736328 0.705556 0.044531 0.005556
8 0.726562 0.714583 0.050000 0.012500
5 0.725781 0.709722 0.045312 0.008333
8 0.710938 0.717361 0.051562 0.009722
5 0.707812 0.712500 0.042188 0.008333
8 0.676562 0.750694 0.048438 0.037500
5 0.675000 0.734028 0.045312 0.012500
8 0.714844 0.747222 0.054688 0.025000
5 0.714844 0.737500 0.048438 0.013889
8 0.633203 0.749306 0.046094 0.034722
5 0.634766 0.731250 0.042969 0.012500
8 0.599219 0.740972 0.053125 0.029167
5 0.599219 0.728472 0.046875 0.012500
8 0.729688 0.738194 0.053125 0.031944
5 0.728125 0.723611 0.050000 0.011111
8 0.715234 0.740972 0.057031 0.029167
5 0.714844 0.727083 0.051562 0.009722
8 0.665625 0.740972 0.050000 0.034722
5 0.665234 0.723611 0.044531 0.008333
8 0.628516 0.737500 0.049219 0.033333
5 0.624219 0.722222 0.037500 0.011111
8 0.572266 0.788194 0.049219 0.045833
5 0.569531 0.767361 0.043750 0.018056
8 0.586719 0.777778 0.071875 0.038889
5 0.585938 0.760417 0.064062 0.015278
0 0.876953 0.815972 0.244531 0.365278
0 0.328906 0.686806 0.098437 0.159722
0 0.528516 0.675000 0.071094 0.144444
0 0.602734 0.652083 0.057031 0.106944
1 0.308203 0.647917 0.049219 0.059722
1 0.296484 0.648611 0.046094 0.058333
1 0.266797 0.649306 0.046094 0.062500
1 0.251563 0.650694 0.053125 0.065278
1 0.230859 0.647917 0.049219 0.062500
1 0.207813 0.650000 0.040625 0.063889
1 0.177734 0.642361 0.047656 0.054167
1 0.096875 0.660417 0.067187 0.070833
1 0.077734 0.659722 0.042969 0.072222
1 0.950391 0.693056 0.053906 0.083333
2 0.953906 0.687500 0.001563 0.000000
2 0.974609 0.696528 0.000781 0.015278
2 0.973047 0.663889 0.002344 0.025000
2 0.953125 0.668750 0.001563 0.020833
2 0.942187 0.706250 0.032813 0.034722
2 0.970703 0.652083 0.000781 0.001389
1 0.921875 0.709722 0.062500 0.108333
2 0.920703 0.699306 0.016406 0.001389
2 0.939844 0.717361 0.020313 0.034722
2 0.948438 0.672917 0.003125 0.031944
2 0.916016 0.675000 0.044531 0.036111
2 0.920312 0.722222 0.053125 0.041667
2 0.938672 0.672917 0.014844 0.034722
2 0.934766 0.673611 0.014844 0.036111
1 0.902344 0.665278 0.053125 0.061111
2 0.905469 0.698611 0.034375 0.005556
1 0.878906 0.709722 0.043750 0.097222
2 0.873047 0.697222 0.010156 0.000000
2 0.888672 0.700694 0.019531 0.006944
2 0.868359 0.672917 0.032031 0.034722
2 0.875781 0.718750 0.035937 0.040278
2 0.890234 0.674306 0.000781 0.026389
2 0.857422 0.654167 0.010156 0.000000
2 0.887109 0.675000 0.003906 0.027778
2 0.783594 0.884722 0.042188 0.080556
2 0.680469 0.925694 0.164062 0.106944
2 0.679688 0.836111 0.164062 0.113889
2 0.741406 0.803472 0.125000 0.095833
2 0.479297 0.774306 0.124219 0.079167
2 0.385547 0.797917 0.139844 0.093056
2 0.430078 0.874306 0.050781 0.084722
2 0.521484 0.840972 0.039844 0.073611
2 0.435156 0.785417 0.131250 0.084722
2 0.329688 0.812500 0.150000 0.100000
2 0.328906 0.893056 0.150000 0.094444
2 0.478516 0.856944 0.044531 0.080556
2 0.771094 0.695833 0.037500 0.016667
2 0.812500 0.705556 0.043750 0.030556
2 0.771094 0.672917 0.037500 0.029167
2 0.809766 0.674306 0.038281 0.029167
2 0.775391 0.644444 0.047656 0.030556
2 0.813672 0.645139 0.047656 0.031944
5 0.078906 0.702778 0.045312 0.013889
5 0.071094 0.712500 0.031250 0.011111
5 0.074609 0.720833 0.038281 0.011111
5 0.071094 0.729861 0.031250 0.009722
5 0.070703 0.746528 0.030469 0.012500
5 0.074219 0.738889 0.037500 0.011111
5 0.070703 0.761806 0.030469 0.015278
5 0.074219 0.754861 0.037500 0.012500
5 0.105078 0.724306 0.052344 0.012500
5 0.105078 0.731944 0.052344 0.013889
5 0.108203 0.750694 0.058594 0.015278
5 0.105078 0.742361 0.052344 0.012500
5 0.104688 0.767361 0.051562 0.015278
5 0.105078 0.758333 0.052344 0.013889
5 0.057422 0.700694 0.002344 0.006944
5 0.105078 0.716667 0.052344 0.011111
5 0.105078 0.706250 0.052344 0.012500
5 0.154688 0.727778 0.062500 0.013889
5 0.154688 0.738194 0.062500 0.012500
5 0.154297 0.756944 0.063281 0.013889
5 0.154688 0.746528 0.062500 0.015278
5 0.154297 0.773611 0.063281 0.016667
5 0.154297 0.764583 0.063281 0.015278
5 0.154688 0.719444 0.062500 0.013889
5 0.154688 0.710417 0.062500 0.012500
5 0.155078 0.656944 0.063281 0.011111
5 0.155078 0.665972 0.063281 0.009722
5 0.155078 0.684722 0.063281 0.011111
5 0.155078 0.675694 0.063281 0.009722
5 0.154688 0.702778 0.062500 0.011111
5 0.155078 0.693056 0.063281 0.011111
5 0.084375 0.696528 0.028125 0.001389
5 0.082812 0.692361 0.031250 0.006944
5 0.155469 0.649306 0.062500 0.009722
5 0.155469 0.638889 0.062500 0.011111