3 0.534375 0.947917 0.421875 0.101389
8 0.360938 0.883333 0.028125 0.011111
5 0.337500 0.880556 0.025000 0.005556
5 0.337500 0.880556 0.025000 0.005556
5 0.337500 0.880556 0.025000 0.005556
5 0.337500 0.874306 0.025000 0.004167
5 0.337500 0.874306 0.025000 0.004167
5 0.337500 0.874306 0.025000 0.004167
5 0.337500 0.886111 0.023438 0.002778
5 0.337500 0.886111 0.023438 0.002778
5 0.337500 0.886111 0.023438 0.002778
6 0.371094 0.829861 0.001563 0.006944
6 0.374609 0.879167 0.010156 0.019444
6 0.357422 0.855556 0.066406 0.072222
6 0.512891 0.876389 0.080469 0.111111
6 0.355078 0.775694 0.072656 0.112500
6 0.430859 0.870139 0.080469 0.101389
7 0.552344 0.892361 0.018750 0.009722
7 0.448437 0.890278 0.015625 0.005556
7 0.497266 0.890278 0.008594 0.005556
8 0.487891 0.948611 0.114844 0.100000
5 0.486328 0.906250 0.099219 0.026389
8 0.628906 0.948611 0.125000 0.100000
5 0.626563 0.906250 0.109375 0.026389
8 0.370703 0.948611 0.110156 0.100000
5 0.371094 0.906250 0.093750 0.026389
8 0.608984 0.942361 0.103906 0.095833
5 0.607812 0.901389 0.092188 0.022222
8 0.491016 0.940972 0.092969 0.087500
5 0.487109 0.901389 0.085156 0.022222
8 0.382422 0.943056 0.103906 0.097222
5 0.381250 0.901389 0.092188 0.022222
0 0.747266 0.797917 0.041406 0.020833
1 0.676562 0.851389 0.053125 0.100000
1 0.638281 0.846528 0.053125 0.090278
1 0.658594 0.854167 0.051562 0.094444
1 0.628906 0.847222 0.032813 0.080556
1 0.642578 0.848611 0.046094 0.077778
1 0.606641 0.850000 0.044531 0.080556
1 0.666406 0.859028 0.062500 0.076389
1 0.335938 0.848611 0.018750 0.086111
1 0.339844 0.858333 0.018750 0.063889
1 0.071875 0.499306 0.143750 0.998611
2 0.035156 0.832639 0.070312 0.331944
2 0.046875 0.266667 0.093750 0.533333
1 0.870313 0.707639 0.257812 0.581944
2 0.856250 0.615972 0.187500 0.234722
2 0.882422 0.892361 0.233594 0.212500
2 0.971094 0.603472 0.056250 0.206944
1 0.193750 0.697917 0.250000 0.601389
2 0.285156 0.897222 0.018750 0.202778
2 0.203125 0.890972 0.150000 0.215278
2 0.220703 0.603472 0.158594 0.251389
2 0.096875 0.890278 0.075000 0.216667
2 0.076563 0.586806 0.140625 0.220833
2 0.003906 0.643750 0.007812 0.048611
1 0.844141 0.755556 0.310156 0.486111
2 0.735547 0.668056 0.060156 0.180556
2 0.738281 0.890972 0.060937 0.170833
1 0.205859 0.750000 0.275781 0.497222
2 0.320703 0.892361 0.008594 0.159722
2 0.303125 0.893750 0.021875 0.179167
2 0.312891 0.660417 0.030469 0.190278