3 0.499609 0.829167 0.999219 0.338889
4 0.477344 0.701389 0.003125 0.047222
4 0.551953 0.729167 0.008594 0.058333
4 0.558203 0.768056 0.002344 0.002778
4 0.619531 0.752778 0.007812 0.066667
4 0.645312 0.766667 0.035937 0.072222
4 0.701172 0.784028 0.005469 0.076389
4 0.744141 0.777083 0.025781 0.031944
4 0.981250 0.882639 0.017188 0.109722
4 0.179297 0.761111 0.007031 0.025000
4 0.183984 0.763194 0.000781 0.031944
4 0.228906 0.796528 0.015625 0.062500
4 0.246094 0.845139 0.029687 0.059722
8 0.662109 0.770139 0.055469 0.045833
8 0.900391 0.695139 0.021094 0.009722
5 0.355469 0.665972 0.039062 0.006944
5 0.355469 0.665972 0.039062 0.006944
5 0.355469 0.665972 0.039062 0.006944
5 0.355469 0.657639 0.039062 0.009722
5 0.355469 0.657639 0.039062 0.009722
5 0.355469 0.657639 0.039062 0.009722
5 0.355469 0.673611 0.039062 0.008333
5 0.355469 0.673611 0.039062 0.008333
5 0.355469 0.673611 0.039062 0.008333
5 0.403906 0.670833 0.037500 0.008333
5 0.403906 0.670833 0.037500 0.008333
5 0.403906 0.670833 0.037500 0.008333
5 0.403906 0.663889 0.037500 0.008333
5 0.403906 0.663889 0.037500 0.008333
5 0.403906 0.663889 0.037500 0.008333
5 0.403906 0.656944 0.037500 0.008333
5 0.403906 0.656944 0.037500 0.008333
5 0.403906 0.656944 0.037500 0.008333
5 0.403906 0.648611 0.037500 0.008333
5 0.403906 0.648611 0.037500 0.008333
5 0.403906 0.648611 0.037500 0.008333
6 0.475391 0.663889 0.010156 0.041667
6 0.535937 0.647222 0.000000 0.000000
6 0.553516 0.700694 0.011719 0.065278
6 0.628906 0.690278 0.026562 0.030556
7 0.769922 0.775694 0.038281 0.006944
7 0.816016 0.796528 0.047656 0.018056
7 0.346875 0.847917 0.050000 0.037500
7 0.464062 0.754861 0.032813 0.020833
7 0.182812 0.745833 0.000000 0.005556
7 0.413281 0.707639 0.043750 0.012500
7 0.464062 0.734028 0.032813 0.015278
6 0.316016 0.988889 0.013281 0.019444
6 0.162109 0.896528 0.138281 0.204167
6 0.384375 0.888194 0.150000 0.220833
6 0.082812 0.839583 0.060937 0.123611
6 0.194531 0.796528 0.064062 0.051389
6 0.194922 0.722917 0.064844 0.120833
6 0.083594 0.730556 0.060937 0.127778
6 0.163281 0.679167 0.050000 0.080556
6 0.073828 0.685417 0.044531 0.087500
6 0.164062 0.765278 0.046875 0.088889
6 0.062109 0.768056 0.022656 0.094444
6 0.990625 0.833333 0.017188 0.119444
8 0.875781 0.831944 0.084375 0.052778
5 0.875391 0.809722 0.075781 0.022222
8 0.918750 0.847222 0.089063 0.055556
5 0.902344 0.823611 0.048438 0.025000
8 0.818359 0.804167 0.057031 0.041667
5 0.815625 0.784028 0.056250 0.020833
8 0.776563 0.798611 0.053125 0.022222
5 0.773828 0.788194 0.052344 0.018056
8 0.537500 0.713889 0.003125 0.025000
5 0.537500 0.701389 0.003125 0.005556
8 0.476172 0.703472 0.008594 0.023611
5 0.476953 0.693750 0.007031 0.006944
8 0.469531 0.700694 0.017188 0.026389
5 0.471484 0.689583 0.017969 0.006944
8 0.546094 0.712500 0.000000 0.000000
5 0.541797 0.688889 0.011719 0.002778
5 0.537500 0.685417 0.003125 0.001389
8 0.541797 0.708333 0.011719 0.022222
5 0.541797 0.695139 0.011719 0.006944
8 0.546875 0.712500 0.001563 0.016667
5 0.546875 0.699306 0.001563 0.006944
5 0.776563 0.668056 0.010937 0.002778
8 0.683203 0.671528 0.024219 0.020833
5 0.684766 0.662500 0.024219 0.005556
8 0.690625 0.674306 0.012500 0.020833
5 0.691406 0.665278 0.010937 0.005556
8 0.804688 0.700000 0.017188 0.016667
5 0.800391 0.682639 0.008594 0.001389
8 0.785547 0.697222 0.039844 0.025000
5 0.779687 0.683333 0.025000 0.002778
8 0.808594 0.694444 0.000000 0.000000
5 0.775781 0.673611 0.001563 0.000000
8 0.807031 0.698611 0.001563 0.002778
5 0.820703 0.675694 0.000781 0.001389
8 0.788672 0.692361 0.033594 0.020833
5 0.785547 0.679861 0.024219 0.004167
5 0.767969 0.684722 0.006250 0.000000
8 0.980078 0.711111 0.007031 0.008333
5 0.971094 0.705556 0.025000 0.008333
8 0.939844 0.699306 0.050000 0.001389
5 0.939844 0.698611 0.045312 0.002778
8 0.993359 0.738889 0.011719 0.030556
5 0.994531 0.726389 0.009375 0.008333
8 0.978906 0.734722 0.040625 0.033333
5 0.980078 0.720833 0.038281 0.011111
0 0.868359 0.681250 0.096094 0.151389
0 0.732422 0.654861 0.071094 0.120833
0 0.475391 0.631250 0.010156 0.087500
0 0.752344 0.820139 0.165625 0.306944
0 0.178125 0.852083 0.196875 0.293056
0 0.112109 0.834028 0.224219 0.326389
0 0.089063 0.749306 0.176563 0.226389
0 0.075781 0.735417 0.145313 0.209722
1 0.315625 0.841667 0.103125 0.233333
1 0.387500 0.838889 0.120313 0.236111
1 0.111719 0.647917 0.060937 0.065278
1 0.112891 0.645833 0.063281 0.058333
1 0.043359 0.651389 0.064844 0.069444
1 0.043359 0.661806 0.066406 0.084722
1 0.004297 0.654167 0.008594 0.066667
1 0.003906 0.662500 0.007812 0.083333
1 0.101562 0.681250 0.040625 0.062500
1 0.042578 0.694444 0.030469 0.111111
1 0.059375 0.727778 0.054688 0.138889
1 0.121484 0.679167 0.038281 0.047222
1 0.899609 0.624306 0.049219 0.043056
2 0.879687 0.643056 0.007812 0.013889
2 0.885156 0.614583 0.020313 0.009722
2 0.910156 0.613889 0.023438 0.005556
2 0.902734 0.643750 0.039844 0.012500
2 0.886328 0.615972 0.007031 0.009722
2 0.898438 0.609722 0.004687 0.000000
2 0.897266 0.613194 0.013281 0.004167
1 0.970703 0.643056 0.025781 0.072222
2 0.959766 0.643056 0.002344 0.000000
2 0.964063 0.643056 0.004687 0.000000
2 0.957812 0.615278 0.000000 0.000000
2 0.977344 0.627083 0.007812 0.020833
2 0.970703 0.654861 0.024219 0.023611
2 0.961719 0.625694 0.006250 0.020833
2 0.971484 0.615278 0.011719 0.000000
2 0.970703 0.627083 0.013281 0.020833
1 0.835156 0.611111 0.031250 0.013889
2 0.826562 0.648611 0.000000 0.000000
2 0.822656 0.614583 0.003125 0.006944
2 0.851562 0.615278 0.015625 0.005556
2 0.832031 0.615972 0.006250 0.004167
2 0.839453 0.615278 0.007031 0.002778
1 0.906641 0.645833 0.038281 0.075000
2 0.896094 0.656250 0.012500 0.020833
2 0.907422 0.644444 0.002344 0.000000
2 0.901953 0.627083 0.024219 0.020833
2 0.919531 0.629861 0.007812 0.020833
2 0.910937 0.658333 0.025000 0.025000
2 0.902344 0.628472 0.007812 0.020833
2 0.916016 0.616667 0.002344 0.000000
2 0.913672 0.628472 0.013281 0.020833
2 0.922266 0.618056 0.002344 0.000000
1 0.786719 0.636806 0.046875 0.062500
2 0.767188 0.612500 0.007812 0.000000
2 0.795312 0.625000 0.025000 0.019444
2 0.793359 0.652083 0.030469 0.023611
2 0.771094 0.613889 0.000000 0.000000
2 0.782422 0.614583 0.008594 0.001389
2 0.793750 0.613889 0.012500 0.000000
1 0.853516 0.643056 0.057031 0.063889
2 0.832812 0.648611 0.010937 0.000000
2 0.839844 0.618750 0.020313 0.001389
2 0.867188 0.631944 0.023438 0.022222
2 0.858203 0.661111 0.042969 0.025000
2 0.846484 0.619444 0.008594 0.000000
2 0.856250 0.619444 0.000000 0.000000
2 0.847656 0.620833 0.006250 0.000000
2 0.857812 0.619444 0.001563 0.000000
1 0.760156 0.637500 0.050000 0.061111
2 0.737500 0.622222 0.001563 0.016667
2 0.773047 0.625694 0.019531 0.020833
2 0.773438 0.653472 0.020313 0.020833
2 0.750781 0.624306 0.001563 0.020833
2 0.763281 0.613889 0.000000 0.000000
2 0.751172 0.625000 0.000781 0.019444
1 0.826953 0.642361 0.057031 0.062500
2 0.805859 0.659722 0.010156 0.022222
2 0.816797 0.648611 0.010156 0.000000
2 0.812500 0.630556 0.023438 0.022222
2 0.839063 0.633333 0.023438 0.022222
2 0.825000 0.661111 0.032813 0.022222
2 0.812109 0.631250 0.007031 0.020833
2 0.828906 0.619444 0.000000 0.000000
2 0.823047 0.631250 0.013281 0.020833
2 0.837109 0.620833 0.013281 0.000000
2 0.941406 0.720139 0.068750 0.040278
2 0.907813 0.722222 0.035937 0.041667
2 0.632031 0.661806 0.032813 0.023611
2 0.662109 0.661111 0.025781 0.022222
2 0.632031 0.640278 0.032813 0.022222
2 0.662109 0.638889 0.025781 0.022222
2 0.636328 0.617361 0.024219 0.023611
2 0.656641 0.615972 0.036719 0.023611
5 0.639062 0.711806 0.046875 0.015278
5 0.639062 0.720833 0.046875 0.013889
5 0.639062 0.729167 0.046875 0.013889
5 0.639062 0.737500 0.046875 0.013889
5 0.639453 0.754861 0.047656 0.015278
5 0.639062 0.746528 0.046875 0.012500
5 0.639453 0.772222 0.047656 0.013889
5 0.639453 0.763194 0.047656 0.012500
5 0.073047 0.740972 0.000781 0.004167
5 0.680078 0.725000 0.046094 0.013889
5 0.680469 0.733333 0.046875 0.013889
5 0.682813 0.750694 0.039062 0.012500
5 0.683594 0.742361 0.040625 0.015278
5 0.685937 0.765972 0.032813 0.012500
5 0.682813 0.757639 0.039062 0.012500
5 0.680078 0.718056 0.046094 0.013889
5 0.680078 0.708333 0.046094 0.013889
5 0.738672 0.721528 0.050781 0.012500
5 0.738672 0.729861 0.050781 0.012500
5 0.734766 0.745833 0.033594 0.011111
5 0.741016 0.738194 0.046094 0.012500
5 0.733594 0.764583 0.035937 0.009722
5 0.751172 0.756250 0.000781 0.006944
5 0.189062 0.742361 0.000000 0.001389
5 0.186719 0.745833 0.007812 0.008333
5 0.738672 0.714583 0.050781 0.012500
5 0.743359 0.706250 0.041406 0.012500
5 0.736719 0.658333 0.054688 0.011111
5 0.736719 0.665278 0.054688 0.008333
5 0.737500 0.683333 0.053125 0.011111
5 0.717578 0.673611 0.013281 0.008333
5 0.743750 0.698611 0.040625 0.011111
5 0.724219 0.690972 0.026562 0.009722
5 0.736719 0.650694 0.054688 0.009722
5 0.736719 0.642361 0.054688 0.009722