3 0.499609 0.820833 0.999219 0.355556
4 0.024609 0.788194 0.013281 0.012500
4 0.014844 0.702083 0.001563 0.026389
8 0.634766 0.878472 0.088281 0.059722
5 0.513281 0.675000 0.040625 0.011111
5 0.513281 0.675000 0.040625 0.011111
5 0.513281 0.675000 0.040625 0.011111
5 0.514844 0.664583 0.043750 0.012500
5 0.514844 0.664583 0.043750 0.012500
5 0.514844 0.664583 0.043750 0.012500
5 0.513281 0.682639 0.040625 0.009722
5 0.513281 0.682639 0.040625 0.009722
5 0.513281 0.682639 0.040625 0.009722
5 0.560547 0.688194 0.028906 0.009722
5 0.560547 0.688194 0.028906 0.009722
5 0.560547 0.688194 0.028906 0.009722
5 0.560547 0.679861 0.028906 0.009722
5 0.560547 0.679861 0.028906 0.009722
5 0.560547 0.679861 0.028906 0.009722
5 0.560937 0.671528 0.029687 0.009722
5 0.560937 0.671528 0.029687 0.009722
5 0.560937 0.671528 0.029687 0.009722
5 0.560547 0.660417 0.028906 0.012500
5 0.560547 0.660417 0.028906 0.012500
5 0.560547 0.660417 0.028906 0.012500
6 0.436719 0.725000 0.035937 0.063889
6 0.493359 0.705556 0.036719 0.069444
6 0.436719 0.663889 0.035937 0.069444
6 0.471094 0.710417 0.042188 0.062500
6 0.291406 0.770139 0.065625 0.090278
6 0.254688 0.792361 0.045312 0.098611
7 0.007422 0.941667 0.014844 0.027778
7 0.303906 0.732639 0.020313 0.004167
7 0.183203 0.786806 0.039844 0.023611
7 0.033203 0.660417 0.007031 0.001389
7 0.008594 0.664583 0.017188 0.009722
8 0.170313 0.833333 0.010937 0.033333
5 0.166406 0.816667 0.003125 0.002778
8 0.341016 0.747917 0.002344 0.004167
5 0.335156 0.748611 0.007812 0.008333
8 0.342578 0.747222 0.002344 0.002778
5 0.337891 0.740972 0.032031 0.009722
8 0.374609 0.735417 0.019531 0.006944
5 0.362109 0.732639 0.038281 0.015278
8 0.377344 0.763194 0.050000 0.034722
5 0.382422 0.746528 0.038281 0.015278
8 0.407422 0.754167 0.042969 0.033333
5 0.402734 0.739583 0.044531 0.015278
8 0.359375 0.771528 0.056250 0.037500
5 0.358984 0.755556 0.050781 0.016667
8 0.342578 0.782639 0.032031 0.026389
5 0.343359 0.765278 0.028906 0.016667
8 0.833594 0.769444 0.054688 0.041667
5 0.832812 0.754167 0.050000 0.013889
8 0.843359 0.763194 0.052344 0.034722
5 0.842578 0.747222 0.047656 0.016667
8 0.830469 0.781250 0.050000 0.037500
5 0.828516 0.764583 0.046094 0.018056
8 0.818359 0.791667 0.053906 0.038889
5 0.816406 0.775000 0.050000 0.019444
8 0.788281 0.747917 0.051562 0.018056
5 0.787500 0.739583 0.046875 0.012500
8 0.773828 0.757639 0.047656 0.018056
5 0.775000 0.747917 0.045312 0.012500
8 0.769531 0.770833 0.054688 0.030556
5 0.767969 0.756250 0.050000 0.015278
8 0.755859 0.777083 0.055469 0.026389
5 0.755469 0.767361 0.051562 0.018056
8 0.741016 0.845833 0.057031 0.052778
5 0.741016 0.827083 0.050781 0.026389
8 0.792188 0.854861 0.057813 0.054167
5 0.791797 0.834722 0.050781 0.027778
8 0.696875 0.838889 0.057813 0.050000
5 0.693359 0.819444 0.044531 0.025000
8 0.651563 0.830556 0.054688 0.050000
5 0.650000 0.811806 0.051562 0.023611
8 0.789453 0.804861 0.060156 0.040278
5 0.788281 0.793750 0.054688 0.020833
8 0.779687 0.822222 0.062500 0.050000
5 0.778906 0.806944 0.056250 0.022222
8 0.721094 0.820139 0.054688 0.048611
5 0.721094 0.802083 0.048438 0.023611
8 0.676172 0.811806 0.053906 0.045833
5 0.676172 0.794444 0.047656 0.022222
8 0.649219 0.954167 0.089063 0.063889
5 0.647656 0.927778 0.079687 0.038889
8 0.673438 0.925000 0.084375 0.072222
5 0.677344 0.904861 0.065625 0.034722
5 0.523438 0.996528 0.012500 0.004167
8 0.533203 0.990972 0.005469 0.009722
5 0.548438 0.979167 0.029687 0.027778
8 0.445312 0.993056 0.103125 0.011111
5 0.443750 0.984028 0.092188 0.029167
8 0.491406 0.979167 0.081250 0.038889
5 0.487891 0.966667 0.075781 0.041667
0 0.346094 0.844444 0.137500 0.272222
0 0.557031 0.751389 0.085938 0.197222
0 0.601953 0.658333 0.052344 0.122222
1 0.278125 0.637500 0.040625 0.075000
1 0.250000 0.640972 0.060937 0.079167
1 0.214062 0.633333 0.042188 0.075000
1 0.202344 0.637500 0.059375 0.075000
1 0.178516 0.627778 0.057031 0.069444
1 0.153906 0.633333 0.050000 0.075000
1 0.124609 0.613194 0.032031 0.062500
1 0.018359 0.678472 0.036719 0.081944
1 0.018359 0.666667 0.036719 0.083333
1 0.992969 0.687500 0.012500 0.041667
2 0.996484 0.679861 0.005469 0.001389
2 0.994141 0.698611 0.010156 0.019444
2 0.995703 0.683333 0.007031 0.002778
2 0.994922 0.685417 0.008594 0.001389
1 0.987109 0.768056 0.024219 0.147222
2 0.991797 0.710417 0.014844 0.004167
2 0.989062 0.743750 0.020313 0.043056
2 0.988672 0.795833 0.021094 0.050000
2 0.991016 0.715278 0.016406 0.005556
2 0.990234 0.718750 0.017969 0.004167
1 0.957812 0.726389 0.050000 0.127778
2 0.961328 0.692361 0.039844 0.034722
2 0.954297 0.704167 0.039844 0.038889
2 0.973828 0.750694 0.000781 0.040278
2 0.949609 0.679167 0.019531 0.002778
2 0.969531 0.695833 0.020313 0.033333
2 0.947266 0.682639 0.021094 0.004167
2 0.967187 0.695833 0.020313 0.027778
1 0.943359 0.763889 0.060156 0.150000
2 0.969531 0.778472 0.001563 0.040278
2 0.948047 0.725000 0.044531 0.041667
2 0.939453 0.739583 0.046094 0.045833
2 0.942578 0.789583 0.052344 0.054167
2 0.934766 0.709722 0.022656 0.005556
2 0.957031 0.730556 0.023438 0.041667
2 0.932031 0.713194 0.023438 0.004167
2 0.955078 0.733333 0.022656 0.038889
2 0.608984 0.981250 0.157031 0.034722
2 0.561328 0.935417 0.099219 0.095833
2 0.496484 0.913889 0.092969 0.077778
2 0.873828 0.715972 0.010156 0.040278
2 0.798828 0.723611 0.042969 0.036111
2 0.844141 0.724306 0.047656 0.034722
2 0.798828 0.691667 0.042969 0.036111
2 0.844141 0.695139 0.047656 0.040278
2 0.801172 0.658333 0.047656 0.041667
2 0.844922 0.662500 0.047656 0.041667
5 0.018750 0.806944 0.037500 0.027778
5 0.018750 0.821528 0.037500 0.020833
5 0.018750 0.831944 0.037500 0.019444
5 0.018750 0.841667 0.037500 0.019444
5 0.018750 0.863194 0.037500 0.020833
5 0.018750 0.853472 0.037500 0.018056
5 0.018750 0.884722 0.037500 0.019444
5 0.018750 0.873611 0.037500 0.019444
5 0.004687 0.727083 0.009375 0.012500
5 0.005078 0.734722 0.010156 0.011111
5 0.142187 0.852083 0.065625 0.026389
5 0.142187 0.863889 0.065625 0.027778
5 0.142187 0.886111 0.065625 0.027778
5 0.142187 0.875000 0.065625 0.027778
5 0.142578 0.907639 0.066406 0.029167
5 0.142578 0.896528 0.066406 0.029167
5 0.020313 0.735417 0.032813 0.012500
5 0.019922 0.741667 0.033594 0.013889
5 0.142187 0.842361 0.065625 0.026389
5 0.142187 0.831250 0.065625 0.026389
5 0.142187 0.766667 0.065625 0.022222
5 0.142187 0.777083 0.065625 0.023611
5 0.142187 0.800000 0.065625 0.025000
5 0.142187 0.788889 0.065625 0.025000
5 0.142187 0.821528 0.065625 0.026389
5 0.142187 0.810417 0.065625 0.023611
5 0.020313 0.728472 0.032813 0.012500
5 0.019922 0.721528 0.033594 0.015278
5 0.142187 0.756250 0.065625 0.023611
5 0.142187 0.743056 0.065625 0.025000