3 0.499609 0.854861 0.999219 0.287500
4 0.317578 0.863889 0.000781 0.002778
4 0.289453 0.890972 0.013281 0.090278
4 0.222656 0.959028 0.012500 0.079167
4 0.212500 0.993056 0.004687 0.011111
8 0.979297 0.900000 0.039844 0.050000
5 0.393750 0.703472 0.043750 0.009722
5 0.393750 0.703472 0.043750 0.009722
5 0.393750 0.703472 0.043750 0.009722
5 0.393359 0.691667 0.042969 0.013889
5 0.393359 0.691667 0.042969 0.013889
5 0.393359 0.691667 0.042969 0.013889
5 0.393750 0.712500 0.043750 0.011111
5 0.393750 0.712500 0.043750 0.011111
5 0.393750 0.712500 0.043750 0.011111
5 0.459766 0.711806 0.042969 0.012500
5 0.459766 0.711806 0.042969 0.012500
5 0.459766 0.711806 0.042969 0.012500
5 0.460156 0.702083 0.043750 0.012500
5 0.460156 0.702083 0.043750 0.012500
5 0.460156 0.702083 0.043750 0.012500
5 0.460156 0.692361 0.043750 0.012500
5 0.460156 0.692361 0.043750 0.012500
5 0.460156 0.692361 0.043750 0.012500
5 0.460156 0.681944 0.043750 0.013889
5 0.460156 0.681944 0.043750 0.013889
5 0.460156 0.681944 0.043750 0.013889
6 0.481250 0.769444 0.037500 0.080556
6 0.481641 0.733333 0.030469 0.069444
6 0.483203 0.695833 0.041406 0.086111
6 0.482812 0.747222 0.034375 0.072222
6 0.441406 0.845139 0.075000 0.112500
6 0.459375 0.881944 0.085938 0.138889
7 0.129688 0.962500 0.062500 0.055556
7 0.308594 0.808333 0.051562 0.022222
7 0.256641 0.891667 0.080469 0.027778
8 0.392188 0.964583 0.060937 0.068056
5 0.392969 0.950000 0.053125 0.041667
8 0.324609 0.938194 0.055469 0.012500
5 0.321484 0.939583 0.041406 0.018056
8 0.378125 0.847917 0.051562 0.051389
5 0.378516 0.830556 0.050781 0.019444
8 0.381641 0.831944 0.044531 0.027778
5 0.382812 0.813889 0.042188 0.013889
8 0.421094 0.795833 0.003125 0.000000
5 0.394141 0.800000 0.049219 0.011111
8 0.400781 0.793750 0.053125 0.023611
5 0.398047 0.788194 0.050781 0.012500
8 0.462109 0.809028 0.055469 0.026389
5 0.460938 0.800000 0.050000 0.011111
8 0.463672 0.795139 0.055469 0.023611
5 0.462891 0.788194 0.050781 0.012500
8 0.487109 0.829167 0.008594 0.041667
5 0.483594 0.814583 0.009375 0.015278
8 0.484375 0.849306 0.010937 0.051389
5 0.482422 0.831944 0.007031 0.019444
8 0.860156 0.747222 0.001563 0.002778
5 0.882812 0.748611 0.042188 0.008333
8 0.875000 0.742361 0.054688 0.012500
5 0.874609 0.740972 0.049219 0.012500
8 0.908203 0.772222 0.047656 0.022222
5 0.901563 0.759028 0.053125 0.012500
8 0.916797 0.781250 0.061719 0.034722
5 0.916406 0.770833 0.056250 0.013889
8 0.821484 0.751389 0.049219 0.030556
5 0.819531 0.740278 0.046875 0.011111
8 0.826172 0.763194 0.047656 0.037500
5 0.828516 0.750000 0.047656 0.011111
8 0.827344 0.772917 0.026562 0.037500
5 0.838672 0.759722 0.044531 0.011111
8 0.854688 0.784028 0.059375 0.040278
5 0.853906 0.769444 0.053125 0.011111
8 0.973828 0.847917 0.050781 0.056944
5 0.975391 0.830556 0.047656 0.025000
8 0.934375 0.847917 0.062500 0.056944
5 0.933203 0.830556 0.055469 0.025000
8 0.881250 0.851389 0.056250 0.050000
5 0.878906 0.830556 0.051562 0.025000
8 0.940625 0.798611 0.068750 0.025000
5 0.940234 0.791667 0.061719 0.016667
8 0.962891 0.811806 0.072656 0.026389
5 0.962500 0.805556 0.065625 0.016667
8 0.910937 0.826389 0.057813 0.052778
5 0.909766 0.809028 0.050781 0.020833
8 0.858984 0.825000 0.053906 0.052778
5 0.858594 0.807639 0.048438 0.020833
0 0.853125 0.873611 0.118750 0.250000
0 0.767578 0.779167 0.077344 0.225000
0 0.548047 0.675694 0.038281 0.134722
1 0.087500 0.684028 0.035937 0.098611
1 0.050781 0.690972 0.084375 0.101389
1 0.010937 0.686806 0.018750 0.093056
1 0.007422 0.692361 0.014844 0.101389
1 0.984375 0.700694 0.029687 0.101389
2 0.978516 0.709722 0.002344 0.000000
2 0.985938 0.663889 0.026562 0.005556
2 0.997656 0.686111 0.003125 0.030556
2 0.989844 0.727083 0.018750 0.034722
2 0.989844 0.666667 0.018750 0.005556
2 0.998437 0.663889 0.001563 0.000000
2 0.993359 0.682639 0.011719 0.031944
1 0.960938 0.708333 0.067187 0.116667
2 0.935547 0.719444 0.016406 0.033333
2 0.946875 0.677083 0.037500 0.031944
2 0.970313 0.687500 0.042188 0.033333
2 0.963281 0.727778 0.057813 0.041667
2 0.944531 0.680556 0.020313 0.033333
2 0.962500 0.665278 0.020313 0.002778
2 0.953516 0.683333 0.024219 0.033333
2 0.971484 0.668056 0.024219 0.002778
1 0.996875 0.731944 0.004687 0.113889
2 0.998828 0.753472 0.000781 0.034722
2 0.998828 0.705556 0.000781 0.033333
2 0.966406 0.962500 0.065625 0.072222
2 0.734375 0.708333 0.009375 0.038889
2 0.763281 0.720139 0.046875 0.040278
2 0.808984 0.720833 0.042969 0.025000
2 0.763281 0.693056 0.046875 0.030556
2 0.808984 0.690278 0.042969 0.036111
2 0.763281 0.656944 0.046875 0.038889
2 0.806250 0.656944 0.048438 0.038889
5 0.317188 0.956250 0.068750 0.043056
5 0.307031 0.972222 0.089063 0.044444
5 0.307031 0.981944 0.089063 0.033333
5 0.317188 0.988889 0.068750 0.019444
5 0.351172 0.996528 0.000781 0.004167
5 0.412500 0.981944 0.082812 0.033333
5 0.417578 0.989583 0.072656 0.018056
5 0.453906 0.997222 0.000000 0.002778
5 0.412500 0.972222 0.082812 0.041667
5 0.412500 0.955556 0.082812 0.044444
5 0.531641 0.984028 0.080469 0.029167
5 0.530859 0.988194 0.063281 0.020833
5 0.531641 0.973611 0.080469 0.038889
5 0.531641 0.958333 0.080469 0.036111
5 0.531641 0.865278 0.080469 0.033333
5 0.531641 0.880556 0.080469 0.036111
5 0.531641 0.913194 0.080469 0.037500
5 0.531641 0.896528 0.080469 0.037500
5 0.531641 0.943056 0.080469 0.038889
5 0.531641 0.928472 0.080469 0.034722
5 0.531641 0.850000 0.080469 0.036111
5 0.531641 0.834028 0.080469 0.034722