3 0.200781 0.939583 0.025000 0.118056
6 0.196094 0.838889 0.006250 0.033333
6 0.025391 0.784028 0.003906 0.006944
8 0.194141 0.865972 0.005469 0.026389
8 0.200781 0.854861 0.001563 0.004167
8 0.196484 0.868056 0.010156 0.030556
5 0.201953 0.840278 0.000781 0.005556
8 0.196875 0.859722 0.010937 0.030556
5 0.197266 0.834028 0.010156 0.018056
0 0.076563 0.709028 0.112500 0.156944
1 0.026953 0.777083 0.002344 0.004167
1 0.120313 0.499306 0.240625 0.998611
2 0.607422 0.499306 0.783594 0.998611
5 0.196875 0.856944 0.000000 0.000000
5 0.194922 0.854861 0.003906 0.004167