5 0.289844 0.995139 0.082812 0.006944
5 0.289844 0.995139 0.082812 0.006944
5 0.289844 0.995139 0.082812 0.006944
5 0.413281 0.995833 0.081250 0.005556
5 0.413281 0.995833 0.081250 0.005556
5 0.413281 0.995833 0.081250 0.005556
5 0.413672 0.983333 0.080469 0.019444
5 0.413672 0.983333 0.080469 0.019444
5 0.413672 0.983333 0.080469 0.019444
6 0.464062 0.978472 0.100000 0.040278
6 0.460547 0.983333 0.069531 0.030556
6 0.468359 0.875694 0.108594 0.206944
6 0.461328 0.983333 0.077344 0.030556
6 0.321875 0.995139 0.314063 0.006944
0 0.583984 0.903472 0.082031 0.190278
2 0.918750 0.995139 0.037500 0.006944
2 0.944141 0.997917 0.011719 0.001389
2 0.967187 0.968056 0.064062 0.061111
2 0.966016 0.907639 0.066406 0.062500