3 0.499609 0.845139 0.999219 0.306944
4 0.523438 0.790278 0.010937 0.072222
4 0.596484 0.825000 0.008594 0.083333
4 0.771875 0.875694 0.010937 0.098611
4 0.860156 0.905556 0.017188 0.108333
4 0.945703 0.939583 0.064844 0.118056
4 0.069141 0.853472 0.005469 0.081944
4 0.126953 0.898611 0.011719 0.080556
4 0.238281 0.988194 0.004687 0.020833
8 0.935156 0.933333 0.110937 0.088889
5 0.284375 0.717361 0.053125 0.012500
5 0.284375 0.717361 0.053125 0.012500
5 0.284375 0.717361 0.053125 0.012500
5 0.284375 0.706250 0.053125 0.015278
5 0.284375 0.706250 0.053125 0.015278
5 0.284375 0.706250 0.053125 0.015278
5 0.284375 0.726389 0.053125 0.011111
5 0.284375 0.726389 0.053125 0.011111
5 0.284375 0.726389 0.053125 0.011111
5 0.346484 0.720833 0.050781 0.011111
5 0.346484 0.720833 0.050781 0.011111
5 0.346484 0.720833 0.050781 0.011111
5 0.346484 0.711806 0.050781 0.012500
5 0.346484 0.711806 0.050781 0.012500
5 0.346484 0.711806 0.050781 0.012500
5 0.346484 0.702083 0.050781 0.012500
5 0.346484 0.702083 0.050781 0.012500
5 0.346484 0.702083 0.050781 0.012500
5 0.346484 0.690278 0.050781 0.013889
5 0.346484 0.690278 0.050781 0.013889
5 0.346484 0.690278 0.050781 0.013889
6 0.535156 0.729167 0.056250 0.052778
6 0.480859 0.725000 0.050781 0.072222
6 0.535937 0.675694 0.057813 0.076389
6 0.509766 0.725000 0.046094 0.063889
6 0.683984 0.778472 0.000781 0.084722
6 0.771094 0.790278 0.009375 0.077778
7 0.818359 0.992361 0.069531 0.012500
7 0.569531 0.898611 0.062500 0.044444
7 0.059375 0.919444 0.050000 0.022222
7 0.413672 0.791667 0.061719 0.022222
7 0.541406 0.845139 0.075000 0.029167
6 0.305078 0.927083 0.174219 0.143056
6 0.068359 0.945139 0.136719 0.106944
6 0.126562 0.837500 0.107813 0.175000
6 0.005078 0.853472 0.010156 0.162500
6 0.126172 0.952778 0.107031 0.091667
8 0.785937 0.863194 0.037500 0.048611
5 0.785547 0.840278 0.038281 0.025000
8 0.783203 0.877778 0.033594 0.052778
5 0.781641 0.852083 0.030469 0.023611
8 0.573438 0.804861 0.054688 0.043056
5 0.575000 0.785417 0.051562 0.018056
8 0.553516 0.795139 0.064844 0.040278
5 0.553516 0.777083 0.057031 0.018056
8 0.528516 0.787500 0.061719 0.038889
5 0.528906 0.770139 0.056250 0.015278
8 0.506250 0.778472 0.060937 0.037500
5 0.505859 0.761806 0.053906 0.015278
8 0.563281 0.780556 0.021875 0.038889
5 0.577734 0.763889 0.046094 0.013889
8 0.558594 0.759028 0.059375 0.009722
5 0.557813 0.756944 0.053125 0.013889
8 0.588281 0.787500 0.025000 0.038889
5 0.589844 0.770833 0.021875 0.013889
8 0.771875 0.709722 0.001563 0.005556
5 0.773438 0.704167 0.014063 0.005556
5 0.767969 0.700694 0.003125 0.001389
8 0.773438 0.718750 0.003125 0.020833
5 0.776172 0.707639 0.003906 0.001389
8 0.771484 0.730556 0.010156 0.011111
5 0.772266 0.710417 0.011719 0.004167
8 0.772266 0.731944 0.011719 0.025000
5 0.772656 0.718056 0.012500 0.008333
8 0.932813 0.754861 0.031250 0.015278
5 0.931250 0.734722 0.034375 0.005556
8 0.914453 0.755556 0.050781 0.036111
5 0.914844 0.740278 0.046875 0.013889
8 0.889062 0.758333 0.057813 0.036111
5 0.888281 0.744444 0.051562 0.013889
8 0.875000 0.726389 0.029687 0.011111
5 0.872656 0.721528 0.029687 0.009722
8 0.900000 0.740278 0.045312 0.027778
5 0.896875 0.727778 0.045312 0.011111
8 0.891016 0.747917 0.024219 0.029167
5 0.878516 0.731944 0.041406 0.011111
8 0.866406 0.750000 0.015625 0.027778
5 0.864453 0.736806 0.013281 0.009722
0 0.833203 0.709028 0.111719 0.165278
0 0.459766 0.671528 0.057031 0.120833
0 0.095703 0.890972 0.191406 0.215278
0 0.072656 0.877083 0.145313 0.243056
1 0.003125 0.722222 0.006250 0.111111
1 0.000000 0.765278 0.000000 0.008333
1 0.041406 0.886806 0.076563 0.215278
1 0.925391 0.653472 0.064844 0.062500
2 0.907422 0.638194 0.022656 0.015278
2 0.941406 0.640972 0.026562 0.015278
2 0.942187 0.679861 0.025000 0.009722
2 0.913281 0.639583 0.014063 0.015278
2 0.925391 0.631944 0.008594 0.000000
2 0.925391 0.640278 0.016406 0.013889
2 0.932813 0.631944 0.004687 0.000000
1 0.873047 0.660417 0.061719 0.070833
2 0.846875 0.677778 0.004687 0.022222
2 0.852344 0.645139 0.017188 0.023611
2 0.888672 0.641667 0.025781 0.011111
2 0.864062 0.683333 0.012500 0.000000
2 0.860547 0.640972 0.005469 0.012500
2 0.868750 0.634722 0.014063 0.000000
2 0.869531 0.641667 0.014063 0.011111
2 0.883203 0.636111 0.011719 0.000000
1 0.959375 0.668056 0.045312 0.072222
2 0.948828 0.689583 0.017969 0.026389
2 0.958594 0.676389 0.015625 0.000000
2 0.951172 0.654861 0.022656 0.026389
2 0.979688 0.659028 0.004687 0.026389
2 0.967578 0.690972 0.030469 0.026389
2 0.960156 0.656250 0.015625 0.026389
2 0.969922 0.643056 0.016406 0.000000
2 0.971484 0.657639 0.013281 0.026389
2 0.979688 0.644444 0.004687 0.000000
1 0.810547 0.665278 0.066406 0.072222
2 0.780859 0.672222 0.000781 0.000000
2 0.791797 0.638194 0.024219 0.001389
2 0.797656 0.673611 0.012500 0.002778
2 0.798047 0.639583 0.011719 0.001389
1 0.911328 0.683333 0.075781 0.094444
2 0.880078 0.684722 0.002344 0.000000
2 0.887500 0.647222 0.021875 0.002778
2 0.930078 0.664583 0.032031 0.029167
2 0.919141 0.700694 0.055469 0.031944
2 0.899609 0.649306 0.021094 0.001389
2 0.907813 0.647917 0.010937 0.001389
2 0.914453 0.650694 0.010156 0.001389
2 0.918750 0.648611 0.014063 0.000000
1 0.785156 0.665278 0.037500 0.069444
2 0.769141 0.673611 0.005469 0.000000
2 0.772656 0.672222 0.012500 0.000000
2 0.772656 0.639583 0.012500 0.001389
2 0.795703 0.654861 0.016406 0.026389
2 0.783984 0.686806 0.035156 0.026389
2 0.771094 0.652778 0.009375 0.025000
2 0.784375 0.640278 0.015625 0.000000
2 0.779297 0.654167 0.010156 0.025000
2 0.795312 0.641667 0.010937 0.000000
1 0.884766 0.684028 0.075781 0.093056
2 0.860156 0.699306 0.020313 0.029167
2 0.869922 0.684722 0.016406 0.000000
2 0.864844 0.662500 0.031250 0.027778
2 0.903125 0.665972 0.032813 0.029167
2 0.891016 0.702778 0.057031 0.033333
2 0.869922 0.663889 0.016406 0.027778
2 0.884766 0.650000 0.011719 0.000000
2 0.882812 0.665278 0.017188 0.027778
2 0.896875 0.650694 0.010937 0.001389
2 0.586719 0.695139 0.026562 0.031944
2 0.600781 0.698611 0.000000 0.025000
2 0.600781 0.672222 0.000000 0.025000
2 0.600781 0.645139 0.000000 0.026389
5 0.853125 0.829861 0.090625 0.031944
5 0.853125 0.845833 0.090625 0.027778
5 0.853125 0.858333 0.090625 0.027778
5 0.853125 0.871528 0.090625 0.029167
5 0.853125 0.898611 0.090625 0.030556
5 0.853125 0.885417 0.090625 0.029167
5 0.853125 0.924306 0.090625 0.031944
5 0.853125 0.910417 0.090625 0.031944
5 0.921094 0.846528 0.068750 0.023611
5 0.921484 0.859028 0.067969 0.026389
5 0.922266 0.886111 0.066406 0.025000
5 0.921094 0.873611 0.068750 0.025000
5 0.927344 0.911111 0.056250 0.025000
5 0.922656 0.899306 0.065625 0.023611
5 0.032422 0.886806 0.036719 0.031944
5 0.031641 0.892361 0.028906 0.012500
5 0.921094 0.834028 0.068750 0.026389
5 0.911328 0.818750 0.088281 0.029167
5 0.972656 0.834028 0.053125 0.023611
5 0.972266 0.845139 0.053906 0.026389
5 0.971875 0.870833 0.054688 0.025000
5 0.972266 0.858333 0.053906 0.025000
5 0.977734 0.895833 0.042969 0.025000
5 0.972266 0.882639 0.053906 0.023611
5 0.112891 0.877083 0.058594 0.018056
5 0.106250 0.883333 0.040625 0.008333
5 0.969922 0.822222 0.058594 0.025000
5 0.964063 0.809722 0.070312 0.025000
5 0.963672 0.738194 0.071094 0.020833
5 0.963672 0.750000 0.071094 0.022222
5 0.964063 0.775000 0.070312 0.022222
5 0.963672 0.762500 0.071094 0.022222
5 0.964063 0.798611 0.070312 0.025000
5 0.964063 0.786111 0.070312 0.022222
5 0.111719 0.867361 0.059375 0.026389
5 0.113281 0.854167 0.054688 0.027778
5 0.963672 0.727083 0.071094 0.020833
5 0.963672 0.713889 0.071094 0.022222