3 0.499609 0.833333 0.999219 0.330556
4 0.762891 0.943056 0.014844 0.105556
4 0.993750 0.972222 0.010937 0.052778
5 0.117578 0.810417 0.080469 0.031944
5 0.117578 0.810417 0.080469 0.031944
5 0.117578 0.810417 0.080469 0.031944
5 0.117578 0.795139 0.080469 0.034722
5 0.117578 0.795139 0.080469 0.034722
5 0.117578 0.795139 0.080469 0.034722
5 0.117578 0.825000 0.080469 0.030556
5 0.117578 0.825000 0.080469 0.030556
5 0.117578 0.825000 0.080469 0.030556
5 0.193750 0.801389 0.070312 0.027778
5 0.193750 0.801389 0.070312 0.027778
5 0.193750 0.801389 0.070312 0.027778
5 0.193750 0.788194 0.070312 0.029167
5 0.193750 0.788194 0.070312 0.029167
5 0.193750 0.788194 0.070312 0.029167
5 0.192578 0.774306 0.072656 0.029167
5 0.192578 0.774306 0.072656 0.029167
5 0.192578 0.774306 0.072656 0.029167
5 0.192578 0.759028 0.072656 0.029167
5 0.192578 0.759028 0.072656 0.029167
5 0.192578 0.759028 0.072656 0.029167
6 0.597266 0.829167 0.082031 0.097222
6 0.494922 0.812500 0.041406 0.100000
6 0.596484 0.743750 0.082031 0.109722
6 0.534766 0.818056 0.078906 0.111111
6 0.915234 0.905556 0.080469 0.147222
6 0.995313 0.909722 0.007812 0.119444
7 0.537891 0.952083 0.074219 0.054167
7 0.991406 0.711111 0.015625 0.016667
8 0.805469 0.940278 0.078125 0.083333
5 0.805859 0.918750 0.069531 0.040278
8 0.741016 0.925000 0.077344 0.077778
5 0.741406 0.903472 0.068750 0.037500
8 0.685937 0.914583 0.076563 0.076389
5 0.686328 0.893056 0.067969 0.036111
8 0.628516 0.904861 0.075781 0.065278
5 0.628906 0.880556 0.067187 0.033333
8 0.721484 0.886111 0.071094 0.066667
5 0.722266 0.868750 0.063281 0.031944
8 0.666406 0.876389 0.070312 0.052778
5 0.667188 0.856944 0.062500 0.030556
8 0.774219 0.895833 0.071875 0.069444
5 0.774609 0.877778 0.063281 0.033333
8 0.835938 0.911111 0.071875 0.075000
5 0.835938 0.890278 0.064062 0.036111
8 0.705859 0.738194 0.044531 0.031944
5 0.705859 0.726389 0.039844 0.013889
8 0.671094 0.734028 0.045312 0.031944
5 0.670703 0.721528 0.039844 0.015278
8 0.739062 0.743056 0.045312 0.033333
5 0.738672 0.729861 0.039844 0.015278
8 0.774609 0.750694 0.041406 0.031944
5 0.775781 0.734028 0.039062 0.015278
8 0.647266 0.745139 0.046094 0.034722
5 0.647266 0.731250 0.041406 0.015278
8 0.682813 0.750000 0.046875 0.036111
5 0.683203 0.735417 0.041406 0.015278
8 0.716797 0.754861 0.047656 0.037500
5 0.717187 0.739583 0.042188 0.015278
8 0.755469 0.760417 0.048438 0.037500
5 0.755469 0.745139 0.042188 0.015278
8 0.982812 0.778472 0.010937 0.037500
5 0.967969 0.760417 0.032813 0.012500
8 0.991406 0.769444 0.014063 0.036111
5 0.973047 0.752778 0.042969 0.016667
8 0.967578 0.787500 0.028906 0.038889
5 0.965234 0.770833 0.027344 0.016667
8 0.961719 0.797917 0.020313 0.040278
5 0.942969 0.781944 0.048438 0.016667
8 0.837891 0.756944 0.027344 0.038889
5 0.841797 0.744444 0.028906 0.016667
8 0.846875 0.784722 0.006250 0.033333
5 0.848437 0.768750 0.004687 0.009722
0 0.924219 0.750694 0.150000 0.198611
0 0.353516 0.720139 0.088281 0.168056
1 0.756250 0.645139 0.065625 0.073611
2 0.736328 0.621528 0.021094 0.009722
2 0.775781 0.632639 0.020313 0.026389
2 0.763672 0.663889 0.024219 0.027778
2 0.746094 0.623611 0.015625 0.008333
2 0.751172 0.618056 0.014844 0.000000
2 0.758594 0.631944 0.014063 0.025000
2 0.764844 0.618750 0.010937 0.001389
1 0.867188 0.654167 0.053125 0.080556
2 0.852344 0.629167 0.018750 0.011111
2 0.890625 0.638889 0.006250 0.025000
2 0.887891 0.677083 0.011719 0.023611
2 0.866016 0.630556 0.016406 0.008333
2 0.870313 0.625694 0.015625 0.001389
2 0.879687 0.638889 0.014063 0.022222
2 0.884375 0.625694 0.015625 0.001389
1 0.725391 0.661111 0.069531 0.091667
2 0.703516 0.631250 0.021094 0.012500
2 0.746484 0.642361 0.022656 0.029167
2 0.735938 0.677083 0.043750 0.031944
2 0.714453 0.633333 0.014844 0.011111
2 0.722266 0.627083 0.014844 0.001389
2 0.729688 0.642361 0.017188 0.026389
2 0.734766 0.627778 0.016406 0.000000
1 0.851562 0.669444 0.075000 0.091667
2 0.827344 0.639583 0.020313 0.012500
2 0.874609 0.651389 0.022656 0.030556
2 0.869531 0.688889 0.032813 0.033333
2 0.840625 0.641667 0.017188 0.011111
2 0.846094 0.635417 0.015625 0.001389
2 0.855859 0.651389 0.016406 0.027778
2 0.861719 0.636806 0.017188 0.001389
1 0.688672 0.672222 0.074219 0.094444
2 0.666406 0.638194 0.025000 0.004167
2 0.710938 0.654861 0.023438 0.031944
2 0.711328 0.692361 0.024219 0.031944
2 0.678125 0.640278 0.018750 0.002778
2 0.684375 0.637500 0.017188 0.002778
2 0.692578 0.641667 0.019531 0.002778
2 0.698047 0.638194 0.017969 0.001389
1 0.822266 0.686806 0.080469 0.104167
2 0.790234 0.647222 0.010156 0.005556
2 0.846484 0.665278 0.024219 0.033333
2 0.850000 0.706250 0.018750 0.034722
2 0.815234 0.650000 0.008594 0.002778
2 0.818359 0.647222 0.014844 0.002778
2 0.827344 0.651389 0.018750 0.002778
2 0.830859 0.648611 0.014844 0.002778
1 0.672266 0.677778 0.077344 0.094444
2 0.646094 0.695833 0.018750 0.030556
2 0.652734 0.679167 0.017969 0.002778
2 0.648828 0.656250 0.024219 0.031944
2 0.694531 0.660417 0.026562 0.031944
2 0.679688 0.697222 0.056250 0.036111
2 0.660547 0.658333 0.017969 0.030556
2 0.668359 0.642361 0.013281 0.001389
2 0.675391 0.659722 0.017969 0.030556
2 0.683594 0.643750 0.017188 0.001389
1 0.808984 0.688194 0.083594 0.098611
2 0.780859 0.709028 0.019531 0.031944
2 0.785937 0.691667 0.018750 0.002778
2 0.782813 0.667361 0.025000 0.034722
2 0.834375 0.671528 0.025000 0.034722
2 0.817969 0.712500 0.059375 0.038889
2 0.791406 0.669444 0.007812 0.030556
2 0.803125 0.652778 0.018750 0.000000
2 0.817187 0.671528 0.012500 0.031944
2 0.819922 0.654167 0.017969 0.002778
2 0.476953 0.722917 0.005469 0.040278
2 0.476953 0.697222 0.005469 0.008333
2 0.512891 0.731250 0.066406 0.040278
2 0.557813 0.722917 0.021875 0.037500
2 0.512891 0.697917 0.066406 0.037500
2 0.557813 0.691667 0.021875 0.036111
2 0.512891 0.662500 0.066406 0.041667
2 0.536719 0.656250 0.064062 0.040278