3 0.522656 0.822917 0.953125 0.351389
4 0.180078 0.780556 0.002344 0.022222
8 0.550391 0.998611 0.005469 0.000000
5 0.552344 0.700694 0.040625 0.015278
5 0.552344 0.700694 0.040625 0.015278
5 0.552344 0.700694 0.040625 0.015278
5 0.552344 0.692361 0.040625 0.018056
5 0.552344 0.692361 0.040625 0.018056
5 0.552344 0.692361 0.040625 0.018056
5 0.552344 0.710417 0.040625 0.015278
5 0.552344 0.710417 0.040625 0.015278
5 0.552344 0.710417 0.040625 0.015278
5 0.590625 0.718750 0.020313 0.015278
5 0.590625 0.718750 0.020313 0.015278
5 0.590625 0.718750 0.020313 0.015278
5 0.591406 0.709722 0.021875 0.016667
5 0.591406 0.709722 0.021875 0.016667
5 0.591406 0.709722 0.021875 0.016667
5 0.591406 0.700000 0.021875 0.013889
5 0.591406 0.700000 0.021875 0.013889
5 0.591406 0.700000 0.021875 0.013889
5 0.597266 0.688194 0.033594 0.015278
5 0.597266 0.688194 0.033594 0.015278
5 0.597266 0.688194 0.033594 0.015278
6 0.422266 0.777083 0.064844 0.090278
6 0.484375 0.745139 0.046875 0.073611
6 0.422656 0.702778 0.067187 0.091667
6 0.453906 0.761111 0.053125 0.091667
6 0.198828 0.841667 0.082031 0.119444
6 0.132031 0.874306 0.073438 0.129167
7 0.261328 0.786806 0.050781 0.023611
7 0.075000 0.851389 0.056250 0.033333
7 0.053516 0.668056 0.014844 0.011111
7 0.080469 0.662500 0.032813 0.011111
8 0.244531 0.827778 0.004687 0.022222
5 0.241016 0.818056 0.002344 0.008333
8 0.263672 0.823611 0.042969 0.038889
5 0.258203 0.806250 0.044531 0.023611
8 0.281641 0.802083 0.064844 0.018056
5 0.280859 0.794444 0.058594 0.022222
8 0.316406 0.796528 0.062500 0.029167
5 0.315625 0.784028 0.056250 0.020833
8 0.329688 0.827083 0.067187 0.045833
5 0.328516 0.806250 0.060156 0.023611
8 0.363672 0.814583 0.064844 0.043056
5 0.362891 0.794444 0.058594 0.022222
8 0.299609 0.838889 0.069531 0.047222
5 0.298438 0.818056 0.062500 0.025000
8 0.269141 0.854861 0.053906 0.048611
5 0.266016 0.831944 0.050781 0.027778
8 0.908203 0.859028 0.075781 0.062500
5 0.907422 0.840278 0.067969 0.025000
8 0.924609 0.848611 0.072656 0.050000
5 0.923438 0.827083 0.065625 0.026389
8 0.898438 0.879167 0.075000 0.052778
5 0.896094 0.855556 0.070312 0.030556
8 0.880469 0.897222 0.076563 0.055556
5 0.878125 0.872917 0.071875 0.031944
8 0.852734 0.834028 0.069531 0.045833
5 0.851562 0.813889 0.062500 0.025000
8 0.834375 0.836111 0.071875 0.025000
5 0.833594 0.825000 0.065625 0.022222
8 0.816406 0.857639 0.067187 0.040278
5 0.817969 0.839583 0.064062 0.026389
8 0.796094 0.873611 0.070312 0.041667
5 0.797266 0.855556 0.067969 0.030556
8 0.758203 0.974306 0.075781 0.048611
5 0.755469 0.960417 0.070312 0.048611
8 0.821875 0.977083 0.087500 0.043056
5 0.821875 0.976389 0.078125 0.044444
8 0.689063 0.970833 0.076563 0.055556
5 0.691406 0.945139 0.071875 0.045833
8 0.633203 0.954861 0.083594 0.073611
5 0.633203 0.927778 0.074219 0.041667
8 0.834375 0.925000 0.085938 0.075000
5 0.833203 0.904167 0.077344 0.036111
8 0.816016 0.936806 0.089844 0.056944
5 0.814844 0.927083 0.081250 0.040278
8 0.736328 0.934028 0.078906 0.056944
5 0.735938 0.915278 0.070312 0.038889
8 0.672266 0.919444 0.066406 0.044444
5 0.674609 0.899306 0.061719 0.037500
0 0.173047 0.897222 0.166406 0.202778
0 0.514453 0.840278 0.133594 0.269444
0 0.639453 0.693056 0.075781 0.150000
1 0.275781 0.651389 0.065625 0.088889
1 0.251563 0.656944 0.067187 0.091667
1 0.227734 0.640278 0.063281 0.075000
1 0.209766 0.650694 0.052344 0.087500
1 0.188672 0.636806 0.052344 0.068056
1 0.159375 0.646528 0.062500 0.081944
1 0.117578 0.625694 0.039844 0.070833
2 0.975781 0.775000 0.015625 0.055556
2 0.874219 0.785417 0.054688 0.048611
2 0.934766 0.792361 0.064844 0.056944
2 0.874219 0.745833 0.054688 0.047222
2 0.934766 0.751389 0.064844 0.052778
2 0.879297 0.701389 0.064844 0.055556
2 0.934766 0.709028 0.064844 0.056944