3 0.487500 0.877083 0.975000 0.243056
4 0.432031 0.787500 0.003125 0.077778
4 0.478906 0.813889 0.046875 0.102778
4 0.535937 0.829861 0.014063 0.112500
4 0.567187 0.849306 0.060937 0.129167
4 0.654687 0.875000 0.021875 0.144444
4 0.712500 0.906250 0.084375 0.173611
4 0.861719 0.925694 0.009375 0.145833
4 0.972266 0.936806 0.053906 0.123611
8 0.750391 0.914583 0.127344 0.104167
5 0.311719 0.752778 0.053125 0.011111
5 0.311719 0.752778 0.053125 0.011111
5 0.311719 0.752778 0.053125 0.011111
5 0.311719 0.741667 0.053125 0.011111
5 0.311719 0.741667 0.053125 0.011111
5 0.311719 0.741667 0.053125 0.011111
5 0.311719 0.763194 0.053125 0.009722
5 0.311719 0.763194 0.053125 0.009722
5 0.311719 0.763194 0.053125 0.009722
5 0.382031 0.761111 0.053125 0.011111
5 0.382031 0.761111 0.053125 0.011111
5 0.382031 0.761111 0.053125 0.011111
5 0.382031 0.751389 0.053125 0.011111
5 0.382031 0.751389 0.053125 0.011111
5 0.382031 0.751389 0.053125 0.011111
5 0.382422 0.740972 0.052344 0.009722
5 0.382422 0.740972 0.052344 0.009722
5 0.382422 0.740972 0.052344 0.009722
5 0.382422 0.729861 0.052344 0.009722
5 0.382422 0.729861 0.052344 0.009722
5 0.382422 0.729861 0.052344 0.009722
6 0.516406 0.742361 0.056250 0.048611
6 0.479297 0.740972 0.047656 0.054167
6 0.517578 0.686806 0.058594 0.081944
6 0.492969 0.740972 0.043750 0.051389
6 0.594141 0.787500 0.088281 0.111111
6 0.661328 0.790278 0.097656 0.108333
7 0.922656 0.942361 0.043750 0.045833
7 0.508203 0.973611 0.111719 0.050000
7 0.372656 0.877083 0.065625 0.043056
7 0.347656 0.802778 0.068750 0.019444
7 0.412891 0.840278 0.088281 0.025000
8 0.966406 0.975000 0.065625 0.047222
5 0.977734 0.965972 0.042969 0.045833
8 0.667969 0.840972 0.064062 0.037500
5 0.673047 0.830556 0.052344 0.022222
8 0.608594 0.861806 0.084375 0.070833
5 0.612109 0.833333 0.077344 0.025000
8 0.499219 0.809028 0.067187 0.045833
5 0.500781 0.790278 0.064062 0.013889
8 0.483203 0.803472 0.063281 0.045833
5 0.484766 0.784028 0.060156 0.012500
8 0.467969 0.797917 0.062500 0.043056
5 0.470313 0.779861 0.062500 0.012500
8 0.438281 0.793056 0.026562 0.041667
5 0.443359 0.775000 0.032031 0.011111
8 0.509766 0.793750 0.005469 0.037500
5 0.529687 0.775000 0.040625 0.005556
8 0.504297 0.775000 0.005469 0.002778
5 0.523828 0.772222 0.052344 0.008333
8 0.539453 0.808333 0.021094 0.022222
5 0.538281 0.779861 0.023438 0.006944
8 0.549609 0.813889 0.002344 0.025000
5 0.547266 0.784722 0.005469 0.005556
8 0.892578 0.755556 0.000781 0.000000
5 0.895703 0.754861 0.007031 0.001389
8 0.777344 0.761806 0.040625 0.029167
5 0.779687 0.748611 0.040625 0.008333
8 0.787891 0.763194 0.021094 0.026389
5 0.789453 0.751389 0.019531 0.008333
8 0.798828 0.759028 0.002344 0.015278
8 0.927734 0.788194 0.028906 0.034722
5 0.927734 0.772222 0.027344 0.005556
8 0.938281 0.788889 0.001563 0.000000
5 0.938281 0.757639 0.006250 0.001389
8 0.938672 0.786806 0.005469 0.004167
8 0.918359 0.784722 0.003906 0.000000
5 0.919922 0.772222 0.000781 0.000000
0 0.849609 0.722222 0.099219 0.191667
0 0.494531 0.702083 0.040625 0.129167
1 0.937500 0.717361 0.007812 0.076389
2 0.937500 0.698611 0.006250 0.022222
2 0.919141 0.737500 0.044531 0.030556
1 0.873437 0.706944 0.048438 0.069444
2 0.853906 0.697917 0.006250 0.023611
2 0.894922 0.698611 0.007031 0.022222
2 0.895312 0.731944 0.007812 0.019444
2 0.870313 0.704861 0.000000 0.001389
2 0.874219 0.706944 0.006250 0.005556
1 0.972656 0.718056 0.000000 0.000000
2 0.650781 0.745139 0.007812 0.029167
2 0.698438 0.750000 0.053125 0.033333
2 0.743750 0.750000 0.037500 0.030556
2 0.698047 0.718750 0.052344 0.031944
2 0.743750 0.718750 0.037500 0.031944
2 0.697656 0.688194 0.053125 0.031944
2 0.739062 0.687500 0.045312 0.030556
5 0.692969 0.792361 0.114062 0.026389
5 0.692969 0.810417 0.114062 0.026389
5 0.692969 0.826389 0.114062 0.027778
5 0.693359 0.844444 0.113281 0.027778
5 0.693750 0.879861 0.114062 0.031944
5 0.693750 0.861111 0.114062 0.030556
5 0.693750 0.914583 0.114062 0.031944
5 0.693750 0.896528 0.114062 0.031944
5 0.793750 0.821528 0.114062 0.026389
5 0.793750 0.838889 0.114062 0.027778
5 0.794141 0.872917 0.114844 0.029167
5 0.793750 0.856250 0.114062 0.029167
5 0.801562 0.904167 0.100000 0.027778
5 0.794531 0.886806 0.114062 0.026389
5 0.793750 0.805556 0.114062 0.025000
5 0.792969 0.787500 0.114062 0.025000
5 0.896484 0.815278 0.091406 0.025000
5 0.897266 0.832639 0.091406 0.026389
5 0.896875 0.865972 0.092188 0.029167
5 0.896094 0.849306 0.093750 0.026389
5 0.898047 0.897917 0.091406 0.031944
5 0.898047 0.881250 0.091406 0.029167
5 0.895312 0.802083 0.093750 0.023611
5 0.891016 0.784028 0.102344 0.023611
5 0.889453 0.689583 0.100781 0.015278
5 0.889844 0.705556 0.101562 0.016667
5 0.890234 0.739583 0.100781 0.018056
5 0.889844 0.722917 0.101562 0.018056
5 0.890625 0.770139 0.101562 0.020833
5 0.890625 0.753472 0.101562 0.020833
5 0.889453 0.674306 0.100781 0.015278
5 0.889062 0.657639 0.101562 0.015278