3 0.507812 0.872222 0.982812 0.252778
4 0.316406 0.833333 0.003125 0.077778
4 0.267188 0.889583 0.015625 0.104167
4 0.269922 0.935417 0.010156 0.120833
4 0.233984 0.952778 0.036719 0.091667
4 0.220312 0.985417 0.006250 0.026389
5 0.367578 0.740972 0.030469 0.009722
5 0.367578 0.740972 0.030469 0.009722
5 0.367578 0.740972 0.030469 0.009722
5 0.367969 0.727778 0.031250 0.013889
5 0.367969 0.727778 0.031250 0.013889
5 0.367969 0.727778 0.031250 0.013889
5 0.367578 0.750000 0.030469 0.008333
5 0.367578 0.750000 0.030469 0.008333
5 0.367578 0.750000 0.030469 0.008333
5 0.440625 0.747917 0.039062 0.012500
5 0.440625 0.747917 0.039062 0.012500
5 0.440625 0.747917 0.039062 0.012500
5 0.440625 0.738194 0.039062 0.012500
5 0.440625 0.738194 0.039062 0.012500
5 0.440625 0.738194 0.039062 0.012500
5 0.445312 0.727778 0.048438 0.013889
5 0.445312 0.727778 0.048438 0.013889
5 0.445312 0.727778 0.048438 0.013889
5 0.445312 0.716667 0.048438 0.013889
5 0.445312 0.716667 0.048438 0.013889
5 0.445312 0.716667 0.048438 0.013889
6 0.485547 0.782639 0.042969 0.087500
6 0.478906 0.758333 0.035937 0.075000
6 0.487500 0.706944 0.046875 0.091667
6 0.482031 0.766667 0.037500 0.077778
6 0.458594 0.851389 0.082812 0.125000
6 0.489453 0.877778 0.107031 0.141667
7 0.071875 0.996528 0.012500 0.004167
7 0.287891 0.830556 0.069531 0.022222
7 0.234766 0.906250 0.069531 0.031944
8 0.420312 0.964583 0.062500 0.068056
5 0.423047 0.947917 0.057031 0.043056
8 0.337500 0.956250 0.062500 0.051389
5 0.337109 0.946528 0.061719 0.034722
8 0.384375 0.861806 0.064062 0.054167
5 0.385156 0.841667 0.062500 0.019444
8 0.362891 0.845139 0.010156 0.048611
5 0.388281 0.825000 0.056250 0.011111
8 0.361328 0.818750 0.003906 0.015278
5 0.389062 0.814583 0.054688 0.009722
8 0.366406 0.804861 0.003125 0.006944
5 0.391797 0.803472 0.049219 0.009722
8 0.500781 0.813889 0.001563 0.008333
8 0.500000 0.808333 0.000000 0.000000
8 0.503906 0.829167 0.003125 0.016667
5 0.501172 0.823611 0.002344 0.008333
8 0.503906 0.859722 0.007812 0.052778
5 0.501953 0.842361 0.003906 0.015278
8 0.915625 0.782639 0.057813 0.034722
5 0.917969 0.769444 0.056250 0.011111
8 0.899219 0.775000 0.054688 0.033333
5 0.901172 0.762500 0.053906 0.011111
8 0.925391 0.790972 0.041406 0.037500
5 0.933984 0.777083 0.053906 0.012500
8 0.956641 0.797222 0.069531 0.033333
5 0.956250 0.785417 0.062500 0.012500
5 0.852344 0.759722 0.032813 0.005556
8 0.880859 0.800000 0.003906 0.000000
5 0.860547 0.766667 0.047656 0.005556
8 0.879297 0.795139 0.052344 0.034722
5 0.873828 0.777083 0.042969 0.012500
8 0.890625 0.801389 0.067187 0.041667
5 0.889844 0.785417 0.060937 0.012500
8 0.983203 0.852083 0.000781 0.012500
8 0.916797 0.834028 0.025781 0.018056
5 0.921875 0.833333 0.031250 0.019444
8 0.967187 0.804167 0.029687 0.013889
5 0.977344 0.802083 0.043750 0.015278
8 0.990625 0.812500 0.017188 0.008333
5 0.991016 0.811111 0.016406 0.011111
8 0.933594 0.812500 0.004687 0.008333
5 0.962891 0.811806 0.057031 0.009722
8 0.904687 0.829167 0.054688 0.041667
5 0.908594 0.817361 0.057813 0.020833
0 0.945312 0.849306 0.107813 0.298611
0 0.820312 0.778472 0.103125 0.240278
0 0.544141 0.703472 0.044531 0.143056
1 0.038281 0.716667 0.039062 0.105556
1 0.031250 0.722917 0.025000 0.109722
1 0.996484 0.675694 0.005469 0.012500
2 0.998047 0.682639 0.002344 0.001389
1 0.978125 0.727778 0.042188 0.116667
2 0.957812 0.745833 0.001563 0.030556
2 0.972266 0.691667 0.032031 0.019444
2 0.987891 0.703472 0.022656 0.031944
2 0.979297 0.750694 0.039844 0.040278
2 0.971094 0.696528 0.025000 0.026389
2 0.986328 0.684028 0.017969 0.001389
2 0.980859 0.693750 0.019531 0.015278
2 0.995313 0.686111 0.007812 0.000000
2 0.740234 0.741667 0.013281 0.038889
2 0.772266 0.750000 0.050781 0.041667
2 0.837891 0.747222 0.007031 0.016667
2 0.773438 0.715972 0.053125 0.040278
2 0.820703 0.713889 0.041406 0.030556
2 0.773438 0.682639 0.053125 0.037500
2 0.818750 0.682639 0.054688 0.037500
5 0.339453 0.939583 0.086719 0.045833
5 0.339453 0.959722 0.086719 0.047222
5 0.339062 0.975694 0.087500 0.045833
5 0.339062 0.984722 0.087500 0.027778
5 0.342578 0.994444 0.080469 0.008333
5 0.461719 0.977083 0.098437 0.043056
5 0.466797 0.985417 0.088281 0.026389
5 0.460938 0.995139 0.075000 0.006944
5 0.461719 0.959028 0.098437 0.045833
5 0.461719 0.938194 0.098437 0.045833
5 0.603906 0.972917 0.106250 0.045833
5 0.603906 0.983333 0.106250 0.030556
5 0.592578 0.993056 0.083594 0.011111
5 0.603516 0.955556 0.105469 0.044444
5 0.603516 0.936806 0.105469 0.043056
5 0.603516 0.825000 0.105469 0.036111
5 0.603516 0.843750 0.105469 0.037500
5 0.603516 0.882639 0.105469 0.040278
5 0.603516 0.863194 0.105469 0.040278
5 0.603516 0.918750 0.105469 0.043056
5 0.603516 0.900694 0.105469 0.040278
5 0.603516 0.808333 0.105469 0.033333
5 0.603516 0.788194 0.105469 0.034722