3 0.499609 0.869444 0.999219 0.258333
4 0.355469 0.804861 0.006250 0.079167
4 0.344922 0.843750 0.033594 0.101389
4 0.359375 0.868056 0.007812 0.102778
4 0.347266 0.902083 0.036719 0.129167
4 0.365234 0.936806 0.005469 0.123611
4 0.347656 0.954167 0.048438 0.088889
4 0.373437 0.990278 0.007812 0.016667
8 0.433984 0.968056 0.088281 0.061111
5 0.358984 0.736806 0.047656 0.012500
5 0.358984 0.736806 0.047656 0.012500
5 0.358984 0.736806 0.047656 0.012500
5 0.358984 0.726389 0.047656 0.011111
5 0.358984 0.726389 0.047656 0.011111
5 0.358984 0.726389 0.047656 0.011111
5 0.358984 0.746528 0.047656 0.012500
5 0.358984 0.746528 0.047656 0.012500
5 0.358984 0.746528 0.047656 0.012500
5 0.422656 0.747222 0.026562 0.008333
5 0.422656 0.747222 0.026562 0.008333
5 0.422656 0.747222 0.026562 0.008333
5 0.422656 0.736806 0.026562 0.009722
5 0.422656 0.736806 0.026562 0.009722
5 0.422656 0.736806 0.026562 0.009722
5 0.422656 0.727083 0.026562 0.009722
5 0.422656 0.727083 0.026562 0.009722
5 0.422656 0.727083 0.026562 0.009722
5 0.422656 0.715278 0.026562 0.011111
5 0.422656 0.715278 0.026562 0.011111
5 0.422656 0.715278 0.026562 0.011111
6 0.498437 0.742361 0.039062 0.034722
6 0.478516 0.741667 0.036719 0.063889
6 0.500000 0.690972 0.042188 0.081944
6 0.482031 0.737500 0.031250 0.044444
6 0.499219 0.804861 0.075000 0.101389
6 0.539844 0.822222 0.098437 0.111111
7 0.200000 0.912500 0.053125 0.047222
7 0.312891 0.806944 0.063281 0.019444
7 0.304688 0.861806 0.082812 0.026389
8 0.516406 0.900000 0.039062 0.030556
5 0.497266 0.878472 0.000781 0.029167
8 0.416797 0.906250 0.049219 0.076389
5 0.419141 0.879861 0.044531 0.029167
8 0.426563 0.826389 0.065625 0.050000
5 0.425000 0.806944 0.057813 0.016667
8 0.425000 0.795833 0.062500 0.008333
5 0.415234 0.794444 0.039844 0.008333
8 0.400391 0.805556 0.021094 0.038889
5 0.413281 0.789583 0.043750 0.012500
8 0.390625 0.781250 0.001563 0.006944
5 0.413281 0.779167 0.043750 0.005556
8 0.460938 0.786111 0.000000 0.002778
8 0.459375 0.788194 0.003125 0.023611
5 0.460156 0.778472 0.001563 0.006944
8 0.876953 0.762500 0.042969 0.027778
5 0.883984 0.751389 0.052344 0.008333
8 0.869922 0.761806 0.038281 0.029167
5 0.870313 0.746528 0.043750 0.009722
8 0.893359 0.763889 0.039844 0.022222
5 0.902344 0.756250 0.053125 0.009722
8 0.923438 0.769444 0.062500 0.022222
5 0.923047 0.761806 0.057031 0.009722
8 0.853125 0.776389 0.001563 0.000000
5 0.851953 0.750000 0.005469 0.002778
8 0.862109 0.774306 0.019531 0.020833
5 0.861328 0.754167 0.024219 0.005556
8 0.873047 0.776389 0.046094 0.027778
5 0.871094 0.762500 0.042188 0.011111
5 0.992188 0.787500 0.004687 0.002778
8 0.901953 0.809028 0.025781 0.040278
5 0.904297 0.795139 0.024219 0.015278
8 0.936328 0.772917 0.024219 0.006944
5 0.957812 0.772222 0.062500 0.008333
8 0.951953 0.776389 0.002344 0.000000
5 0.974219 0.779167 0.040625 0.011111
8 0.909766 0.779167 0.002344 0.002778
5 0.929688 0.779167 0.035937 0.005556
8 0.887891 0.801389 0.053906 0.044444
5 0.889844 0.784028 0.053125 0.015278
0 0.956250 0.802778 0.085938 0.302778
0 0.819531 0.743750 0.103125 0.209722
0 0.525781 0.686806 0.020313 0.112500
1 0.025781 0.715278 0.051562 0.102778
1 0.020703 0.718750 0.041406 0.106944
1 0.969141 0.718750 0.047656 0.101389
2 0.953906 0.716667 0.010937 0.002778
2 0.973828 0.715278 0.014844 0.000000
2 0.955078 0.675000 0.013281 0.000000
2 0.985938 0.693056 0.014063 0.030556
2 0.975781 0.734722 0.035937 0.036111
2 0.967187 0.675694 0.010937 0.001389
2 0.977734 0.675000 0.008594 0.000000
2 0.974219 0.691667 0.015625 0.030556
2 0.992578 0.676389 0.000781 0.000000
1 0.941016 0.714583 0.075781 0.101389
2 0.911328 0.731944 0.008594 0.030556
2 0.941797 0.716667 0.005469 0.000000
2 0.925781 0.690278 0.039062 0.030556
2 0.957031 0.693750 0.035937 0.031944
2 0.945703 0.735417 0.060156 0.037500
2 0.915234 0.690972 0.000781 0.029167
2 0.933203 0.691667 0.011719 0.030556
2 0.947266 0.676389 0.014844 0.000000
1 0.991797 0.722222 0.003906 0.100000
2 0.993359 0.736806 0.000781 0.009722
2 0.992969 0.714583 0.000000 0.006944
2 0.755469 0.743750 0.026562 0.031944
2 0.774609 0.726389 0.000781 0.000000
2 0.755469 0.711111 0.026562 0.030556
2 0.771875 0.709028 0.006250 0.031944
2 0.755078 0.677778 0.027344 0.033333
2 0.766406 0.677083 0.017188 0.031944
5 0.450000 0.855556 0.092188 0.033333
5 0.450000 0.873611 0.092188 0.036111
5 0.450000 0.888889 0.092188 0.036111
5 0.450000 0.906250 0.092188 0.037500
5 0.450000 0.942361 0.092188 0.040278
5 0.450000 0.924306 0.092188 0.040278
5 0.450391 0.977083 0.091406 0.037500
5 0.450000 0.959028 0.092188 0.037500
5 0.563672 0.886111 0.096094 0.033333
5 0.563672 0.902083 0.096094 0.034722
5 0.563672 0.937500 0.096094 0.038889
5 0.563672 0.920139 0.096094 0.037500
5 0.563672 0.970833 0.096094 0.041667
5 0.563672 0.954167 0.096094 0.038889
5 0.563672 0.871528 0.096094 0.031944
5 0.563672 0.852778 0.096094 0.033333
5 0.662500 0.881944 0.056250 0.033333
5 0.662500 0.899306 0.056250 0.034722
5 0.662500 0.934722 0.056250 0.036111
5 0.662500 0.916667 0.056250 0.036111
5 0.662500 0.966667 0.056250 0.038889
5 0.662500 0.949306 0.056250 0.037500
5 0.662500 0.867361 0.056250 0.031944
5 0.661719 0.850000 0.056250 0.030556
5 0.661719 0.751389 0.056250 0.025000
5 0.661719 0.768056 0.056250 0.025000
5 0.661719 0.802778 0.056250 0.027778
5 0.661719 0.785417 0.056250 0.026389
5 0.661719 0.835417 0.056250 0.029167
5 0.661719 0.818056 0.056250 0.027778
5 0.661719 0.736806 0.056250 0.023611
5 0.661719 0.719444 0.056250 0.022222