3 0.325391 0.840278 0.650781 0.316667
4 0.182031 0.677778 0.009375 0.013889
4 0.008203 0.704861 0.002344 0.054167
4 0.001953 0.688889 0.003906 0.044444
8 0.015625 0.719444 0.031250 0.027778
6 0.443750 0.666667 0.045312 0.019444
6 0.473438 0.694444 0.000000 0.027778
6 0.444531 0.633333 0.046875 0.055556
6 0.460547 0.683333 0.025781 0.055556
6 0.248828 0.671528 0.025781 0.020833
7 0.020703 0.743056 0.041406 0.019444
7 0.168359 0.790972 0.019531 0.026389
7 0.021484 0.806944 0.042969 0.033333
7 0.038672 0.701389 0.010156 0.008333
7 0.173828 0.682639 0.017969 0.006944
8 0.171875 0.719444 0.014063 0.025000
5 0.171875 0.704861 0.014063 0.006944
8 0.472266 0.743056 0.000781 0.019444
0 0.633203 0.711111 0.035156 0.388889
0 0.305469 0.629861 0.085938 0.104167
0 0.496484 0.639583 0.021094 0.104167
0 0.621484 0.645833 0.002344 0.072222
1 0.328906 0.652778 0.051562 0.050000
1 0.322266 0.642361 0.028906 0.029167
1 0.308984 0.643056 0.013281 0.030556
1 0.247266 0.654861 0.000781 0.054167
1 0.238281 0.655556 0.015625 0.055556
1 0.228906 0.655556 0.034375 0.055556
1 0.205469 0.656250 0.046875 0.056944
1 0.001563 0.668056 0.003125 0.083333
2 0.561719 0.811111 0.153125 0.086111
2 0.561719 0.733333 0.153125 0.083333
2 0.626563 0.687500 0.021875 0.008333
2 0.412891 0.709028 0.117969 0.065278
2 0.310547 0.718056 0.130469 0.075000
2 0.346875 0.786806 0.056250 0.073611
2 0.448828 0.770833 0.044531 0.063889
2 0.364453 0.713889 0.124219 0.069444
2 0.248828 0.723611 0.139844 0.080556
2 0.248828 0.795833 0.139844 0.080556
2 0.400781 0.778472 0.050000 0.068056
2 0.472656 0.736111 0.001563 0.047222
5 0.042578 0.677083 0.003906 0.006944
5 0.042578 0.685417 0.003906 0.006944
5 0.042188 0.693056 0.003125 0.005556
5 0.042188 0.702083 0.003125 0.006944
5 0.041797 0.718750 0.003906 0.006944
5 0.042188 0.710417 0.003125 0.006944
5 0.041797 0.734028 0.003906 0.006944
5 0.041797 0.725694 0.003906 0.006944
5 0.038672 0.695139 0.002344 0.001389
5 0.166016 0.697222 0.011719 0.008333
5 0.165625 0.705556 0.012500 0.008333
5 0.165625 0.723611 0.012500 0.008333
5 0.165625 0.715278 0.012500 0.008333
5 0.165625 0.740278 0.012500 0.008333
5 0.165625 0.731250 0.012500 0.009722
5 0.166406 0.688194 0.012500 0.006944
5 0.166406 0.679861 0.012500 0.006944
5 0.166797 0.628472 0.011719 0.006944
5 0.166406 0.638194 0.012500 0.006944
5 0.166406 0.654861 0.012500 0.006944
5 0.166406 0.646528 0.012500 0.006944
5 0.166406 0.671528 0.012500 0.006944
5 0.166406 0.663194 0.012500 0.006944
5 0.166797 0.620833 0.011719 0.005556
5 0.167187 0.612500 0.012500 0.008333