3 0.499609 0.945139 0.999219 0.106944
5 0.319531 0.878472 0.079687 0.029167
5 0.319531 0.878472 0.079687 0.029167
5 0.319531 0.878472 0.079687 0.029167
5 0.319922 0.861806 0.078906 0.029167
5 0.319922 0.861806 0.078906 0.029167
5 0.319922 0.861806 0.078906 0.029167
5 0.319531 0.894444 0.079687 0.027778
5 0.319531 0.894444 0.079687 0.027778
5 0.319531 0.894444 0.079687 0.027778
5 0.436328 0.895139 0.075781 0.026389
5 0.436328 0.895139 0.075781 0.026389
5 0.436328 0.895139 0.075781 0.026389
5 0.436328 0.879167 0.075781 0.027778
5 0.436328 0.879167 0.075781 0.027778
5 0.436328 0.879167 0.075781 0.027778
5 0.436328 0.861111 0.075781 0.027778
5 0.436328 0.861111 0.075781 0.027778
5 0.436328 0.861111 0.075781 0.027778
5 0.436328 0.843056 0.075781 0.027778
5 0.436328 0.843056 0.075781 0.027778
5 0.436328 0.843056 0.075781 0.027778
6 0.498437 0.995139 0.000000 0.006944
6 0.456641 0.948611 0.067969 0.066667
6 0.455469 0.917361 0.101562 0.162500
6 0.458984 0.973611 0.080469 0.050000
0 0.592578 0.850694 0.074219 0.262500
2 0.921875 0.899306 0.032813 0.079167
2 0.969141 0.929861 0.060156 0.090278
2 0.968750 0.870833 0.060937 0.083333
2 0.968750 0.813194 0.060937 0.079167