3 0.499609 0.756944 0.999219 0.483333
7 0.923828 0.688889 0.069531 0.025000
7 0.874609 0.702778 0.041406 0.025000
7 0.981250 0.656250 0.035937 0.020833
7 0.966406 0.672222 0.065625 0.027778
7 0.756250 0.563194 0.004687 0.009722
7 0.368750 0.647222 0.050000 0.025000
7 0.417578 0.635417 0.049219 0.023611
7 0.457422 0.618056 0.007031 0.011111
7 0.239453 0.675694 0.052344 0.029167
7 0.297656 0.662500 0.051562 0.025000
7 0.136719 0.695833 0.020313 0.027778
7 0.085156 0.713194 0.048438 0.031944
6 0.985156 0.581250 0.028125 0.070833
8 0.029297 0.955556 0.058594 0.083333
5 0.026953 0.946528 0.053906 0.065278
8 0.093750 0.935417 0.104688 0.095833
5 0.095312 0.918056 0.092188 0.063889
8 0.044922 0.979861 0.089844 0.037500
5 0.051562 0.979861 0.101562 0.037500
8 0.144531 0.964583 0.114062 0.068056
5 0.146094 0.964583 0.101562 0.068056
8 0.411328 0.840972 0.097656 0.081944
5 0.410938 0.821528 0.087500 0.043056
8 0.371094 0.818056 0.093750 0.075000
5 0.370312 0.799306 0.084375 0.040278
8 0.433984 0.874306 0.061719 0.070833
5 0.436328 0.840972 0.057031 0.045833
8 0.457031 0.890278 0.015625 0.052778
5 0.459766 0.870139 0.010156 0.020833
8 0.235937 0.899306 0.103125 0.101389
5 0.237500 0.874306 0.092188 0.054167
8 0.300391 0.880556 0.099219 0.080556
5 0.301953 0.848611 0.088281 0.050000
8 0.368750 0.895833 0.107813 0.100000
5 0.368359 0.871528 0.097656 0.051389
8 0.411719 0.926389 0.106250 0.108333
5 0.414453 0.900694 0.100781 0.056944
8 0.776953 0.705556 0.049219 0.055556
5 0.775391 0.690278 0.046094 0.025000
8 0.761328 0.712500 0.017969 0.022222
5 0.760156 0.704167 0.015625 0.016667
8 0.833984 0.726389 0.077344 0.061111
5 0.835547 0.708333 0.069531 0.027778
8 0.802734 0.729861 0.078906 0.029167
5 0.803906 0.720139 0.071875 0.029167
8 0.997656 0.582639 0.003125 0.015278
0 0.819922 0.505556 0.080469 0.108333
0 0.956250 0.470139 0.034375 0.081944
0 0.935937 0.721528 0.126562 0.262500
0 0.850781 0.500000 0.075000 0.105556
1 0.998047 0.518750 0.002344 0.076389
2 0.999219 0.536806 0.000000 0.012500
1 0.979688 0.514583 0.034375 0.081944
2 0.986328 0.529861 0.017969 0.023611
2 0.972266 0.528472 0.014844 0.023611
2 0.980859 0.497222 0.030469 0.025000
2 0.991016 0.482639 0.013281 0.001389
2 0.987500 0.527083 0.023438 0.026389
2 0.992578 0.496528 0.010156 0.023611
2 0.982422 0.484722 0.008594 0.000000
2 0.996484 0.484028 0.002344 0.001389
2 0.988281 0.483333 0.012500 0.000000
1 0.955859 0.511111 0.052344 0.080556
2 0.956641 0.525694 0.010156 0.023611
2 0.940625 0.524306 0.003125 0.023611
2 0.950391 0.494444 0.022656 0.025000
2 0.966016 0.480556 0.027344 0.002778
2 0.958594 0.522917 0.037500 0.026389
2 0.960547 0.493750 0.014844 0.023611
2 0.952344 0.481944 0.000000 0.000000
2 0.967578 0.481944 0.013281 0.002778
2 0.956250 0.480556 0.007812 0.000000
1 0.988672 0.472917 0.021094 0.012500
2 0.989844 0.477778 0.018750 0.008333
2 0.998437 0.470833 0.001563 0.000000
2 0.998437 0.473611 0.001563 0.000000
2 0.992578 0.472917 0.008594 0.001389
1 0.864844 0.498611 0.043750 0.066667
2 0.862500 0.525000 0.000000 0.000000
2 0.853125 0.484722 0.020313 0.022222
2 0.873437 0.481944 0.021875 0.022222
2 0.876172 0.511806 0.016406 0.023611
2 0.867578 0.484028 0.010156 0.020833
2 0.873437 0.483333 0.010937 0.022222
2 0.862891 0.472222 0.000781 0.000000
1 0.907422 0.490972 0.046094 0.070833
2 0.904687 0.504167 0.015625 0.019444
2 0.893750 0.503472 0.014063 0.020833
2 0.899609 0.476389 0.025781 0.022222
2 0.918750 0.473611 0.018750 0.019444
2 0.911719 0.502083 0.032813 0.023611
2 0.913672 0.475694 0.008594 0.020833
2 0.900781 0.465278 0.010937 0.000000
2 0.916797 0.475000 0.013281 0.019444
2 0.903516 0.463889 0.007031 0.000000
1 0.037891 0.679167 0.032031 0.038889
2 0.023828 0.693056 0.047656 0.025000
2 0.007422 0.702083 0.014844 0.015278
2 0.001172 0.693056 0.002344 0.000000
1 0.046484 0.784028 0.092969 0.215278
2 0.053906 0.739583 0.060937 0.081944
2 0.042969 0.831944 0.085938 0.088889
2 0.007422 0.756944 0.014844 0.069444
2 0.000781 0.720833 0.001563 0.000000
2 0.026953 0.752083 0.047656 0.076389
2 0.017578 0.713194 0.035156 0.015278
2 0.769141 0.640278 0.033594 0.058333
2 0.793750 0.619444 0.073438 0.058333
2 0.821875 0.667361 0.017188 0.043056
2 0.768750 0.684028 0.032813 0.045833
2 0.783594 0.627778 0.060937 0.061111
2 0.824609 0.611806 0.082031 0.056944
2 0.852734 0.656250 0.024219 0.045833
2 0.799609 0.672917 0.027344 0.043056
2 0.763281 0.732639 0.021875 0.020833
2 0.794531 0.779167 0.085938 0.094444