3 0.496875 0.920139 0.993750 0.156944
4 0.048438 0.862500 0.007812 0.088889
8 0.001953 0.840972 0.003906 0.015278
6 0.009766 0.819444 0.019531 0.041667
6 0.014453 0.819444 0.014844 0.041667
5 0.675781 0.858333 0.018750 0.013889
5 0.675781 0.858333 0.018750 0.013889
5 0.675781 0.858333 0.018750 0.013889
5 0.675000 0.844444 0.018750 0.013889
5 0.675000 0.844444 0.018750 0.013889
5 0.675000 0.844444 0.018750 0.013889
5 0.676953 0.871528 0.021094 0.012500
5 0.676953 0.871528 0.021094 0.012500
5 0.676953 0.871528 0.021094 0.012500
5 0.805859 0.877778 0.003906 0.011111
5 0.805859 0.877778 0.003906 0.011111
5 0.805859 0.877778 0.003906 0.011111
5 0.803125 0.863889 0.009375 0.013889
5 0.803125 0.863889 0.009375 0.013889
5 0.803125 0.863889 0.009375 0.013889
5 0.799609 0.848611 0.014844 0.013889
5 0.799609 0.848611 0.014844 0.013889
5 0.799609 0.848611 0.014844 0.013889
5 0.799219 0.833333 0.015625 0.013889
5 0.799219 0.833333 0.015625 0.013889
5 0.799219 0.833333 0.015625 0.013889
6 0.359766 0.856250 0.092969 0.112500
6 0.497266 0.852083 0.086719 0.104167
6 0.360156 0.753472 0.093750 0.112500
6 0.431641 0.852778 0.089844 0.105556
6 0.000781 0.816667 0.001563 0.033333
7 0.177344 0.845139 0.004687 0.009722
8 0.046094 0.890278 0.064062 0.052778
5 0.045703 0.866667 0.058594 0.013889
8 0.097656 0.887500 0.031250 0.052778
5 0.099609 0.863889 0.028906 0.011111
5 0.175781 0.858333 0.003125 0.002778
5 0.175391 0.863889 0.002344 0.005556
8 0.106250 0.890278 0.015625 0.047222
5 0.107813 0.869444 0.012500 0.013889
8 0.061328 0.897222 0.071094 0.058333
5 0.060547 0.872222 0.063281 0.016667
8 0.951562 0.947917 0.082812 0.076389
5 0.947266 0.908333 0.086719 0.027778
8 0.985938 0.956944 0.012500 0.030556
5 0.981641 0.893750 0.016406 0.004167
8 0.920703 0.954861 0.142969 0.087500
5 0.915625 0.913889 0.143750 0.030556
8 0.844922 0.957639 0.147656 0.081944
5 0.839063 0.919444 0.137500 0.033333
8 0.932422 0.953472 0.092969 0.023611
5 0.928125 0.888194 0.118750 0.012500
8 0.861719 0.936111 0.121875 0.075000
5 0.862500 0.893750 0.120313 0.018056
8 0.828906 0.945139 0.076563 0.062500
5 0.818359 0.896528 0.096094 0.015278
8 0.729688 0.941667 0.139063 0.086111
5 0.728125 0.905556 0.125000 0.025000
8 0.337500 0.969444 0.190625 0.058333
5 0.340234 0.947917 0.174219 0.043056
8 0.396875 0.977778 0.218750 0.041667
5 0.397656 0.967361 0.196875 0.051389
8 0.250391 0.963194 0.097656 0.070833
5 0.290625 0.935417 0.159375 0.037500
8 0.233984 0.957639 0.122656 0.081944
5 0.252734 0.922917 0.144531 0.031944
8 0.662109 0.959722 0.169531 0.077778
5 0.659375 0.929861 0.151562 0.037500
8 0.561328 0.963194 0.175781 0.070833
5 0.558594 0.938194 0.156250 0.040278
8 0.451562 0.959028 0.164062 0.079167
5 0.453516 0.924306 0.149219 0.031944
8 0.380859 0.936806 0.107031 0.056944
5 0.403906 0.913194 0.135937 0.026389
0 0.164453 0.797222 0.302344 0.377778
0 0.743359 0.790972 0.119531 0.201389
1 0.425781 0.813194 0.064062 0.098611
1 0.390625 0.813194 0.067187 0.098611
1 0.387500 0.811111 0.062500 0.091667
1 0.354297 0.812500 0.061719 0.094444
1 0.353125 0.812500 0.054688 0.086111
1 0.330078 0.812500 0.042969 0.088889
1 0.338281 0.809722 0.059375 0.075000
1 0.049609 0.815278 0.097656 0.113889
1 0.043750 0.814583 0.087500 0.109722
1 0.990625 0.825694 0.017188 0.345833
2 0.997656 0.741667 0.003125 0.083333