3 0.499609 0.872917 0.999219 0.251389
4 0.147656 0.786806 0.003125 0.068056
8 0.056641 0.748611 0.017969 0.016667
5 0.003906 0.738194 0.003125 0.004167
5 0.003906 0.738194 0.003125 0.004167
5 0.003906 0.738194 0.003125 0.004167
5 0.003906 0.731250 0.003125 0.006944
5 0.003906 0.731250 0.003125 0.006944
5 0.003906 0.731250 0.003125 0.006944
5 0.003516 0.743750 0.003906 0.004167
5 0.003516 0.743750 0.003906 0.004167
5 0.003516 0.743750 0.003906 0.004167
6 0.057031 0.727083 0.018750 0.037500
6 0.085156 0.727778 0.003125 0.027778
6 0.041797 0.702083 0.032031 0.037500
6 0.041406 0.727083 0.032813 0.037500
8 0.067969 0.912500 0.110937 0.108333
5 0.746875 0.793750 0.015625 0.009722
5 0.746875 0.793750 0.015625 0.009722
5 0.746875 0.793750 0.015625 0.009722
5 0.746875 0.782639 0.015625 0.012500
5 0.746875 0.782639 0.015625 0.012500
5 0.746875 0.782639 0.015625 0.012500
5 0.744141 0.770139 0.021094 0.012500
5 0.744141 0.770139 0.021094 0.012500
5 0.744141 0.770139 0.021094 0.012500
5 0.744141 0.757639 0.021094 0.012500
5 0.744141 0.757639 0.021094 0.012500
5 0.744141 0.757639 0.021094 0.012500
6 0.390625 0.783333 0.070312 0.088889
6 0.498047 0.777083 0.067969 0.084722
6 0.390234 0.704861 0.072656 0.084722
6 0.446094 0.779861 0.070312 0.087500
6 0.093750 0.793750 0.059375 0.101389
6 0.019141 0.797222 0.038281 0.100000
7 0.011328 0.783333 0.017969 0.013889
7 0.042969 0.814583 0.035937 0.020833
7 0.310156 0.750694 0.003125 0.004167
7 0.181250 0.755556 0.023438 0.008333
7 0.218359 0.754861 0.017969 0.009722
8 0.149219 0.810417 0.050000 0.043056
5 0.149609 0.791667 0.046094 0.011111
8 0.200000 0.808333 0.050000 0.041667
5 0.200391 0.790278 0.046094 0.011111
8 0.228125 0.802778 0.020313 0.036111
5 0.229297 0.786111 0.019531 0.005556
5 0.238672 0.789583 0.000781 0.001389
8 0.215234 0.814583 0.047656 0.043056
5 0.216016 0.795833 0.044531 0.013889
8 0.166016 0.818056 0.055469 0.044444
5 0.165234 0.798611 0.049219 0.013889
8 0.772266 0.861111 0.005469 0.016667
5 0.777734 0.831944 0.014844 0.005556
8 0.752734 0.870833 0.064844 0.066667
5 0.754687 0.843750 0.060937 0.023611
8 0.714844 0.879861 0.096875 0.062500
5 0.711328 0.848611 0.089844 0.025000
8 0.785156 0.845833 0.029687 0.041667
5 0.798828 0.820139 0.080469 0.012500
8 0.751953 0.854861 0.066406 0.051389
5 0.748047 0.825000 0.080469 0.013889
8 0.708984 0.857639 0.083594 0.051389
5 0.705859 0.831250 0.078906 0.018056
8 0.649219 0.860417 0.092188 0.059722
5 0.647656 0.836111 0.082812 0.019444
8 0.387109 0.905556 0.117969 0.077778
5 0.388281 0.872222 0.106250 0.027778
8 0.423047 0.922222 0.127344 0.083333
5 0.423828 0.885417 0.114844 0.031944
8 0.350000 0.893056 0.101562 0.072222
5 0.355469 0.861806 0.100000 0.026389
8 0.330469 0.884722 0.075000 0.058333
5 0.334375 0.850694 0.081250 0.023611
8 0.591406 0.887500 0.106250 0.072222
5 0.590234 0.857639 0.094531 0.026389
8 0.525000 0.896528 0.107813 0.076389
5 0.523047 0.864583 0.096094 0.029167
8 0.457813 0.880556 0.107813 0.061111
5 0.458594 0.853472 0.096875 0.023611
8 0.392188 0.869444 0.034375 0.058333
5 0.426172 0.844444 0.091406 0.022222
8 0.006250 0.947917 0.012500 0.101389
5 0.002344 0.915972 0.004687 0.026389
0 0.263672 0.760417 0.200781 0.259722
0 0.715234 0.732639 0.100781 0.168056
1 0.441406 0.730556 0.056250 0.083333
1 0.412109 0.731250 0.057031 0.084722
1 0.408984 0.727778 0.053906 0.077778
1 0.380078 0.729861 0.052344 0.081944
1 0.380859 0.720833 0.049219 0.063889
1 0.359766 0.726389 0.036719 0.075000
1 0.366406 0.718056 0.050000 0.058333
1 0.126953 0.736111 0.078906 0.091667
1 0.119531 0.734028 0.071875 0.087500
1 0.930859 0.845139 0.136719 0.293056
2 0.990234 0.834028 0.017969 0.004167
2 0.980469 0.727083 0.037500 0.001389
2 0.926172 0.774306 0.108594 0.090278
2 0.935937 0.886111 0.126562 0.105556
2 0.967187 0.727083 0.056250 0.001389
2 0.988672 0.729167 0.021094 0.000000
2 0.937891 0.728472 0.039844 0.001389
2 0.976172 0.772917 0.046094 0.087500
1 0.998047 0.711111 0.002344 0.027778
1 0.874219 0.831250 0.195312 0.268056
2 0.941016 0.831944 0.003906 0.002778
2 0.923828 0.724306 0.082031 0.004167
2 0.832031 0.765972 0.093750 0.081944
2 0.861719 0.869444 0.153125 0.094444
2 0.870703 0.724306 0.030469 0.001389
2 0.911719 0.726389 0.050000 0.002778
2 0.844141 0.725000 0.055469 0.000000
2 0.879687 0.726389 0.056250 0.002778
2 0.917578 0.707639 0.080469 0.029167
2 0.966797 0.709722 0.064844 0.030556
5 0.038281 0.774306 0.015625 0.006944
5 0.032422 0.781250 0.008594 0.006944
5 0.049609 0.777778 0.024219 0.008333
5 0.048828 0.784722 0.024219 0.008333
5 0.055469 0.781944 0.017188 0.008333
5 0.054297 0.788889 0.019531 0.008333
5 0.055469 0.775694 0.017188 0.006944
5 0.054688 0.768056 0.018750 0.008333