3 0.499609 0.876389 0.999219 0.244444
4 0.043750 0.895139 0.004687 0.073611
4 0.109766 0.804167 0.002344 0.033333
8 0.224219 0.766667 0.029687 0.019444
5 0.184375 0.741667 0.034375 0.002778
5 0.184375 0.741667 0.034375 0.002778
5 0.184375 0.741667 0.034375 0.002778
5 0.184375 0.737500 0.034375 0.008333
5 0.184375 0.737500 0.034375 0.008333
5 0.184375 0.737500 0.034375 0.008333
5 0.142187 0.754861 0.018750 0.006944
5 0.142187 0.754861 0.018750 0.006944
5 0.142187 0.754861 0.018750 0.006944
5 0.147656 0.747917 0.029687 0.006944
5 0.147656 0.747917 0.029687 0.006944
5 0.147656 0.747917 0.029687 0.006944
5 0.149609 0.739583 0.033594 0.006944
5 0.149609 0.739583 0.033594 0.006944
5 0.149609 0.739583 0.033594 0.006944
5 0.150391 0.731944 0.035156 0.008333
5 0.150391 0.731944 0.035156 0.008333
5 0.150391 0.731944 0.035156 0.008333
6 0.247656 0.743056 0.000000 0.022222
6 0.236328 0.706944 0.024219 0.041667
6 0.235937 0.731250 0.023438 0.037500
6 0.119922 0.736806 0.013281 0.043056
5 0.830859 0.881250 0.017969 0.009722
5 0.830859 0.881250 0.017969 0.009722
5 0.830859 0.881250 0.017969 0.009722
5 0.839453 0.865972 0.036719 0.023611
5 0.839453 0.865972 0.036719 0.023611
5 0.839453 0.865972 0.036719 0.023611
5 0.932031 0.932639 0.078125 0.037500
5 0.932031 0.932639 0.078125 0.037500
5 0.932031 0.932639 0.078125 0.037500
5 0.931641 0.914583 0.077344 0.037500
5 0.931641 0.914583 0.077344 0.037500
5 0.931641 0.914583 0.077344 0.037500
5 0.925000 0.895139 0.090625 0.037500
5 0.925000 0.895139 0.090625 0.037500
5 0.925000 0.895139 0.090625 0.037500
5 0.922656 0.875000 0.093750 0.036111
5 0.922656 0.875000 0.093750 0.036111
5 0.922656 0.875000 0.093750 0.036111
6 0.349219 0.932639 0.050000 0.129167
6 0.508984 0.919444 0.097656 0.138889
6 0.350000 0.812500 0.050000 0.130556
6 0.421484 0.925000 0.094531 0.141667
7 0.039453 0.843056 0.036719 0.022222
7 0.244922 0.915972 0.025781 0.034722
7 0.437891 0.781250 0.022656 0.012500
7 0.482812 0.781250 0.023438 0.012500
7 0.332422 0.784722 0.013281 0.011111
7 0.376172 0.782639 0.021094 0.012500
8 0.024609 0.947222 0.047656 0.069444
5 0.021875 0.923611 0.043750 0.027778
8 0.083594 0.943750 0.070312 0.068056
5 0.083203 0.920833 0.061719 0.027778
8 0.147266 0.938889 0.064844 0.066667
5 0.146875 0.916667 0.056250 0.025000
8 0.217188 0.936111 0.059375 0.066667
5 0.216797 0.913889 0.050781 0.025000
8 0.134766 0.963194 0.071094 0.070833
5 0.134375 0.941667 0.062500 0.033333
8 0.210938 0.961806 0.064062 0.073611
5 0.210156 0.938889 0.056250 0.033333
8 0.065234 0.965278 0.077344 0.066667
5 0.064844 0.946528 0.068750 0.034722
8 0.014063 0.966667 0.028125 0.063889
5 0.011328 0.949306 0.022656 0.031944
0 0.000781 0.993750 0.001563 0.009722
0 0.848828 0.862500 0.213281 0.272222
1 0.594141 0.777778 0.063281 0.113889
1 0.548438 0.779861 0.051562 0.115278
1 0.555859 0.761111 0.036719 0.091667
1 0.528125 0.770139 0.056250 0.106944
1 0.543359 0.754167 0.052344 0.086111
1 0.507031 0.762500 0.051562 0.100000
1 0.547266 0.743750 0.053906 0.081944
1 0.194922 0.783333 0.086719 0.116667
1 0.196875 0.777778 0.082812 0.111111
1 0.001172 0.779861 0.002344 0.106944
5 0.078906 0.784722 0.031250 0.008333
5 0.078906 0.779167 0.031250 0.008333
5 0.078906 0.768056 0.031250 0.008333
5 0.078906 0.773611 0.031250 0.008333
5 0.112109 0.824306 0.036719 0.012500
5 0.125781 0.834722 0.004687 0.008333
5 0.121094 0.833333 0.007812 0.013889
5 0.119531 0.843750 0.006250 0.009722
5 0.095703 0.845139 0.046094 0.015278
5 0.092578 0.854167 0.046094 0.016667
5 0.095703 0.836806 0.046094 0.015278
5 0.093359 0.828472 0.046094 0.015278