3 0.610156 0.948611 0.776563 0.100000
7 0.791797 0.922222 0.000781 0.000000
7 0.846484 0.913889 0.028906 0.005556
7 0.816016 0.918056 0.027344 0.005556
7 0.530469 0.959028 0.040625 0.018056
7 0.631250 0.945833 0.035937 0.016667
7 0.591797 0.951389 0.024219 0.016667
7 0.360938 0.979167 0.046875 0.022222
7 0.391406 0.972917 0.000000 0.004167
7 0.282813 0.988889 0.046875 0.019444
7 0.232031 0.993056 0.020313 0.011111
8 0.854688 0.992361 0.070312 0.012500
5 0.855078 0.989583 0.063281 0.018056
8 0.821484 0.994444 0.071094 0.008333
5 0.822266 0.992361 0.064844 0.012500
8 0.883203 0.997917 0.003906 0.001389
5 0.913672 0.995139 0.053906 0.006944
5 0.875000 0.997917 0.018750 0.001389
0 0.937109 0.866667 0.083594 0.108333
0 0.714453 0.863889 0.055469 0.083333
0 0.970313 0.930556 0.057813 0.136111
0 0.667188 0.941667 0.132812 0.113889
0 0.965234 0.863194 0.066406 0.104167
1 0.978125 0.865972 0.042188 0.062500
2 0.988281 0.884722 0.001563 0.005556
2 0.973828 0.852083 0.028906 0.020833
2 0.991016 0.840278 0.010156 0.000000
2 0.991016 0.880556 0.008594 0.022222
2 0.990234 0.852083 0.008594 0.020833
2 0.996875 0.852083 0.004687 0.020833
2 0.978906 0.840278 0.001563 0.000000
1 0.044141 0.920833 0.088281 0.072222
2 0.004297 0.980556 0.008594 0.036111
2 0.001953 0.960417 0.003906 0.001389
2 0.005469 0.927083 0.010937 0.045833
2 0.065625 0.907639 0.034375 0.015278
2 0.011328 0.978472 0.022656 0.040278
2 0.021875 0.926389 0.028125 0.044444
2 0.016016 0.903472 0.024219 0.001389
2 0.046484 0.909722 0.027344 0.013889
2 0.038672 0.901389 0.025781 0.002778
1 0.071094 0.947222 0.129688 0.102778
2 0.034766 0.990972 0.033594 0.015278
2 0.027344 0.988889 0.032813 0.019444
2 0.032422 0.944444 0.041406 0.052778
2 0.111328 0.922917 0.038281 0.020833
2 0.053125 0.988194 0.028125 0.020833
2 0.064062 0.943056 0.031250 0.050000
2 0.055859 0.917361 0.027344 0.004167
2 0.089453 0.925694 0.032031 0.018056
2 0.080859 0.915278 0.030469 0.002778
1 0.126562 0.954861 0.143750 0.087500
2 0.083984 0.966667 0.047656 0.061111
2 0.170703 0.934028 0.042969 0.009722
2 0.118359 0.940972 0.036719 0.006944
2 0.109766 0.935417 0.035156 0.004167
2 0.147656 0.938194 0.034375 0.006944
2 0.136719 0.934028 0.034375 0.004167
1 0.152734 0.958333 0.150781 0.080556
2 0.108984 0.971528 0.050781 0.054167
2 0.198828 0.968056 0.046094 0.061111
2 0.145703 0.972222 0.036719 0.052778
2 0.133984 0.944444 0.036719 0.005556
2 0.175000 0.970833 0.037500 0.055556
2 0.162500 0.942361 0.035937 0.004167
2 0.692969 0.965278 0.059375 0.044444
2 0.762109 0.955556 0.057031 0.038889
2 0.755078 0.918056 0.071094 0.041667
2 0.694531 0.926389 0.057813 0.044444
2 0.833984 0.946528 0.086719 0.054167
2 0.894141 0.937500 0.083594 0.050000
2 0.922266 0.977778 0.028906 0.036111
2 0.834375 0.979167 0.085938 0.030556
2 0.865625 0.942361 0.084375 0.051389
2 0.923438 0.934028 0.078125 0.048611
2 0.948828 0.975694 0.024219 0.040278
2 0.892969 0.979861 0.029687 0.029167
2 0.809375 0.998611 0.007812 0.000000