3 0.499609 0.839583 0.999219 0.318056
4 0.551172 0.780556 0.010156 0.069444
4 0.653516 0.811111 0.041406 0.080556
4 0.739453 0.830556 0.013281 0.086111
4 0.803516 0.852083 0.049219 0.093056
4 0.916406 0.877778 0.015625 0.100000
4 0.988672 0.906250 0.021094 0.109722
4 0.129688 0.864583 0.004687 0.045833
4 0.261328 0.927083 0.000781 0.001389
4 0.346094 0.919444 0.014063 0.013889
4 0.403125 0.963194 0.004687 0.023611
8 0.966016 0.900694 0.066406 0.079167
5 0.273828 0.715972 0.052344 0.012500
5 0.273828 0.715972 0.052344 0.012500
5 0.273828 0.715972 0.052344 0.012500
5 0.273828 0.704861 0.052344 0.015278
5 0.273828 0.704861 0.052344 0.015278
5 0.273828 0.704861 0.052344 0.015278
5 0.273438 0.725694 0.053125 0.012500
5 0.273438 0.725694 0.053125 0.012500
5 0.273438 0.725694 0.053125 0.012500
5 0.333984 0.719444 0.050781 0.011111
5 0.333984 0.719444 0.050781 0.011111
5 0.333984 0.719444 0.050781 0.011111
5 0.333984 0.710417 0.050781 0.012500
5 0.333984 0.710417 0.050781 0.012500
5 0.333984 0.710417 0.050781 0.012500
5 0.333984 0.700694 0.050781 0.012500
5 0.333984 0.700694 0.050781 0.012500
5 0.333984 0.700694 0.050781 0.012500
5 0.333984 0.689583 0.050781 0.012500
5 0.333984 0.689583 0.050781 0.012500
5 0.333984 0.689583 0.050781 0.012500
6 0.541406 0.729861 0.056250 0.062500
6 0.480469 0.718750 0.040625 0.065278
6 0.541797 0.670833 0.058594 0.075000
6 0.518359 0.720139 0.035156 0.059722
6 0.691797 0.772917 0.061719 0.095833
6 0.763672 0.784028 0.066406 0.095833
7 0.912500 0.969444 0.090625 0.038889
7 0.636719 0.879167 0.076563 0.038889
7 0.191016 0.911111 0.000781 0.000000
7 0.435156 0.786806 0.057813 0.018056
7 0.583203 0.831944 0.064844 0.027778
6 0.558594 0.911806 0.193750 0.173611
6 0.362891 0.928472 0.205469 0.140278
6 0.273047 0.830556 0.108594 0.186111
6 0.118750 0.855556 0.120313 0.205556
6 0.290625 0.911806 0.067187 0.029167
6 0.118750 0.954167 0.120313 0.088889
8 0.820703 0.843750 0.053906 0.054167
5 0.823438 0.821528 0.048438 0.023611
8 0.798047 0.852778 0.083594 0.055556
5 0.799219 0.830556 0.075000 0.025000
8 0.603516 0.793750 0.064844 0.040278
5 0.603125 0.775694 0.057813 0.018056
8 0.573828 0.786111 0.063281 0.038889
5 0.573438 0.768056 0.056250 0.016667
8 0.547266 0.779167 0.060156 0.038889
5 0.546875 0.761806 0.054688 0.015278
8 0.522656 0.772222 0.053125 0.036111
5 0.521875 0.754861 0.051562 0.015278
8 0.578125 0.757639 0.023438 0.006944
5 0.595313 0.754861 0.053125 0.012500
8 0.569141 0.765278 0.057031 0.036111
5 0.568750 0.748611 0.051562 0.013889
8 0.612109 0.778472 0.039844 0.037500
5 0.616406 0.761111 0.042188 0.013889
8 0.629297 0.783333 0.014844 0.033333
5 0.630859 0.769444 0.013281 0.011111
8 0.747656 0.710417 0.037500 0.023611
5 0.750391 0.698611 0.038281 0.005556
8 0.725391 0.706944 0.032031 0.019444
5 0.726953 0.695139 0.038281 0.006944
8 0.761328 0.713194 0.021094 0.023611
5 0.763672 0.701389 0.021094 0.005556
8 0.693750 0.711111 0.039062 0.025000
5 0.695312 0.699306 0.039062 0.009722
8 0.716797 0.714583 0.039844 0.026389
5 0.718359 0.702778 0.039844 0.008333
8 0.739844 0.718750 0.042188 0.026389
5 0.741406 0.706250 0.040625 0.009722
8 0.758203 0.722917 0.028906 0.026389
5 0.759766 0.710417 0.028906 0.009722
8 0.923828 0.741667 0.047656 0.030556
5 0.919922 0.726389 0.049219 0.011111
8 0.940234 0.736806 0.044531 0.031944
5 0.941016 0.723611 0.042969 0.011111
8 0.903516 0.745139 0.050781 0.029167
5 0.900391 0.729861 0.049219 0.012500
8 0.889453 0.748611 0.027344 0.030556
5 0.887891 0.734028 0.024219 0.012500
8 0.887500 0.731250 0.023438 0.029167
5 0.886328 0.717361 0.021094 0.009722
8 0.880469 0.734722 0.007812 0.022222
5 0.878516 0.722917 0.005469 0.004167
0 0.828125 0.698611 0.110937 0.155556
0 0.441797 0.665972 0.046094 0.112500
0 0.945312 0.979167 0.107813 0.038889
0 0.308594 0.880556 0.231250 0.236111
0 0.235547 0.869444 0.205469 0.258333
1 0.000781 0.717361 0.001563 0.109722
1 0.006250 0.722222 0.012500 0.116667
1 0.029297 0.795139 0.058594 0.176389
1 0.046875 0.881250 0.093750 0.234722
1 0.128516 0.883333 0.127344 0.230556
1 0.904297 0.645139 0.016406 0.045833
2 0.875781 0.627778 0.000000 0.000000
2 0.897266 0.636111 0.024219 0.013889
2 0.895703 0.677083 0.005469 0.001389
2 0.876172 0.629167 0.000781 0.000000
2 0.878516 0.627778 0.003906 0.000000
2 0.880859 0.635417 0.010156 0.012500
2 0.892188 0.629167 0.010937 0.000000
1 0.973047 0.654167 0.052344 0.055556
2 0.955859 0.670833 0.011719 0.002778
2 0.955859 0.636111 0.011719 0.005556
2 0.992578 0.648611 0.011719 0.025000
2 0.989453 0.677778 0.019531 0.022222
2 0.961719 0.637500 0.000000 0.002778
2 0.983594 0.634722 0.007812 0.000000
2 0.985938 0.647917 0.012500 0.023611
2 0.991016 0.635417 0.005469 0.001389
1 0.811719 0.644444 0.018750 0.027778
2 0.841016 0.634028 0.008594 0.001389
2 0.822656 0.675000 0.001563 0.000000
2 0.824609 0.642361 0.007031 0.020833
2 0.832031 0.635417 0.009375 0.004167
2 0.841016 0.631944 0.008594 0.000000
1 0.930469 0.672222 0.062500 0.086111
2 0.908984 0.683333 0.014844 0.025000
2 0.920312 0.670139 0.007812 0.001389
2 0.914844 0.650000 0.026562 0.025000
2 0.950391 0.652778 0.022656 0.025000
2 0.939063 0.685417 0.045312 0.029167
2 0.922656 0.651389 0.014063 0.025000
2 0.933594 0.638889 0.006250 0.000000
2 0.935156 0.652778 0.018750 0.025000
2 0.942187 0.638889 0.009375 0.000000
1 0.774609 0.656250 0.055469 0.059722
2 0.754297 0.668056 0.005469 0.000000
2 0.761719 0.635417 0.023438 0.001389
2 0.793359 0.649306 0.016406 0.023611
2 0.780859 0.677778 0.030469 0.019444
2 0.764844 0.636111 0.010937 0.000000
2 0.776563 0.634722 0.004687 0.000000
2 0.775391 0.637500 0.008594 0.000000
2 0.791016 0.636111 0.011719 0.000000
1 0.879297 0.676389 0.072656 0.086111
2 0.897656 0.658333 0.029687 0.027778
2 0.894141 0.693056 0.036719 0.030556
2 0.880469 0.643056 0.009375 0.000000
2 0.882031 0.645139 0.010937 0.001389
2 0.890234 0.643750 0.008594 0.001389
1 0.755078 0.662500 0.064844 0.069444
2 0.733203 0.679861 0.014844 0.023611
2 0.742969 0.668056 0.015625 0.000000
2 0.739062 0.648611 0.026562 0.025000
2 0.770703 0.651389 0.027344 0.025000
2 0.760547 0.683333 0.049219 0.027778
2 0.744922 0.649306 0.017969 0.023611
2 0.755078 0.637500 0.000781 0.000000
2 0.753125 0.650694 0.014063 0.023611
2 0.763281 0.637500 0.014063 0.000000
1 0.856641 0.676389 0.071094 0.086111
2 0.823438 0.686806 0.003125 0.015278
2 0.841016 0.678472 0.007031 0.001389
2 0.830078 0.656250 0.016406 0.026389
2 0.882422 0.660417 0.013281 0.026389
2 0.863672 0.695833 0.052344 0.030556
2 0.841016 0.656944 0.007031 0.022222
2 0.875781 0.645833 0.000000 0.000000
2 0.564453 0.691667 0.027344 0.030556
2 0.578125 0.675000 0.000000 0.000000
2 0.604297 0.697222 0.050781 0.030556
2 0.633984 0.695833 0.007031 0.027778
2 0.604297 0.670139 0.050781 0.029167
2 0.633984 0.670139 0.007031 0.026389
2 0.604297 0.643750 0.050781 0.029167
2 0.621875 0.642361 0.029687 0.029167
5 0.898438 0.808333 0.084375 0.027778
5 0.898438 0.822917 0.084375 0.026389
5 0.898438 0.834028 0.084375 0.026389
5 0.898438 0.845833 0.084375 0.027778
5 0.898438 0.871528 0.084375 0.029167
5 0.898438 0.859028 0.084375 0.029167
5 0.898047 0.895833 0.083594 0.030556
5 0.898438 0.883333 0.084375 0.027778
5 0.021094 0.895833 0.042188 0.033333
5 0.021094 0.913194 0.042188 0.026389
5 0.958984 0.824306 0.055469 0.020833
5 0.958984 0.835417 0.055469 0.023611
5 0.957031 0.860417 0.051562 0.023611
5 0.958984 0.847917 0.055469 0.023611
5 0.957812 0.882639 0.051562 0.020833
5 0.961719 0.871528 0.043750 0.020833
5 0.094141 0.881250 0.072656 0.031944
5 0.106250 0.888889 0.051562 0.016667
5 0.955469 0.811111 0.062500 0.025000
5 0.946094 0.797917 0.081250 0.026389
5 0.988672 0.811111 0.021094 0.019444
5 0.988672 0.822917 0.021094 0.020833
5 0.988672 0.845833 0.021094 0.019444
5 0.988672 0.834028 0.021094 0.020833
5 0.989062 0.871528 0.020313 0.012500
5 0.988672 0.856944 0.021094 0.019444
5 0.171484 0.870139 0.039844 0.012500
5 0.181641 0.878472 0.019531 0.009722
5 0.986719 0.798611 0.025000 0.022222
5 0.977344 0.787500 0.043750 0.022222
5 0.977344 0.721528 0.043750 0.018056
5 0.977344 0.732639 0.043750 0.020833
5 0.977344 0.756250 0.043750 0.018056
5 0.977344 0.743750 0.043750 0.020833
5 0.977344 0.777083 0.043750 0.020833
5 0.977344 0.765972 0.043750 0.020833
5 0.171484 0.859028 0.039844 0.015278
5 0.171484 0.844444 0.039844 0.019444
5 0.977344 0.711806 0.043750 0.015278
5 0.977344 0.698611 0.043750 0.019444