3 0.499609 0.859722 0.999219 0.277778
4 0.300391 0.995833 0.003906 0.005556
5 0.321875 0.741667 0.059375 0.022222
5 0.321875 0.741667 0.059375 0.022222
5 0.321875 0.741667 0.059375 0.022222
5 0.321875 0.727778 0.059375 0.025000
5 0.321875 0.727778 0.059375 0.025000
5 0.321875 0.727778 0.059375 0.025000
5 0.321875 0.753472 0.059375 0.023611
5 0.321875 0.753472 0.059375 0.023611
5 0.321875 0.753472 0.059375 0.023611
5 0.398438 0.749306 0.032813 0.020833
5 0.398438 0.749306 0.032813 0.020833
5 0.398438 0.749306 0.032813 0.020833
5 0.398438 0.737500 0.032813 0.022222
5 0.398438 0.737500 0.032813 0.022222
5 0.398438 0.737500 0.032813 0.022222
5 0.398438 0.725000 0.032813 0.022222
5 0.398438 0.725000 0.032813 0.022222
5 0.398438 0.725000 0.032813 0.022222
5 0.398047 0.712500 0.032031 0.022222
5 0.398047 0.712500 0.032031 0.022222
5 0.398047 0.712500 0.032031 0.022222
6 0.496094 0.883333 0.062500 0.122222
6 0.474609 0.816667 0.053906 0.102778
6 0.498047 0.785417 0.067969 0.131944
6 0.483594 0.851389 0.054688 0.127778
7 0.245703 0.973611 0.089844 0.041667
8 0.356641 0.997222 0.002344 0.002778
5 0.386719 0.995139 0.056250 0.006944
8 0.381250 0.980556 0.060937 0.036111
5 0.389844 0.977778 0.073438 0.038889
8 0.389062 0.943750 0.075000 0.034722
5 0.390625 0.943056 0.071875 0.033333
8 0.494922 0.975694 0.088281 0.045833
5 0.493750 0.971528 0.079687 0.037500
8 0.487500 0.947917 0.081250 0.054167
5 0.485938 0.938194 0.075000 0.034722
8 0.503125 0.991667 0.085938 0.013889
5 0.504297 0.990972 0.082031 0.015278
8 0.972266 0.825694 0.033594 0.029167
5 0.983594 0.818056 0.031250 0.016667
8 0.943750 0.806944 0.028125 0.033333
5 0.966016 0.796528 0.066406 0.018056
8 0.985938 0.834028 0.006250 0.020833
5 0.987109 0.827778 0.002344 0.008333
8 0.916406 0.813889 0.040625 0.022222
5 0.914062 0.798611 0.035937 0.019444
8 0.918359 0.835417 0.052344 0.054167
5 0.926172 0.818750 0.063281 0.023611
8 0.950781 0.852778 0.078125 0.055556
5 0.951172 0.836806 0.072656 0.023611
8 0.966016 0.865972 0.055469 0.034722
5 0.969922 0.858333 0.055469 0.025000
0 0.944922 0.880556 0.108594 0.236111
0 0.534375 0.713889 0.057813 0.183333
2 0.751953 0.736111 0.022656 0.055556
2 0.776563 0.756944 0.025000 0.058333
2 0.776563 0.725000 0.025000 0.041667
2 0.788281 0.705556 0.001563 0.002778