3 0.499609 0.858333 0.999219 0.280556
4 0.569531 0.825694 0.009375 0.087500
4 0.701562 0.863194 0.053125 0.104167
4 0.817187 0.888194 0.017188 0.112500
4 0.910156 0.916667 0.065625 0.125000
4 0.126953 0.956250 0.032031 0.081944
5 0.239063 0.753472 0.060937 0.015278
5 0.239063 0.753472 0.060937 0.015278
5 0.239063 0.753472 0.060937 0.015278
5 0.239063 0.740972 0.060937 0.018056
5 0.239063 0.740972 0.060937 0.018056
5 0.239063 0.740972 0.060937 0.018056
5 0.239063 0.763889 0.060937 0.011111
5 0.239063 0.763889 0.060937 0.011111
5 0.239063 0.763889 0.060937 0.011111
5 0.308594 0.757639 0.057813 0.012500
5 0.308594 0.757639 0.057813 0.012500
5 0.308594 0.757639 0.057813 0.012500
5 0.308594 0.747222 0.057813 0.013889
5 0.308594 0.747222 0.057813 0.013889
5 0.308594 0.747222 0.057813 0.013889
5 0.308594 0.736111 0.057813 0.013889
5 0.308594 0.736111 0.057813 0.013889
5 0.308594 0.736111 0.057813 0.013889
5 0.308594 0.724306 0.057813 0.015278
5 0.308594 0.724306 0.057813 0.015278
5 0.308594 0.724306 0.057813 0.015278
6 0.573828 0.756250 0.019531 0.051389
6 0.490625 0.759028 0.000000 0.054167
6 0.574609 0.697222 0.021094 0.080556
6 0.490625 0.757639 0.000000 0.070833
6 0.740625 0.815972 0.073438 0.118056
6 0.833203 0.830556 0.083594 0.122222
7 0.696484 0.953472 0.089844 0.054167
7 0.104688 0.997917 0.001563 0.001389
7 0.404687 0.833333 0.035937 0.025000
7 0.607812 0.887500 0.085938 0.033333
6 0.693359 0.945139 0.405469 0.106944
6 0.246875 0.982639 0.210938 0.031944
6 0.178516 0.877083 0.171094 0.243056
6 0.008594 0.824306 0.017188 0.068056
6 0.108594 0.992361 0.017188 0.012500
8 0.920703 0.903472 0.080469 0.070833
5 0.925000 0.875694 0.071875 0.031944
8 0.892188 0.916667 0.109375 0.075000
5 0.893750 0.887500 0.098437 0.033333
8 0.630469 0.841667 0.079687 0.050000
5 0.630078 0.818750 0.071094 0.020833
8 0.597656 0.831944 0.067187 0.047222
5 0.595703 0.809722 0.063281 0.019444
8 0.577344 0.829167 0.026562 0.022222
5 0.578516 0.799306 0.028906 0.009722
8 0.495312 0.806944 0.004687 0.027778
5 0.496875 0.795833 0.001563 0.008333
8 0.616406 0.801389 0.068750 0.016667
5 0.616797 0.795139 0.063281 0.015278
8 0.591406 0.807639 0.053125 0.043056
5 0.589453 0.788194 0.050781 0.015278
8 0.644531 0.822917 0.060937 0.045833
5 0.646484 0.802083 0.057031 0.018056
8 0.662891 0.827083 0.024219 0.037500
5 0.664844 0.811806 0.020313 0.015278
8 0.780469 0.747917 0.045312 0.029167
5 0.782031 0.733333 0.043750 0.005556
8 0.754297 0.743750 0.038281 0.023611
5 0.755078 0.729861 0.042969 0.006944
8 0.800000 0.750000 0.029687 0.027778
5 0.804688 0.736806 0.035937 0.006944
8 0.816797 0.754167 0.007031 0.027778
5 0.819141 0.739583 0.005469 0.001389
8 0.723047 0.747917 0.039844 0.029167
5 0.722656 0.734028 0.039062 0.009722
8 0.745313 0.750694 0.046875 0.026389
5 0.746875 0.738194 0.045312 0.009722
8 0.774219 0.754167 0.051562 0.027778
5 0.773828 0.741667 0.046094 0.011111
8 0.799219 0.760417 0.043750 0.031944
5 0.801172 0.745833 0.041406 0.011111
8 0.997656 0.781944 0.003125 0.030556
5 0.978906 0.763194 0.040625 0.009722
5 0.997266 0.755556 0.003906 0.005556
8 0.969531 0.781250 0.059375 0.029167
5 0.966797 0.765278 0.058594 0.011111
8 0.940234 0.788889 0.039844 0.036111
5 0.938281 0.770139 0.043750 0.015278
8 0.920703 0.748611 0.002344 0.000000
5 0.917188 0.747222 0.003125 0.002778
8 0.946875 0.768056 0.025000 0.030556
5 0.936719 0.753472 0.040625 0.009722
8 0.933203 0.776389 0.025781 0.033333
5 0.928906 0.758333 0.025000 0.008333
8 0.917578 0.763194 0.002344 0.001389
0 0.888281 0.730556 0.135937 0.183333
0 0.414062 0.698611 0.017188 0.130556
0 0.197266 0.889583 0.394531 0.218056
0 0.130469 0.869444 0.260937 0.238889
1 0.015234 0.807639 0.005469 0.043056
1 0.920703 0.680556 0.064844 0.058333
2 0.936719 0.664583 0.026562 0.009722
2 0.936719 0.709722 0.006250 0.000000
2 0.900781 0.668750 0.000000 0.001389
2 0.919531 0.658333 0.009375 0.000000
2 0.919531 0.664583 0.009375 0.009722
2 0.926172 0.658333 0.002344 0.000000
1 0.996875 0.679167 0.004687 0.050000
2 0.998828 0.703472 0.000781 0.001389
2 0.998437 0.665278 0.001563 0.002778
1 0.840234 0.679167 0.014844 0.044444
2 0.841797 0.704861 0.011719 0.020833
2 0.841406 0.673611 0.012500 0.025000
2 0.885938 0.666667 0.028125 0.008333
2 0.872266 0.709722 0.011719 0.002778
2 0.847266 0.674306 0.000781 0.023611
2 0.872266 0.661111 0.005469 0.000000
2 0.871484 0.666667 0.010156 0.008333
2 0.875781 0.661111 0.000000 0.000000
1 0.971484 0.698611 0.055469 0.083333
2 0.954688 0.709028 0.009375 0.004167
2 0.953125 0.669444 0.010937 0.005556
2 0.996875 0.683333 0.004687 0.027778
2 0.997266 0.720139 0.003906 0.029167
2 0.996875 0.668056 0.004687 0.000000
1 0.808984 0.693750 0.072656 0.079167
2 0.781641 0.700694 0.011719 0.001389
2 0.789062 0.664583 0.026562 0.001389
2 0.826953 0.679167 0.030469 0.027778
2 0.815625 0.714583 0.054688 0.029167
2 0.794922 0.665278 0.014844 0.000000
2 0.804297 0.663889 0.002344 0.000000
2 0.808203 0.665972 0.010156 0.001389
2 0.820703 0.665278 0.013281 0.000000
1 0.921875 0.709028 0.075000 0.090278
2 0.901563 0.670139 0.003125 0.001389
2 0.945312 0.687500 0.028125 0.030556
2 0.932031 0.727083 0.054688 0.034722
2 0.909766 0.672222 0.013281 0.000000
2 0.921484 0.670833 0.011719 0.000000
2 0.926172 0.672917 0.017969 0.001389
2 0.940234 0.672222 0.008594 0.000000
1 0.783594 0.693750 0.073438 0.076389
2 0.757031 0.713889 0.014063 0.025000
2 0.771094 0.701389 0.012500 0.000000
2 0.763281 0.678472 0.028125 0.026389
2 0.801562 0.681250 0.031250 0.029167
2 0.790234 0.716667 0.055469 0.030556
2 0.769531 0.679861 0.015625 0.026389
2 0.780859 0.665278 0.005469 0.000000
2 0.780078 0.680556 0.013281 0.027778
2 0.795703 0.666667 0.016406 0.000000
1 0.905078 0.704861 0.077344 0.087500
2 0.874609 0.718750 0.016406 0.015278
2 0.878125 0.711111 0.010937 0.000000
2 0.876563 0.686111 0.020313 0.030556
2 0.922266 0.689583 0.033594 0.031944
2 0.909375 0.729861 0.062500 0.034722
2 0.883594 0.687500 0.015625 0.027778
2 0.901172 0.672222 0.002344 0.000000
2 0.898047 0.688889 0.014844 0.030556
2 0.914453 0.673611 0.019531 0.000000
2 0.574609 0.727778 0.021094 0.033333
2 0.584766 0.709722 0.000781 0.000000
2 0.614844 0.734028 0.057813 0.034722
2 0.658984 0.731944 0.028906 0.030556
2 0.614844 0.703472 0.057813 0.031944
2 0.658984 0.702083 0.028906 0.029167
2 0.614844 0.673611 0.057813 0.033333
2 0.648438 0.671528 0.050000 0.031944
5 0.988281 0.856250 0.021875 0.023611
5 0.988672 0.872917 0.021094 0.020833
5 0.988672 0.887500 0.021094 0.022222
5 0.988672 0.904861 0.021094 0.023611
5 0.989062 0.936806 0.020313 0.023611
5 0.988672 0.921528 0.021094 0.023611
5 0.989062 0.968056 0.020313 0.025000
5 0.989062 0.952083 0.020313 0.023611
5 0.126562 0.938889 0.032813 0.022222
5 0.125781 0.948611 0.034375 0.016667
5 0.126172 0.925000 0.017969 0.025000
5 0.122656 0.903472 0.040625 0.026389