3 0.499609 0.869444 0.999219 0.258333
4 0.291016 0.738889 0.002344 0.000000
4 0.255859 0.670833 0.022656 0.016667
4 0.238281 0.686806 0.003125 0.059722
4 0.187500 0.683333 0.012500 0.066667
4 0.164844 0.677778 0.004687 0.077778
4 0.114453 0.676389 0.007031 0.102778
8 0.275391 0.731944 0.072656 0.038889
5 0.395313 0.723611 0.004687 0.000000
5 0.395313 0.723611 0.004687 0.000000
5 0.395313 0.723611 0.004687 0.000000
5 0.395313 0.721528 0.004687 0.001389
5 0.395313 0.721528 0.004687 0.001389
5 0.395313 0.721528 0.004687 0.001389
5 0.487500 0.735417 0.007812 0.006944
5 0.487500 0.735417 0.007812 0.006944
5 0.487500 0.735417 0.007812 0.006944
5 0.489453 0.725694 0.003906 0.001389
5 0.489453 0.725694 0.003906 0.001389
5 0.489453 0.725694 0.003906 0.001389
5 0.488281 0.718750 0.006250 0.006944
5 0.488281 0.718750 0.006250 0.006944
5 0.488281 0.718750 0.006250 0.006944
5 0.489453 0.709722 0.003906 0.002778
5 0.489453 0.709722 0.003906 0.002778
5 0.489453 0.709722 0.003906 0.002778
6 0.481641 0.707639 0.028906 0.065278
6 0.484375 0.711806 0.028125 0.054167
6 0.479297 0.644444 0.030469 0.058333
6 0.482812 0.711806 0.029687 0.054167
6 0.439844 0.704167 0.054688 0.083333
6 0.448437 0.701389 0.071875 0.091667
7 0.407031 0.740972 0.084375 0.026389
7 0.388672 0.743056 0.103906 0.027778
7 0.285938 0.734722 0.051562 0.008333
6 0.075781 0.598611 0.151562 0.436111
6 0.018750 0.597222 0.037500 0.450000
6 0.103125 0.632639 0.206250 0.326389
6 0.166406 0.646528 0.182812 0.273611
8 0.221484 0.725694 0.141406 0.081944
5 0.219141 0.689583 0.128906 0.018056
8 0.188672 0.725000 0.158594 0.091667
5 0.186328 0.685417 0.144531 0.020833
8 0.301563 0.726389 0.085938 0.069444
5 0.310156 0.698611 0.060937 0.022222
8 0.211719 0.734028 0.090625 0.054167
5 0.236719 0.709722 0.000000 0.000000
8 0.382031 0.716667 0.045312 0.022222
5 0.388281 0.706944 0.026562 0.008333
8 0.327344 0.726389 0.053125 0.038889
5 0.351172 0.708333 0.000781 0.008333
5 0.398438 0.709722 0.001563 0.000000
5 0.398438 0.711111 0.001563 0.000000
8 0.483203 0.718750 0.000781 0.012500
8 0.484375 0.725694 0.004687 0.026389
5 0.475781 0.711806 0.015625 0.001389
5 0.468750 0.711111 0.000000 0.000000
8 0.470703 0.734722 0.003906 0.019444
5 0.470313 0.712500 0.003125 0.005556
8 0.994922 0.725694 0.008594 0.020833
8 0.981641 0.731944 0.035156 0.044444
5 0.982031 0.702778 0.034375 0.011111
8 0.980469 0.733333 0.031250 0.036111
5 0.970313 0.704861 0.009375 0.006944
0 0.764062 0.431944 0.409375 0.863889
0 0.545312 0.681250 0.028125 0.115278
1 0.130469 0.687500 0.053125 0.058333
1 0.108984 0.700000 0.014844 0.055556
1 0.007422 0.684722 0.010156 0.061111
1 0.005078 0.679167 0.008594 0.000000
1 0.005859 0.682639 0.011719 0.056944
1 0.002734 0.097222 0.005469 0.194444
1 0.976953 0.668056 0.022656 0.044444
1 0.991016 0.687500 0.016406 0.094444
1 0.982422 0.683333 0.033594 0.094444
2 0.983594 0.662500 0.031250 0.030556
2 0.982422 0.706944 0.033594 0.030556
2 0.977344 0.722222 0.025000 0.055556
5 0.316016 0.660417 0.064844 0.012500
5 0.316016 0.672917 0.064844 0.012500
5 0.316016 0.684028 0.064844 0.012500
5 0.344141 0.696528 0.008594 0.012500
5 0.317578 0.721528 0.061719 0.009722
5 0.319922 0.709722 0.057031 0.011111
5 0.307812 0.745833 0.034375 0.011111
5 0.317969 0.732639 0.060937 0.009722
5 0.394922 0.684028 0.067969 0.012500
5 0.394531 0.696528 0.067187 0.012500
5 0.394531 0.721528 0.067187 0.009722
5 0.394531 0.709028 0.067187 0.012500
5 0.366406 0.751389 0.003125 0.000000
5 0.394531 0.728472 0.067187 0.001389
5 0.394922 0.672222 0.067969 0.011111
5 0.394922 0.659722 0.067969 0.013889
5 0.485938 0.684028 0.064062 0.012500
5 0.485938 0.696528 0.064062 0.012500
5 0.485938 0.721528 0.064062 0.009722
5 0.485938 0.709028 0.064062 0.012500
5 0.485938 0.745833 0.064062 0.011111
5 0.485938 0.733333 0.064062 0.011111
5 0.486328 0.672222 0.063281 0.011111
5 0.486328 0.659722 0.063281 0.013889
5 0.485938 0.586111 0.062500 0.013889
5 0.486328 0.600694 0.063281 0.015278
5 0.486328 0.624306 0.063281 0.012500
5 0.486328 0.613194 0.063281 0.015278
5 0.486328 0.648611 0.063281 0.013889
5 0.486328 0.636806 0.063281 0.015278
5 0.007031 0.724306 0.009375 0.006944
5 0.006250 0.717361 0.007812 0.004167
5 0.485938 0.575000 0.062500 0.011111
5 0.485938 0.564583 0.062500 0.018056