3 0.506250 0.915972 0.896875 0.165278
6 0.807813 0.965972 0.185938 0.065278
7 0.900781 0.852083 0.037500 0.023611
7 0.834766 0.852083 0.033594 0.023611
8 0.583203 0.948611 0.052344 0.063889
5 0.583984 0.929167 0.046094 0.025000
8 0.521484 0.947917 0.055469 0.065278
5 0.521875 0.926389 0.048438 0.025000
8 0.638672 0.949306 0.050781 0.062500
5 0.639062 0.929861 0.043750 0.026389
8 0.703125 0.947222 0.053125 0.052778
5 0.703516 0.932639 0.046094 0.026389
8 0.510938 0.968750 0.060937 0.059722
5 0.511719 0.953472 0.053125 0.031944
8 0.577734 0.969444 0.057031 0.058333
5 0.578125 0.956250 0.050000 0.031944
8 0.637500 0.970139 0.054688 0.056944
5 0.637891 0.956250 0.047656 0.031944
8 0.705859 0.971528 0.055469 0.054167
5 0.707812 0.959028 0.050000 0.031944
8 0.954297 0.945139 0.002344 0.015278
8 0.946484 0.936806 0.016406 0.031944
5 0.948047 0.929167 0.013281 0.019444
8 0.819531 0.959722 0.067187 0.066667
5 0.820312 0.939583 0.059375 0.029167
8 0.884766 0.959722 0.071094 0.063889
5 0.885547 0.937500 0.063281 0.022222
8 0.916406 0.976389 0.078125 0.044444
5 0.920312 0.960417 0.070312 0.020833
8 0.912891 0.989583 0.046094 0.018056
5 0.923828 0.984722 0.063281 0.027778
0 0.069531 0.916667 0.139063 0.163889
1 0.507031 0.795139 0.082812 0.115278
2 0.479297 0.756250 0.021094 0.015278
2 0.535156 0.768056 0.018750 0.036111
2 0.542969 0.813889 0.003125 0.038889
2 0.497266 0.756944 0.019531 0.011111
2 0.499219 0.749306 0.017188 0.001389
2 0.516016 0.757639 0.019531 0.012500
2 0.517578 0.750000 0.017969 0.000000
1 0.670312 0.795139 0.084375 0.115278
2 0.641406 0.756944 0.018750 0.013889
2 0.698438 0.758333 0.020313 0.013889
2 0.660156 0.759722 0.018750 0.013889
2 0.659375 0.750694 0.018750 0.001389
2 0.679688 0.759028 0.020313 0.012500
2 0.678125 0.750694 0.018750 0.001389
1 0.495703 0.815278 0.092969 0.130556
2 0.464453 0.773611 0.024219 0.019444
2 0.527344 0.786111 0.021875 0.041667
2 0.533984 0.836806 0.008594 0.043056
2 0.484375 0.775000 0.021875 0.016667
2 0.487500 0.765278 0.020313 0.002778
2 0.505469 0.775000 0.021875 0.016667
2 0.507422 0.765278 0.019531 0.002778
1 0.676953 0.815972 0.094531 0.129167
2 0.644531 0.775000 0.020313 0.019444
2 0.708594 0.775694 0.023438 0.018056
2 0.665625 0.777083 0.021875 0.018056
2 0.665234 0.766667 0.021094 0.002778
2 0.687500 0.777083 0.021875 0.015278
2 0.685937 0.766667 0.021875 0.002778
1 0.480078 0.842361 0.105469 0.145833
2 0.452734 0.788194 0.013281 0.009722
2 0.514844 0.808333 0.023438 0.047222
2 0.527344 0.868750 0.004687 0.037500
2 0.467969 0.790278 0.025000 0.005556
2 0.471094 0.784722 0.023438 0.002778
2 0.491406 0.790278 0.025000 0.005556
2 0.494141 0.786111 0.022656 0.002778
1 0.685937 0.843750 0.107813 0.148611
2 0.649219 0.789583 0.023438 0.009722
2 0.721094 0.790972 0.028125 0.009722
2 0.663281 0.858333 0.000000 0.000000
2 0.673438 0.792361 0.025000 0.006944
2 0.672266 0.787500 0.024219 0.002778
2 0.697656 0.792361 0.025000 0.004167
2 0.695703 0.787500 0.024219 0.002778
1 0.472656 0.854167 0.112500 0.155556
2 0.434766 0.881944 0.027344 0.050000
2 0.437891 0.855556 0.024219 0.002778
2 0.435937 0.818750 0.029687 0.051389
2 0.510156 0.820139 0.026562 0.051389
2 0.486328 0.881944 0.077344 0.052778
2 0.459375 0.821528 0.026562 0.048611
2 0.463281 0.795139 0.025000 0.004167
2 0.484766 0.821528 0.025781 0.048611
2 0.487500 0.795833 0.025000 0.002778
1 0.689063 0.858333 0.110937 0.158333
2 0.651953 0.884722 0.025781 0.050000
2 0.651563 0.858333 0.023438 0.002778
2 0.650781 0.820833 0.026562 0.052778
2 0.727734 0.822222 0.030469 0.052778
2 0.703906 0.885417 0.079687 0.054167
2 0.677344 0.824306 0.026562 0.048611
2 0.675391 0.797917 0.025781 0.004167
2 0.702734 0.824306 0.027344 0.048611
2 0.700391 0.797222 0.025781 0.002778
2 0.148047 0.963889 0.103906 0.069444
2 0.199609 0.920139 0.000781 0.020833
2 0.259375 0.967361 0.118750 0.062500
2 0.329297 0.952083 0.019531 0.073611
2 0.259375 0.915972 0.118750 0.076389
2 0.329297 0.895833 0.019531 0.069444
2 0.260156 0.854861 0.118750 0.076389
2 0.284375 0.838194 0.109375 0.070833