3 0.697656 0.952083 0.603125 0.093056
6 0.730859 0.961806 0.213281 0.073611
8 0.939844 0.997222 0.003125 0.002778
5 0.903125 0.993056 0.068750 0.011111
8 0.836328 0.992361 0.077344 0.012500
5 0.836328 0.988194 0.069531 0.020833
5 0.962891 0.997222 0.035156 0.002778
5 0.798438 0.996528 0.035937 0.004167
0 0.291406 0.911806 0.150000 0.173611
1 0.941406 0.878472 0.106250 0.131944
2 0.914453 0.891667 0.000781 0.000000
2 0.907813 0.831944 0.031250 0.011111
2 0.972266 0.849306 0.032031 0.040278
2 0.952734 0.900000 0.074219 0.044444
2 0.926172 0.834028 0.025781 0.009722
2 0.932031 0.827083 0.023438 0.001389
2 0.947266 0.848611 0.025781 0.038889
2 0.954297 0.828472 0.019531 0.001389
1 0.902344 0.893750 0.115625 0.145833
2 0.866406 0.843750 0.034375 0.015278
2 0.935547 0.862500 0.035156 0.044444
2 0.926172 0.917361 0.058594 0.051389
2 0.884375 0.845833 0.026562 0.013889
2 0.893359 0.838194 0.024219 0.001389
2 0.907422 0.861806 0.027344 0.043056
2 0.916016 0.839583 0.025781 0.001389
1 0.851562 0.909722 0.126562 0.155556
2 0.812109 0.851389 0.038281 0.005556
2 0.887500 0.878472 0.040625 0.051389
2 0.892188 0.942361 0.035937 0.054167
2 0.832422 0.854167 0.030469 0.005556
2 0.841797 0.851389 0.027344 0.002778
2 0.855469 0.856250 0.028125 0.004167
2 0.866406 0.852778 0.029687 0.002778
1 0.827734 0.915972 0.132031 0.156944
2 0.783984 0.940278 0.033594 0.044444
2 0.793359 0.918056 0.030469 0.005556
2 0.787500 0.879861 0.042188 0.051389
2 0.865234 0.886806 0.042969 0.054167
2 0.841406 0.950000 0.095312 0.063889
2 0.807813 0.883333 0.032813 0.050000
2 0.819141 0.856944 0.030469 0.002778
2 0.833203 0.885417 0.032031 0.051389
2 0.843750 0.859028 0.026562 0.004167
1 0.999219 0.870833 0.000000 0.027778
2 0.467187 0.972917 0.075000 0.051389
2 0.489844 0.944444 0.029687 0.013889
2 0.561328 0.983333 0.113281 0.030556
2 0.637500 0.978472 0.037500 0.040278
2 0.561328 0.946528 0.113281 0.068056
2 0.637500 0.936111 0.037500 0.061111
2 0.561328 0.886111 0.113281 0.072222
2 0.602344 0.877778 0.107813 0.066667