3 0.499609 0.875000 0.999219 0.247222
5 0.022266 0.959028 0.044531 0.045833
5 0.022266 0.959028 0.044531 0.045833
5 0.022266 0.959028 0.044531 0.045833
5 0.022266 0.940278 0.044531 0.047222
5 0.022266 0.940278 0.044531 0.047222
5 0.022266 0.940278 0.044531 0.047222
5 0.022266 0.919444 0.044531 0.044444
5 0.022266 0.919444 0.044531 0.044444
5 0.022266 0.919444 0.044531 0.044444
5 0.022656 0.897222 0.045312 0.044444
5 0.022656 0.897222 0.045312 0.044444
5 0.022656 0.897222 0.045312 0.044444
6 0.661719 0.934722 0.092188 0.127778
6 0.477344 0.922222 0.098437 0.144444
6 0.661328 0.816667 0.091406 0.141667
6 0.567969 0.925694 0.095312 0.145833
7 0.943750 0.769444 0.015625 0.016667
7 0.994922 0.771528 0.008594 0.015278
7 0.879297 0.768750 0.019531 0.015278
7 0.828516 0.768750 0.011719 0.015278
8 0.999219 0.989583 0.000000 0.001389
8 0.945703 0.990278 0.071094 0.016667
5 0.950781 0.989583 0.068750 0.018056
8 0.868750 0.988194 0.068750 0.020833
5 0.873047 0.988194 0.066406 0.020833
8 0.863672 0.970833 0.072656 0.055556
5 0.864453 0.962500 0.063281 0.038889
8 0.936328 0.972917 0.078906 0.051389
5 0.936719 0.965972 0.070312 0.040278
8 0.988281 0.975000 0.021875 0.047222
5 0.991016 0.969444 0.016406 0.036111
8 0.595313 0.815972 0.039062 0.043056
5 0.596875 0.799306 0.035937 0.012500
8 0.551953 0.813889 0.042969 0.041667
5 0.552344 0.798611 0.037500 0.013889
8 0.637891 0.817361 0.038281 0.040278
5 0.639062 0.797917 0.031250 0.006944
8 0.683984 0.818056 0.035156 0.041667
5 0.683594 0.800694 0.032813 0.009722
8 0.540625 0.827083 0.045312 0.045833
5 0.541016 0.811111 0.039844 0.016667
8 0.587891 0.828472 0.044531 0.045833
5 0.588281 0.813194 0.039062 0.018056
8 0.630078 0.829167 0.042969 0.044444
5 0.630469 0.814583 0.037500 0.015278
8 0.673047 0.827083 0.030469 0.034722
5 0.674609 0.817361 0.027344 0.015278
8 0.923047 0.812500 0.002344 0.002778
5 0.920312 0.813194 0.007812 0.006944
8 0.919141 0.806250 0.005469 0.006944
5 0.914062 0.804861 0.007812 0.006944
8 0.934375 0.825000 0.006250 0.008333
5 0.928906 0.822917 0.009375 0.009722
8 0.938281 0.831250 0.001563 0.001389
5 0.933203 0.831250 0.010156 0.004167
8 0.832812 0.830556 0.009375 0.033333
5 0.829688 0.807639 0.012500 0.009722
8 0.837891 0.829861 0.028906 0.015278
5 0.838672 0.818750 0.030469 0.009722
8 0.838281 0.843750 0.029687 0.020833
5 0.837891 0.831944 0.028906 0.016667
0 0.925000 0.800694 0.148438 0.218056
0 0.230469 0.817361 0.151562 0.231944
1 0.559766 0.720139 0.067969 0.090278
2 0.537109 0.688194 0.017969 0.006944
2 0.582422 0.699306 0.016406 0.029167
2 0.586328 0.735417 0.010156 0.029167
2 0.551172 0.688889 0.014844 0.005556
2 0.553906 0.684722 0.014063 0.000000
2 0.566406 0.689583 0.015625 0.006944
2 0.568750 0.684722 0.014063 0.000000
1 0.658203 0.684722 0.002344 0.016667
2 0.666797 0.690972 0.014844 0.009722
2 0.706250 0.690278 0.000000 0.008333
2 0.682422 0.690972 0.014844 0.006944
2 0.682813 0.686111 0.014063 0.000000
2 0.698047 0.690972 0.014844 0.006944
2 0.698438 0.686111 0.014063 0.000000
1 0.546484 0.731944 0.074219 0.100000
2 0.522266 0.697917 0.019531 0.009722
2 0.570703 0.709028 0.017969 0.031944
2 0.573828 0.748611 0.014844 0.033333
2 0.537500 0.698611 0.017188 0.008333
2 0.540625 0.693056 0.015625 0.000000
2 0.553516 0.698611 0.016406 0.008333
2 0.557031 0.693750 0.015625 0.001389
1 0.653125 0.694444 0.003125 0.019444
2 0.662891 0.700694 0.016406 0.012500
2 0.705859 0.700694 0.000781 0.009722
2 0.679688 0.701389 0.015625 0.008333
2 0.680469 0.700000 0.015625 0.011111
2 0.696875 0.701389 0.015625 0.008333
2 0.696875 0.695833 0.015625 0.000000
1 0.534375 0.742361 0.073438 0.098611
2 0.505859 0.705556 0.016406 0.005556
2 0.557031 0.721528 0.020313 0.034722
2 0.550000 0.765278 0.035937 0.036111
2 0.519922 0.706944 0.019531 0.002778
2 0.523438 0.704167 0.017188 0.000000
2 0.537500 0.706944 0.018750 0.002778
2 0.541406 0.704861 0.017188 0.001389
1 0.647266 0.702083 0.003906 0.015278
2 0.657813 0.709028 0.018750 0.006944
2 0.705469 0.709028 0.001563 0.004167
2 0.676172 0.709722 0.017969 0.002778
2 0.677344 0.706250 0.017188 0.001389
2 0.694922 0.709722 0.017969 0.002778
2 0.695312 0.706944 0.017188 0.000000
1 0.522266 0.752778 0.085156 0.111111
2 0.493359 0.772917 0.021094 0.034722
2 0.502344 0.753472 0.009375 0.001389
2 0.494531 0.726389 0.023438 0.036111
2 0.550391 0.727778 0.022656 0.036111
2 0.532031 0.772222 0.059375 0.038889
2 0.511719 0.728472 0.020313 0.034722
2 0.514844 0.709028 0.017188 0.001389
2 0.530469 0.728472 0.020313 0.034722
2 0.533203 0.709722 0.017969 0.000000
1 0.674609 0.750000 0.063281 0.102778
2 0.655469 0.778472 0.018750 0.034722
2 0.665625 0.776389 0.000000 0.030556
2 0.655469 0.729861 0.018750 0.037500
2 0.705469 0.731250 0.001563 0.037500
2 0.686328 0.778472 0.039844 0.034722
2 0.675000 0.731250 0.018750 0.034722
2 0.675391 0.723611 0.017969 0.025000
2 0.694531 0.731944 0.018750 0.036111
2 0.694531 0.712500 0.018750 0.002778
2 0.280078 0.813194 0.052344 0.040278
2 0.291406 0.788194 0.029687 0.009722
2 0.370703 0.823611 0.071094 0.050000
2 0.413672 0.812500 0.014844 0.047222
2 0.370703 0.781944 0.071094 0.047222
2 0.414062 0.772222 0.014063 0.044444
2 0.371094 0.738889 0.070312 0.050000
2 0.382812 0.731250 0.076563 0.045833