3 0.706250 0.931250 0.585938 0.134722
6 0.794531 0.964583 0.181250 0.068056
7 0.968359 0.897222 0.016406 0.022222
8 0.665625 0.971528 0.057813 0.054167
5 0.666016 0.955556 0.050781 0.025000
8 0.603516 0.969444 0.060156 0.058333
5 0.603906 0.951389 0.053125 0.025000
8 0.721875 0.972917 0.056250 0.051389
5 0.722266 0.958333 0.049219 0.025000
8 0.787109 0.972917 0.053906 0.043056
5 0.788672 0.963194 0.046094 0.026389
8 0.586719 0.979861 0.065625 0.037500
5 0.587500 0.975000 0.057813 0.030556
8 0.653125 0.981944 0.064062 0.033333
5 0.653906 0.979861 0.056250 0.031944
8 0.714063 0.984028 0.060937 0.029167
5 0.714453 0.983333 0.053906 0.030556
8 0.783984 0.986111 0.058594 0.025000
5 0.785156 0.985417 0.051562 0.026389
8 0.897266 0.986806 0.024219 0.023611
5 0.895703 0.974306 0.025781 0.029167
8 0.966016 0.991667 0.007031 0.013889
5 0.980469 0.977778 0.037500 0.027778
8 0.970703 0.993056 0.003906 0.011111
5 0.985547 0.992361 0.027344 0.012500
0 0.141797 0.915278 0.183594 0.166667
1 0.617188 0.829861 0.085938 0.118056
2 0.589453 0.789583 0.022656 0.012500
2 0.645703 0.803472 0.021094 0.037500
2 0.649609 0.850000 0.013281 0.038889
2 0.607031 0.790972 0.020313 0.009722
2 0.609766 0.784722 0.017969 0.000000
2 0.625391 0.791667 0.019531 0.011111
2 0.628516 0.785417 0.017969 0.001389
1 0.784375 0.788194 0.087500 0.026389
2 0.753516 0.802083 0.019531 0.029167
2 0.814063 0.795139 0.020313 0.012500
2 0.773438 0.794444 0.018750 0.011111
2 0.773828 0.793750 0.019531 0.012500
2 0.793750 0.795139 0.020313 0.009722
2 0.793359 0.788194 0.019531 0.001389
1 0.600000 0.847917 0.095312 0.131944
2 0.568359 0.804167 0.025781 0.016667
2 0.631250 0.818750 0.025000 0.043056
2 0.634375 0.869444 0.020313 0.044444
2 0.587500 0.805556 0.021875 0.013889
2 0.592187 0.797917 0.020313 0.001389
2 0.608984 0.806944 0.022656 0.013889
2 0.612109 0.797917 0.021094 0.001389
1 0.782813 0.843056 0.093750 0.113889
2 0.750391 0.810417 0.021094 0.020833
2 0.817578 0.811111 0.022656 0.016667
2 0.772656 0.810417 0.021875 0.015278
2 0.773047 0.802083 0.021094 0.001389
2 0.795312 0.811806 0.021875 0.015278
2 0.795312 0.802778 0.021875 0.002778
1 0.580078 0.870139 0.102344 0.145833
2 0.542969 0.816667 0.028125 0.008333
2 0.611719 0.838889 0.028125 0.047222
2 0.621484 0.897222 0.011719 0.050000
2 0.562891 0.818750 0.025781 0.004167
2 0.567578 0.815278 0.024219 0.002778
2 0.586328 0.819444 0.025781 0.005556
2 0.590625 0.815278 0.023438 0.002778
1 0.745313 0.867361 0.029687 0.129167
2 0.759766 0.909028 0.000781 0.037500
2 0.760156 0.912500 0.000000 0.019444
2 0.746484 0.833333 0.024219 0.030556
2 0.819531 0.824306 0.020313 0.006944
2 0.771875 0.824306 0.025000 0.004167
2 0.772266 0.820833 0.024219 0.005556
2 0.797656 0.825000 0.025000 0.005556
2 0.797266 0.820833 0.024219 0.002778
1 0.565234 0.877083 0.114844 0.140278
2 0.534766 0.908333 0.011719 0.050000
2 0.536328 0.882639 0.014844 0.004167
2 0.536719 0.845833 0.015625 0.050000
2 0.602734 0.848611 0.030469 0.052778
2 0.578516 0.909722 0.080469 0.055556
2 0.551172 0.848611 0.027344 0.047222
2 0.555859 0.822222 0.025781 0.002778
2 0.575781 0.849306 0.026562 0.048611
2 0.580859 0.823611 0.025781 0.002778
1 0.779297 0.883333 0.103906 0.147222
2 0.745703 0.917361 0.025781 0.051389
2 0.746094 0.893750 0.025000 0.009722
2 0.744922 0.852778 0.025781 0.052778
2 0.820703 0.855556 0.019531 0.052778
2 0.795703 0.918750 0.071094 0.056944
2 0.771875 0.855556 0.026562 0.050000
2 0.772266 0.851389 0.025781 0.047222
2 0.798828 0.856944 0.027344 0.050000
2 0.798047 0.829167 0.025781 0.002778
2 0.237500 0.969444 0.093750 0.058333
2 0.257812 0.932639 0.053125 0.018056
2 0.342187 0.975000 0.115625 0.047222
2 0.412500 0.966667 0.023438 0.063889
2 0.342187 0.931250 0.115625 0.070833
2 0.412891 0.913889 0.024219 0.066667
2 0.342969 0.870139 0.115625 0.073611
2 0.371484 0.856944 0.107031 0.066667