3 0.499609 0.841667 0.999219 0.313889
4 0.589453 0.962500 0.003906 0.072222
5 0.195312 0.776389 0.071875 0.027778
5 0.195312 0.776389 0.071875 0.027778
5 0.195312 0.776389 0.071875 0.027778
5 0.195312 0.761806 0.071875 0.029167
5 0.195312 0.761806 0.071875 0.029167
5 0.195312 0.761806 0.071875 0.029167
5 0.195312 0.788889 0.071875 0.027778
5 0.195312 0.788889 0.071875 0.027778
5 0.195312 0.788889 0.071875 0.027778
5 0.277734 0.773611 0.067969 0.025000
5 0.277734 0.773611 0.067969 0.025000
5 0.277734 0.773611 0.067969 0.025000
5 0.277734 0.761806 0.067969 0.026389
5 0.277734 0.761806 0.067969 0.026389
5 0.277734 0.761806 0.067969 0.026389
5 0.277734 0.750694 0.067969 0.023611
5 0.277734 0.750694 0.067969 0.023611
5 0.277734 0.750694 0.067969 0.023611
5 0.277734 0.735417 0.067969 0.026389
5 0.277734 0.735417 0.067969 0.026389
5 0.277734 0.735417 0.067969 0.026389
6 0.561328 0.848611 0.082031 0.113889
6 0.471875 0.808333 0.067187 0.111111
6 0.562109 0.754861 0.083594 0.118056
6 0.516016 0.825694 0.075781 0.115278
6 0.812891 0.939583 0.091406 0.118056
6 0.940234 0.959028 0.117969 0.079167
7 0.405469 0.957639 0.092188 0.051389
8 0.668750 0.970833 0.101562 0.055556
5 0.668359 0.965278 0.091406 0.047222
8 0.619531 0.966667 0.096875 0.063889
5 0.619141 0.940278 0.086719 0.041667
8 0.576562 0.942361 0.092188 0.081944
5 0.576172 0.920833 0.083594 0.038889
8 0.536328 0.920139 0.088281 0.076389
5 0.535547 0.900000 0.078906 0.036111
8 0.646484 0.917361 0.088281 0.068056
5 0.646484 0.900000 0.078906 0.036111
8 0.604688 0.892361 0.084375 0.029167
5 0.604297 0.880556 0.075781 0.033333
8 0.686328 0.931250 0.083594 0.034722
5 0.689453 0.917361 0.082031 0.037500
8 0.711328 0.968056 0.038281 0.061111
5 0.713672 0.943056 0.033594 0.036111
8 0.825000 0.761111 0.056250 0.033333
5 0.825391 0.746528 0.050781 0.015278
8 0.796875 0.753472 0.046875 0.034722
5 0.792578 0.738194 0.049219 0.015278
8 0.857812 0.768056 0.057813 0.030556
5 0.857422 0.754167 0.052344 0.016667
8 0.885938 0.780556 0.042188 0.038889
5 0.887500 0.763194 0.039062 0.018056
8 0.753516 0.759722 0.057031 0.030556
5 0.753516 0.745139 0.050781 0.009722
8 0.791016 0.771528 0.046094 0.037500
5 0.790234 0.754861 0.044531 0.018056
8 0.818359 0.780556 0.060156 0.038889
5 0.818359 0.763194 0.053906 0.018056
8 0.855469 0.790972 0.062500 0.040278
5 0.855078 0.772222 0.055469 0.019444
8 0.997656 0.848611 0.000000 0.000000
8 0.979688 0.785417 0.029687 0.012500
5 0.964453 0.781944 0.032031 0.019444
5 0.996484 0.788889 0.002344 0.008333
0 0.943750 0.796528 0.110937 0.237500
0 0.434766 0.714583 0.089844 0.168056
1 0.964063 0.641667 0.070312 0.050000
2 0.951562 0.663889 0.000000 0.000000
2 0.945703 0.634028 0.027344 0.012500
2 0.987109 0.647917 0.024219 0.029167
2 0.954688 0.644444 0.017188 0.027778
2 0.964453 0.629861 0.014844 0.001389
2 0.970313 0.646528 0.020313 0.029167
2 0.980469 0.631250 0.015625 0.001389
1 0.914062 0.669444 0.081250 0.088889
2 0.886719 0.684028 0.020313 0.018056
2 0.896484 0.674306 0.014844 0.001389
2 0.891797 0.650694 0.030469 0.031944
2 0.939844 0.654861 0.021875 0.026389
2 0.900000 0.690972 0.014063 0.029167
2 0.899219 0.654167 0.017188 0.030556
2 0.905078 0.638194 0.005469 0.001389
2 0.906250 0.655556 0.003125 0.027778
2 0.932813 0.640278 0.007812 0.000000
1 0.850000 0.689583 0.084375 0.112500
2 0.828125 0.647222 0.032813 0.005556
2 0.871484 0.668750 0.033594 0.034722
2 0.866797 0.709722 0.044531 0.036111
2 0.836719 0.650694 0.021875 0.004167
2 0.847656 0.647917 0.017188 0.001389
2 0.849609 0.652778 0.019531 0.005556
2 0.861328 0.650000 0.021094 0.002778
1 0.952344 0.659722 0.023438 0.016667
2 0.962500 0.667361 0.035937 0.006944
2 0.998437 0.675694 0.001563 0.001389
2 0.973437 0.670833 0.023438 0.005556
2 0.987500 0.668056 0.021875 0.002778
2 0.989453 0.673611 0.019531 0.005556
2 0.996094 0.669444 0.006250 0.002778
1 0.822266 0.691667 0.085156 0.108333
2 0.794531 0.708333 0.023438 0.033333
2 0.800781 0.691667 0.012500 0.002778
2 0.800000 0.665972 0.034375 0.034722
2 0.843359 0.673611 0.035156 0.036111
2 0.829297 0.713889 0.064844 0.041667
2 0.808984 0.669444 0.024219 0.033333
2 0.820703 0.652083 0.017969 0.001389
2 0.822266 0.672222 0.022656 0.033333
2 0.830859 0.654167 0.017969 0.002778
1 0.964063 0.716667 0.070312 0.122222
2 0.937109 0.731250 0.008594 0.026389
2 0.940234 0.717361 0.010156 0.001389
2 0.940625 0.687500 0.025000 0.038889
2 0.984375 0.695139 0.029687 0.034722
2 0.966016 0.740278 0.063281 0.044444
2 0.946094 0.690972 0.025000 0.034722
2 0.958594 0.672917 0.023438 0.004167
2 0.963672 0.695139 0.024219 0.037500
2 0.976172 0.675694 0.022656 0.004167
2 0.577734 0.720833 0.036719 0.047222
2 0.594531 0.697222 0.003125 0.002778
2 0.630078 0.734722 0.066406 0.044444
2 0.680469 0.730556 0.032813 0.038889
2 0.630078 0.700000 0.066406 0.041667
2 0.680469 0.697222 0.032813 0.036111
2 0.630078 0.663889 0.066406 0.044444
2 0.664062 0.659722 0.065625 0.044444