3 0.499609 0.893750 0.999219 0.209722
4 0.950391 0.919444 0.016406 0.116667
5 0.020703 0.899306 0.041406 0.031944
5 0.020703 0.899306 0.041406 0.031944
5 0.020703 0.899306 0.041406 0.031944
5 0.021094 0.878472 0.042188 0.031944
5 0.021094 0.878472 0.042188 0.031944
5 0.021094 0.878472 0.042188 0.031944
5 0.020703 0.917361 0.041406 0.034722
5 0.020703 0.917361 0.041406 0.034722
5 0.020703 0.917361 0.041406 0.034722
5 0.066406 0.894444 0.084375 0.030556
5 0.066406 0.894444 0.084375 0.030556
5 0.066406 0.894444 0.084375 0.030556
5 0.066797 0.878472 0.085156 0.029167
5 0.066797 0.878472 0.085156 0.029167
5 0.066797 0.878472 0.085156 0.029167
5 0.066797 0.859722 0.085156 0.027778
5 0.066797 0.859722 0.085156 0.027778
5 0.066797 0.859722 0.085156 0.027778
5 0.067187 0.840972 0.084375 0.026389
5 0.067187 0.840972 0.084375 0.026389
5 0.067187 0.840972 0.084375 0.026389
6 0.637891 0.865972 0.072656 0.112500
6 0.480078 0.857639 0.085156 0.115278
6 0.637109 0.763889 0.072656 0.111111
6 0.526953 0.859028 0.021094 0.115278
6 0.996484 0.872222 0.005469 0.116667
7 0.696094 0.965972 0.048438 0.045833
7 0.930469 0.797222 0.023438 0.013889
7 0.982422 0.797917 0.027344 0.012500
7 0.809766 0.795139 0.017969 0.012500
8 0.953125 0.927778 0.073438 0.072222
5 0.953906 0.902778 0.065625 0.027778
8 0.875391 0.924306 0.066406 0.070833
5 0.876172 0.899306 0.058594 0.026389
8 0.809375 0.921528 0.060937 0.070833
5 0.809375 0.897917 0.053125 0.026389
8 0.733594 0.918056 0.059375 0.069444
5 0.733984 0.894444 0.052344 0.025000
8 0.806641 0.898611 0.055469 0.052778
5 0.807031 0.881250 0.048438 0.023611
8 0.737109 0.897917 0.055469 0.056944
5 0.737891 0.875694 0.047656 0.018056
8 0.867969 0.904861 0.060937 0.062500
5 0.868359 0.882639 0.053906 0.023611
8 0.939453 0.907639 0.066406 0.065278
5 0.939844 0.885417 0.059375 0.023611
8 0.602344 0.829167 0.000000 0.000000
5 0.537500 0.802778 0.000000 0.000000
8 0.630469 0.826389 0.034375 0.019444
8 0.661719 0.826389 0.009375 0.019444
8 0.523438 0.820139 0.001563 0.018056
5 0.532813 0.804861 0.004687 0.001389
8 0.601953 0.833333 0.000781 0.008333
8 0.632031 0.829861 0.021875 0.029167
5 0.624219 0.812500 0.023438 0.008333
8 0.660937 0.830556 0.025000 0.027778
5 0.656641 0.816667 0.008594 0.000000
8 0.890234 0.810417 0.000781 0.001389
5 0.886719 0.809722 0.006250 0.002778
8 0.888281 0.806944 0.003125 0.002778
5 0.884375 0.805556 0.003125 0.002778
5 0.887500 0.812500 0.007812 0.000000
8 0.749219 0.822917 0.035937 0.037500
5 0.749609 0.808333 0.032031 0.011111
8 0.791406 0.823611 0.035937 0.036111
5 0.792969 0.809028 0.034375 0.009722
8 0.799609 0.826389 0.036719 0.030556
5 0.799219 0.811806 0.032813 0.004167
8 0.799219 0.835417 0.039062 0.037500
5 0.799609 0.820139 0.035156 0.009722
0 0.892188 0.781250 0.153125 0.187500
0 0.268359 0.786111 0.133594 0.197222
1 0.746484 0.939583 0.130469 0.118056
1 0.676172 0.964583 0.027344 0.068056
1 0.535547 0.718750 0.000781 0.009722
2 0.537500 0.723611 0.000000 0.000000
1 0.688672 0.756250 0.063281 0.084722
2 0.665625 0.723611 0.012500 0.002778
2 0.711328 0.724306 0.002344 0.001389
2 0.717187 0.772222 0.000000 0.000000
2 0.695703 0.724306 0.005469 0.001389
1 0.522266 0.721528 0.007031 0.012500
2 0.529687 0.726389 0.015625 0.002778
2 0.537109 0.727083 0.000781 0.001389
1 0.684375 0.761806 0.068750 0.090278
2 0.660547 0.727778 0.014844 0.002778
2 0.711328 0.727778 0.002344 0.002778
2 0.670312 0.727778 0.003125 0.002778
2 0.695703 0.727778 0.005469 0.002778
1 0.506250 0.743056 0.001563 0.050000
2 0.512109 0.769444 0.013281 0.000000
2 0.514062 0.768056 0.015625 0.000000
2 0.512109 0.729167 0.013281 0.000000
2 0.528516 0.768750 0.017969 0.001389
2 0.527734 0.729167 0.016406 0.000000
2 0.537109 0.729167 0.000781 0.000000
1 0.679688 0.769444 0.075000 0.100000
2 0.653516 0.772222 0.014844 0.000000
2 0.654297 0.769444 0.013281 0.000000
2 0.654687 0.729167 0.015625 0.000000
2 0.705078 0.745139 0.016406 0.029167
2 0.702344 0.771528 0.020313 0.001389
2 0.694531 0.730556 0.003125 0.000000
1 0.513672 0.770833 0.047656 0.100000
2 0.508594 0.787500 0.006250 0.030556
2 0.510156 0.770833 0.009375 0.000000
2 0.509375 0.745833 0.007812 0.030556
2 0.524219 0.786806 0.026562 0.031944
2 0.518359 0.746528 0.016406 0.029167
2 0.521875 0.730556 0.015625 0.000000
2 0.532422 0.746528 0.010156 0.029167
2 0.533984 0.730556 0.007031 0.000000
1 0.677344 0.772917 0.078125 0.104167
2 0.650391 0.781944 0.017969 0.016667
2 0.648828 0.773611 0.003906 0.000000
2 0.650000 0.747222 0.017188 0.030556
2 0.703906 0.747917 0.017188 0.031944
2 0.686719 0.790278 0.053125 0.033333
2 0.666406 0.747222 0.014063 0.030556
2 0.693359 0.748611 0.002344 0.030556
2 0.693359 0.731944 0.002344 0.000000
2 0.390234 0.820833 0.063281 0.041667
2 0.429297 0.814583 0.013281 0.040278
2 0.390625 0.782639 0.062500 0.040278
2 0.429297 0.778472 0.013281 0.037500
2 0.390625 0.744444 0.062500 0.038889
2 0.402344 0.742361 0.067187 0.037500