3 0.499609 0.906250 0.999219 0.184722
4 0.531641 0.804167 0.003906 0.088889
4 0.675391 0.820833 0.061719 0.130556
4 0.810547 0.827083 0.022656 0.145833
4 0.925391 0.834722 0.092969 0.169444
5 0.228906 0.808333 0.067187 0.011111
5 0.228906 0.808333 0.067187 0.011111
5 0.228906 0.808333 0.067187 0.011111
5 0.228906 0.795139 0.067187 0.012500
5 0.228906 0.795139 0.067187 0.012500
5 0.228906 0.795139 0.067187 0.012500
5 0.228516 0.820833 0.066406 0.011111
5 0.228516 0.820833 0.066406 0.011111
5 0.228516 0.820833 0.066406 0.011111
5 0.308984 0.818750 0.064844 0.009722
5 0.308984 0.818750 0.064844 0.009722
5 0.308984 0.818750 0.064844 0.009722
5 0.309375 0.806944 0.064062 0.011111
5 0.309375 0.806944 0.064062 0.011111
5 0.309375 0.806944 0.064062 0.011111
5 0.309375 0.794444 0.064062 0.011111
5 0.309375 0.794444 0.064062 0.011111
5 0.309375 0.794444 0.064062 0.011111
5 0.309375 0.781944 0.064062 0.011111
5 0.309375 0.781944 0.064062 0.011111
5 0.309375 0.781944 0.064062 0.011111
6 0.547266 0.795139 0.075781 0.098611
6 0.474219 0.792361 0.064062 0.087500
6 0.547656 0.706250 0.078125 0.098611
6 0.511328 0.793750 0.063281 0.093056
6 0.744141 0.802778 0.100781 0.133333
6 0.855859 0.804861 0.110156 0.145833
7 0.622656 0.890278 0.132812 0.050000
7 0.376953 0.842361 0.088281 0.023611
7 0.556250 0.865278 0.109375 0.030556
8 0.952734 0.862500 0.092969 0.075000
5 0.956250 0.825694 0.085938 0.020833
8 0.913281 0.864583 0.148438 0.084722
5 0.915234 0.827778 0.133594 0.022222
8 0.611328 0.835417 0.094531 0.054167
5 0.612109 0.811806 0.088281 0.012500
8 0.573828 0.831944 0.091406 0.050000
5 0.574609 0.809028 0.080469 0.012500
8 0.539062 0.829861 0.087500 0.048611
5 0.539062 0.808333 0.079687 0.011111
8 0.507031 0.827778 0.082812 0.047222
5 0.506641 0.806944 0.075781 0.011111
8 0.613672 0.837500 0.083594 0.027778
5 0.609375 0.802083 0.070312 0.001389
8 0.567187 0.834722 0.056250 0.027778
5 0.576953 0.800694 0.067969 0.001389
8 0.632031 0.834028 0.051562 0.045833
5 0.642969 0.808333 0.067187 0.011111
8 0.678516 0.834722 0.055469 0.052778
5 0.663672 0.806250 0.025781 0.004167
8 0.851172 0.811806 0.033594 0.009722
8 0.819141 0.811111 0.033594 0.025000
5 0.817187 0.791667 0.046875 0.000000
8 0.862109 0.811806 0.028906 0.009722
5 0.864453 0.793056 0.017969 0.000000
8 0.798047 0.814583 0.007031 0.020833
8 0.813281 0.811806 0.039062 0.031944
5 0.797656 0.796528 0.007812 0.006944
8 0.848047 0.815278 0.032031 0.022222
5 0.833203 0.793750 0.042969 0.001389
8 0.856250 0.816667 0.039062 0.025000
5 0.856250 0.795139 0.035937 0.001389
8 0.996094 0.809722 0.000000 0.002778
5 0.996094 0.806944 0.000000 0.000000
0 0.936328 0.740972 0.125781 0.212500
0 0.456250 0.747917 0.079687 0.154167
1 0.994141 0.768750 0.010156 0.004167
1 0.986328 0.745833 0.024219 0.050000
1 0.873437 0.768056 0.062500 0.100000
2 0.898438 0.730556 0.012500 0.002778
1 0.987109 0.743056 0.024219 0.055556
1 0.853125 0.761806 0.084375 0.090278
2 0.821484 0.780556 0.013281 0.016667
2 0.820703 0.745139 0.013281 0.029167
2 0.873047 0.744444 0.036719 0.030556
2 0.851562 0.781944 0.045312 0.019444
2 0.833984 0.745139 0.013281 0.029167
2 0.847656 0.744444 0.014063 0.030556
1 0.969922 0.742361 0.058594 0.043056
2 0.945312 0.729167 0.007812 0.008333
2 0.995703 0.740972 0.007031 0.034722
2 0.994141 0.783333 0.010156 0.022222
2 0.969141 0.729861 0.003906 0.009722
2 0.983594 0.740972 0.017188 0.034722
2 0.989844 0.758333 0.000000 0.000000
2 0.608594 0.793056 0.032813 0.013889
2 0.651172 0.793750 0.050781 0.015278
2 0.650781 0.768750 0.050000 0.034722
2 0.650391 0.735417 0.050781 0.034722
2 0.709375 0.731250 0.031250 0.026389