3 0.499609 0.836806 0.999219 0.323611
4 0.411719 0.700000 0.001563 0.047222
4 0.412891 0.715972 0.022656 0.056944
4 0.426953 0.726389 0.007031 0.061111
4 0.424219 0.735417 0.026562 0.068056
4 0.441016 0.747917 0.008594 0.070833
4 0.439063 0.760417 0.031250 0.079167
4 0.459375 0.776389 0.009375 0.083333
4 0.469141 0.791667 0.016406 0.097222
4 0.526172 0.878472 0.016406 0.126389
4 0.533594 0.920833 0.062500 0.155556
4 0.634375 0.964583 0.034375 0.068056
4 0.083594 0.703472 0.001563 0.045833
4 0.055078 0.709722 0.011719 0.033333
4 0.034766 0.713889 0.002344 0.025000
4 0.014844 0.746528 0.014063 0.073611
8 0.478906 0.768056 0.042188 0.047222
8 0.862500 0.707639 0.062500 0.009722
5 0.392188 0.672222 0.035937 0.008333
5 0.392188 0.672222 0.035937 0.008333
5 0.392188 0.672222 0.035937 0.008333
5 0.392188 0.664583 0.035937 0.006944
5 0.392188 0.664583 0.035937 0.006944
5 0.392188 0.664583 0.035937 0.006944
5 0.392188 0.679861 0.035937 0.006944
5 0.392188 0.679861 0.035937 0.006944
5 0.392188 0.679861 0.035937 0.006944
5 0.444141 0.678472 0.036719 0.006944
5 0.444141 0.678472 0.036719 0.006944
5 0.444141 0.678472 0.036719 0.006944
5 0.444141 0.671528 0.036719 0.006944
5 0.444141 0.671528 0.036719 0.006944
5 0.444141 0.671528 0.036719 0.006944
5 0.444141 0.664583 0.036719 0.006944
5 0.444141 0.664583 0.036719 0.006944
5 0.444141 0.664583 0.036719 0.006944
5 0.444141 0.656250 0.036719 0.006944
5 0.444141 0.656250 0.036719 0.006944
5 0.444141 0.656250 0.036719 0.006944
6 0.497266 0.661806 0.028906 0.015278
6 0.485156 0.673611 0.028125 0.050000
6 0.497266 0.631944 0.028906 0.055556
6 0.501953 0.663194 0.003906 0.009722
6 0.505859 0.697222 0.046094 0.058333
6 0.528516 0.706944 0.058594 0.069444
7 0.587891 0.782639 0.058594 0.018056
7 0.602734 0.798611 0.074219 0.022222
7 0.996875 0.789583 0.004687 0.006944
7 0.337109 0.790278 0.030469 0.027778
7 0.047656 0.830556 0.021875 0.008333
7 0.335938 0.748611 0.025000 0.019444
7 0.376563 0.709028 0.042188 0.012500
7 0.384766 0.731944 0.049219 0.013889
6 0.006641 0.659722 0.013281 0.080556
6 0.006250 0.710417 0.012500 0.037500
6 0.754687 0.901389 0.095312 0.194444
6 0.772656 0.915972 0.056250 0.165278
6 0.706250 0.872917 0.104688 0.181944
6 0.671875 0.845139 0.093750 0.162500
8 0.580469 0.830556 0.078125 0.061111
5 0.582422 0.806944 0.077344 0.016667
8 0.599609 0.846528 0.091406 0.065278
5 0.598437 0.822222 0.082812 0.022222
8 0.568359 0.786806 0.050781 0.023611
5 0.570312 0.782639 0.046875 0.020833
8 0.515234 0.804861 0.058594 0.056944
5 0.515625 0.784028 0.051562 0.020833
8 0.517188 0.740278 0.020313 0.011111
5 0.517188 0.727778 0.020313 0.011111
8 0.465625 0.746528 0.039062 0.031944
5 0.458203 0.729167 0.021094 0.011111
8 0.455469 0.711806 0.040625 0.023611
5 0.455469 0.702778 0.037500 0.008333
8 0.453516 0.709722 0.041406 0.027778
5 0.453125 0.698611 0.037500 0.008333
8 0.432031 0.706250 0.006250 0.026389
5 0.446875 0.695139 0.032813 0.006944
8 0.429688 0.703472 0.004687 0.026389
5 0.446094 0.690278 0.034375 0.002778
8 0.475781 0.693056 0.000000 0.000000
8 0.474609 0.694444 0.002344 0.008333
5 0.475000 0.690972 0.001563 0.004167
8 0.742969 0.673611 0.000000 0.000000
5 0.753906 0.672917 0.020313 0.001389
8 0.813281 0.682639 0.001563 0.001389
5 0.809766 0.681944 0.003906 0.002778
5 0.739844 0.673611 0.000000 0.000000
5 0.741797 0.675694 0.003906 0.001389
8 0.742969 0.688889 0.000000 0.000000
5 0.741797 0.680556 0.003906 0.005556
8 0.741406 0.694444 0.003125 0.022222
5 0.741797 0.683333 0.003906 0.005556
8 0.839453 0.704167 0.036719 0.013889
5 0.839063 0.697222 0.035937 0.008333
8 0.873437 0.701389 0.042188 0.016667
5 0.873047 0.695833 0.036719 0.008333
8 0.820703 0.709028 0.021094 0.020833
5 0.818750 0.697222 0.018750 0.008333
8 0.826172 0.691667 0.014844 0.000000
5 0.819922 0.685417 0.022656 0.001389
8 0.830078 0.702778 0.039844 0.025000
5 0.827734 0.690278 0.038281 0.005556
8 0.810937 0.711111 0.000000 0.008333
5 0.809766 0.691667 0.000781 0.000000
8 0.743359 0.694444 0.000781 0.008333
8 0.953125 0.727778 0.028125 0.005556
5 0.947266 0.720139 0.039844 0.009722
5 0.929297 0.712500 0.039844 0.002778
8 0.993750 0.753472 0.010937 0.034722
5 0.994922 0.738889 0.008594 0.008333
8 0.981641 0.747222 0.035156 0.033333
5 0.983203 0.733333 0.032031 0.011111
8 0.955469 0.756944 0.068750 0.038889
5 0.955078 0.740972 0.061719 0.012500
8 0.930078 0.749306 0.061719 0.037500
5 0.932031 0.734722 0.059375 0.011111
0 0.784375 0.685417 0.081250 0.168056
0 0.699219 0.661806 0.040625 0.131944
0 0.516797 0.630556 0.024219 0.077778
0 0.097656 0.858333 0.195312 0.280556
0 0.252734 0.793056 0.102344 0.336111
1 0.138281 0.654167 0.060937 0.075000
1 0.133203 0.656944 0.061719 0.077778
1 0.075391 0.655556 0.063281 0.075000
1 0.069141 0.657639 0.064844 0.079167
1 0.025781 0.655556 0.040625 0.075000
1 0.022266 0.658333 0.033594 0.077778
1 0.045312 0.677778 0.054688 0.097222
1 0.016406 0.674306 0.023438 0.090278
1 0.011719 0.683333 0.023438 0.088889
1 0.878906 0.877778 0.240625 0.241667
2 0.967187 0.811111 0.064062 0.033333
2 0.823828 0.868056 0.107031 0.138889
2 0.823047 0.968750 0.105469 0.059722
2 0.921484 0.802083 0.080469 0.012500
2 0.953516 0.818750 0.085156 0.023611
2 0.867188 0.803472 0.073438 0.012500
2 0.894531 0.820139 0.084375 0.023611
1 0.911719 0.894444 0.175000 0.208333
2 0.905469 0.915972 0.134375 0.165278
2 0.859375 0.997222 0.043750 0.002778
2 0.981641 0.836806 0.035156 0.015278
2 0.950781 0.838889 0.093750 0.016667
2 0.967578 0.921528 0.063281 0.151389
1 0.995313 0.638194 0.007812 0.045833
2 0.977344 0.659722 0.000000 0.000000
2 0.987109 0.625694 0.021094 0.004167
2 0.994531 0.627083 0.006250 0.004167
2 0.988281 0.660417 0.020313 0.001389
2 0.980469 0.627083 0.006250 0.001389
2 0.989062 0.626389 0.004687 0.002778
1 0.925391 0.654167 0.053906 0.075000
2 0.901953 0.661111 0.000781 0.000000
2 0.912109 0.625694 0.022656 0.004167
2 0.934766 0.636806 0.028906 0.020833
2 0.929297 0.667361 0.041406 0.023611
2 0.910547 0.627083 0.003906 0.004167
2 0.919141 0.627083 0.011719 0.004167
2 0.934375 0.625000 0.012500 0.000000
1 0.982031 0.661806 0.034375 0.084722
2 0.966016 0.672917 0.002344 0.023611
2 0.983203 0.661111 0.011719 0.000000
2 0.965625 0.640972 0.001563 0.023611
2 0.992188 0.643056 0.014063 0.025000
2 0.988281 0.675694 0.021875 0.026389
2 0.980078 0.629167 0.007031 0.000000
2 0.990625 0.629167 0.012500 0.000000
2 0.980469 0.642361 0.007812 0.023611
1 0.840234 0.654861 0.033594 0.076389
2 0.831641 0.654167 0.011719 0.000000
2 0.840625 0.654167 0.004687 0.000000
2 0.828125 0.625000 0.004687 0.000000
2 0.855078 0.637500 0.024219 0.022222
2 0.847266 0.667361 0.019531 0.023611
2 0.838672 0.625000 0.014844 0.000000
2 0.851953 0.625000 0.010156 0.000000
2 0.839844 0.626389 0.000000 0.000000
1 0.906641 0.663194 0.058594 0.084722
2 0.888281 0.662500 0.017188 0.000000
2 0.903125 0.662500 0.010937 0.000000
2 0.894141 0.629167 0.028906 0.000000
2 0.916797 0.643750 0.032031 0.023611
2 0.913672 0.676389 0.039844 0.027778
2 0.889844 0.630556 0.004687 0.000000
2 0.900781 0.642361 0.015625 0.023611
2 0.916406 0.630556 0.014063 0.000000
1 0.817578 0.652083 0.049219 0.070833
2 0.795312 0.665278 0.000000 0.008333
2 0.795312 0.635417 0.000000 0.020833
2 0.825391 0.637500 0.028906 0.022222
2 0.823438 0.668056 0.034375 0.025000
2 0.809375 0.625000 0.006250 0.000000
2 0.819141 0.625000 0.011719 0.000000
2 0.808203 0.637500 0.003906 0.022222
1 0.872266 0.663194 0.057031 0.084722
2 0.851562 0.675000 0.010937 0.025000
2 0.856641 0.641667 0.021094 0.025000
2 0.881641 0.644444 0.032031 0.025000
2 0.875391 0.677778 0.046094 0.027778
2 0.854688 0.642361 0.004687 0.023611
2 0.866016 0.640972 0.002344 0.020833
2 0.881250 0.630556 0.010937 0.000000
2 0.903516 0.734722 0.069531 0.047222
2 0.855078 0.735417 0.067969 0.045833
2 0.653516 0.670833 0.010156 0.025000
2 0.668750 0.674306 0.018750 0.026389
2 0.673047 0.650694 0.027344 0.023611
2 0.717969 0.650000 0.001563 0.013889
2 0.672656 0.627778 0.026562 0.025000
2 0.712500 0.625000 0.012500 0.019444
5 0.481641 0.706250 0.049219 0.012500
5 0.481641 0.715972 0.049219 0.012500
5 0.481641 0.724306 0.049219 0.012500
5 0.481641 0.733333 0.049219 0.013889
5 0.481641 0.752083 0.049219 0.012500
5 0.481641 0.742361 0.049219 0.012500
5 0.481641 0.770139 0.049219 0.012500
5 0.481641 0.760417 0.049219 0.012500
5 0.012500 0.724306 0.015625 0.006944
5 0.543750 0.722917 0.046875 0.012500
5 0.543750 0.731944 0.046875 0.013889
5 0.543750 0.750694 0.046875 0.015278
5 0.543750 0.741667 0.046875 0.013889
5 0.543750 0.768056 0.046875 0.013889
5 0.543750 0.759722 0.046875 0.013889
5 0.055859 0.722917 0.046094 0.006944
5 0.543750 0.714583 0.046875 0.012500
5 0.543750 0.706250 0.046875 0.012500
5 0.608203 0.721528 0.050781 0.012500
5 0.608203 0.731250 0.050781 0.012500
5 0.608203 0.749306 0.050781 0.012500
5 0.608203 0.740278 0.050781 0.013889
5 0.605859 0.766667 0.046094 0.013889
5 0.610938 0.757639 0.045312 0.012500
5 0.112891 0.722917 0.042969 0.006944
5 0.100781 0.726389 0.000000 0.000000
5 0.608203 0.714583 0.050781 0.012500
5 0.608203 0.704861 0.050781 0.012500
5 0.608203 0.652083 0.050781 0.009722
5 0.610547 0.661806 0.046094 0.009722
5 0.608203 0.679167 0.050781 0.011111
5 0.608203 0.670833 0.050781 0.011111
5 0.608203 0.697222 0.050781 0.011111
5 0.608203 0.687500 0.050781 0.011111
5 0.112891 0.718750 0.042969 0.009722
5 0.114062 0.710417 0.043750 0.009722
5 0.608203 0.644444 0.050781 0.011111
5 0.608203 0.635417 0.050781 0.009722