3 0.490625 0.833333 0.981250 0.330556
4 0.478516 0.809028 0.010156 0.073611
4 0.542578 0.857639 0.041406 0.087500
4 0.606641 0.890972 0.013281 0.093056
4 0.647656 0.926389 0.051562 0.105556
4 0.736328 0.958333 0.003906 0.080556
4 0.800391 0.979167 0.050781 0.038889
4 0.003516 0.868750 0.007031 0.087500
4 0.011328 0.941667 0.022656 0.105556
4 0.007031 0.965278 0.004687 0.066667
4 0.020313 0.991667 0.025000 0.013889
8 0.813281 0.977083 0.106250 0.043056
5 0.307422 0.706250 0.050781 0.012500
5 0.307422 0.706250 0.050781 0.012500
5 0.307422 0.706250 0.050781 0.012500
5 0.307422 0.695139 0.050781 0.015278
5 0.307422 0.695139 0.050781 0.015278
5 0.307422 0.695139 0.050781 0.015278
5 0.307422 0.715972 0.050781 0.012500
5 0.307422 0.715972 0.050781 0.012500
5 0.307422 0.715972 0.050781 0.012500
5 0.371094 0.710417 0.050000 0.012500
5 0.371094 0.710417 0.050000 0.012500
5 0.371094 0.710417 0.050000 0.012500
5 0.371094 0.702083 0.050000 0.012500
5 0.371094 0.702083 0.050000 0.012500
5 0.371094 0.702083 0.050000 0.012500
5 0.371094 0.692361 0.050000 0.012500
5 0.371094 0.692361 0.050000 0.012500
5 0.371094 0.692361 0.050000 0.012500
5 0.371094 0.680556 0.050000 0.013889
5 0.371094 0.680556 0.050000 0.013889
5 0.371094 0.680556 0.050000 0.013889
6 0.524219 0.740278 0.053125 0.063889
6 0.484766 0.720139 0.038281 0.065278
6 0.525000 0.681250 0.054688 0.079167
6 0.501563 0.730556 0.048438 0.069444
6 0.621094 0.808333 0.076563 0.105556
6 0.679688 0.826389 0.065625 0.105556
7 0.979688 0.998611 0.001563 0.000000
7 0.477734 0.940278 0.066406 0.050000
7 0.016406 0.928472 0.032813 0.031944
7 0.386719 0.800694 0.062500 0.023611
7 0.478516 0.870833 0.075781 0.030556
8 0.693359 0.898611 0.022656 0.047222
5 0.700000 0.880556 0.025000 0.022222
8 0.668359 0.920139 0.072656 0.068056
5 0.670312 0.894444 0.068750 0.036111
8 0.538281 0.823611 0.067187 0.044444
5 0.532422 0.804861 0.049219 0.020833
8 0.518750 0.810417 0.064062 0.043056
5 0.517969 0.793056 0.057813 0.019444
8 0.499219 0.797917 0.060937 0.045833
5 0.499219 0.782639 0.056250 0.018056
8 0.482812 0.788889 0.059375 0.038889
5 0.482031 0.772222 0.053125 0.016667
8 0.548047 0.783333 0.041406 0.019444
5 0.556250 0.777778 0.053125 0.016667
8 0.529687 0.772222 0.040625 0.016667
5 0.534375 0.766667 0.045312 0.016667
8 0.558203 0.800694 0.022656 0.034722
5 0.566016 0.784722 0.033594 0.013889
8 0.570312 0.809722 0.003125 0.030556
5 0.576172 0.795833 0.013281 0.008333
8 0.798438 0.704861 0.046875 0.001389
5 0.800391 0.704167 0.039844 0.005556
8 0.772656 0.712500 0.035937 0.027778
5 0.776563 0.700694 0.039062 0.009722
5 0.828125 0.709722 0.028125 0.008333
8 0.844141 0.726389 0.049219 0.022222
5 0.842969 0.716667 0.045312 0.008333
8 0.744922 0.715972 0.033594 0.026389
5 0.743750 0.703472 0.031250 0.009722
8 0.756641 0.725000 0.022656 0.025000
5 0.762891 0.709722 0.035156 0.011111
8 0.764062 0.727778 0.018750 0.030556
5 0.766016 0.714583 0.017969 0.009722
8 0.953906 0.767361 0.054688 0.040278
5 0.954297 0.752778 0.053906 0.016667
8 0.969531 0.759722 0.023438 0.030556
5 0.970703 0.746528 0.021094 0.009722
8 0.944531 0.773611 0.026562 0.030556
5 0.932031 0.756250 0.043750 0.018056
8 0.866016 0.764583 0.002344 0.012500
5 0.866797 0.759028 0.000781 0.001389
8 0.885156 0.738194 0.053125 0.018056
5 0.885156 0.729861 0.048438 0.012500
8 0.915234 0.743056 0.055469 0.013889
5 0.914844 0.738194 0.050000 0.012500
8 0.887891 0.745139 0.055469 0.009722
5 0.887500 0.742361 0.050000 0.012500
8 0.859375 0.758333 0.014063 0.011111
5 0.865234 0.747222 0.027344 0.013889
0 0.818750 0.724306 0.092188 0.179167
0 0.482422 0.666667 0.057031 0.125000
1 0.008594 0.707639 0.017188 0.106944
1 0.008984 0.714583 0.017969 0.112500
1 0.966016 0.650694 0.030469 0.073611
2 0.966016 0.634722 0.025781 0.025000
2 0.972656 0.636111 0.017188 0.025000
2 0.978125 0.623611 0.006250 0.000000
2 0.978125 0.637500 0.006250 0.022222
1 0.921875 0.650694 0.067187 0.068056
2 0.890625 0.683333 0.000000 0.000000
2 0.904687 0.636806 0.028125 0.020833
2 0.937109 0.638194 0.030469 0.015278
2 0.910156 0.636806 0.018750 0.018056
2 0.920312 0.627778 0.014063 0.000000
2 0.921484 0.638194 0.019531 0.018056
2 0.927344 0.629861 0.009375 0.001389
1 0.851562 0.667361 0.067187 0.093056
2 0.832422 0.631944 0.024219 0.002778
2 0.872656 0.648611 0.018750 0.027778
2 0.857422 0.683333 0.049219 0.030556
2 0.838281 0.634028 0.012500 0.001389
2 0.844141 0.631944 0.000781 0.000000
2 0.842187 0.635417 0.004687 0.001389
2 0.866797 0.634028 0.007031 0.001389
1 0.946094 0.686806 0.070312 0.104167
2 0.930469 0.646528 0.032813 0.004167
2 0.966016 0.666667 0.030469 0.030556
2 0.958984 0.704861 0.044531 0.034722
2 0.935937 0.649306 0.020313 0.004167
2 0.946484 0.647917 0.016406 0.001389
2 0.946094 0.651389 0.017188 0.002778
2 0.958203 0.649306 0.007031 0.001389
1 0.816406 0.663194 0.056250 0.081944
2 0.798047 0.680556 0.014844 0.025000
2 0.808203 0.667361 0.011719 0.001389
2 0.806250 0.645833 0.031250 0.027778
2 0.832422 0.651389 0.024219 0.027778
2 0.822656 0.685417 0.043750 0.031944
2 0.807422 0.647222 0.014844 0.025000
2 0.822266 0.634028 0.013281 0.001389
2 0.821094 0.650000 0.015625 0.027778
2 0.826172 0.636111 0.005469 0.000000
1 0.918359 0.687500 0.078906 0.102778
2 0.892969 0.701389 0.021875 0.030556
2 0.902734 0.686806 0.010156 0.001389
2 0.898828 0.662500 0.033594 0.030556
2 0.935937 0.668750 0.035937 0.031944
2 0.924609 0.706250 0.060156 0.037500
2 0.905469 0.665278 0.023438 0.030556
2 0.917969 0.650000 0.017188 0.002778
2 0.915234 0.668056 0.019531 0.030556
2 0.928906 0.652083 0.020313 0.001389
2 0.618359 0.686111 0.022656 0.033333
2 0.655859 0.695139 0.050781 0.034722
2 0.697266 0.693750 0.030469 0.029167
2 0.655859 0.666667 0.050781 0.033333
2 0.697266 0.666667 0.030469 0.027778
2 0.655859 0.638889 0.050781 0.033333
2 0.687500 0.636111 0.050000 0.033333
5 0.751172 0.886806 0.092969 0.040278
5 0.751172 0.903472 0.092969 0.034722
5 0.751172 0.915972 0.092969 0.034722
5 0.751172 0.930556 0.092969 0.036111
5 0.751172 0.958333 0.092969 0.036111
5 0.751172 0.944444 0.092969 0.036111
5 0.751172 0.979167 0.092969 0.038889
5 0.751172 0.970139 0.092969 0.037500
5 0.833984 0.905556 0.071094 0.027778
5 0.833984 0.918750 0.071094 0.029167
5 0.833984 0.944444 0.071094 0.033333
5 0.833594 0.932639 0.071875 0.029167
5 0.833984 0.969444 0.071094 0.030556
5 0.833984 0.956944 0.071094 0.025000
5 0.825781 0.890278 0.087500 0.033333
5 0.823828 0.873611 0.091406 0.038889
5 0.901953 0.888889 0.083594 0.030556
5 0.907031 0.901389 0.073438 0.030556
5 0.907031 0.927778 0.073438 0.033333
5 0.906641 0.914583 0.074219 0.031944
5 0.907031 0.952083 0.073438 0.034722
5 0.907031 0.939583 0.073438 0.031944
5 0.052344 0.893750 0.064062 0.029167
5 0.055078 0.904167 0.063281 0.030556
5 0.898828 0.876389 0.089844 0.030556
5 0.898828 0.863889 0.089844 0.030556
5 0.899219 0.788194 0.090625 0.026389
5 0.899219 0.801389 0.090625 0.027778
5 0.898828 0.827778 0.089844 0.027778
5 0.899219 0.814583 0.090625 0.029167
5 0.898828 0.852083 0.089844 0.029167
5 0.898828 0.839583 0.089844 0.029167
5 0.052344 0.883333 0.064062 0.030556
5 0.054688 0.870833 0.064062 0.033333
5 0.899219 0.777083 0.090625 0.026389
5 0.899219 0.761806 0.090625 0.029167