3 0.499609 0.818750 0.999219 0.359722
4 0.512500 0.740972 0.020313 0.054167
4 0.545312 0.756250 0.007812 0.056944
4 0.564063 0.772222 0.029687 0.063889
4 0.607422 0.792361 0.008594 0.065278
4 0.632812 0.812500 0.034375 0.072222
4 0.689453 0.850694 0.007031 0.048611
4 0.728125 0.856250 0.018750 0.070833
4 0.941016 0.965972 0.003906 0.065278
4 0.995313 0.987500 0.007812 0.022222
4 0.177344 0.775694 0.004687 0.056944
4 0.183594 0.824306 0.000000 0.001389
4 0.202734 0.817361 0.013281 0.073611
4 0.208203 0.831944 0.002344 0.058333
4 0.234766 0.836806 0.003906 0.009722
4 0.235937 0.868750 0.003125 0.023611
4 0.251953 0.935417 0.002344 0.081944
8 0.649219 0.809722 0.053125 0.050000
8 0.886328 0.708333 0.019531 0.019444
5 0.358984 0.654167 0.038281 0.008333
5 0.358984 0.654167 0.038281 0.008333
5 0.358984 0.654167 0.038281 0.008333
5 0.358984 0.645833 0.038281 0.011111
5 0.358984 0.645833 0.038281 0.011111
5 0.358984 0.645833 0.038281 0.011111
5 0.358984 0.661111 0.038281 0.008333
5 0.358984 0.661111 0.038281 0.008333
5 0.358984 0.661111 0.038281 0.008333
6 0.517578 0.671528 0.030469 0.034722
6 0.517969 0.631944 0.031250 0.055556
6 0.509375 0.668056 0.014063 0.047222
6 0.569141 0.714583 0.050781 0.068056
6 0.608594 0.721528 0.053125 0.062500
7 0.748437 0.820139 0.059375 0.020833
7 0.790625 0.838194 0.050000 0.018056
7 0.550000 0.850000 0.050000 0.033333
7 0.343359 0.925694 0.042969 0.023611
7 0.450391 0.782639 0.014844 0.023611
7 0.160547 0.779167 0.033594 0.011111
7 0.432422 0.711806 0.005469 0.009722
6 0.342187 0.992361 0.073438 0.012500
6 0.086328 0.925000 0.057031 0.116667
6 0.192188 0.892361 0.046875 0.076389
6 0.191797 0.799306 0.046094 0.118056
6 0.086328 0.815278 0.057031 0.133333
6 0.162891 0.733333 0.041406 0.094444
6 0.080469 0.741667 0.045312 0.100000
6 0.163281 0.800694 0.040625 0.054167
6 0.082812 0.805556 0.040625 0.047222
6 0.973828 0.927778 0.050781 0.141667
8 0.850781 0.900694 0.081250 0.054167
5 0.850000 0.878472 0.073438 0.026389
8 0.889844 0.922222 0.085938 0.058333
5 0.889453 0.899306 0.077344 0.029167
8 0.790625 0.857639 0.068750 0.054167
5 0.791016 0.839583 0.061719 0.026389
8 0.750000 0.868056 0.062500 0.044444
5 0.748828 0.845833 0.060156 0.027778
8 0.600391 0.759722 0.008594 0.019444
5 0.605469 0.750694 0.000000 0.006944
8 0.583203 0.772917 0.044531 0.040278
5 0.584766 0.759028 0.041406 0.018056
8 0.518359 0.729167 0.032031 0.022222
5 0.518359 0.713889 0.032031 0.011111
8 0.519141 0.718750 0.011719 0.023611
5 0.512500 0.704861 0.020313 0.006944
8 0.508203 0.723611 0.002344 0.000000
5 0.506250 0.697917 0.007812 0.004167
8 0.518359 0.709028 0.011719 0.026389
5 0.528906 0.697917 0.029687 0.009722
8 0.522266 0.695139 0.039844 0.009722
5 0.518750 0.692361 0.031250 0.009722
8 0.529297 0.706250 0.010156 0.009722
5 0.537891 0.702778 0.011719 0.008333
8 0.542578 0.722917 0.000781 0.018056
5 0.542969 0.710417 0.001563 0.006944
5 0.734375 0.654167 0.025000 0.002778
8 0.701953 0.650694 0.000781 0.001389
5 0.712109 0.650000 0.019531 0.002778
8 0.753516 0.672917 0.011719 0.006944
5 0.746875 0.657639 0.025000 0.004167
8 0.764062 0.670139 0.032813 0.012500
5 0.762109 0.663889 0.032031 0.008333
8 0.679297 0.663194 0.019531 0.020833
5 0.685156 0.653472 0.028125 0.006944
8 0.687109 0.665972 0.010156 0.018056
5 0.688281 0.658333 0.009375 0.005556
8 0.746484 0.671528 0.000781 0.009722
8 0.828516 0.690278 0.039844 0.013889
5 0.827734 0.685417 0.035156 0.009722
8 0.857422 0.694444 0.024219 0.011111
5 0.855469 0.684028 0.025000 0.009722
8 0.806641 0.698611 0.039844 0.027778
5 0.805859 0.688889 0.035156 0.011111
8 0.779297 0.701389 0.039844 0.027778
5 0.778906 0.690278 0.035937 0.011111
8 0.787109 0.675694 0.039844 0.009722
5 0.786719 0.671528 0.035937 0.006944
8 0.806641 0.686806 0.039844 0.020833
5 0.805859 0.677083 0.036719 0.009722
8 0.782422 0.689583 0.038281 0.023611
5 0.782031 0.681250 0.034375 0.009722
8 0.763672 0.695833 0.022656 0.022222
5 0.759375 0.682639 0.026562 0.009722
8 0.966797 0.728472 0.007031 0.012500
5 0.953516 0.719444 0.033594 0.011111
8 0.947656 0.714583 0.012500 0.001389
5 0.939453 0.711111 0.024219 0.008333
8 0.994141 0.739583 0.008594 0.006944
5 0.996094 0.738889 0.006250 0.008333
8 0.985547 0.767361 0.027344 0.034722
5 0.987109 0.752778 0.024219 0.013889
8 0.971875 0.758333 0.054688 0.033333
5 0.971875 0.744444 0.050000 0.013889
0 0.851562 0.706250 0.087500 0.156944
0 0.726562 0.661806 0.068750 0.123611
0 0.507422 0.621528 0.010156 0.090278
0 0.720703 0.886806 0.152344 0.223611
0 0.167969 0.935417 0.170313 0.126389
0 0.144922 0.895139 0.141406 0.206944
0 0.093359 0.818750 0.167969 0.226389
0 0.080078 0.796528 0.136719 0.209722
1 0.297656 0.911111 0.109375 0.175000
1 0.373437 0.906944 0.112500 0.183333
1 0.118750 0.654167 0.054688 0.072222
1 0.118750 0.654167 0.057813 0.072222
1 0.053516 0.655556 0.063281 0.077778
1 0.053125 0.661111 0.064062 0.086111
1 0.009766 0.658333 0.019531 0.080556
1 0.009375 0.663889 0.018750 0.083333
1 0.105859 0.704861 0.042969 0.104167
1 0.058594 0.713889 0.043750 0.116667
1 0.066406 0.766667 0.051562 0.141667
1 0.119531 0.750000 0.043750 0.108333
1 0.880469 0.614583 0.018750 0.056944
2 0.878906 0.629167 0.007812 0.019444
2 0.882422 0.602778 0.017969 0.019444
2 0.896094 0.601389 0.000000 0.008333
2 0.887500 0.629861 0.014063 0.018056
2 0.884766 0.603472 0.008594 0.018056
2 0.892969 0.594444 0.006250 0.000000
2 0.892188 0.600694 0.007812 0.009722
1 0.968750 0.631944 0.056250 0.072222
2 0.949609 0.642361 0.014844 0.020833
2 0.958594 0.631250 0.009375 0.001389
2 0.953906 0.613889 0.023438 0.022222
2 0.981641 0.618056 0.025781 0.019444
2 0.973047 0.644444 0.042969 0.025000
2 0.958594 0.615972 0.015625 0.020833
2 0.968750 0.604861 0.004687 0.001389
2 0.965234 0.617361 0.011719 0.020833
1 0.842969 0.601389 0.050000 0.025000
2 0.829297 0.603472 0.019531 0.015278
2 0.846875 0.604861 0.009375 0.009722
2 0.831641 0.603472 0.010156 0.012500
2 0.841406 0.597222 0.010937 0.000000
2 0.838672 0.604167 0.010156 0.011111
2 0.846094 0.598611 0.003125 0.000000
1 0.912109 0.636806 0.057031 0.073611
2 0.891016 0.645833 0.010156 0.022222
2 0.896094 0.634722 0.000000 0.000000
2 0.891016 0.617361 0.010156 0.020833
2 0.932422 0.622222 0.010156 0.022222
2 0.916406 0.650000 0.043750 0.025000
2 0.895312 0.618750 0.001563 0.020833
1 0.783203 0.627778 0.049219 0.072222
2 0.766406 0.629167 0.000000 0.000000
2 0.770312 0.599306 0.020313 0.001389
2 0.792969 0.613194 0.025000 0.020833
2 0.786328 0.639583 0.038281 0.023611
2 0.777734 0.601389 0.007031 0.000000
2 0.783594 0.600000 0.004687 0.000000
2 0.781641 0.603472 0.010156 0.001389
2 0.786328 0.601389 0.005469 0.000000
1 0.849219 0.640278 0.056250 0.077778
2 0.834766 0.611111 0.022656 0.002778
2 0.860938 0.625694 0.026562 0.020833
2 0.851953 0.654861 0.039844 0.023611
2 0.839063 0.613194 0.015625 0.001389
2 0.849219 0.611806 0.004687 0.001389
2 0.845313 0.614583 0.012500 0.001389
1 0.758203 0.628472 0.049219 0.070833
2 0.741016 0.628472 0.011719 0.001389
2 0.749219 0.627778 0.003125 0.000000
2 0.750781 0.600694 0.007812 0.001389
2 0.767969 0.614583 0.025000 0.020833
2 0.763281 0.640972 0.034375 0.023611
2 0.751953 0.612500 0.010156 0.019444
2 0.757422 0.602083 0.005469 0.001389
2 0.754297 0.613889 0.011719 0.019444
2 0.759375 0.602778 0.001563 0.000000
1 0.823047 0.641667 0.055469 0.077778
2 0.803906 0.652778 0.014063 0.022222
2 0.812500 0.641667 0.001563 0.000000
2 0.809375 0.622917 0.025000 0.023611
2 0.834375 0.627778 0.026562 0.022222
2 0.826953 0.656250 0.042969 0.026389
2 0.812109 0.625000 0.014844 0.022222
2 0.825391 0.613194 0.010156 0.001389
2 0.819531 0.625694 0.014063 0.020833
2 0.833594 0.614583 0.012500 0.001389
2 0.929297 0.737500 0.066406 0.044444
2 0.886328 0.740278 0.019531 0.047222
2 0.600000 0.640972 0.012500 0.023611
2 0.632031 0.648611 0.032813 0.025000
2 0.661328 0.648611 0.025781 0.022222
2 0.632031 0.628472 0.032813 0.020833
2 0.661328 0.626389 0.025781 0.022222
2 0.632031 0.604167 0.032813 0.025000
2 0.655469 0.602778 0.037500 0.025000
5 0.625000 0.746528 0.053125 0.018056
5 0.625000 0.756944 0.053125 0.016667
5 0.625000 0.763889 0.053125 0.016667
5 0.625000 0.772222 0.053125 0.016667
5 0.625000 0.789583 0.053125 0.018056
5 0.625000 0.780556 0.053125 0.016667
5 0.625000 0.804861 0.053125 0.018056
5 0.625000 0.796528 0.053125 0.018056
5 0.093750 0.761806 0.026562 0.006944
5 0.106641 0.775000 0.000781 0.000000
5 0.676172 0.759028 0.047656 0.015278
5 0.676172 0.766667 0.047656 0.016667
5 0.676172 0.783333 0.047656 0.016667
5 0.676172 0.775000 0.047656 0.016667
5 0.673047 0.797917 0.041406 0.012500
5 0.676172 0.790278 0.047656 0.016667
5 0.132422 0.759028 0.025781 0.006944
5 0.676172 0.751389 0.047656 0.016667
5 0.673438 0.742361 0.053125 0.018056
5 0.726172 0.753472 0.050781 0.015278
5 0.726172 0.761111 0.050781 0.016667
5 0.726172 0.775694 0.050781 0.012500
5 0.726172 0.769444 0.050781 0.016667
5 0.716797 0.790972 0.032031 0.004167
5 0.726172 0.783333 0.050781 0.013889
5 0.192969 0.756944 0.031250 0.011111
5 0.201563 0.764583 0.014063 0.015278
5 0.725000 0.746528 0.053125 0.015278
5 0.725000 0.738194 0.053125 0.015278
5 0.725000 0.690972 0.053125 0.012500
5 0.725000 0.699306 0.053125 0.012500
5 0.725000 0.715278 0.053125 0.013889
5 0.725000 0.707639 0.053125 0.012500
5 0.725000 0.730556 0.053125 0.013889
5 0.725000 0.722917 0.053125 0.015278
5 0.196094 0.751389 0.037500 0.011111
5 0.196484 0.743056 0.036719 0.013889
5 0.725000 0.684028 0.053125 0.012500
5 0.725000 0.675000 0.053125 0.013889