3 0.509375 0.811111 0.979688 0.375000
5 0.009766 0.990278 0.019531 0.016667
5 0.009766 0.990278 0.019531 0.016667
5 0.009766 0.990278 0.019531 0.016667
5 0.009766 0.975694 0.019531 0.034722
5 0.009766 0.975694 0.019531 0.034722
5 0.009766 0.975694 0.019531 0.034722
5 0.009375 0.951389 0.018750 0.033333
5 0.009375 0.951389 0.018750 0.033333
5 0.009375 0.951389 0.018750 0.033333
5 0.009375 0.922222 0.018750 0.038889
5 0.009375 0.922222 0.018750 0.038889
5 0.009375 0.922222 0.018750 0.038889
6 0.656250 0.977778 0.048438 0.041667
8 0.880469 0.823611 0.076563 0.066667
5 0.880859 0.812500 0.067969 0.044444
8 0.817578 0.809028 0.074219 0.068056
5 0.817578 0.795139 0.066406 0.040278
8 0.940625 0.846528 0.076563 0.084722
5 0.941016 0.826389 0.067969 0.044444
8 0.986328 0.859028 0.025781 0.073611
5 0.988672 0.842361 0.021094 0.040278
8 0.787891 0.847222 0.066406 0.086111
5 0.785937 0.826389 0.062500 0.044444
8 0.846484 0.866667 0.082031 0.091667
5 0.847266 0.845139 0.072656 0.048611
8 0.910156 0.884028 0.082812 0.095833
5 0.910547 0.861806 0.074219 0.051389
8 0.971094 0.906944 0.056250 0.100000
5 0.973828 0.883333 0.050781 0.052778
0 0.278125 0.847917 0.187500 0.301389
1 0.922266 0.615278 0.100781 0.136111
2 0.891016 0.574306 0.030469 0.029167
2 0.953125 0.590278 0.029687 0.044444
2 0.947266 0.639583 0.041406 0.045833
2 0.908203 0.579167 0.024219 0.025000
2 0.914844 0.565278 0.023438 0.005556
2 0.929297 0.589583 0.024219 0.040278
2 0.935156 0.568056 0.023438 0.005556
1 0.883984 0.645139 0.110156 0.151389
2 0.850391 0.602083 0.033594 0.037500
2 0.917188 0.618056 0.034375 0.050000
2 0.907031 0.672222 0.053125 0.050000
2 0.868750 0.607639 0.028125 0.034722
2 0.876953 0.589583 0.025781 0.006944
2 0.891406 0.616667 0.028125 0.044444
2 0.898047 0.592361 0.025781 0.006944
1 0.834766 0.682639 0.121094 0.170833
2 0.798438 0.621528 0.039062 0.018056
2 0.870703 0.653472 0.038281 0.056944
2 0.874609 0.713889 0.030469 0.058333
2 0.817578 0.628472 0.030469 0.012500
2 0.826562 0.620833 0.028125 0.008333
2 0.842187 0.632639 0.031250 0.012500
2 0.850781 0.625000 0.029687 0.008333
1 0.998047 0.652083 0.002344 0.020833
1 0.815234 0.700694 0.119531 0.181944
2 0.770312 0.719444 0.028125 0.052778
2 0.775781 0.656250 0.037500 0.059722
2 0.848437 0.670139 0.042188 0.062500
2 0.823047 0.730556 0.091406 0.066667
2 0.793750 0.663194 0.032813 0.054167
2 0.803516 0.635417 0.032031 0.009722
2 0.818359 0.668750 0.032031 0.054167
2 0.828516 0.639583 0.032031 0.009722
1 0.987500 0.731944 0.023438 0.175000
2 0.990625 0.765278 0.017188 0.055556
2 0.991406 0.695139 0.015625 0.065278
2 0.462109 0.771528 0.072656 0.090278
2 0.483594 0.722917 0.029687 0.026389
2 0.553125 0.804167 0.109375 0.077778
2 0.626953 0.781250 0.036719 0.070833
2 0.553516 0.750000 0.110156 0.075000
2 0.626953 0.729167 0.036719 0.066667
2 0.553516 0.688194 0.110156 0.087500
2 0.593359 0.670139 0.105469 0.081944