3 0.499609 0.880556 0.999219 0.236111
4 0.259766 0.863194 0.013281 0.095833
4 0.171484 0.920139 0.014844 0.115278
4 0.142578 0.945139 0.005469 0.070833
4 0.063672 0.972917 0.036719 0.051389
5 0.393359 0.752083 0.050781 0.012500
5 0.393359 0.752083 0.050781 0.012500
5 0.393359 0.752083 0.050781 0.012500
5 0.393359 0.741667 0.050781 0.013889
5 0.393359 0.741667 0.050781 0.013889
5 0.393359 0.741667 0.050781 0.013889
5 0.393359 0.762500 0.050781 0.013889
5 0.393359 0.762500 0.050781 0.013889
5 0.393359 0.762500 0.050781 0.013889
5 0.464453 0.765278 0.039844 0.008333
5 0.464453 0.765278 0.039844 0.008333
5 0.464453 0.765278 0.039844 0.008333
5 0.446484 0.754861 0.003906 0.009722
5 0.446484 0.754861 0.003906 0.009722
5 0.446484 0.754861 0.003906 0.009722
5 0.466406 0.743056 0.043750 0.011111
5 0.466406 0.743056 0.043750 0.011111
5 0.466406 0.743056 0.043750 0.011111
5 0.466406 0.729861 0.043750 0.012500
5 0.466406 0.729861 0.043750 0.012500
5 0.466406 0.729861 0.043750 0.012500
6 0.471094 0.804861 0.048438 0.104167
6 0.478516 0.775000 0.042969 0.077778
6 0.473047 0.721528 0.052344 0.098611
6 0.476562 0.784028 0.043750 0.081944
6 0.388672 0.881944 0.082031 0.138889
6 0.408203 0.917361 0.108594 0.162500
7 0.008594 0.989583 0.017188 0.018056
7 0.261719 0.850694 0.065625 0.026389
7 0.161328 0.936111 0.097656 0.036111
8 0.305859 0.980556 0.072656 0.008333
5 0.302734 0.981250 0.071094 0.009722
8 0.238281 0.980556 0.018750 0.013889
5 0.221094 0.985417 0.048438 0.026389
8 0.319141 0.884722 0.055469 0.027778
5 0.320703 0.868056 0.052344 0.022222
8 0.327344 0.876389 0.039062 0.044444
5 0.328906 0.850000 0.035937 0.013889
8 0.317578 0.842361 0.000781 0.001389
5 0.338672 0.836111 0.017969 0.011111
8 0.332813 0.829167 0.003125 0.000000
5 0.366016 0.824306 0.064844 0.009722
8 0.469531 0.865278 0.000000 0.000000
5 0.460156 0.836111 0.006250 0.002778
5 0.462891 0.823611 0.019531 0.002778
8 0.468750 0.865278 0.000000 0.000000
8 0.458984 0.889583 0.008594 0.026389
5 0.457031 0.871528 0.004687 0.015278
8 0.938672 0.811806 0.017969 0.040278
5 0.950000 0.797222 0.035937 0.013889
8 0.928125 0.793056 0.012500 0.008333
5 0.944531 0.788194 0.045312 0.012500
8 0.958594 0.821528 0.025000 0.043056
5 0.973828 0.805556 0.050781 0.013889
8 0.980859 0.826389 0.036719 0.033333
5 0.982422 0.815972 0.033594 0.015278
8 0.874219 0.805556 0.043750 0.033333
5 0.877344 0.786806 0.048438 0.012500
8 0.871094 0.811806 0.021875 0.043056
5 0.893359 0.795139 0.060156 0.012500
8 0.908203 0.821528 0.053906 0.043056
5 0.907813 0.804167 0.054688 0.013889
8 0.924609 0.829167 0.074219 0.041667
5 0.923828 0.815278 0.067969 0.016667
8 0.993359 0.889583 0.011719 0.051389
5 0.994531 0.870139 0.009375 0.015278
8 0.978125 0.889583 0.035937 0.051389
5 0.961328 0.872917 0.057031 0.023611
8 0.994141 0.836806 0.010156 0.012500
5 0.996094 0.834722 0.006250 0.011111
8 0.979297 0.872917 0.039844 0.056944
5 0.980859 0.852083 0.036719 0.020833
8 0.931250 0.872917 0.070312 0.059722
5 0.930078 0.851389 0.061719 0.022222
0 0.919531 0.861806 0.159375 0.273611
0 0.813672 0.809722 0.096094 0.275000
0 0.563672 0.718056 0.042969 0.152778
1 0.035547 0.725694 0.071094 0.106944
1 0.026562 0.731250 0.053125 0.112500
2 0.782031 0.759028 0.010937 0.037500
2 0.813672 0.771528 0.050781 0.045833
2 0.869922 0.776389 0.049219 0.036111
2 0.813281 0.732639 0.050000 0.040278
2 0.870313 0.736806 0.048438 0.040278
2 0.814844 0.698611 0.054688 0.041667
2 0.866797 0.698611 0.055469 0.041667
5 0.146875 0.981944 0.142187 0.033333
5 0.168359 0.993056 0.099219 0.011111
5 0.307422 0.994444 0.102344 0.008333
5 0.293750 0.982639 0.129688 0.031944
5 0.470703 0.995833 0.091406 0.005556
5 0.464062 0.984722 0.104688 0.027778
5 0.457031 0.867361 0.118750 0.045833
5 0.457031 0.890278 0.118750 0.047222
5 0.457031 0.935417 0.118750 0.051389
5 0.457031 0.912500 0.118750 0.050000
5 0.457031 0.975000 0.118750 0.047222
5 0.457031 0.956250 0.118750 0.051389
5 0.457031 0.847222 0.118750 0.044444
5 0.457422 0.825000 0.117969 0.041667