3 0.795312 0.910417 0.407813 0.176389
4 0.628125 0.884722 0.017188 0.113889
6 0.601562 0.828472 0.020313 0.012500
6 0.878516 0.898611 0.021094 0.072222
6 0.957812 0.914583 0.082812 0.090278
7 0.701562 0.966667 0.112500 0.050000
8 0.701562 0.904861 0.100000 0.065278
5 0.701562 0.876389 0.089063 0.025000
8 0.647656 0.893056 0.095312 0.061111
5 0.647266 0.865972 0.085156 0.023611
8 0.618750 0.888889 0.054688 0.050000
5 0.616406 0.858333 0.050000 0.022222
8 0.598047 0.857639 0.003906 0.020833
5 0.592969 0.846528 0.003125 0.004167
8 0.664844 0.868056 0.085938 0.044444
5 0.667578 0.846528 0.074219 0.015278
8 0.629297 0.843056 0.064844 0.008333
5 0.624219 0.840278 0.065625 0.016667
8 0.712500 0.877778 0.090625 0.050000
5 0.712109 0.854861 0.080469 0.018056
8 0.745703 0.892361 0.052344 0.059722
5 0.748047 0.864583 0.047656 0.023611
0 0.499609 0.499306 0.999219 0.998611