1 0.221094 0.956944 0.110937 0.052778
2 0.182031 0.963889 0.028125 0.030556
2 0.259375 0.966667 0.025000 0.038889
2 0.207422 0.963889 0.025781 0.022222
2 0.209375 0.950694 0.025000 0.004167
2 0.233594 0.962500 0.025000 0.022222
2 0.234766 0.950694 0.024219 0.006944
1 0.432422 0.961111 0.110156 0.075000
2 0.395703 0.967361 0.028906 0.051389
2 0.467969 0.952083 0.029687 0.023611
2 0.421484 0.955556 0.025781 0.022222
2 0.418359 0.942361 0.024219 0.004167
2 0.445312 0.954861 0.026562 0.020833
2 0.441797 0.941667 0.025781 0.002778
1 0.274219 0.977083 0.004687 0.043056
2 0.174609 0.987500 0.019531 0.022222
2 0.256641 0.986111 0.028906 0.025000
2 0.196875 0.989583 0.029687 0.018056
2 0.199609 0.979861 0.028906 0.006944
2 0.226953 0.989583 0.028906 0.018056
2 0.228125 0.979167 0.028125 0.008333
1 0.454297 0.972222 0.125781 0.052778
2 0.412891 0.982639 0.033594 0.031944
2 0.494141 0.981944 0.035156 0.033333
2 0.442188 0.984722 0.029687 0.027778
2 0.437891 0.968750 0.028906 0.004167
2 0.469531 0.984722 0.031250 0.027778
2 0.465625 0.967361 0.029687 0.004167
1 0.201953 0.994444 0.146094 0.008333
1 0.485938 0.988194 0.148438 0.020833
1 0.561328 0.996528 0.003906 0.004167