3 0.499609 0.834028 0.999219 0.329167
4 0.424219 0.776389 0.007812 0.063889
4 0.444141 0.818750 0.032031 0.076389
4 0.476172 0.847917 0.007031 0.079167
4 0.483984 0.877778 0.038281 0.091667
4 0.524219 0.918750 0.012500 0.095833
4 0.539453 0.952083 0.036719 0.093056
4 0.596094 0.980556 0.004687 0.036111
4 0.622656 0.997222 0.004687 0.002778
4 0.011719 0.802778 0.010937 0.069444
8 0.580859 0.950694 0.067969 0.081944
8 0.968750 0.786806 0.060937 0.031944
5 0.357031 0.681944 0.043750 0.011111
5 0.357031 0.681944 0.043750 0.011111
5 0.357031 0.681944 0.043750 0.011111
5 0.357031 0.672222 0.043750 0.013889
5 0.357031 0.672222 0.043750 0.013889
5 0.357031 0.672222 0.043750 0.013889
5 0.357031 0.690278 0.043750 0.011111
5 0.357031 0.690278 0.043750 0.011111
5 0.357031 0.690278 0.043750 0.011111
5 0.415234 0.687500 0.041406 0.011111
5 0.415234 0.687500 0.041406 0.011111
5 0.415234 0.687500 0.041406 0.011111
5 0.415234 0.679167 0.041406 0.011111
5 0.415234 0.679167 0.041406 0.011111
5 0.415234 0.679167 0.041406 0.011111
5 0.415234 0.670833 0.041406 0.011111
5 0.415234 0.670833 0.041406 0.011111
5 0.415234 0.670833 0.041406 0.011111
5 0.415234 0.660417 0.041406 0.012500
5 0.415234 0.660417 0.041406 0.012500
5 0.415234 0.660417 0.041406 0.012500
6 0.507812 0.713889 0.037500 0.047222
6 0.479297 0.704861 0.030469 0.068056
6 0.508984 0.664583 0.039844 0.070833
6 0.493750 0.709028 0.037500 0.062500
6 0.537891 0.781944 0.053906 0.088889
6 0.584375 0.798611 0.073438 0.091667
7 0.724219 0.975694 0.095312 0.043056
7 0.401562 0.990972 0.045312 0.015278
7 0.358203 0.881944 0.039844 0.038889
7 0.012500 0.852083 0.025000 0.026389
7 0.368359 0.765972 0.052344 0.018056
7 0.400781 0.828472 0.060937 0.023611
8 0.605078 0.877778 0.008594 0.033333
5 0.581250 0.847917 0.040625 0.026389
8 0.513672 0.874306 0.028906 0.059722
5 0.514453 0.854861 0.027344 0.029167
8 0.478516 0.790972 0.055469 0.040278
5 0.478125 0.775000 0.050000 0.016667
8 0.469141 0.777778 0.050781 0.041667
5 0.469531 0.763194 0.048438 0.012500
8 0.458203 0.766667 0.046094 0.036111
5 0.458984 0.755556 0.044531 0.013889
8 0.453516 0.757639 0.049219 0.037500
5 0.453125 0.744444 0.045312 0.011111
8 0.497266 0.758333 0.013281 0.019444
5 0.501563 0.750694 0.018750 0.009722
8 0.507422 0.748611 0.036719 0.022222
5 0.510156 0.743056 0.039062 0.013889
8 0.507031 0.777778 0.007812 0.027778
5 0.507031 0.761111 0.007812 0.011111
8 0.510547 0.770833 0.000781 0.005556
8 0.800391 0.707639 0.041406 0.026389
5 0.801953 0.696528 0.041406 0.009722
8 0.793750 0.692361 0.031250 0.001389
5 0.792969 0.690972 0.028125 0.009722
8 0.811719 0.713889 0.034375 0.027778
5 0.817969 0.702778 0.042188 0.011111
8 0.835156 0.719444 0.048438 0.025000
5 0.834766 0.709722 0.044531 0.011111
8 0.730469 0.701389 0.012500 0.022222
5 0.737109 0.693056 0.022656 0.008333
8 0.737891 0.696528 0.000781 0.001389
5 0.759766 0.696528 0.041406 0.004167
8 0.795312 0.717361 0.006250 0.023611
5 0.787891 0.702778 0.016406 0.005556
8 0.803516 0.721528 0.022656 0.018056
5 0.796484 0.711806 0.032031 0.009722
8 0.923047 0.761806 0.030469 0.023611
5 0.909375 0.746528 0.003125 0.015278
8 0.964063 0.761806 0.023438 0.029167
5 0.955078 0.745139 0.033594 0.015278
8 0.881641 0.754861 0.052344 0.023611
5 0.868750 0.747222 0.021875 0.013889
8 0.844531 0.764583 0.051562 0.040278
5 0.843750 0.751389 0.045312 0.016667
8 0.858594 0.729167 0.040625 0.016667
5 0.860156 0.722917 0.039062 0.012500
8 0.885547 0.745139 0.050781 0.031944
5 0.889062 0.731944 0.043750 0.011111
8 0.853906 0.748611 0.048438 0.036111
5 0.853125 0.736806 0.043750 0.015278
8 0.818359 0.750694 0.047656 0.037500
5 0.817187 0.738194 0.042188 0.015278
0 0.920703 0.795833 0.127344 0.233333
0 0.769141 0.714583 0.083594 0.168056
0 0.509766 0.650694 0.041406 0.115278
1 0.058594 0.677083 0.071875 0.095833
1 0.053906 0.682639 0.075000 0.098611
1 0.010937 0.678472 0.017188 0.093056
1 0.008203 0.690972 0.011719 0.070833
1 0.996484 0.649306 0.005469 0.076389
2 0.997656 0.663889 0.003125 0.022222
2 0.997656 0.631944 0.003125 0.022222
1 0.962500 0.652778 0.046875 0.069444
2 0.940625 0.622917 0.003125 0.001389
2 0.967578 0.638194 0.030469 0.020833
2 0.976562 0.684722 0.014063 0.002778
2 0.940625 0.632639 0.003125 0.015278
2 0.952734 0.624306 0.000781 0.001389
2 0.947656 0.633333 0.010937 0.013889
2 0.967969 0.625694 0.007812 0.001389
1 0.869141 0.661111 0.022656 0.091667
2 0.853906 0.662500 0.000000 0.000000
2 0.861328 0.626389 0.024219 0.002778
2 0.875391 0.643750 0.010156 0.026389
2 0.867578 0.673611 0.025781 0.022222
2 0.862500 0.628472 0.015625 0.001389
2 0.876563 0.627083 0.007812 0.001389
2 0.869922 0.630556 0.014844 0.002778
2 0.877344 0.629167 0.000000 0.000000
1 0.964844 0.686111 0.051562 0.097222
2 0.940625 0.642361 0.003125 0.001389
2 0.975781 0.663889 0.023438 0.030556
2 0.963281 0.700694 0.048438 0.034722
2 0.940625 0.645833 0.003125 0.002778
2 0.941406 0.647222 0.001563 0.000000
2 0.966016 0.647222 0.003906 0.002778
1 0.841797 0.662500 0.060156 0.088889
2 0.823047 0.672917 0.016406 0.026389
2 0.828125 0.659722 0.000000 0.000000
2 0.827734 0.639583 0.025781 0.026389
2 0.854688 0.645139 0.029687 0.026389
2 0.845703 0.678472 0.047656 0.031944
2 0.826562 0.641667 0.009375 0.025000
2 0.846875 0.628472 0.014063 0.001389
2 0.830469 0.642361 0.001563 0.023611
1 0.930078 0.684028 0.046094 0.101389
2 0.909375 0.643750 0.004687 0.001389
2 0.940625 0.664583 0.003125 0.029167
2 0.926172 0.690972 0.030469 0.006944
2 0.909375 0.646528 0.004687 0.001389
2 0.910937 0.645833 0.001563 0.000000
2 0.909375 0.662500 0.004687 0.027778
2 0.995313 0.804167 0.007812 0.008333
2 0.975000 0.837500 0.048438 0.072222
2 0.651953 0.672917 0.014844 0.031944
2 0.689063 0.684028 0.029687 0.026389
2 0.721094 0.681944 0.032813 0.027778
2 0.689453 0.657639 0.028906 0.026389
2 0.721094 0.655556 0.032813 0.027778
2 0.689453 0.628472 0.028906 0.031944
2 0.717187 0.627083 0.040625 0.031944
5 0.564453 0.847917 0.071094 0.031944
5 0.564453 0.861806 0.071094 0.029167
5 0.564453 0.872917 0.071094 0.026389
5 0.564453 0.884722 0.071094 0.027778
5 0.564453 0.906250 0.071094 0.023611
5 0.564453 0.896528 0.071094 0.029167
5 0.564453 0.931944 0.071094 0.030556
5 0.564453 0.919444 0.071094 0.030556
5 0.638672 0.865972 0.072656 0.026389
5 0.638672 0.877778 0.072656 0.027778
5 0.638672 0.901389 0.072656 0.027778
5 0.638672 0.889583 0.072656 0.029167
5 0.638672 0.923611 0.072656 0.030556
5 0.638672 0.911806 0.072656 0.029167
5 0.002344 0.825000 0.004687 0.016667
5 0.003125 0.832639 0.006250 0.012500
5 0.638672 0.855556 0.072656 0.027778
5 0.638672 0.841667 0.072656 0.030556
5 0.717969 0.859028 0.073438 0.026389
5 0.717969 0.870139 0.073438 0.026389
5 0.717969 0.893750 0.073438 0.029167
5 0.717969 0.881944 0.073438 0.027778
5 0.717969 0.915278 0.073438 0.027778
5 0.717969 0.904167 0.073438 0.027778
5 0.050391 0.825000 0.053906 0.022222
5 0.051953 0.834028 0.053906 0.023611
5 0.717969 0.849306 0.073438 0.026389
5 0.717969 0.837500 0.073438 0.025000
5 0.717969 0.770833 0.073438 0.022222
5 0.717969 0.782639 0.073438 0.023611
5 0.717969 0.805556 0.073438 0.025000
5 0.717969 0.793750 0.073438 0.023611
5 0.725781 0.828472 0.057813 0.023611
5 0.717969 0.815278 0.073438 0.025000
5 0.050391 0.816667 0.053906 0.022222
5 0.051562 0.806944 0.054688 0.022222
5 0.717969 0.760417 0.073438 0.023611
5 0.717969 0.747222 0.073438 0.025000