3 0.457031 0.965278 0.914062 0.066667
5 0.556250 0.950694 0.085938 0.020833
5 0.556250 0.950694 0.085938 0.020833
5 0.556250 0.950694 0.085938 0.020833
5 0.556250 0.931944 0.085938 0.025000
5 0.556250 0.931944 0.085938 0.025000
5 0.556250 0.931944 0.085938 0.025000
5 0.556250 0.965972 0.085938 0.020833
5 0.556250 0.965972 0.085938 0.020833
5 0.556250 0.965972 0.085938 0.020833
5 0.628906 0.975000 0.025000 0.016667
5 0.628906 0.975000 0.025000 0.016667
5 0.628906 0.975000 0.025000 0.016667
5 0.628906 0.957639 0.025000 0.018056
5 0.628906 0.957639 0.025000 0.018056
5 0.628906 0.957639 0.025000 0.018056
5 0.636719 0.940278 0.040625 0.019444
5 0.636719 0.940278 0.040625 0.019444
5 0.636719 0.940278 0.040625 0.019444
5 0.636328 0.920833 0.041406 0.022222
5 0.636328 0.920833 0.041406 0.022222
5 0.636328 0.920833 0.041406 0.022222
6 0.339844 0.972222 0.143750 0.052778
6 0.477344 0.957639 0.112500 0.081944
6 0.342187 0.885417 0.146875 0.181944
6 0.416016 0.963194 0.127344 0.070833
0 0.682031 0.867361 0.290625 0.262500
0 0.739453 0.890972 0.113281 0.215278
1 0.103125 0.881250 0.068750 0.129167
1 0.080469 0.888889 0.110937 0.141667
1 0.051562 0.880556 0.103125 0.130556
1 0.030859 0.884028 0.061719 0.134722
1 0.018750 0.867361 0.037500 0.104167