3 0.717578 0.971528 0.563281 0.054167
8 0.669141 0.952778 0.010156 0.011111
8 0.441406 0.997222 0.017188 0.002778
8 0.573438 0.971528 0.042188 0.012500
8 0.510938 0.986111 0.045312 0.016667
1 0.873828 0.941667 0.189844 0.113889
2 0.939063 0.965972 0.045312 0.065278
2 0.948047 0.902778 0.027344 0.033333
2 0.839063 0.922222 0.073438 0.036111
2 0.859375 0.968056 0.146875 0.061111
2 0.919531 0.909028 0.028125 0.034722
2 0.890234 0.915972 0.028906 0.034722
1 0.971484 0.929861 0.055469 0.098611
2 0.976172 0.910417 0.046094 0.065278
1 0.748437 0.962500 0.045312 0.072222
2 0.768750 0.961806 0.085938 0.073611