3 0.499609 0.868056 0.999219 0.261111
4 0.234375 0.905556 0.014063 0.097222
4 0.121484 0.965278 0.008594 0.066667
5 0.405469 0.734028 0.051562 0.015278
5 0.405469 0.734028 0.051562 0.015278
5 0.405469 0.734028 0.051562 0.015278
5 0.405469 0.722917 0.051562 0.015278
5 0.405469 0.722917 0.051562 0.015278
5 0.405469 0.722917 0.051562 0.015278
5 0.405469 0.745139 0.051562 0.015278
5 0.405469 0.745139 0.051562 0.015278
5 0.405469 0.745139 0.051562 0.015278
5 0.481641 0.746528 0.050781 0.015278
5 0.481641 0.746528 0.050781 0.015278
5 0.481641 0.746528 0.050781 0.015278
5 0.481641 0.735417 0.050781 0.015278
5 0.481641 0.735417 0.050781 0.015278
5 0.481641 0.735417 0.050781 0.015278
5 0.481641 0.724306 0.050781 0.015278
5 0.481641 0.724306 0.050781 0.015278
5 0.481641 0.724306 0.050781 0.015278
5 0.481641 0.712500 0.050781 0.016667
5 0.481641 0.712500 0.050781 0.016667
5 0.481641 0.712500 0.050781 0.016667
6 0.464062 0.827083 0.053125 0.104167
6 0.478516 0.780556 0.046094 0.086111
6 0.466016 0.738194 0.057031 0.106944
6 0.473438 0.803472 0.048438 0.104167
6 0.364453 0.918750 0.105469 0.106944
6 0.366016 0.947222 0.110156 0.086111
7 0.243359 0.871528 0.077344 0.029167
7 0.128906 0.986111 0.104688 0.025000
8 0.291797 0.938194 0.036719 0.034722
5 0.292578 0.913194 0.038281 0.029167
8 0.299219 0.907639 0.006250 0.059722
5 0.306641 0.887500 0.021094 0.022222
8 0.337500 0.879167 0.079687 0.036111
5 0.336719 0.868056 0.071875 0.016667
8 0.353516 0.858333 0.075781 0.033333
5 0.352734 0.852083 0.067969 0.020833
8 0.425781 0.889583 0.068750 0.051389
5 0.419922 0.872222 0.071094 0.019444
8 0.432422 0.875000 0.072656 0.058333
5 0.431641 0.856250 0.066406 0.023611
8 0.435937 0.916667 0.037500 0.063889
5 0.433594 0.894444 0.032813 0.025000
8 0.430469 0.930556 0.026562 0.047222
5 0.427734 0.919444 0.021094 0.027778
8 0.957422 0.828472 0.021094 0.043056
5 0.974219 0.814583 0.050000 0.018056
8 0.966797 0.807639 0.064844 0.029167
5 0.967969 0.799306 0.062500 0.015278
8 0.980859 0.845139 0.036719 0.051389
5 0.982422 0.827778 0.033594 0.019444
8 0.988672 0.861111 0.021094 0.052778
5 0.989844 0.844444 0.018750 0.019444
8 0.897656 0.813889 0.065625 0.044444
5 0.896484 0.796528 0.060156 0.012500
8 0.908984 0.827778 0.069531 0.047222
5 0.907813 0.811111 0.062500 0.016667
8 0.923047 0.843056 0.072656 0.052778
5 0.922266 0.823611 0.066406 0.016667
8 0.936719 0.859722 0.076563 0.055556
5 0.935547 0.842361 0.069531 0.020833
8 0.994922 0.948611 0.008594 0.052778
5 0.996875 0.927778 0.004687 0.016667
8 0.958203 0.959722 0.077344 0.077778
5 0.965625 0.937500 0.050000 0.041667
8 0.982422 0.925694 0.032031 0.073611
5 0.984375 0.904167 0.029687 0.033333
8 0.934375 0.922222 0.070312 0.072222
5 0.937500 0.902083 0.053125 0.034722
0 0.870313 0.926389 0.143750 0.144444
0 0.805469 0.855556 0.095312 0.286111
0 0.573047 0.709722 0.046094 0.161111
1 0.041016 0.708333 0.082031 0.111111
1 0.031641 0.716667 0.063281 0.113889
1 0.000781 0.697222 0.001563 0.088889
2 0.801953 0.752083 0.008594 0.048611
2 0.834375 0.769444 0.054688 0.050000
2 0.889453 0.768750 0.053906 0.043056
2 0.834375 0.729861 0.054688 0.051389
2 0.889453 0.732639 0.053906 0.045833
2 0.834375 0.692361 0.054688 0.048611
2 0.887500 0.693056 0.057813 0.050000
5 0.391406 0.994444 0.093750 0.008333
5 0.383984 0.985417 0.108594 0.026389
5 0.369922 0.972917 0.136719 0.051389