3 0.704297 0.889583 0.589844 0.218056
8 0.819141 0.849306 0.124219 0.051389
5 0.505469 0.765972 0.021875 0.009722
5 0.505469 0.765972 0.021875 0.009722
5 0.505469 0.765972 0.021875 0.009722
5 0.504687 0.755556 0.023438 0.011111
5 0.504687 0.755556 0.023438 0.011111
5 0.504687 0.755556 0.023438 0.011111
5 0.507031 0.775694 0.018750 0.009722
5 0.507031 0.775694 0.018750 0.009722
5 0.507031 0.775694 0.018750 0.009722
5 0.557422 0.777778 0.052344 0.011111
5 0.557422 0.777778 0.052344 0.011111
5 0.557422 0.777778 0.052344 0.011111
5 0.557422 0.768056 0.052344 0.011111
5 0.557422 0.768056 0.052344 0.011111
5 0.557422 0.768056 0.052344 0.011111
5 0.557031 0.756944 0.051562 0.011111
5 0.557031 0.756944 0.051562 0.011111
5 0.557031 0.756944 0.051562 0.011111
5 0.557422 0.745833 0.052344 0.011111
5 0.557422 0.745833 0.052344 0.011111
5 0.557422 0.745833 0.052344 0.011111
6 0.467578 0.730556 0.000781 0.002778
6 0.489453 0.765972 0.044531 0.079167
6 0.441797 0.687500 0.057031 0.072222
6 0.479687 0.741667 0.025000 0.027778
8 0.989062 0.786111 0.003125 0.002778
5 0.960938 0.783333 0.051562 0.002778
8 0.989844 0.786111 0.003125 0.008333
5 0.961328 0.780556 0.052344 0.005556
8 0.964844 0.792361 0.057813 0.006944
5 0.962891 0.790278 0.053906 0.011111
8 0.956250 0.794444 0.073438 0.002778
5 0.962500 0.792361 0.053125 0.006944
8 0.909375 0.784722 0.000000 0.000000
5 0.882031 0.778472 0.054688 0.004167
8 0.877734 0.784722 0.063281 0.005556
5 0.878516 0.780556 0.060156 0.002778
8 0.879297 0.790278 0.060156 0.008333
5 0.877344 0.787500 0.062500 0.011111
8 0.859375 0.796528 0.042188 0.009722
5 0.859375 0.792361 0.042188 0.012500
8 0.930859 0.839583 0.042969 0.051389
5 0.928125 0.819444 0.039062 0.019444
8 0.853516 0.851389 0.028906 0.011111
8 0.775391 0.829861 0.066406 0.031944
5 0.777344 0.813889 0.062500 0.019444
8 0.933984 0.813889 0.050781 0.022222
5 0.937109 0.803472 0.057031 0.015278
8 0.933984 0.819444 0.050781 0.030556
5 0.934375 0.809028 0.050000 0.015278
8 0.849609 0.852083 0.013281 0.009722
5 0.859375 0.803472 0.042188 0.006944
8 0.787500 0.832639 0.042188 0.023611
5 0.787891 0.801389 0.041406 0.008333
8 0.900000 0.891667 0.112500 0.033333
5 0.902734 0.877778 0.108594 0.033333
8 0.912109 0.879167 0.088281 0.005556
5 0.909375 0.856944 0.096875 0.016667
8 0.864844 0.972917 0.182812 0.051389
5 0.867969 0.953472 0.175000 0.059722
8 0.877734 0.950000 0.155469 0.058333
5 0.880469 0.918056 0.150000 0.033333
8 0.648047 0.960417 0.186719 0.076389
5 0.645703 0.933333 0.169531 0.052778
8 0.684766 0.949306 0.166406 0.098611
5 0.682813 0.909722 0.151562 0.044444
0 0.451562 0.762500 0.084375 0.383333
0 0.641016 0.730556 0.092969 0.227778
0 0.610938 0.720833 0.054688 0.147222
2 0.979688 0.805556 0.039062 0.016667
2 0.978516 0.859722 0.041406 0.044444
2 0.979297 0.828472 0.039844 0.029167
2 0.976953 0.936806 0.044531 0.123611
2 0.752734 0.907639 0.114844 0.129167
2 0.638281 0.891667 0.142187 0.108333
2 0.953125 0.767361 0.000000 0.018056
2 0.862500 0.774306 0.035937 0.020833
2 0.914453 0.785417 0.013281 0.020833
2 0.861719 0.743056 0.035937 0.038889
2 0.913672 0.740278 0.013281 0.030556
2 0.860938 0.704167 0.035937 0.038889
2 0.912891 0.704167 0.013281 0.038889