3 0.646875 0.925000 0.704688 0.147222
4 0.400000 0.857639 0.000000 0.004167
8 0.594922 0.852083 0.019531 0.018056
8 0.501172 0.847917 0.003906 0.012500
5 0.591797 0.840278 0.025781 0.005556
5 0.591797 0.840278 0.025781 0.005556
5 0.591797 0.840278 0.025781 0.005556
5 0.591797 0.833333 0.025781 0.005556
5 0.591797 0.833333 0.025781 0.005556
5 0.591797 0.833333 0.025781 0.005556
5 0.592187 0.847222 0.025000 0.005556
5 0.592187 0.847222 0.025000 0.005556
5 0.592187 0.847222 0.025000 0.005556
5 0.565234 0.848611 0.030469 0.005556
5 0.565234 0.848611 0.030469 0.005556
5 0.565234 0.848611 0.030469 0.005556
5 0.564453 0.841667 0.028906 0.005556
5 0.564453 0.841667 0.028906 0.005556
5 0.564453 0.841667 0.028906 0.005556
5 0.564063 0.834722 0.028125 0.005556
5 0.564063 0.834722 0.028125 0.005556
5 0.564063 0.834722 0.028125 0.005556
5 0.566406 0.827778 0.032813 0.005556
5 0.566406 0.827778 0.032813 0.005556
5 0.566406 0.827778 0.032813 0.005556
6 0.506250 0.829167 0.015625 0.033333
6 0.519531 0.828472 0.021875 0.034722
5 0.976953 0.922222 0.016406 0.025000
5 0.976953 0.922222 0.016406 0.025000
5 0.976953 0.922222 0.016406 0.025000
5 0.976953 0.902778 0.017969 0.025000
5 0.976953 0.902778 0.017969 0.025000
5 0.976953 0.902778 0.017969 0.025000
5 0.976953 0.940972 0.016406 0.026389
5 0.976953 0.940972 0.016406 0.026389
5 0.976953 0.940972 0.016406 0.026389
5 0.992188 0.956944 0.014063 0.027778
5 0.992188 0.956944 0.014063 0.027778
5 0.992188 0.956944 0.014063 0.027778
5 0.992188 0.936111 0.014063 0.027778
5 0.992188 0.936111 0.014063 0.027778
5 0.992188 0.936111 0.014063 0.027778
5 0.991797 0.915278 0.014844 0.027778
5 0.991797 0.915278 0.014844 0.027778
5 0.991797 0.915278 0.014844 0.027778
5 0.991406 0.892361 0.015625 0.026389
5 0.991406 0.892361 0.015625 0.026389
5 0.991406 0.892361 0.015625 0.026389
6 0.362891 0.893056 0.094531 0.113889
6 0.521484 0.898611 0.094531 0.122222
6 0.364453 0.790972 0.094531 0.109722
6 0.444141 0.895833 0.088281 0.119444
7 0.336719 0.877083 0.012500 0.009722
7 0.416016 0.907639 0.007031 0.012500
7 0.324219 0.856944 0.017188 0.008333
7 0.296094 0.859028 0.000000 0.001389
6 0.042578 0.768750 0.052344 0.006944
6 0.077734 0.770139 0.049219 0.004167
6 0.193359 0.770833 0.050781 0.011111
6 0.230859 0.771528 0.033594 0.012500
8 0.304297 0.922917 0.000781 0.004167
5 0.296484 0.885417 0.002344 0.004167
8 0.319141 0.914583 0.047656 0.040278
5 0.319141 0.891667 0.047656 0.011111
8 0.305469 0.920139 0.020313 0.037500
5 0.305469 0.897222 0.020313 0.013889
8 0.340625 0.994444 0.001563 0.008333
5 0.293359 0.991667 0.092969 0.013889
0 0.826562 0.843056 0.215625 0.302778
0 0.117969 0.765972 0.053125 0.020833
0 0.159375 0.765278 0.051562 0.022222
1 0.876563 0.841667 0.029687 0.119444
1 0.871875 0.837500 0.020313 0.108333
1 0.868750 0.827083 0.014063 0.084722
1 0.911328 0.829861 0.071094 0.084722
1 0.481641 0.835417 0.082031 0.101389
1 0.493359 0.834028 0.074219 0.098611
1 0.319531 0.833333 0.046875 0.091667
1 0.312109 0.834028 0.032031 0.093056
1 0.084375 0.845833 0.168750 0.305556
2 0.071094 0.884722 0.142187 0.227778
1 0.226953 0.848611 0.178906 0.300000
2 0.217188 0.884722 0.159375 0.216667
2 0.938672 0.993056 0.121094 0.011111
2 0.866016 0.996528 0.000781 0.004167
2 0.863281 0.935417 0.004687 0.126389
2 0.734766 0.938889 0.257031 0.119444
2 0.860156 0.809028 0.004687 0.129167
2 0.732422 0.811806 0.255469 0.154167
5 0.461719 0.859722 0.025000 0.005556
5 0.461719 0.854861 0.025000 0.004167
5 0.461719 0.843750 0.025000 0.004167
5 0.461719 0.849306 0.025000 0.004167
5 0.421094 0.872222 0.035937 0.008333
5 0.424609 0.879861 0.024219 0.006944
5 0.412891 0.875000 0.019531 0.008333
5 0.410938 0.881944 0.018750 0.005556
5 0.401953 0.877778 0.000781 0.005556
5 0.401953 0.871528 0.000781 0.006944
5 0.400000 0.862500 0.000000 0.002778