3 0.499609 0.829861 0.999219 0.337500
4 0.282422 0.676389 0.000781 0.000000
4 0.194141 0.711111 0.002344 0.050000
4 0.024219 0.736806 0.007812 0.062500
8 0.026172 0.756944 0.052344 0.044444
8 0.574609 0.762500 0.066406 0.050000
5 0.518359 0.672222 0.011719 0.002778
5 0.518359 0.672222 0.011719 0.002778
5 0.518359 0.672222 0.011719 0.002778
5 0.518359 0.666667 0.011719 0.008333
5 0.518359 0.666667 0.011719 0.008333
5 0.518359 0.666667 0.011719 0.008333
5 0.568750 0.685417 0.006250 0.006944
5 0.568750 0.685417 0.006250 0.006944
5 0.568750 0.685417 0.006250 0.006944
5 0.567969 0.677778 0.006250 0.005556
5 0.567969 0.677778 0.006250 0.005556
5 0.567969 0.677778 0.006250 0.005556
5 0.563672 0.669444 0.014844 0.008333
5 0.563672 0.669444 0.014844 0.008333
5 0.563672 0.669444 0.014844 0.008333
5 0.564063 0.661111 0.015625 0.008333
5 0.564063 0.661111 0.015625 0.008333
5 0.564063 0.661111 0.015625 0.008333
6 0.447266 0.688889 0.044531 0.058333
6 0.492578 0.681944 0.038281 0.055556
6 0.448047 0.638194 0.046094 0.056944
6 0.471484 0.684722 0.041406 0.058333
6 0.307812 0.703472 0.054688 0.062500
6 0.273828 0.714583 0.039844 0.073611
7 0.037109 0.782639 0.053906 0.023611
7 0.003516 0.794444 0.007031 0.016667
7 0.236328 0.872222 0.091406 0.038889
7 0.275391 0.848611 0.024219 0.027778
7 0.031641 0.940278 0.063281 0.052778
7 0.139844 0.908333 0.065625 0.044444
7 0.039453 0.704861 0.036719 0.012500
7 0.219141 0.725000 0.033594 0.013889
7 0.110937 0.665972 0.004687 0.006944
7 0.147266 0.662500 0.000781 0.000000
7 0.046484 0.673611 0.030469 0.008333
7 0.063281 0.670139 0.001563 0.006944
8 0.194141 0.739583 0.025781 0.029167
5 0.192578 0.726389 0.022656 0.008333
5 0.148438 0.722222 0.000000 0.000000
8 0.394531 0.693056 0.001563 0.000000
5 0.382422 0.691667 0.019531 0.002778
8 0.399609 0.713194 0.021094 0.026389
5 0.398438 0.701389 0.018750 0.008333
8 0.410938 0.709028 0.040625 0.026389
5 0.408594 0.697222 0.039062 0.008333
8 0.391016 0.714583 0.003906 0.023611
5 0.389453 0.703472 0.000781 0.004167
8 0.782813 0.720139 0.043750 0.029167
5 0.779297 0.706944 0.044531 0.008333
8 0.805078 0.716667 0.017969 0.027778
5 0.791797 0.703472 0.042969 0.009722
8 0.771094 0.724306 0.050000 0.029167
5 0.770312 0.710417 0.045312 0.009722
8 0.758203 0.729167 0.049219 0.030556
5 0.756641 0.714583 0.046094 0.009722
8 0.762891 0.713194 0.013281 0.026389
5 0.745313 0.700000 0.042188 0.008333
8 0.750781 0.705556 0.010937 0.005556
5 0.732031 0.703472 0.043750 0.006944
8 0.722656 0.711806 0.048438 0.012500
5 0.718750 0.706250 0.037500 0.006944
8 0.703125 0.722222 0.040625 0.025000
5 0.705078 0.710417 0.041406 0.009722
8 0.676953 0.749306 0.046094 0.037500
5 0.675391 0.733333 0.042969 0.013889
8 0.713672 0.752083 0.052344 0.034722
5 0.713672 0.737500 0.046094 0.013889
8 0.634766 0.747917 0.044531 0.034722
5 0.636328 0.731250 0.041406 0.012500
8 0.600781 0.740278 0.051562 0.030556
5 0.600781 0.727083 0.045312 0.012500
8 0.727344 0.736806 0.051562 0.031944
5 0.725781 0.722222 0.048438 0.011111
8 0.713672 0.741667 0.055469 0.033333
5 0.712891 0.725694 0.049219 0.009722
8 0.666406 0.739583 0.045312 0.034722
5 0.664844 0.722917 0.043750 0.006944
8 0.621484 0.736806 0.033594 0.031944
5 0.625781 0.720833 0.037500 0.011111
8 0.579297 0.788889 0.046094 0.044444
5 0.576953 0.769444 0.041406 0.016667
8 0.592578 0.781250 0.069531 0.043056
5 0.591406 0.762500 0.062500 0.016667
0 0.882812 0.831944 0.232813 0.333333
0 0.330859 0.706250 0.116406 0.187500
0 0.531250 0.675000 0.068750 0.141667
0 0.599609 0.648611 0.055469 0.105556
1 0.309766 0.644444 0.052344 0.063889
1 0.300391 0.643750 0.038281 0.059722
1 0.269531 0.643056 0.051562 0.061111
1 0.244141 0.644444 0.038281 0.063889
1 0.231641 0.641667 0.050781 0.061111
1 0.208984 0.643750 0.041406 0.065278
1 0.176563 0.634028 0.046875 0.051389
1 0.121484 0.658333 0.025781 0.075000
1 0.078906 0.657639 0.065625 0.073611
1 0.939063 0.686111 0.051562 0.105556
2 0.954688 0.654861 0.015625 0.018056
2 0.934766 0.655556 0.038281 0.016667
2 0.943359 0.706250 0.024219 0.031944
2 0.932813 0.645833 0.018750 0.000000
2 0.951562 0.654861 0.017188 0.018056
2 0.930078 0.647222 0.014844 0.000000
2 0.947656 0.655556 0.018750 0.016667
1 0.913281 0.701389 0.059375 0.119444
2 0.909766 0.698611 0.021094 0.000000
2 0.930078 0.715972 0.019531 0.034722
2 0.933594 0.659722 0.012500 0.011111
2 0.907422 0.675000 0.042969 0.036111
2 0.911328 0.720833 0.050781 0.041667
2 0.906250 0.655556 0.017188 0.000000
2 0.925781 0.672917 0.020313 0.034722
2 0.901953 0.656250 0.016406 0.001389
2 0.921875 0.674306 0.021875 0.034722
1 0.893750 0.666667 0.051562 0.066667
2 0.911719 0.645833 0.010937 0.002778
2 0.888281 0.650694 0.037500 0.009722
2 0.890234 0.697917 0.016406 0.004167
2 0.887500 0.644444 0.018750 0.000000
2 0.905078 0.648611 0.014844 0.008333
2 0.885547 0.645833 0.007031 0.000000
2 0.901172 0.649306 0.017969 0.006944
1 0.862109 0.698611 0.060156 0.116667
2 0.861328 0.695833 0.005469 0.000000
2 0.885547 0.700694 0.008594 0.006944
2 0.871094 0.654167 0.037500 0.005556
2 0.855859 0.672222 0.041406 0.033333
2 0.860156 0.718056 0.045312 0.038889
2 0.855078 0.653472 0.014844 0.001389
2 0.873828 0.665278 0.017969 0.022222
2 0.851172 0.654167 0.019531 0.000000
2 0.871094 0.665972 0.020313 0.023611
2 0.792578 0.888194 0.044531 0.079167
2 0.693359 0.930556 0.153906 0.100000
2 0.693359 0.845139 0.153906 0.109722
2 0.751953 0.811111 0.125781 0.091667
2 0.495312 0.780556 0.118750 0.077778
2 0.409766 0.806250 0.133594 0.090278
2 0.453516 0.879167 0.046094 0.083333
2 0.536719 0.845833 0.035937 0.072222
2 0.455078 0.793056 0.125781 0.083333
2 0.358984 0.821528 0.142969 0.098611
2 0.358594 0.899306 0.142187 0.090278
2 0.497656 0.861111 0.040625 0.077778
2 0.429297 0.750000 0.049219 0.011111
2 0.833594 0.690972 0.006250 0.018056
2 0.764453 0.692361 0.036719 0.018056
2 0.806641 0.697917 0.046094 0.029167
2 0.764453 0.670139 0.036719 0.029167
2 0.806641 0.670833 0.046094 0.030556
2 0.766406 0.640972 0.040625 0.029167
2 0.806641 0.642361 0.046094 0.031944
5 0.087891 0.703472 0.058594 0.009722
5 0.084375 0.712500 0.051562 0.008333
5 0.061719 0.720139 0.006250 0.006944
5 0.061328 0.729167 0.005469 0.008333
5 0.061328 0.746528 0.005469 0.006944
5 0.061328 0.737500 0.005469 0.008333
5 0.061328 0.762500 0.005469 0.008333
5 0.061328 0.754861 0.005469 0.006944
5 0.041406 0.694444 0.039062 0.008333
5 0.035937 0.700000 0.029687 0.005556
5 0.127734 0.725000 0.039844 0.013889
5 0.128125 0.733333 0.040625 0.013889
5 0.127734 0.752083 0.039844 0.012500
5 0.128125 0.742361 0.040625 0.015278
5 0.127344 0.767361 0.039062 0.015278
5 0.127344 0.759028 0.039062 0.015278
5 0.055469 0.696528 0.018750 0.006944
5 0.064453 0.704861 0.000781 0.001389
5 0.128125 0.716667 0.040625 0.013889
5 0.128516 0.707639 0.039844 0.012500
5 0.171094 0.729167 0.060937 0.013889
5 0.170703 0.738194 0.061719 0.015278
5 0.170313 0.756250 0.060937 0.015278
5 0.170703 0.747917 0.061719 0.015278
5 0.170313 0.773611 0.060937 0.016667
5 0.170313 0.764583 0.060937 0.015278
5 0.111328 0.697917 0.003906 0.001389
5 0.171094 0.720833 0.060937 0.013889
5 0.171094 0.712500 0.060937 0.013889
5 0.171094 0.659722 0.060937 0.011111
5 0.171094 0.670139 0.060937 0.009722
5 0.171094 0.686806 0.060937 0.012500
5 0.171094 0.679167 0.060937 0.011111
5 0.171094 0.704167 0.060937 0.013889
5 0.171094 0.695139 0.060937 0.012500
5 0.110937 0.695139 0.004687 0.004167
5 0.110937 0.688889 0.004687 0.005556
5 0.171094 0.652083 0.060937 0.009722
5 0.171094 0.643056 0.060937 0.011111