3 0.499609 0.829861 0.999219 0.337500
4 0.396484 0.775694 0.007031 0.062500
4 0.397266 0.822222 0.027344 0.075000
4 0.412891 0.854861 0.008594 0.076389
4 0.408594 0.886806 0.032813 0.090278
4 0.428906 0.931944 0.010937 0.091667
4 0.425000 0.960417 0.031250 0.076389
4 0.451172 0.993056 0.003906 0.011111
4 0.005078 0.793056 0.010156 0.063889
8 0.476172 0.961806 0.053906 0.073611
8 0.934375 0.795139 0.014063 0.004167
5 0.378906 0.670139 0.040625 0.012500
5 0.378906 0.670139 0.040625 0.012500
5 0.378906 0.670139 0.040625 0.012500
5 0.378906 0.661111 0.040625 0.013889
5 0.378906 0.661111 0.040625 0.013889
5 0.378906 0.661111 0.040625 0.013889
5 0.378906 0.678472 0.040625 0.012500
5 0.378906 0.678472 0.040625 0.012500
5 0.378906 0.678472 0.040625 0.012500
5 0.437109 0.676389 0.041406 0.011111
5 0.437109 0.676389 0.041406 0.011111
5 0.437109 0.676389 0.041406 0.011111
5 0.437109 0.668750 0.041406 0.012500
5 0.437109 0.668750 0.041406 0.012500
5 0.437109 0.668750 0.041406 0.012500
5 0.437109 0.660417 0.041406 0.012500
5 0.437109 0.660417 0.041406 0.012500
5 0.437109 0.660417 0.041406 0.012500
5 0.437109 0.650694 0.041406 0.012500
5 0.437109 0.650694 0.041406 0.012500
5 0.437109 0.650694 0.041406 0.012500
6 0.498437 0.717361 0.034375 0.054167
6 0.483203 0.700000 0.032031 0.066667
6 0.499219 0.664583 0.037500 0.070833
6 0.494141 0.704861 0.024219 0.059722
6 0.508594 0.784722 0.054688 0.088889
6 0.536719 0.806944 0.071875 0.091667
7 0.606250 0.988194 0.078125 0.020833
7 0.293359 0.995139 0.036719 0.006944
7 0.300781 0.882639 0.029687 0.040278
7 0.005078 0.838889 0.010156 0.022222
7 0.356641 0.761806 0.049219 0.018056
7 0.363281 0.827778 0.059375 0.022222
8 0.513281 0.868750 0.046875 0.040278
5 0.512109 0.860417 0.014844 0.029167
8 0.446875 0.881944 0.023438 0.061111
5 0.455469 0.863889 0.034375 0.030556
8 0.448437 0.790278 0.048438 0.041667
5 0.448828 0.776389 0.046094 0.016667
8 0.446484 0.775000 0.049219 0.033333
5 0.445703 0.763194 0.044531 0.012500
8 0.421094 0.768056 0.006250 0.036111
5 0.438672 0.754167 0.038281 0.013889
8 0.437109 0.749306 0.041406 0.023611
5 0.437891 0.743056 0.039844 0.011111
8 0.494531 0.747917 0.043750 0.004167
5 0.506641 0.745833 0.016406 0.000000
8 0.492578 0.749306 0.046094 0.026389
5 0.491797 0.739583 0.041406 0.009722
8 0.793750 0.701389 0.014063 0.011111
5 0.808984 0.698611 0.041406 0.011111
8 0.796875 0.695139 0.043750 0.015278
5 0.796484 0.690972 0.039844 0.009722
8 0.814453 0.716667 0.030469 0.030556
5 0.819531 0.703472 0.035937 0.006944
8 0.836719 0.724306 0.046875 0.023611
5 0.836719 0.714583 0.043750 0.006944
8 0.775391 0.693056 0.000781 0.000000
5 0.758594 0.690278 0.028125 0.005556
8 0.769922 0.718750 0.025781 0.012500
5 0.770312 0.697917 0.029687 0.006944
8 0.778906 0.720139 0.043750 0.023611
5 0.776953 0.705556 0.041406 0.008333
8 0.791016 0.729167 0.046094 0.025000
5 0.789844 0.715278 0.043750 0.011111
8 0.933203 0.775694 0.002344 0.029167
5 0.933203 0.755556 0.002344 0.016667
8 0.857031 0.763889 0.032813 0.025000
5 0.857812 0.759028 0.031250 0.018056
8 0.814063 0.769444 0.025000 0.033333
5 0.826562 0.760417 0.039062 0.018056
8 0.840625 0.739583 0.012500 0.026389
5 0.856250 0.730556 0.040625 0.011111
8 0.862891 0.743750 0.017969 0.012500
5 0.865625 0.739583 0.021875 0.012500
8 0.842578 0.756250 0.046094 0.037500
5 0.842187 0.743750 0.040625 0.015278
8 0.804297 0.758333 0.042969 0.038889
5 0.804297 0.744444 0.039844 0.016667
5 0.994922 0.813889 0.008594 0.013889
8 0.996875 0.884722 0.004687 0.022222
5 0.998828 0.876389 0.000781 0.008333
0 0.839453 0.818750 0.082031 0.240278
0 0.745313 0.723611 0.071875 0.172222
0 0.523047 0.643056 0.036719 0.111111
1 0.089844 0.663194 0.070312 0.090278
1 0.082812 0.670139 0.071875 0.093056
1 0.027344 0.660417 0.054688 0.081944
1 0.023047 0.670833 0.046094 0.091667
1 0.995313 0.659722 0.007812 0.063889
2 0.995313 0.642361 0.007812 0.026389
2 0.994922 0.676389 0.007031 0.027778
2 0.993359 0.626389 0.002344 0.000000
1 0.865625 0.620833 0.001563 0.011111
2 0.874219 0.626389 0.014063 0.005556
2 0.877344 0.664583 0.006250 0.001389
2 0.877734 0.627778 0.007031 0.002778
2 0.880859 0.630556 0.000781 0.002778
1 0.966016 0.688194 0.066406 0.104167
2 0.934375 0.647222 0.001563 0.002778
2 0.994531 0.670139 0.006250 0.029167
2 0.994531 0.709028 0.006250 0.029167
1 0.855469 0.659722 0.051562 0.088889
2 0.838672 0.672222 0.002344 0.027778
2 0.850781 0.638194 0.026562 0.026389
2 0.866797 0.645833 0.028906 0.027778
2 0.859766 0.678472 0.041406 0.031944
2 0.848047 0.639583 0.017969 0.023611
2 0.861719 0.627778 0.014063 0.000000
2 0.855078 0.643750 0.013281 0.026389
2 0.866406 0.629861 0.012500 0.001389
1 0.933594 0.701389 0.003125 0.072222
2 0.933984 0.670833 0.002344 0.030556
2 0.933203 0.706944 0.002344 0.030556
2 0.933984 0.650694 0.002344 0.001389
2 0.933984 0.653472 0.002344 0.001389
2 0.994531 0.856944 0.009375 0.075000
2 0.933594 0.874306 0.014063 0.048611
2 0.671484 0.667361 0.011719 0.031944
2 0.698828 0.677083 0.041406 0.034722
2 0.737500 0.677778 0.034375 0.030556
2 0.698828 0.650000 0.041406 0.033333
2 0.737500 0.651389 0.034375 0.027778
2 0.698828 0.624306 0.041406 0.031944
2 0.733594 0.623611 0.042188 0.033333
5 0.479687 0.862500 0.062500 0.030556
5 0.479687 0.875694 0.062500 0.029167
5 0.479687 0.886111 0.062500 0.027778
5 0.479687 0.897222 0.062500 0.030556
5 0.479687 0.919444 0.062500 0.027778
5 0.479687 0.909028 0.062500 0.029167
5 0.479687 0.941667 0.062500 0.030556
5 0.479687 0.929861 0.062500 0.029167
5 0.558984 0.881944 0.055469 0.027778
5 0.558984 0.893056 0.055469 0.027778
5 0.558984 0.915972 0.055469 0.029167
5 0.558984 0.904861 0.055469 0.029167
5 0.561719 0.936111 0.050000 0.027778
5 0.558984 0.925694 0.055469 0.026389
5 0.000000 0.809028 0.000000 0.006944
5 0.000781 0.818056 0.001563 0.008333
5 0.558984 0.871528 0.055469 0.029167
5 0.558984 0.858333 0.055469 0.030556
5 0.635938 0.875694 0.067187 0.026389
5 0.635938 0.887500 0.067187 0.027778
5 0.635938 0.909028 0.067187 0.026389
5 0.635938 0.897917 0.067187 0.026389
5 0.635938 0.931250 0.067187 0.029167
5 0.635938 0.920139 0.067187 0.029167
5 0.039844 0.813194 0.054688 0.020833
5 0.040625 0.822222 0.054688 0.022222
5 0.635938 0.865972 0.067187 0.026389
5 0.635938 0.854861 0.067187 0.026389
5 0.635938 0.790278 0.067187 0.022222
5 0.635938 0.801389 0.067187 0.025000
5 0.635938 0.823611 0.067187 0.025000
5 0.635938 0.812500 0.067187 0.025000
5 0.635938 0.845139 0.067187 0.026389
5 0.635938 0.833333 0.067187 0.025000
5 0.039844 0.806944 0.054688 0.019444
5 0.040625 0.797917 0.054688 0.020833
5 0.635938 0.779861 0.067187 0.023611
5 0.636328 0.767361 0.066406 0.023611