3 0.500000 0.920833 0.998437 0.155556
5 0.353125 0.836806 0.075000 0.026389
5 0.353125 0.836806 0.075000 0.026389
5 0.353125 0.836806 0.075000 0.026389
5 0.353125 0.820833 0.075000 0.027778
5 0.353125 0.820833 0.075000 0.027778
5 0.353125 0.820833 0.075000 0.027778
5 0.353125 0.852083 0.075000 0.026389
5 0.353125 0.852083 0.075000 0.026389
5 0.353125 0.852083 0.075000 0.026389
5 0.460938 0.854167 0.071875 0.025000
5 0.460938 0.854167 0.071875 0.025000
5 0.460938 0.854167 0.071875 0.025000
5 0.460938 0.844444 0.071875 0.013889
5 0.460938 0.844444 0.071875 0.013889
5 0.460938 0.844444 0.071875 0.013889
5 0.460938 0.822917 0.071875 0.026389
5 0.460938 0.822917 0.071875 0.026389
5 0.460938 0.822917 0.071875 0.026389
5 0.460938 0.806250 0.071875 0.026389
5 0.460938 0.806250 0.071875 0.026389
5 0.460938 0.806250 0.071875 0.026389
6 0.485938 0.977778 0.006250 0.041667
6 0.464844 0.938889 0.073438 0.119444
6 0.446484 0.906250 0.099219 0.184722
6 0.457813 0.956250 0.079687 0.084722
0 0.601562 0.817361 0.067187 0.248611
2 0.926172 0.868056 0.025781 0.077778
2 0.969531 0.900000 0.059375 0.088889
2 0.969531 0.843750 0.059375 0.081944
2 0.969531 0.788194 0.059375 0.079167