3 0.499609 0.880556 0.999219 0.236111
5 0.096484 0.879861 0.096094 0.037500
5 0.096484 0.879861 0.096094 0.037500
5 0.096484 0.879861 0.096094 0.037500
5 0.096875 0.861111 0.095312 0.038889
5 0.096875 0.861111 0.095312 0.038889
5 0.096875 0.861111 0.095312 0.038889
5 0.096484 0.896528 0.096094 0.037500
5 0.096484 0.896528 0.096094 0.037500
5 0.096484 0.896528 0.096094 0.037500
5 0.208203 0.875694 0.088281 0.034722
5 0.208203 0.875694 0.088281 0.034722
5 0.208203 0.875694 0.088281 0.034722
5 0.208203 0.860417 0.088281 0.034722
5 0.208203 0.860417 0.088281 0.034722
5 0.208203 0.860417 0.088281 0.034722
5 0.208203 0.843750 0.088281 0.034722
5 0.208203 0.843750 0.088281 0.034722
5 0.208203 0.843750 0.088281 0.034722
5 0.208203 0.826389 0.088281 0.033333
5 0.208203 0.826389 0.088281 0.033333
5 0.208203 0.826389 0.088281 0.033333
6 0.593359 0.950694 0.114844 0.095833
6 0.464844 0.922917 0.098437 0.151389
6 0.594531 0.850000 0.117188 0.169444
6 0.524219 0.932639 0.107813 0.131944
8 0.892969 0.858333 0.039062 0.044444
5 0.895703 0.836111 0.036719 0.019444
8 0.864453 0.847222 0.069531 0.044444
5 0.864453 0.827083 0.061719 0.020833
8 0.985156 0.861111 0.012500 0.033333
5 0.981641 0.846528 0.011719 0.012500
8 0.987109 0.880556 0.022656 0.038889
5 0.987500 0.858333 0.023438 0.022222
8 0.818359 0.858333 0.072656 0.047222
5 0.818359 0.837500 0.064844 0.022222
8 0.863281 0.870833 0.075000 0.050000
5 0.863281 0.848611 0.067187 0.022222
8 0.891797 0.881250 0.044531 0.051389
5 0.894141 0.858333 0.039844 0.025000
8 0.987500 0.890278 0.023438 0.044444
5 0.986328 0.870833 0.021094 0.019444
0 0.411328 0.797917 0.116406 0.218056
1 0.988281 0.770833 0.021875 0.058333
2 0.980078 0.750000 0.005469 0.000000
2 0.978516 0.703472 0.007031 0.001389
2 0.988281 0.770833 0.021875 0.041667
2 0.982422 0.724306 0.014844 0.037500
2 0.988281 0.705556 0.021875 0.002778
2 0.991406 0.725694 0.015625 0.034722
2 0.997266 0.706944 0.003906 0.000000
1 0.923047 0.764583 0.107031 0.131944
2 0.893359 0.715972 0.039844 0.006944
2 0.902734 0.718750 0.021094 0.004167
2 0.910547 0.715972 0.005469 0.001389
2 0.912109 0.720833 0.002344 0.002778
1 0.875781 0.764583 0.076563 0.123611
2 0.854688 0.790278 0.026562 0.041667
2 0.865625 0.769444 0.018750 0.002778
2 0.860938 0.738194 0.039062 0.043056
2 0.906250 0.746528 0.015625 0.043056
2 0.887500 0.795833 0.053125 0.050000
2 0.872656 0.741667 0.026562 0.041667
2 0.888672 0.720833 0.025781 0.002778
2 0.892969 0.744444 0.028125 0.041667
2 0.903906 0.723611 0.018750 0.002778
2 0.589453 0.807639 0.047656 0.056944
2 0.609375 0.778472 0.006250 0.004167
2 0.655859 0.823611 0.085156 0.055556
2 0.717969 0.818750 0.039062 0.048611
2 0.655469 0.780556 0.084375 0.052778
2 0.717969 0.775694 0.039062 0.045833
2 0.655469 0.735417 0.084375 0.054167
2 0.696094 0.730556 0.082812 0.052778