3 0.499609 0.838194 0.999219 0.320833
4 0.724609 0.920833 0.014844 0.102778
4 0.953125 0.959722 0.043750 0.077778
5 0.141406 0.795833 0.076563 0.027778
5 0.141406 0.795833 0.076563 0.027778
5 0.141406 0.795833 0.076563 0.027778
5 0.141406 0.781250 0.076563 0.029167
5 0.141406 0.781250 0.076563 0.029167
5 0.141406 0.781250 0.076563 0.029167
5 0.141406 0.809722 0.076563 0.027778
5 0.141406 0.809722 0.076563 0.027778
5 0.141406 0.809722 0.076563 0.027778
5 0.210547 0.790278 0.060156 0.025000
5 0.210547 0.790278 0.060156 0.025000
5 0.210547 0.790278 0.060156 0.025000
5 0.210547 0.777778 0.060156 0.025000
5 0.210547 0.777778 0.060156 0.025000
5 0.210547 0.777778 0.060156 0.025000
5 0.210547 0.764583 0.060156 0.023611
5 0.210547 0.764583 0.060156 0.023611
5 0.210547 0.764583 0.060156 0.023611
5 0.210547 0.750000 0.060156 0.025000
5 0.210547 0.750000 0.060156 0.025000
5 0.210547 0.750000 0.060156 0.025000
6 0.588281 0.817361 0.079687 0.093056
6 0.477734 0.797222 0.074219 0.102778
6 0.587891 0.736111 0.080469 0.102778
6 0.525391 0.807639 0.064844 0.106944
6 0.883984 0.889583 0.083594 0.143056
6 0.978906 0.906250 0.040625 0.137500
7 0.512891 0.927778 0.075781 0.047222
7 0.839844 0.990278 0.057813 0.016667
8 0.773047 0.927083 0.080469 0.068056
5 0.773438 0.900000 0.071875 0.036111
8 0.712891 0.911806 0.078906 0.065278
5 0.713281 0.886806 0.070312 0.034722
8 0.661719 0.900694 0.078125 0.062500
5 0.661719 0.875694 0.068750 0.031944
8 0.608594 0.887500 0.076563 0.061111
5 0.608984 0.863889 0.067969 0.030556
8 0.702734 0.872917 0.072656 0.048611
5 0.703125 0.854861 0.064062 0.029167
8 0.651563 0.863889 0.071875 0.050000
5 0.651172 0.844444 0.063281 0.027778
8 0.752344 0.882639 0.073438 0.048611
5 0.752734 0.863889 0.064844 0.030556
8 0.807422 0.897222 0.069531 0.072222
5 0.809766 0.877083 0.064844 0.031944
8 0.722266 0.743056 0.046094 0.033333
5 0.722656 0.728472 0.040625 0.012500
8 0.688672 0.736806 0.046094 0.029167
5 0.688672 0.724306 0.039844 0.012500
8 0.754297 0.745833 0.046094 0.030556
5 0.754297 0.733333 0.041406 0.013889
8 0.787500 0.753472 0.040625 0.031944
5 0.789062 0.737500 0.037500 0.013889
8 0.662891 0.746528 0.047656 0.034722
5 0.662500 0.732639 0.042188 0.015278
8 0.697266 0.752083 0.047656 0.034722
5 0.697266 0.737500 0.042969 0.013889
8 0.729688 0.756250 0.048438 0.034722
5 0.730078 0.741667 0.042969 0.013889
8 0.767188 0.761806 0.048438 0.037500
5 0.767188 0.746528 0.043750 0.015278
8 0.991797 0.781944 0.014844 0.036111
5 0.972656 0.763194 0.045312 0.015278
8 0.975781 0.772917 0.046875 0.037500
5 0.976562 0.756944 0.045312 0.016667
8 0.970703 0.790278 0.039844 0.038889
5 0.968359 0.772222 0.036719 0.016667
8 0.963281 0.799306 0.026562 0.040278
5 0.961328 0.782639 0.022656 0.015278
8 0.842578 0.763889 0.013281 0.030556
5 0.846484 0.747222 0.014844 0.013889
5 0.910937 0.750000 0.010937 0.008333
0 0.922266 0.749306 0.149219 0.195833
0 0.381250 0.715972 0.106250 0.162500
1 0.114453 0.998611 0.000781 0.000000
1 0.776563 0.642361 0.043750 0.051389
2 0.769531 0.669444 0.000000 0.000000
2 0.767578 0.630556 0.021094 0.008333
2 0.801953 0.641667 0.011719 0.025000
2 0.778125 0.668750 0.015625 0.004167
2 0.776172 0.631944 0.013281 0.008333
2 0.782813 0.627083 0.007812 0.001389
2 0.791406 0.641667 0.017188 0.025000
2 0.797266 0.627778 0.014844 0.000000
1 0.911328 0.668056 0.061719 0.088889
2 0.887891 0.638194 0.014844 0.009722
2 0.928125 0.650000 0.021875 0.027778
2 0.915625 0.684722 0.032813 0.030556
2 0.896094 0.639583 0.017188 0.006944
2 0.901172 0.634722 0.016406 0.000000
2 0.910547 0.646528 0.016406 0.020833
2 0.916406 0.635417 0.012500 0.001389
1 0.753906 0.669444 0.070312 0.091667
2 0.732031 0.638889 0.021875 0.011111
2 0.773828 0.650000 0.024219 0.027778
2 0.762109 0.684028 0.047656 0.031944
2 0.743359 0.649306 0.017969 0.026389
2 0.750391 0.634722 0.016406 0.000000
2 0.757031 0.649306 0.015625 0.026389
2 0.763281 0.635417 0.014063 0.001389
1 0.878516 0.680556 0.075781 0.097222
2 0.848437 0.647222 0.010937 0.011111
2 0.900781 0.659722 0.023438 0.030556
2 0.896875 0.695833 0.032813 0.033333
2 0.881250 0.643056 0.001563 0.000000
2 0.886719 0.659722 0.012500 0.027778
2 0.888672 0.643750 0.016406 0.001389
1 0.712891 0.680556 0.074219 0.097222
2 0.691406 0.643750 0.025000 0.004167
2 0.735547 0.661111 0.022656 0.030556
2 0.733984 0.697917 0.027344 0.031944
2 0.701172 0.645833 0.017969 0.002778
2 0.709375 0.643750 0.012500 0.001389
2 0.715234 0.647222 0.016406 0.002778
2 0.722656 0.645139 0.012500 0.001389
1 0.843750 0.690972 0.081250 0.093056
2 0.818750 0.653472 0.025000 0.004167
2 0.880859 0.674306 0.000781 0.020833
2 0.880859 0.702083 0.000781 0.012500
2 0.833203 0.655556 0.017969 0.002778
2 0.839453 0.653472 0.014844 0.001389
2 0.846484 0.656944 0.014844 0.002778
2 0.850781 0.654861 0.006250 0.001389
1 0.694531 0.681250 0.076563 0.090278
2 0.669531 0.700000 0.020313 0.030556
2 0.676562 0.684028 0.015625 0.001389
2 0.672266 0.661111 0.025781 0.030556
2 0.716406 0.665972 0.026562 0.031944
2 0.702344 0.702778 0.056250 0.036111
2 0.682813 0.663194 0.018750 0.029167
2 0.691406 0.647917 0.012500 0.001389
2 0.697266 0.664583 0.017969 0.029167
2 0.705078 0.649306 0.013281 0.001389
1 0.820312 0.693056 0.067187 0.097222
2 0.798828 0.714583 0.017969 0.031944
2 0.801953 0.696528 0.011719 0.001389
2 0.798828 0.672222 0.017969 0.033333
2 0.846875 0.677083 0.014063 0.034722
2 0.830469 0.716667 0.046875 0.036111
2 0.816406 0.675000 0.020313 0.030556
2 0.828516 0.659028 0.008594 0.001389
2 0.833594 0.677083 0.018750 0.031944
2 0.839453 0.659722 0.019531 0.002778
2 0.478906 0.722917 0.043750 0.043056
2 0.491797 0.700694 0.017969 0.006944
2 0.529687 0.731944 0.056250 0.038889
2 0.586719 0.722917 0.006250 0.031944
2 0.529687 0.699306 0.056250 0.037500
2 0.586719 0.692361 0.006250 0.031944
2 0.529687 0.664583 0.056250 0.040278
2 0.558594 0.659028 0.062500 0.034722