3 0.433984 0.833333 0.514844 0.041667
5 0.800000 0.784028 0.004687 0.009722
5 0.800000 0.784028 0.004687 0.009722
5 0.800000 0.784028 0.004687 0.009722
6 0.360547 0.757639 0.024219 0.001389
6 0.356250 0.757639 0.009375 0.001389
8 0.181641 0.816667 0.014844 0.002778
8 0.207813 0.820833 0.009375 0.011111
8 0.195703 0.818750 0.027344 0.006944
8 0.176953 0.816667 0.007031 0.002778
8 0.579297 0.836806 0.003906 0.004167
5 0.572656 0.835417 0.007812 0.018056
8 0.628906 0.836111 0.078125 0.013889
5 0.630469 0.834028 0.073438 0.018056
8 0.612109 0.835417 0.061719 0.015278
5 0.612500 0.826389 0.062500 0.013889
8 0.193359 0.840972 0.021094 0.009722
5 0.195703 0.834722 0.017969 0.016667
8 0.136719 0.838194 0.075000 0.015278
5 0.133984 0.836806 0.069531 0.020833
8 0.157422 0.836111 0.052344 0.019444
5 0.149609 0.829167 0.061719 0.013889
8 0.180859 0.835417 0.014844 0.020833
5 0.155859 0.825000 0.074219 0.011111
0 0.147266 0.829861 0.057031 0.029167
0 0.723437 0.749306 0.098437 0.187500
1 0.617969 0.812500 0.003125 0.000000
1 0.611719 0.812500 0.003125 0.000000
1 0.432422 0.633333 0.671094 0.538889
2 0.608203 0.850694 0.161719 0.012500
2 0.619922 0.880556 0.146094 0.050000
2 0.629297 0.611806 0.124219 0.293056
2 0.166016 0.606250 0.133594 0.304167
2 0.330078 0.877083 0.469531 0.068056
2 0.473828 0.753472 0.097656 0.009722
2 0.483984 0.609722 0.167969 0.297222
2 0.319922 0.753472 0.108594 0.009722
2 0.315234 0.607639 0.172656 0.301389
1 0.926172 0.729167 0.146094 0.344444
2 0.934375 0.686111 0.129688 0.144444
2 0.935547 0.854167 0.127344 0.094444
1 0.387109 0.829861 0.396094 0.031944
2 0.476172 0.813889 0.010156 0.000000
2 0.521094 0.830556 0.093750 0.033333
2 0.493359 0.754167 0.028906 0.008333
2 0.289453 0.754167 0.021094 0.008333
2 0.340625 0.829861 0.271875 0.031944
2 0.457422 0.756250 0.003906 0.004167
2 0.451953 0.754167 0.053906 0.008333
2 0.317578 0.756250 0.003906 0.004167
2 0.337109 0.754167 0.074219 0.008333
1 0.864453 0.775694 0.255469 0.254167
2 0.917578 0.793750 0.067969 0.001389
2 0.953125 0.800000 0.054688 0.011111
2 0.777344 0.709028 0.081250 0.098611
2 0.832422 0.845833 0.185156 0.105556
2 0.870703 0.707639 0.000781 0.045833
2 0.833594 0.757639 0.015625 0.001389
2 0.843359 0.709028 0.055469 0.098611
2 0.450391 0.756250 0.008594 0.004167
2 0.323047 0.756250 0.005469 0.004167
2 0.429297 0.756944 0.008594 0.002778
2 0.435156 0.756250 0.020313 0.004167
2 0.355078 0.756944 0.038281 0.002778
2 0.350391 0.756250 0.047656 0.004167
1 0.803125 0.754861 0.239063 0.198611
2 0.862109 0.790278 0.041406 0.000000
2 0.887891 0.791667 0.033594 0.000000
2 0.774609 0.822222 0.164844 0.066667
2 0.426953 0.757639 0.000781 0.001389
2 0.429688 0.757639 0.003125 0.001389
2 0.341016 0.757639 0.000781 0.001389
2 0.338672 0.757639 0.002344 0.001389
2 0.819141 0.783333 0.032031 0.011111
2 0.908984 0.790278 0.146094 0.025000