3 0.499609 0.933333 0.999219 0.130556
4 0.051562 0.839583 0.003125 0.084722
8 0.187109 0.876389 0.224219 0.144444
5 0.632812 0.861111 0.057813 0.005556
5 0.632812 0.861111 0.057813 0.005556
5 0.632812 0.861111 0.057813 0.005556
5 0.633203 0.865972 0.058594 0.004167
5 0.633203 0.865972 0.058594 0.004167
5 0.633203 0.865972 0.058594 0.004167
6 0.472656 0.834722 0.026562 0.100000
6 0.360156 0.711806 0.057813 0.065278
6 0.469531 0.834722 0.021875 0.100000
6 0.026562 0.822917 0.053125 0.120833
7 0.231641 0.880556 0.000781 0.000000
8 0.064062 0.872917 0.026562 0.018056
8 0.130469 0.863889 0.057813 0.038889
5 0.152734 0.845139 0.000781 0.001389
8 0.184766 0.870833 0.071094 0.033333
8 0.233203 0.865972 0.060156 0.043056
5 0.223047 0.845139 0.028906 0.001389
8 0.226172 0.868056 0.075781 0.047222
5 0.235937 0.845833 0.046875 0.002778
8 0.252734 0.870139 0.017969 0.031944
5 0.255078 0.845833 0.013281 0.002778
8 0.175391 0.865278 0.072656 0.041667
5 0.178125 0.845833 0.056250 0.002778
8 0.101562 0.872222 0.084375 0.019444
5 0.101172 0.843056 0.049219 0.005556
8 0.988672 0.871528 0.021094 0.012500
8 0.969531 0.881250 0.059375 0.051389
5 0.979297 0.841667 0.002344 0.011111
8 0.944922 0.874306 0.108594 0.079167
5 0.958594 0.838889 0.081250 0.016667
8 0.958984 0.876389 0.080469 0.041667
8 0.951562 0.879861 0.065625 0.045833
8 0.894141 0.879861 0.114844 0.048611
8 0.836719 0.882639 0.118750 0.051389
8 0.635938 0.882639 0.167187 0.104167
5 0.625781 0.836111 0.139063 0.022222
8 0.736328 0.886111 0.189844 0.113889
5 0.736719 0.834722 0.168750 0.025000
8 0.550391 0.879167 0.163281 0.091667
5 0.535937 0.837500 0.115625 0.019444
8 0.442578 0.877778 0.086719 0.088889
5 0.442578 0.838194 0.069531 0.018056
8 0.850391 0.877083 0.153906 0.087500
5 0.891406 0.838194 0.053125 0.018056
8 0.792969 0.879167 0.164062 0.094444
5 0.790234 0.837500 0.149219 0.019444
8 0.664062 0.879861 0.146875 0.081944
5 0.663672 0.842361 0.063281 0.009722
8 0.598047 0.886806 0.091406 0.056944
5 0.610938 0.843056 0.040625 0.008333
8 0.101953 0.902778 0.203906 0.166667
5 0.093359 0.828472 0.186719 0.034722
0 0.332422 0.731944 0.260156 0.361111
0 0.710938 0.777083 0.103125 0.184722
1 0.259375 0.816667 0.006250 0.075000
1 0.243359 0.818750 0.038281 0.081944
1 0.241797 0.817361 0.041406 0.073611
1 0.219922 0.819444 0.064844 0.080556
1 0.216016 0.821528 0.064844 0.065278
1 0.011328 0.764583 0.005469 0.006944
2 0.994531 0.860417 0.009375 0.059722
2 0.992969 0.800000 0.012500 0.058333
2 0.991797 0.740278 0.014844 0.061111