3 0.419141 0.908333 0.838281 0.180556
4 0.206641 0.842361 0.003906 0.093056
4 0.091406 0.826389 0.015625 0.027778
4 0.015625 0.831944 0.006250 0.013889
5 0.423438 0.806250 0.012500 0.012500
5 0.423438 0.806250 0.012500 0.012500
5 0.423438 0.806250 0.012500 0.012500
5 0.423438 0.794444 0.012500 0.011111
5 0.423438 0.794444 0.012500 0.011111
5 0.423438 0.794444 0.012500 0.011111
5 0.423438 0.817361 0.012500 0.012500
5 0.423438 0.817361 0.012500 0.012500
5 0.423438 0.817361 0.012500 0.012500
5 0.482812 0.818056 0.053125 0.011111
5 0.482812 0.818056 0.053125 0.011111
5 0.482812 0.818056 0.053125 0.011111
5 0.483203 0.806250 0.052344 0.012500
5 0.483203 0.806250 0.052344 0.012500
5 0.483203 0.806250 0.052344 0.012500
5 0.483203 0.795139 0.052344 0.012500
5 0.483203 0.795139 0.052344 0.012500
5 0.483203 0.795139 0.052344 0.012500
5 0.483203 0.781944 0.052344 0.011111
5 0.483203 0.781944 0.052344 0.011111
5 0.483203 0.781944 0.052344 0.011111
6 0.460156 0.818750 0.057813 0.106944
6 0.477344 0.805556 0.050000 0.088889
6 0.462109 0.723611 0.061719 0.102778
6 0.470703 0.812500 0.052344 0.100000
6 0.341797 0.847222 0.075781 0.130556
6 0.342187 0.872222 0.075000 0.177778
7 0.229297 0.860417 0.041406 0.020833
8 0.196484 0.945139 0.096094 0.084722
5 0.194531 0.911111 0.087500 0.025000
8 0.003125 0.937500 0.001563 0.000000
8 0.247656 0.884028 0.004687 0.045833
5 0.248438 0.852083 0.004687 0.015278
8 0.444922 0.860417 0.019531 0.051389
5 0.433203 0.838194 0.032031 0.012500
8 0.456641 0.855556 0.016406 0.052778
5 0.438672 0.833333 0.042969 0.013889
8 0.432812 0.870139 0.031250 0.059722
5 0.430078 0.845139 0.025781 0.015278
8 0.426172 0.879167 0.017969 0.063889
5 0.423438 0.852083 0.012500 0.015278
0 0.916406 0.770833 0.165625 0.455556
0 0.824609 0.779167 0.089844 0.294444
0 0.578906 0.754861 0.050000 0.165278
1 0.029687 0.770833 0.059375 0.094444
1 0.010937 0.772917 0.021875 0.115278
2 0.871094 0.768056 0.029687 0.022222
2 0.889844 0.757639 0.007812 0.006944
2 0.866797 0.734722 0.036719 0.041667
2 0.894531 0.734028 0.018750 0.040278
5 0.029297 0.857639 0.058594 0.037500
5 0.023828 0.885417 0.047656 0.037500
5 0.021484 0.909028 0.042969 0.043056
5 0.022266 0.938194 0.044531 0.043056
5 0.021094 0.983333 0.042188 0.030556
5 0.020703 0.966667 0.041406 0.047222
5 0.020313 0.995139 0.034375 0.006944
5 0.133594 0.913194 0.182812 0.045833
5 0.132812 0.942361 0.182812 0.048611
5 0.132031 0.985417 0.182812 0.026389
5 0.132422 0.970833 0.183594 0.052778
5 0.186328 0.997222 0.074219 0.002778
5 0.133984 0.888194 0.182031 0.043056
5 0.134766 0.860417 0.182031 0.040278
5 0.333203 0.917361 0.166406 0.045833
5 0.332813 0.945833 0.167187 0.050000
5 0.340234 0.987500 0.152344 0.022222
5 0.332813 0.973611 0.167187 0.050000
5 0.333203 0.890972 0.166406 0.043056
5 0.333594 0.862500 0.165625 0.041667
5 0.335156 0.696528 0.164062 0.029167
5 0.334766 0.725694 0.164844 0.026389
5 0.334375 0.784028 0.165625 0.031944
5 0.334766 0.755556 0.164844 0.027778
5 0.333594 0.836806 0.165625 0.037500
5 0.334375 0.809028 0.165625 0.034722
5 0.335156 0.671528 0.164062 0.029167
5 0.335938 0.643750 0.164062 0.034722