3 0.499609 0.855556 0.999219 0.286111
4 0.600000 0.679861 0.001563 0.031944
4 0.978906 0.702083 0.040625 0.093056
4 0.318359 0.750000 0.000781 0.002778
5 0.336719 0.700694 0.001563 0.006944
5 0.336719 0.700694 0.001563 0.006944
5 0.336719 0.700694 0.001563 0.006944
5 0.336719 0.692361 0.001563 0.006944
5 0.336719 0.692361 0.001563 0.006944
5 0.336719 0.692361 0.001563 0.006944
5 0.336719 0.708333 0.001563 0.005556
5 0.336719 0.708333 0.001563 0.005556
5 0.336719 0.708333 0.001563 0.005556
5 0.346875 0.706944 0.001563 0.002778
5 0.346875 0.706944 0.001563 0.002778
5 0.346875 0.706944 0.001563 0.002778
5 0.347266 0.700694 0.002344 0.006944
5 0.347266 0.700694 0.002344 0.006944
5 0.347266 0.700694 0.002344 0.006944
5 0.354297 0.691667 0.017969 0.005556
5 0.354297 0.691667 0.017969 0.005556
5 0.354297 0.691667 0.017969 0.005556
5 0.355078 0.682639 0.016406 0.006944
5 0.355078 0.682639 0.016406 0.006944
5 0.355078 0.682639 0.016406 0.006944
7 0.933594 0.727083 0.012500 0.015278
6 0.978906 0.718750 0.040625 0.451389
6 0.975000 0.314583 0.048438 0.420833
6 0.245312 0.695139 0.110937 0.165278
6 0.360547 0.691667 0.049219 0.147222
6 0.386328 0.556944 0.099219 0.152778
6 0.247266 0.550000 0.110156 0.169444
6 0.240234 0.568056 0.067969 0.072222
6 0.132422 0.583333 0.069531 0.119444
6 0.116406 0.690278 0.040625 0.116667
8 0.954688 0.722917 0.017188 0.045833
5 0.957422 0.702083 0.011719 0.009722
0 0.958203 0.644444 0.077344 0.147222
0 0.696875 0.538889 0.464062 0.669444
0 0.427344 0.584028 0.343750 0.456944
0 0.204687 0.620139 0.229687 0.290278
0 0.168750 0.624306 0.204687 0.265278
1 0.630078 0.590972 0.139844 0.165278
1 0.769531 0.507639 0.020313 0.023611
1 0.043750 0.672222 0.079687 0.091667
1 0.050391 0.670833 0.082031 0.094444
1 0.000391 0.669444 0.000781 0.036111
1 0.005469 0.671528 0.010937 0.095833
1 0.080078 0.658333 0.067969 0.111111
1 0.027734 0.666667 0.055469 0.133333
1 0.082422 0.661806 0.091406 0.168056
1 0.136719 0.659028 0.053125 0.140278
1 0.930469 0.642361 0.001563 0.004167
2 0.989062 0.647222 0.000000 0.000000
1 0.927344 0.639583 0.006250 0.004167
2 0.595703 0.643056 0.000781 0.005556
5 0.064062 0.725000 0.035937 0.000000
5 0.068750 0.729861 0.050000 0.009722
5 0.123828 0.727778 0.021094 0.005556