3 0.499609 0.952778 0.999219 0.091667
5 0.623047 0.918056 0.014844 0.013889
5 0.623047 0.918056 0.014844 0.013889
5 0.623047 0.918056 0.014844 0.013889
5 0.622266 0.902778 0.016406 0.013889
5 0.622266 0.902778 0.016406 0.013889
5 0.622266 0.902778 0.016406 0.013889
5 0.624609 0.931944 0.011719 0.013889
5 0.624609 0.931944 0.011719 0.013889
5 0.624609 0.931944 0.011719 0.013889
5 0.657813 0.936806 0.032813 0.015278
5 0.657813 0.936806 0.032813 0.015278
5 0.657813 0.936806 0.032813 0.015278
5 0.657031 0.921528 0.031250 0.015278
5 0.657031 0.921528 0.031250 0.015278
5 0.657031 0.921528 0.031250 0.015278
5 0.655859 0.906250 0.030469 0.015278
5 0.655859 0.906250 0.030469 0.015278
5 0.655859 0.906250 0.030469 0.015278
5 0.656250 0.889583 0.031250 0.015278
5 0.656250 0.889583 0.031250 0.015278
5 0.656250 0.889583 0.031250 0.015278
6 0.337500 0.926389 0.079687 0.144444
6 0.358984 0.795833 0.117969 0.141667
6 0.374219 0.913194 0.004687 0.106944
7 0.151953 0.975000 0.000781 0.000000
7 0.003516 0.907639 0.007031 0.009722
8 0.048828 0.972917 0.075781 0.051389
5 0.042188 0.942361 0.084375 0.012500
8 0.122266 0.986111 0.057031 0.025000
5 0.101172 0.936806 0.099219 0.009722
8 0.173047 0.982639 0.082031 0.031944
5 0.173828 0.932639 0.094531 0.009722
8 0.171094 0.971528 0.118750 0.054167
5 0.169141 0.947222 0.107031 0.022222
8 0.244922 0.968750 0.113281 0.059722
5 0.242969 0.942361 0.101562 0.020833
8 0.101562 0.973611 0.126562 0.050000
5 0.100000 0.953472 0.112500 0.023611
8 0.037891 0.977778 0.075781 0.041667
5 0.033203 0.960417 0.066406 0.026389
5 0.858984 0.994444 0.144531 0.008333
0 0.482812 0.784028 0.271875 0.429167
0 0.732422 0.848611 0.122656 0.236111
1 0.222266 0.869444 0.089844 0.116667
1 0.170313 0.868750 0.062500 0.118056
1 0.160547 0.868750 0.080469 0.109722
1 0.127734 0.869444 0.086719 0.113889
1 0.119141 0.868056 0.066406 0.105556
1 0.074219 0.868056 0.084375 0.105556
1 0.058203 0.865972 0.082031 0.093056