3 0.570703 0.884722 0.857031 0.227778
5 0.023438 0.992361 0.043750 0.012500
5 0.023438 0.992361 0.043750 0.012500
5 0.023438 0.992361 0.043750 0.012500
5 0.022656 0.975000 0.045312 0.047222
5 0.022656 0.975000 0.045312 0.047222
5 0.022656 0.975000 0.045312 0.047222
6 0.620703 0.987500 0.025781 0.022222
8 0.941406 0.942361 0.084375 0.070833
5 0.941797 0.924306 0.074219 0.037500
8 0.875000 0.933333 0.081250 0.061111
5 0.875391 0.909028 0.072656 0.034722
8 0.981250 0.954861 0.035937 0.070833
5 0.983984 0.935417 0.030469 0.034722
8 0.832812 0.961806 0.087500 0.073611
5 0.833203 0.933333 0.077344 0.038889
8 0.901953 0.964583 0.089844 0.068056
5 0.902344 0.951389 0.079687 0.041667
8 0.961328 0.971528 0.075781 0.054167
5 0.964063 0.967361 0.070312 0.045833
0 0.310547 0.881250 0.164844 0.234722
1 0.954688 0.706250 0.017188 0.031944
2 0.966797 0.713889 0.032031 0.022222
2 0.985547 0.717361 0.027344 0.018056
2 0.989844 0.706944 0.018750 0.002778
2 0.996484 0.719444 0.005469 0.016667
1 0.948438 0.782639 0.101562 0.154167
2 0.920703 0.733333 0.036719 0.027778
2 0.984766 0.752778 0.024219 0.050000
2 0.971875 0.808333 0.053125 0.052778
2 0.939844 0.737500 0.029687 0.025000
2 0.948438 0.724306 0.025000 0.004167
2 0.963281 0.750694 0.029687 0.045833
2 0.971484 0.727083 0.025781 0.004167
1 0.899609 0.811111 0.128906 0.175000
2 0.861328 0.746528 0.041406 0.012500
2 0.937500 0.778472 0.042188 0.056944
2 0.940625 0.841667 0.037500 0.058333
2 0.881250 0.752083 0.032813 0.009722
2 0.891406 0.747222 0.028125 0.005556
2 0.906250 0.755556 0.032813 0.008333
2 0.916016 0.750000 0.032031 0.005556
1 0.873437 0.823611 0.134375 0.180556
2 0.828906 0.844444 0.034375 0.055556
2 0.836719 0.817361 0.025000 0.004167
2 0.833984 0.778472 0.044531 0.056944
2 0.911719 0.790972 0.045312 0.059722
2 0.886328 0.854861 0.097656 0.068056
2 0.853906 0.784722 0.034375 0.052778
2 0.864844 0.756944 0.032813 0.005556
2 0.879687 0.788889 0.034375 0.055556
2 0.890625 0.760417 0.031250 0.006944
2 0.505859 0.885417 0.071094 0.084722
2 0.528906 0.840278 0.025000 0.016667
2 0.587891 0.913194 0.091406 0.079167
2 0.587891 0.855556 0.091406 0.075000
2 0.587891 0.794444 0.091406 0.080556
2 0.610938 0.752083 0.045312 0.018056