3 0.512500 0.816667 0.851562 0.363889
4 0.242969 0.677778 0.006250 0.038889
4 0.109766 0.696528 0.007031 0.048611
8 0.109766 0.712500 0.042969 0.033333
8 0.534766 0.717361 0.050781 0.034722
5 0.544922 0.647222 0.008594 0.005556
5 0.544922 0.647222 0.008594 0.005556
5 0.544922 0.647222 0.008594 0.005556
5 0.532422 0.640972 0.033594 0.006944
5 0.532422 0.640972 0.033594 0.006944
5 0.532422 0.640972 0.033594 0.006944
5 0.544922 0.653472 0.008594 0.006944
5 0.544922 0.653472 0.008594 0.006944
5 0.544922 0.653472 0.008594 0.006944
5 0.558984 0.655556 0.010156 0.005556
5 0.558984 0.655556 0.010156 0.005556
5 0.558984 0.655556 0.010156 0.005556
5 0.558984 0.650000 0.010156 0.005556
5 0.558984 0.650000 0.010156 0.005556
5 0.558984 0.650000 0.010156 0.005556
5 0.558594 0.642361 0.009375 0.006944
5 0.558594 0.642361 0.009375 0.006944
5 0.558594 0.642361 0.009375 0.006944
5 0.558984 0.635417 0.010156 0.006944
5 0.558984 0.635417 0.010156 0.006944
5 0.558984 0.635417 0.010156 0.006944
6 0.453516 0.660417 0.038281 0.048611
6 0.494141 0.653472 0.033594 0.045833
6 0.453906 0.619444 0.039062 0.041667
6 0.472656 0.656250 0.032813 0.048611
6 0.330078 0.670833 0.036719 0.050000
6 0.305469 0.679861 0.032813 0.059722
7 0.124609 0.730556 0.046094 0.016667
7 0.094141 0.739583 0.011719 0.015278
7 0.264062 0.789583 0.062500 0.020833
7 0.290234 0.777778 0.010156 0.016667
7 0.117578 0.827083 0.060156 0.029167
7 0.197266 0.810417 0.042969 0.026389
7 0.117969 0.670833 0.031250 0.011111
7 0.253516 0.688194 0.027344 0.012500
7 0.599219 0.950694 0.004687 0.026389
7 0.569531 0.982639 0.064062 0.031944
7 0.177344 0.637500 0.001563 0.005556
7 0.204297 0.638194 0.000781 0.001389
7 0.120703 0.643750 0.025781 0.006944
7 0.141016 0.640972 0.014844 0.006944
8 0.245703 0.700694 0.011719 0.023611
5 0.244141 0.689583 0.010156 0.006944
5 0.382812 0.664583 0.010937 0.001389
8 0.393359 0.675000 0.005469 0.019444
5 0.391797 0.663194 0.030469 0.004167
8 0.405078 0.680556 0.019531 0.019444
5 0.401172 0.668750 0.027344 0.006944
8 0.420312 0.675694 0.037500 0.020833
5 0.419141 0.666667 0.033594 0.005556
8 0.396875 0.682639 0.017188 0.023611
5 0.394922 0.671528 0.014844 0.006944
8 0.555469 0.704167 0.021875 0.022222
5 0.556641 0.692361 0.019531 0.009722
8 0.523438 0.736806 0.048438 0.029167
5 0.521875 0.722917 0.045312 0.012500
8 0.541406 0.727083 0.050000 0.020833
5 0.542578 0.718750 0.047656 0.012500
0 0.597656 0.868056 0.007812 0.036111
0 0.352344 0.664583 0.073438 0.118056
0 0.512500 0.653472 0.057813 0.118056
0 0.565234 0.634028 0.002344 0.065278
1 0.338281 0.624306 0.020313 0.029167
1 0.330859 0.627083 0.035156 0.034722
1 0.311328 0.627778 0.044531 0.036111
1 0.302344 0.628472 0.031250 0.034722
1 0.278125 0.629167 0.040625 0.027778
1 0.254297 0.629861 0.025781 0.029167
1 0.232031 0.625000 0.040625 0.019444
1 0.168359 0.641667 0.053906 0.044444
1 0.135156 0.641667 0.026562 0.036111
1 0.907813 0.716667 0.012500 0.022222
2 0.907813 0.699306 0.012500 0.026389
2 0.555859 0.822917 0.091406 0.059722
2 0.555859 0.766667 0.091406 0.066667
2 0.597656 0.728472 0.007812 0.020833
2 0.450391 0.729167 0.085156 0.055556
2 0.375391 0.744444 0.077344 0.061111
2 0.403516 0.786806 0.021094 0.031944
2 0.477734 0.765972 0.030469 0.031944
2 0.417578 0.736111 0.088281 0.058333
2 0.344141 0.752778 0.096094 0.063889
2 0.344141 0.800694 0.096094 0.051389
2 0.445703 0.775000 0.032031 0.033333
2 0.499609 0.721528 0.000781 0.020833
5 0.158594 0.671528 0.045312 0.006944
5 0.142187 0.678472 0.012500 0.006944
5 0.142187 0.684028 0.012500 0.006944
5 0.142187 0.690278 0.012500 0.008333
5 0.142187 0.704861 0.012500 0.006944
5 0.142187 0.697222 0.012500 0.008333
5 0.142187 0.716667 0.012500 0.008333
5 0.142187 0.711111 0.012500 0.005556
5 0.118750 0.662500 0.032813 0.005556
5 0.116016 0.667361 0.028906 0.004167
5 0.190234 0.688194 0.028906 0.009722
5 0.190234 0.694444 0.028906 0.011111
5 0.190234 0.708333 0.028906 0.011111
5 0.190234 0.701389 0.028906 0.011111
5 0.190234 0.720833 0.028906 0.011111
5 0.190234 0.714583 0.028906 0.009722
5 0.133984 0.664583 0.022656 0.006944
5 0.137500 0.670833 0.007812 0.002778
5 0.190234 0.682639 0.028906 0.006944
5 0.190625 0.674306 0.028125 0.009722
5 0.222656 0.691667 0.046875 0.011111
5 0.222656 0.698611 0.046875 0.011111
5 0.222656 0.712500 0.046875 0.011111
5 0.222656 0.705556 0.046875 0.011111
5 0.222266 0.725694 0.046094 0.012500
5 0.222656 0.719444 0.046875 0.011111
5 0.162109 0.665972 0.032031 0.001389
5 0.146094 0.672222 0.000000 0.000000
5 0.222656 0.686111 0.046875 0.008333
5 0.222656 0.678472 0.046875 0.009722
5 0.222656 0.637500 0.046875 0.008333
5 0.222656 0.645139 0.046875 0.006944
5 0.222656 0.659722 0.046875 0.008333
5 0.222656 0.652778 0.046875 0.008333
5 0.222656 0.671528 0.046875 0.009722
5 0.222656 0.665278 0.046875 0.008333
5 0.162109 0.663194 0.032031 0.004167
5 0.162109 0.657639 0.032031 0.004167
5 0.222656 0.631944 0.046875 0.008333
5 0.222656 0.624306 0.046875 0.009722