3 0.501953 0.840972 0.994531 0.315278
4 0.539453 0.792361 0.010156 0.073611
4 0.638672 0.828472 0.042969 0.084722
4 0.723828 0.850694 0.013281 0.090278
4 0.787500 0.876389 0.051562 0.100000
4 0.902344 0.907639 0.017188 0.106944
4 0.981250 0.940278 0.035937 0.116667
4 0.164844 0.917361 0.021875 0.101389
4 0.279297 0.972917 0.013281 0.051389
4 0.322656 0.996528 0.003125 0.004167
8 0.960156 0.933333 0.078125 0.088889
5 0.269922 0.718750 0.041406 0.012500
5 0.269922 0.718750 0.041406 0.012500
5 0.269922 0.718750 0.041406 0.012500
5 0.269922 0.706944 0.041406 0.016667
5 0.269922 0.706944 0.041406 0.016667
5 0.269922 0.706944 0.041406 0.016667
5 0.269922 0.728472 0.041406 0.012500
5 0.269922 0.728472 0.041406 0.012500
5 0.269922 0.728472 0.041406 0.012500
5 0.327344 0.722917 0.012500 0.009722
5 0.327344 0.722917 0.012500 0.009722
5 0.327344 0.722917 0.012500 0.009722
5 0.327344 0.713889 0.012500 0.011111
5 0.327344 0.713889 0.012500 0.011111
5 0.327344 0.713889 0.012500 0.011111
5 0.327344 0.703472 0.012500 0.009722
5 0.327344 0.703472 0.012500 0.009722
5 0.327344 0.703472 0.012500 0.009722
5 0.327344 0.692361 0.012500 0.012500
5 0.327344 0.692361 0.012500 0.012500
5 0.327344 0.692361 0.012500 0.012500
6 0.539453 0.734028 0.057031 0.059722
6 0.480859 0.725694 0.052344 0.073611
6 0.539844 0.675694 0.059375 0.076389
6 0.508594 0.729167 0.053125 0.069444
6 0.684766 0.786111 0.066406 0.100000
6 0.758203 0.797917 0.071094 0.101389
7 0.874609 0.993750 0.064844 0.009722
7 0.612109 0.902778 0.080469 0.044444
7 0.103906 0.913889 0.087500 0.022222
7 0.423438 0.795139 0.062500 0.023611
7 0.563672 0.847917 0.074219 0.029167
6 0.452734 0.936111 0.177344 0.125000
6 0.203516 0.956944 0.207031 0.083333
6 0.193750 0.860417 0.115625 0.201389
6 0.042969 0.888194 0.085938 0.220833
6 0.192188 0.952778 0.114062 0.072222
6 0.029297 0.984722 0.058594 0.027778
8 0.811328 0.866667 0.050781 0.052778
5 0.814844 0.840972 0.043750 0.026389
8 0.786328 0.875000 0.086719 0.061111
5 0.787500 0.851389 0.078125 0.027778
8 0.593750 0.806250 0.065625 0.043056
5 0.594141 0.786806 0.060156 0.018056
8 0.566016 0.796528 0.064844 0.040278
5 0.565234 0.778472 0.058594 0.018056
8 0.539453 0.789583 0.061719 0.040278
5 0.539453 0.772222 0.057031 0.016667
8 0.514844 0.781250 0.060937 0.037500
5 0.514062 0.763889 0.054688 0.016667
8 0.587500 0.770139 0.053125 0.015278
5 0.591016 0.764583 0.055469 0.015278
8 0.565234 0.774306 0.058594 0.037500
5 0.564844 0.757639 0.053125 0.015278
8 0.601562 0.788889 0.029687 0.038889
5 0.607812 0.771528 0.037500 0.015278
8 0.620703 0.795139 0.011719 0.034722
5 0.622266 0.779861 0.008594 0.009722
8 0.752734 0.715972 0.022656 0.026389
5 0.763281 0.702083 0.039062 0.006944
8 0.740625 0.708333 0.043750 0.019444
5 0.740625 0.699306 0.039062 0.006944
8 0.767188 0.718750 0.004687 0.023611
5 0.773828 0.706944 0.014844 0.005556
8 0.705859 0.715972 0.041406 0.026389
5 0.707031 0.703472 0.040625 0.009722
8 0.728516 0.720139 0.042969 0.026389
5 0.730078 0.707639 0.041406 0.009722
8 0.753125 0.723611 0.046875 0.027778
5 0.752734 0.710417 0.041406 0.009722
8 0.766797 0.728472 0.025781 0.029167
5 0.768359 0.715972 0.024219 0.009722
8 0.938672 0.751389 0.050781 0.030556
5 0.931641 0.734722 0.042969 0.013889
8 0.957422 0.748611 0.035156 0.025000
5 0.955469 0.731250 0.039062 0.012500
8 0.915625 0.752778 0.056250 0.036111
5 0.914062 0.738889 0.051562 0.013889
8 0.892188 0.759028 0.048438 0.031944
5 0.889453 0.741667 0.046094 0.013889
8 0.882422 0.719444 0.002344 0.000000
5 0.873437 0.719444 0.014063 0.008333
8 0.891016 0.738889 0.049219 0.030556
5 0.891016 0.725000 0.044531 0.011111
8 0.887109 0.745833 0.022656 0.030556
5 0.880859 0.729861 0.028906 0.009722
8 0.869922 0.746528 0.003906 0.023611
5 0.867188 0.734722 0.001563 0.002778
0 0.835938 0.707639 0.114062 0.165278
0 0.453516 0.672222 0.060156 0.125000
0 0.176172 0.898611 0.228906 0.200000
0 0.131250 0.884028 0.221875 0.229167
1 0.010547 0.816667 0.011719 0.150000
1 0.010156 0.907639 0.020313 0.181944
1 0.059766 0.883333 0.114844 0.222222
1 0.905859 0.650694 0.063281 0.062500
2 0.885938 0.635417 0.018750 0.015278
2 0.921484 0.638194 0.025781 0.015278
2 0.923047 0.677083 0.021094 0.009722
2 0.892578 0.636806 0.010156 0.015278
2 0.905469 0.629167 0.014063 0.000000
2 0.906250 0.638194 0.017188 0.015278
2 0.916406 0.630556 0.001563 0.000000
1 0.985938 0.663889 0.026562 0.072222
2 0.978125 0.675000 0.001563 0.002778
2 0.998437 0.668056 0.001563 0.000000
2 0.987500 0.638889 0.023438 0.005556
2 0.998437 0.681944 0.001563 0.025000
2 0.998437 0.649306 0.001563 0.023611
1 0.860938 0.643056 0.051562 0.033333
2 0.835156 0.670833 0.000000 0.013889
2 0.835156 0.638889 0.000000 0.002778
2 0.875391 0.639583 0.017969 0.009722
2 0.866797 0.633333 0.000781 0.000000
1 0.950000 0.672917 0.057813 0.084722
2 0.932813 0.686111 0.017188 0.025000
2 0.942969 0.673611 0.015625 0.000000
2 0.935937 0.652083 0.025000 0.026389
2 0.970313 0.656250 0.017188 0.026389
2 0.957812 0.689583 0.042188 0.029167
2 0.946484 0.654167 0.019531 0.025000
2 0.953125 0.640972 0.007812 0.001389
2 0.957812 0.655556 0.018750 0.025000
2 0.965625 0.641667 0.015625 0.000000
1 0.791016 0.658333 0.053906 0.063889
2 0.773047 0.670833 0.000781 0.000000
2 0.776563 0.636806 0.020313 0.001389
2 0.808203 0.651389 0.019531 0.025000
2 0.803516 0.679167 0.028906 0.019444
2 0.785156 0.637500 0.017188 0.000000
2 0.794531 0.636111 0.004687 0.000000
2 0.797266 0.638889 0.010156 0.000000
2 0.808203 0.637500 0.005469 0.000000
1 0.903516 0.681944 0.066406 0.094444
2 0.876172 0.683333 0.000781 0.000000
2 0.880078 0.645833 0.027344 0.002778
2 0.917969 0.661806 0.029687 0.029167
2 0.910547 0.697917 0.046094 0.031944
2 0.882422 0.646528 0.011719 0.001389
2 0.899219 0.645833 0.014063 0.000000
2 0.897266 0.647917 0.010156 0.001389
2 0.912500 0.646528 0.010937 0.001389
1 0.771484 0.663889 0.066406 0.072222
2 0.748047 0.683333 0.013281 0.025000
2 0.761328 0.670139 0.011719 0.001389
2 0.755469 0.650000 0.028125 0.025000
2 0.787109 0.653472 0.028906 0.026389
2 0.776953 0.685417 0.050781 0.029167
2 0.759375 0.651389 0.015625 0.025000
2 0.771875 0.638889 0.007812 0.000000
2 0.771094 0.652778 0.018750 0.025000
2 0.779687 0.639583 0.006250 0.001389
1 0.873437 0.681944 0.075000 0.088889
2 0.892188 0.664583 0.031250 0.029167
2 0.887500 0.700000 0.042188 0.033333
2 0.869141 0.648611 0.005469 0.000000
2 0.870703 0.647917 0.008594 0.001389
2 0.875781 0.663889 0.018750 0.027778
2 0.881250 0.648611 0.014063 0.000000
2 0.578125 0.693750 0.021875 0.031944
2 0.608203 0.700694 0.036719 0.031944
2 0.660937 0.698611 0.018750 0.027778
2 0.608203 0.672222 0.036719 0.030556
2 0.660937 0.671528 0.018750 0.026389
2 0.608203 0.645139 0.036719 0.031944
2 0.644141 0.643750 0.050781 0.029167
5 0.887891 0.831250 0.089844 0.031944
5 0.887891 0.847222 0.089844 0.027778
5 0.887891 0.859028 0.089844 0.029167
5 0.887891 0.872917 0.089844 0.029167
5 0.887891 0.899306 0.089844 0.029167
5 0.887891 0.886111 0.089844 0.030556
5 0.887891 0.924306 0.089844 0.031944
5 0.887500 0.911111 0.089063 0.030556
5 0.953906 0.847917 0.062500 0.023611
5 0.953516 0.859722 0.063281 0.025000
5 0.953906 0.886111 0.062500 0.025000
5 0.954688 0.873611 0.060937 0.025000
5 0.959375 0.911806 0.051562 0.023611
5 0.958984 0.897917 0.052344 0.023611
5 0.035547 0.896528 0.052344 0.026389
5 0.037109 0.911806 0.049219 0.012500
5 0.952344 0.833333 0.065625 0.027778
5 0.941406 0.819444 0.085938 0.030556
5 0.987500 0.832639 0.023438 0.023611
5 0.987109 0.845833 0.024219 0.022222
5 0.987109 0.869444 0.024219 0.022222
5 0.987500 0.858333 0.023438 0.022222
5 0.992188 0.894444 0.014063 0.022222
5 0.987109 0.879861 0.024219 0.020833
5 0.155078 0.888194 0.027344 0.018056
5 0.163281 0.894444 0.043750 0.016667
5 0.982422 0.820139 0.033594 0.023611
5 0.976953 0.808333 0.044531 0.025000
5 0.976562 0.738194 0.045312 0.020833
5 0.976562 0.750000 0.045312 0.022222
5 0.976562 0.774306 0.045312 0.020833
5 0.976562 0.762500 0.045312 0.022222
5 0.976562 0.797222 0.045312 0.022222
5 0.976562 0.785417 0.045312 0.023611
5 0.154688 0.872222 0.018750 0.022222
5 0.153516 0.862500 0.030469 0.025000
5 0.976562 0.727083 0.045312 0.018056
5 0.976562 0.714583 0.045312 0.020833