3 0.511719 0.902778 0.975000 0.191667
7 0.891016 0.820833 0.044531 0.025000
7 0.956250 0.820833 0.046875 0.025000
7 0.803516 0.822222 0.039844 0.025000
7 0.737891 0.824306 0.036719 0.026389
8 0.505469 0.962500 0.056250 0.072222
5 0.506250 0.942361 0.048438 0.034722
8 0.435156 0.962500 0.057813 0.072222
5 0.435937 0.942361 0.050000 0.034722
8 0.566016 0.961111 0.058594 0.072222
5 0.566797 0.940972 0.050781 0.034722
8 0.635156 0.961806 0.062500 0.073611
5 0.635547 0.940278 0.055469 0.033333
8 0.429688 0.979167 0.064062 0.038889
5 0.430859 0.978472 0.055469 0.040278
8 0.506641 0.979167 0.061719 0.038889
5 0.507031 0.978472 0.053125 0.040278
8 0.573047 0.977778 0.064844 0.041667
5 0.573438 0.975694 0.056250 0.040278
8 0.648047 0.977778 0.069531 0.041667
5 0.648438 0.975694 0.060937 0.040278
8 0.944922 0.957639 0.097656 0.045833
5 0.939453 0.946528 0.078906 0.026389
8 0.921094 0.933333 0.092188 0.041667
5 0.919922 0.922917 0.083594 0.023611
8 0.946484 0.977083 0.049219 0.043056
5 0.953125 0.968056 0.053125 0.027778
8 0.954688 0.990972 0.009375 0.015278
5 0.962891 0.990278 0.017969 0.016667
8 0.759766 0.963194 0.077344 0.070833
5 0.760547 0.943056 0.067969 0.036111
8 0.826562 0.961111 0.081250 0.075000
5 0.827344 0.940278 0.071875 0.036111
8 0.873437 0.977083 0.101562 0.043056
5 0.872266 0.968056 0.091406 0.027778
8 0.888281 0.990972 0.089063 0.015278
5 0.895312 0.990278 0.095312 0.016667
0 0.984766 0.898611 0.028906 0.200000
0 0.023047 0.954167 0.046094 0.088889
1 0.394531 0.770833 0.087500 0.125000
2 0.363281 0.732639 0.021875 0.020833
2 0.424609 0.736111 0.019531 0.030556
2 0.434375 0.790278 0.000000 0.038889
2 0.383594 0.733333 0.020313 0.016667
2 0.384766 0.722917 0.019531 0.001389
2 0.403906 0.732639 0.020313 0.015278
2 0.405078 0.722222 0.019531 0.002778
1 0.567187 0.768056 0.090625 0.125000
2 0.531250 0.790278 0.006250 0.038889
2 0.527734 0.784028 0.003906 0.029167
2 0.536719 0.740278 0.021875 0.041667
2 0.596875 0.729167 0.023438 0.019444
2 0.557422 0.730556 0.021094 0.016667
2 0.555469 0.720139 0.020313 0.001389
2 0.577734 0.730556 0.021094 0.016667
2 0.575391 0.720139 0.019531 0.001389
1 0.434766 0.797917 0.002344 0.140278
2 0.357812 0.756944 0.014063 0.027778
2 0.421094 0.757639 0.021875 0.031944
2 0.375000 0.757639 0.023438 0.023611
2 0.376563 0.743750 0.021875 0.001389
2 0.398047 0.757639 0.022656 0.023611
2 0.399219 0.743750 0.021875 0.004167
1 0.581250 0.795139 0.101562 0.140278
2 0.541406 0.820833 0.007812 0.044444
2 0.541406 0.796528 0.006250 0.001389
2 0.546484 0.763889 0.025781 0.047222
2 0.614062 0.752778 0.026562 0.025000
2 0.570312 0.755556 0.023438 0.025000
2 0.567578 0.741667 0.022656 0.002778
2 0.593359 0.754861 0.024219 0.023611
2 0.590625 0.741667 0.023438 0.002778
1 0.376172 0.834722 0.114844 0.163889
2 0.337500 0.777083 0.029687 0.012500
2 0.416406 0.797222 0.025000 0.055556
2 0.428906 0.877778 0.000000 0.025000
2 0.363672 0.779167 0.025781 0.008333
2 0.365625 0.772917 0.026562 0.004167
2 0.389844 0.779167 0.026562 0.008333
2 0.391406 0.772222 0.025000 0.002778
1 0.599609 0.831944 0.117969 0.163889
2 0.551562 0.861111 0.003125 0.050000
2 0.560156 0.792361 0.029687 0.048611
2 0.636719 0.772917 0.032813 0.012500
2 0.587500 0.776389 0.028125 0.008333
2 0.584375 0.769444 0.026562 0.005556
2 0.613281 0.775694 0.028125 0.006944
2 0.609766 0.768750 0.027344 0.004167
1 0.371094 0.854167 0.123438 0.177778
2 0.322656 0.885417 0.015625 0.056944
2 0.325391 0.855556 0.010156 0.000000
2 0.322266 0.815278 0.016406 0.061111
2 0.413672 0.813889 0.027344 0.061111
2 0.389453 0.884028 0.077344 0.059722
2 0.361328 0.817361 0.021094 0.054167
2 0.362500 0.787500 0.023438 0.005556
2 0.385937 0.817361 0.028125 0.054167
2 0.387500 0.786111 0.026562 0.005556
1 0.608984 0.848611 0.125781 0.172222
2 0.569141 0.880556 0.028906 0.055556
2 0.565625 0.869444 0.028125 0.047222
2 0.566797 0.810417 0.032031 0.059722
2 0.648828 0.809722 0.035156 0.058333
2 0.623828 0.879167 0.086719 0.058333
2 0.595703 0.813194 0.030469 0.054167
2 0.592578 0.782639 0.028906 0.004167
2 0.623437 0.813194 0.031250 0.054167
2 0.619141 0.782639 0.028906 0.004167
2 0.025391 0.984028 0.032031 0.029167
2 0.022656 0.953472 0.031250 0.029167
2 0.167969 0.984028 0.076563 0.029167
2 0.216797 0.967361 0.019531 0.062500
2 0.167969 0.950000 0.076563 0.094444
2 0.216797 0.918056 0.019531 0.086111
2 0.168750 0.879167 0.076563 0.091667
2 0.178516 0.853472 0.096094 0.084722