3 0.494922 0.897917 0.988281 0.201389
4 0.091797 0.869444 0.003906 0.052778
4 0.172656 0.818750 0.001563 0.029167
4 0.016016 0.835417 0.028906 0.059722
8 0.282422 0.798611 0.000781 0.008333
5 0.263281 0.786806 0.032813 0.006944
5 0.263281 0.786806 0.032813 0.006944
5 0.263281 0.786806 0.032813 0.006944
5 0.263281 0.780556 0.032813 0.005556
5 0.263281 0.780556 0.032813 0.005556
5 0.263281 0.780556 0.032813 0.005556
5 0.263281 0.793750 0.032813 0.006944
5 0.263281 0.793750 0.032813 0.006944
5 0.263281 0.793750 0.032813 0.006944
5 0.235937 0.795833 0.021875 0.005556
5 0.235937 0.795833 0.021875 0.005556
5 0.235937 0.795833 0.021875 0.005556
5 0.235547 0.788889 0.021094 0.005556
5 0.235547 0.788889 0.021094 0.005556
5 0.235547 0.788889 0.021094 0.005556
5 0.234375 0.781944 0.023438 0.005556
5 0.234375 0.781944 0.023438 0.005556
5 0.234375 0.781944 0.023438 0.005556
6 0.305859 0.750000 0.008594 0.038889
6 0.305469 0.775000 0.009375 0.033333
5 0.858203 0.893750 0.052344 0.020833
5 0.858203 0.893750 0.052344 0.020833
5 0.858203 0.893750 0.052344 0.020833
5 0.873437 0.873611 0.023438 0.025000
5 0.873437 0.873611 0.023438 0.025000
5 0.873437 0.873611 0.023438 0.025000
5 0.880469 0.904167 0.007812 0.016667
5 0.880469 0.904167 0.007812 0.016667
5 0.880469 0.904167 0.007812 0.016667
5 0.930469 0.927778 0.090625 0.027778
5 0.930469 0.927778 0.090625 0.027778
5 0.930469 0.927778 0.090625 0.027778
5 0.929688 0.910417 0.090625 0.029167
5 0.929688 0.910417 0.090625 0.029167
5 0.929688 0.910417 0.090625 0.029167
5 0.929297 0.891667 0.089844 0.027778
5 0.929297 0.891667 0.089844 0.027778
5 0.929297 0.891667 0.089844 0.027778
5 0.928906 0.872222 0.090625 0.027778
5 0.928906 0.872222 0.090625 0.027778
5 0.928906 0.872222 0.090625 0.027778
6 0.336719 0.904861 0.087500 0.123611
6 0.511328 0.898611 0.088281 0.125000
6 0.337891 0.793750 0.086719 0.118056
6 0.426172 0.900694 0.086719 0.126389
7 0.107813 0.854861 0.035937 0.018056
7 0.275781 0.905556 0.012500 0.027778
7 0.010156 0.902083 0.001563 0.004167
7 0.494141 0.815972 0.013281 0.009722
7 0.542188 0.815972 0.021875 0.009722
7 0.392188 0.816667 0.017188 0.011111
7 0.437500 0.816667 0.018750 0.011111
7 0.005078 0.820139 0.007031 0.009722
7 0.060547 0.820833 0.027344 0.011111
8 0.057813 0.919444 0.071875 0.058333
5 0.057422 0.897917 0.063281 0.020833
8 0.123438 0.918750 0.067187 0.059722
5 0.122656 0.897222 0.059375 0.019444
8 0.161328 0.922222 0.024219 0.047222
5 0.163672 0.893056 0.021094 0.013889
8 0.247266 0.915972 0.053906 0.056944
5 0.245312 0.894444 0.050000 0.019444
8 0.151172 0.939583 0.044531 0.051389
5 0.153516 0.911111 0.041406 0.022222
8 0.242188 0.931944 0.045312 0.063889
5 0.240625 0.909722 0.040625 0.022222
8 0.100391 0.934722 0.074219 0.063889
5 0.100781 0.911806 0.065625 0.023611
8 0.041016 0.936111 0.057031 0.063889
5 0.037891 0.913194 0.053906 0.023611
0 0.008203 0.906944 0.016406 0.183333
0 0.814453 0.847222 0.167969 0.269444
1 0.638281 0.803472 0.059375 0.109722
1 0.597656 0.803472 0.057813 0.109722
1 0.623828 0.797222 0.036719 0.102778
1 0.567969 0.797222 0.034375 0.102778
1 0.594922 0.784028 0.049219 0.079167
1 0.559375 0.790278 0.046875 0.091667
1 0.610938 0.779167 0.062500 0.077778
1 0.251953 0.807639 0.061719 0.073611
1 0.252344 0.797917 0.062500 0.098611
1 0.039453 0.801389 0.078906 0.105556
1 0.033984 0.804861 0.067969 0.109722
1 0.570312 0.984028 0.018750 0.029167
1 0.960938 0.948611 0.076563 0.100000
2 0.971484 0.980556 0.055469 0.036111
1 0.286719 0.954861 0.568750 0.087500
2 0.467969 0.989583 0.112500 0.018056
2 0.137891 0.995139 0.110156 0.006944
2 0.358594 0.991667 0.107813 0.013889
2 0.247656 0.993750 0.109375 0.009722
2 0.993750 0.938194 0.010937 0.043056
2 0.992578 0.866667 0.013281 0.102778
5 0.157031 0.817361 0.028125 0.006944
5 0.157031 0.811111 0.028125 0.005556
5 0.158594 0.800000 0.029687 0.005556
5 0.158203 0.805556 0.030469 0.005556
5 0.164844 0.840278 0.006250 0.000000
5 0.158984 0.848611 0.022656 0.000000
5 0.158203 0.855556 0.022656 0.000000
5 0.155469 0.855556 0.039062 0.011111
5 0.153516 0.865278 0.041406 0.008333
5 0.155469 0.848611 0.039062 0.008333
5 0.154297 0.840278 0.041406 0.011111