3 0.499609 0.929167 0.999219 0.138889
5 0.446094 0.844444 0.017188 0.011111
5 0.446094 0.844444 0.017188 0.011111
5 0.446094 0.844444 0.017188 0.011111
5 0.430078 0.831944 0.049219 0.011111
5 0.430078 0.831944 0.049219 0.011111
5 0.430078 0.831944 0.049219 0.011111
5 0.430078 0.856944 0.049219 0.008333
5 0.430078 0.856944 0.049219 0.008333
5 0.430078 0.856944 0.049219 0.008333
5 0.514453 0.856944 0.058594 0.011111
5 0.514453 0.856944 0.058594 0.011111
5 0.514453 0.856944 0.058594 0.011111
5 0.514453 0.845139 0.058594 0.012500
5 0.514453 0.845139 0.058594 0.012500
5 0.514453 0.845139 0.058594 0.012500
5 0.514453 0.831944 0.058594 0.011111
5 0.514453 0.831944 0.058594 0.011111
5 0.514453 0.831944 0.058594 0.011111
5 0.514453 0.819444 0.058594 0.011111
5 0.514453 0.819444 0.058594 0.011111
5 0.514453 0.819444 0.058594 0.011111
6 0.441797 0.829167 0.071094 0.113889
6 0.476953 0.829167 0.060156 0.097222
6 0.444141 0.727778 0.074219 0.113889
6 0.462500 0.829167 0.064062 0.105556
6 0.258984 0.833333 0.133594 0.161111
6 0.223047 0.835417 0.125781 0.193056
7 0.182422 0.871528 0.008594 0.018056
7 0.007422 0.883333 0.014844 0.005556
8 0.025781 0.908333 0.051562 0.061111
5 0.027344 0.850000 0.054688 0.008333
8 0.182422 0.861111 0.008594 0.022222
5 0.182422 0.843750 0.008594 0.012500
8 0.335547 0.872917 0.022656 0.029167
5 0.334766 0.834722 0.019531 0.000000
8 0.371094 0.866667 0.090625 0.055556
5 0.371484 0.841667 0.077344 0.011111
8 0.392578 0.863889 0.089844 0.052778
5 0.391016 0.840278 0.082031 0.011111
8 0.361719 0.870139 0.078125 0.059722
5 0.359766 0.842361 0.069531 0.012500
8 0.335156 0.873611 0.078125 0.063889
5 0.345703 0.844444 0.042969 0.013889
8 0.942969 0.857639 0.015625 0.045833
5 0.941406 0.837500 0.007812 0.008333
8 0.951172 0.859028 0.016406 0.045833
5 0.972266 0.838194 0.053906 0.009722
8 0.963281 0.861806 0.014063 0.006944
5 0.961719 0.835417 0.009375 0.001389
8 0.983203 0.871528 0.032031 0.020833
5 0.983203 0.835417 0.032031 0.001389
8 0.980078 0.879861 0.038281 0.073611
5 0.982422 0.847222 0.033594 0.016667
8 0.973047 0.873611 0.052344 0.066667
5 0.975000 0.844444 0.048438 0.013889
0 0.788672 0.663194 0.217969 0.670833
0 0.830859 0.619444 0.036719 0.063889
0 0.604688 0.780556 0.059375 0.177778
1 0.034375 0.797917 0.068750 0.090278
1 0.032031 0.800000 0.064062 0.088889
1 0.005859 0.797222 0.008594 0.088889
2 0.914062 0.848611 0.056250 0.047222
2 0.970313 0.845139 0.057813 0.040278
2 0.910547 0.802083 0.060156 0.045833
2 0.969531 0.802083 0.059375 0.045833
2 0.908594 0.756250 0.060937 0.045833
2 0.968750 0.756250 0.060937 0.048611
5 0.082422 0.811111 0.164844 0.033333
5 0.082031 0.846528 0.164062 0.034722
5 0.081250 0.915972 0.162500 0.043056
5 0.081641 0.880556 0.163281 0.038889
5 0.080469 0.975694 0.160938 0.045833
5 0.080859 0.944444 0.161719 0.050000
5 0.082812 0.779167 0.165625 0.033333
5 0.083203 0.746528 0.166406 0.040278
5 0.085547 0.554861 0.171094 0.062500
5 0.085156 0.587500 0.170313 0.058333
5 0.084375 0.653472 0.168750 0.048611
5 0.084766 0.621528 0.169531 0.054167
5 0.083594 0.715972 0.167187 0.040278
5 0.083984 0.683333 0.167969 0.047222
5 0.085938 0.526389 0.171875 0.063889
5 0.086328 0.494444 0.172656 0.069444