3 0.499609 0.857639 0.999219 0.281944
4 0.229687 0.820139 0.000000 0.001389
4 0.100000 0.828472 0.001563 0.001389
8 0.778125 0.870833 0.054688 0.038889
5 0.484766 0.726389 0.041406 0.011111
5 0.484766 0.726389 0.041406 0.011111
5 0.484766 0.726389 0.041406 0.011111
5 0.484766 0.716667 0.041406 0.011111
5 0.484766 0.716667 0.041406 0.011111
5 0.484766 0.716667 0.041406 0.011111
5 0.484766 0.736111 0.041406 0.011111
5 0.484766 0.736111 0.041406 0.011111
5 0.484766 0.736111 0.041406 0.011111
5 0.544922 0.738889 0.049219 0.011111
5 0.544922 0.738889 0.049219 0.011111
5 0.544922 0.738889 0.049219 0.011111
5 0.544922 0.729167 0.049219 0.011111
5 0.544922 0.729167 0.049219 0.011111
5 0.544922 0.729167 0.049219 0.011111
5 0.544922 0.719444 0.049219 0.011111
5 0.544922 0.719444 0.049219 0.011111
5 0.544922 0.719444 0.049219 0.011111
5 0.544922 0.709028 0.049219 0.012500
5 0.544922 0.709028 0.049219 0.012500
5 0.544922 0.709028 0.049219 0.012500
6 0.441797 0.758333 0.049219 0.080556
6 0.486328 0.736806 0.047656 0.062500
6 0.444922 0.687500 0.055469 0.080556
6 0.467187 0.743056 0.051562 0.066667
6 0.289453 0.798611 0.085156 0.108333
6 0.256641 0.818056 0.066406 0.122222
7 0.244531 0.781944 0.003125 0.008333
8 0.089844 0.883333 0.017188 0.044444
5 0.090625 0.856944 0.017188 0.002778
8 0.083984 0.856250 0.033594 0.029167
5 0.090625 0.844444 0.017188 0.005556
8 0.244531 0.812500 0.003125 0.030556
5 0.244531 0.790972 0.003125 0.009722
8 0.333594 0.780556 0.003125 0.002778
8 0.344141 0.777778 0.019531 0.008333
5 0.340625 0.776389 0.017188 0.011111
8 0.366016 0.770139 0.021094 0.006944
5 0.352344 0.768750 0.040625 0.012500
8 0.383203 0.797917 0.060156 0.040278
5 0.378906 0.779167 0.060937 0.013889
8 0.401562 0.790972 0.064062 0.037500
5 0.396875 0.773611 0.048438 0.013889
8 0.364063 0.805556 0.064062 0.044444
5 0.362109 0.786806 0.060156 0.015278
8 0.351953 0.814583 0.039844 0.045833
5 0.349609 0.795833 0.035156 0.016667
8 0.931250 0.777083 0.025000 0.009722
5 0.924219 0.772222 0.031250 0.005556
8 0.942187 0.773611 0.003125 0.016667
5 0.924609 0.768056 0.032031 0.011111
8 0.931641 0.787500 0.028906 0.019444
5 0.925781 0.781250 0.034375 0.012500
8 0.927344 0.802083 0.037500 0.031944
5 0.925391 0.789583 0.033594 0.015278
8 0.874609 0.772917 0.003906 0.020833
5 0.866016 0.762500 0.016406 0.005556
8 0.873437 0.778472 0.001563 0.020833
5 0.859375 0.768750 0.003125 0.004167
8 0.873828 0.784722 0.002344 0.019444
5 0.859375 0.775000 0.003125 0.005556
8 0.859375 0.790972 0.003125 0.006944
5 0.859375 0.786111 0.003125 0.013889
8 0.884766 0.852778 0.053906 0.055556
5 0.882812 0.831944 0.050000 0.019444
8 0.951172 0.859028 0.057031 0.065278
5 0.950391 0.836806 0.049219 0.026389
8 0.800391 0.847222 0.010156 0.058333
5 0.801562 0.828472 0.006250 0.018056
8 0.761719 0.845139 0.060937 0.056944
5 0.761719 0.822917 0.053125 0.023611
8 0.923828 0.822222 0.032031 0.044444
5 0.921094 0.802083 0.028125 0.009722
8 0.926562 0.834028 0.035937 0.048611
5 0.923438 0.815278 0.032813 0.016667
8 0.858594 0.836806 0.001563 0.023611
8 0.776172 0.829167 0.055469 0.052778
5 0.775391 0.809028 0.049219 0.020833
8 0.898438 0.954861 0.079687 0.073611
5 0.894922 0.927083 0.072656 0.037500
8 0.898828 0.929167 0.080469 0.063889
5 0.895703 0.902083 0.074219 0.029167
8 0.864062 0.990278 0.128125 0.016667
5 0.865234 0.985417 0.121094 0.026389
8 0.694141 0.990278 0.122656 0.016667
5 0.683984 0.988889 0.125781 0.019444
8 0.706641 0.975000 0.130469 0.047222
5 0.705078 0.972917 0.117969 0.045833
0 0.464062 0.830556 0.137500 0.336111
0 0.635156 0.757639 0.070312 0.229167
0 0.598437 0.695139 0.050000 0.137500
1 0.183594 0.693750 0.065625 0.087500
1 0.166016 0.694444 0.074219 0.086111
1 0.131641 0.684722 0.063281 0.072222
1 0.106250 0.693750 0.073438 0.084722
1 0.076953 0.688194 0.063281 0.079167
1 0.064453 0.693750 0.038281 0.084722
1 0.005078 0.679861 0.010156 0.062500
2 0.963281 0.964583 0.071875 0.068056
2 0.964453 0.985417 0.069531 0.026389
2 0.768359 0.943056 0.075781 0.111111
2 0.636719 0.935417 0.068750 0.112500
2 0.859375 0.745833 0.003125 0.038889
2 0.857422 0.749306 0.000781 0.031944
2 0.874219 0.753472 0.003125 0.023611
2 0.857031 0.715278 0.000000 0.033333
2 0.873828 0.722917 0.003906 0.034722
2 0.857031 0.681250 0.000000 0.031944
2 0.873828 0.684722 0.003906 0.038889
5 0.009766 0.818056 0.019531 0.011111
5 0.004297 0.834722 0.005469 0.002778
5 0.002734 0.850000 0.002344 0.002778
5 0.002344 0.863194 0.001563 0.001389
5 0.001953 0.895139 0.002344 0.001389
5 0.002344 0.878472 0.001563 0.001389
5 0.001563 0.916667 0.001563 0.013889
5 0.000781 0.909722 0.000000 0.000000
5 0.048828 0.861806 0.097656 0.029167
5 0.048828 0.876389 0.097656 0.030556
5 0.048828 0.907639 0.097656 0.031944
5 0.048047 0.892361 0.096094 0.031944
5 0.047656 0.936806 0.095312 0.034722
5 0.047656 0.920833 0.095312 0.033333
5 0.049219 0.847222 0.098437 0.030556
5 0.049219 0.830556 0.098437 0.030556
5 0.136719 0.870833 0.107813 0.030556
5 0.136719 0.886806 0.107813 0.031944
5 0.136719 0.918750 0.107813 0.034722
5 0.136719 0.902778 0.107813 0.033333
5 0.136328 0.948611 0.108594 0.036111
5 0.136328 0.932639 0.108594 0.034722
5 0.136719 0.856944 0.107813 0.030556
5 0.137500 0.840278 0.107813 0.030556
5 0.137891 0.748611 0.107031 0.025000
5 0.137891 0.764583 0.107031 0.026389
5 0.137500 0.796528 0.107813 0.026389
5 0.137500 0.780556 0.107813 0.027778
5 0.137500 0.825694 0.107813 0.029167
5 0.137500 0.810417 0.107813 0.029167
5 0.138281 0.735417 0.107813 0.023611
5 0.138281 0.718750 0.107813 0.023611