3 0.499609 0.888889 0.999219 0.219444
4 0.155859 0.801389 0.000781 0.000000
8 0.264844 0.810417 0.123438 0.079167
5 0.612891 0.771528 0.033594 0.004167
5 0.612891 0.771528 0.033594 0.004167
5 0.612891 0.771528 0.033594 0.004167
5 0.612891 0.763889 0.033594 0.008333
5 0.612891 0.763889 0.033594 0.008333
5 0.612891 0.763889 0.033594 0.008333
5 0.706250 0.752778 0.001563 0.008333
5 0.706250 0.752778 0.001563 0.008333
5 0.706250 0.752778 0.001563 0.008333
6 0.500391 0.759028 0.052344 0.073611
6 0.401172 0.676389 0.066406 0.061111
6 0.479297 0.759722 0.010156 0.075000
6 0.132422 0.759028 0.067969 0.084722
6 0.059766 0.741667 0.049219 0.055556
7 0.285156 0.794444 0.020313 0.002778
7 0.928516 0.994444 0.096094 0.008333
7 0.194922 0.772917 0.010156 0.001389
7 0.233984 0.771528 0.010156 0.001389
8 0.183594 0.783333 0.035937 0.027778
5 0.177344 0.770833 0.023438 0.008333
8 0.219922 0.784722 0.057031 0.025000
5 0.225000 0.769444 0.021875 0.008333
8 0.258203 0.786806 0.053906 0.026389
5 0.256250 0.768750 0.048438 0.006944
8 0.295312 0.786111 0.035937 0.030556
5 0.296875 0.768750 0.039062 0.006944
8 0.285938 0.786111 0.054688 0.033333
5 0.294531 0.770139 0.037500 0.006944
8 0.308203 0.786111 0.010156 0.025000
5 0.311719 0.768750 0.010937 0.006944
8 0.249219 0.784722 0.060937 0.030556
5 0.248047 0.770833 0.053906 0.008333
8 0.200781 0.789583 0.062500 0.040278
5 0.200000 0.770833 0.054688 0.008333
8 0.851172 0.798611 0.082031 0.047222
5 0.848828 0.776389 0.064844 0.011111
8 0.888281 0.804167 0.081250 0.033333
5 0.872266 0.769444 0.005469 0.000000
8 0.822656 0.800000 0.090625 0.050000
5 0.830078 0.777083 0.064844 0.012500
8 0.786719 0.802083 0.081250 0.051389
5 0.783594 0.778472 0.075000 0.012500
8 0.829297 0.802778 0.063281 0.027778
5 0.831250 0.769444 0.050000 0.000000
8 0.785156 0.804167 0.078125 0.027778
5 0.775781 0.770139 0.059375 0.001389
8 0.768750 0.801389 0.045312 0.038889
5 0.767188 0.775694 0.042188 0.009722
8 0.709766 0.798611 0.085156 0.041667
5 0.699219 0.775694 0.059375 0.009722
8 0.533984 0.811111 0.107031 0.061111
5 0.534375 0.783333 0.096875 0.013889
8 0.585938 0.814583 0.114062 0.065278
5 0.586328 0.785417 0.102344 0.015278
8 0.506250 0.809028 0.065625 0.056944
5 0.505078 0.781944 0.061719 0.013889
8 0.446094 0.805556 0.096875 0.055556
5 0.447266 0.779861 0.088281 0.012500
8 0.691016 0.805556 0.097656 0.055556
5 0.689063 0.779861 0.089063 0.012500
8 0.643750 0.808333 0.101562 0.058333
5 0.641797 0.781250 0.091406 0.012500
8 0.568750 0.809028 0.095312 0.048611
5 0.571484 0.779861 0.083594 0.012500
8 0.522266 0.812500 0.085156 0.033333
5 0.525781 0.772917 0.067187 0.001389
8 0.117188 0.831250 0.121875 0.084722
5 0.114844 0.793750 0.107813 0.020833
8 0.216016 0.827778 0.117969 0.077778
5 0.214062 0.791667 0.104688 0.019444
0 0.355078 0.706250 0.163281 0.237500
0 0.670703 0.719444 0.083594 0.155556
1 0.379688 0.706944 0.000000 0.000000
1 0.317188 0.734722 0.000000 0.058333
1 0.303516 0.742361 0.027344 0.076389
1 0.301172 0.742361 0.030469 0.073611
1 0.285547 0.742361 0.053906 0.076389
1 0.282031 0.740972 0.056250 0.062500
1 0.078906 0.728472 0.082812 0.070833
1 0.064062 0.732639 0.057813 0.073611
1 0.980078 0.731944 0.038281 0.225000
2 0.983594 0.677083 0.031250 0.068056
2 0.984766 0.772222 0.028906 0.069444
2 0.996094 0.711111 0.006250 0.000000
1 0.935937 0.732639 0.126562 0.220833
2 0.921094 0.680556 0.084375 0.066667
2 0.926172 0.770833 0.091406 0.066667
2 0.906250 0.713889 0.004687 0.000000
2 0.953125 0.682639 0.032813 0.059722
2 0.076953 0.816667 0.088281 0.091667
2 0.051562 0.770139 0.032813 0.001389
2 0.869922 0.784028 0.010156 0.045833
2 0.890234 0.738194 0.052344 0.043056
2 0.964453 0.731250 0.069531 0.009722
2 0.871094 0.692361 0.017188 0.045833
5 0.036719 0.766667 0.003125 0.002778