3 0.495312 0.944444 0.953125 0.108333
5 0.006250 0.988194 0.012500 0.020833
5 0.006250 0.988194 0.012500 0.020833
5 0.006250 0.988194 0.012500 0.020833
5 0.006641 0.967361 0.013281 0.023611
5 0.006641 0.967361 0.013281 0.023611
5 0.006641 0.967361 0.013281 0.023611
5 0.007031 0.943750 0.014063 0.023611
5 0.007031 0.943750 0.014063 0.023611
5 0.007031 0.943750 0.014063 0.023611
6 0.673438 0.956250 0.098437 0.084722
6 0.470313 0.949306 0.118750 0.098611
6 0.671484 0.852778 0.099219 0.158333
6 0.573828 0.950694 0.119531 0.095833
7 0.935547 0.902083 0.019531 0.015278
5 0.798438 0.998611 0.006250 0.000000
8 0.662891 0.936806 0.035156 0.023611
8 0.611719 0.934028 0.043750 0.026389
5 0.609375 0.906250 0.037500 0.006944
8 0.703516 0.938194 0.036719 0.026389
8 0.766797 0.931944 0.030469 0.044444
5 0.765625 0.912500 0.029687 0.011111
8 0.595313 0.934028 0.053125 0.045833
5 0.596484 0.915972 0.046094 0.015278
8 0.647266 0.938194 0.052344 0.029167
5 0.660937 0.919444 0.014063 0.011111
8 0.694141 0.942361 0.050781 0.037500
5 0.691406 0.920833 0.039062 0.011111
8 0.763281 0.940278 0.023438 0.047222
5 0.762109 0.921528 0.021094 0.015278
8 0.855859 0.936111 0.046094 0.047222
5 0.856250 0.917361 0.040625 0.015278
8 0.910937 0.937500 0.046875 0.047222
5 0.912891 0.917361 0.044531 0.012500
8 0.920312 0.939583 0.048438 0.037500
5 0.919922 0.926389 0.042969 0.013889
8 0.920312 0.952083 0.051562 0.048611
5 0.919922 0.932639 0.046094 0.015278
0 0.970703 0.876389 0.057031 0.244444
0 0.235937 0.876389 0.190625 0.244444
1 0.644141 0.847222 0.075781 0.086111
2 0.619141 0.814583 0.019531 0.001389
2 0.669922 0.829167 0.017969 0.027778
2 0.670703 0.869444 0.017969 0.030556
2 0.628906 0.815278 0.003125 0.000000
2 0.637500 0.813889 0.015625 0.000000
2 0.649609 0.815278 0.014844 0.000000
2 0.654687 0.813889 0.015625 0.000000
1 0.788281 0.854861 0.078125 0.101389
2 0.760547 0.815972 0.016406 0.001389
2 0.813672 0.827778 0.017969 0.025000
2 0.820703 0.866667 0.005469 0.016667
2 0.778125 0.815972 0.017188 0.001389
2 0.788672 0.815972 0.002344 0.001389
2 0.804688 0.815278 0.000000 0.000000
1 0.625000 0.847222 0.082812 0.083333
2 0.594922 0.865278 0.013281 0.000000
2 0.594922 0.817361 0.016406 0.001389
2 0.650781 0.827778 0.021875 0.022222
2 0.648047 0.874306 0.030469 0.029167
2 0.612891 0.817361 0.017969 0.001389
2 0.631641 0.817361 0.019531 0.001389
1 0.820312 0.861111 0.007812 0.111111
2 0.754297 0.868056 0.007031 0.000000
2 0.755469 0.818056 0.012500 0.002778
2 0.811719 0.834722 0.014063 0.033333
2 0.818359 0.879861 0.003906 0.034722
2 0.770312 0.818750 0.018750 0.001389
2 0.785156 0.818750 0.009375 0.001389
1 0.599609 0.863889 0.091406 0.113889
2 0.569141 0.867361 0.022656 0.001389
2 0.571484 0.865278 0.010156 0.000000
2 0.567969 0.819444 0.020313 0.000000
2 0.630859 0.829167 0.021094 0.019444
2 0.606250 0.881944 0.056250 0.033333
2 0.589063 0.819444 0.020313 0.000000
2 0.608984 0.819444 0.017969 0.000000
2 0.614453 0.819444 0.010156 0.000000
1 0.817187 0.869444 0.004687 0.122222
2 0.750781 0.870833 0.000000 0.000000
2 0.751563 0.869444 0.001563 0.000000
2 0.808984 0.837500 0.008594 0.033333
2 0.783203 0.886111 0.063281 0.033333
2 0.760547 0.820833 0.021094 0.000000
2 0.780859 0.820833 0.017969 0.000000
1 0.594141 0.863889 0.083594 0.113889
2 0.559766 0.889583 0.013281 0.037500
2 0.561719 0.869444 0.017188 0.000000
2 0.558594 0.838889 0.012500 0.036111
2 0.617969 0.839583 0.026562 0.037500
2 0.599219 0.888889 0.067187 0.038889
2 0.575781 0.838889 0.023438 0.036111
2 0.594531 0.839583 0.020313 0.037500
2 0.600391 0.838889 0.017969 0.036111
1 0.768359 0.872917 0.099219 0.129167
2 0.800391 0.841667 0.022656 0.038889
2 0.782422 0.893750 0.063281 0.043056
2 0.758203 0.841667 0.016406 0.038889
2 0.767188 0.822222 0.000000 0.000000
2 0.777734 0.841667 0.022656 0.038889
2 0.785156 0.822222 0.007812 0.000000
2 0.343359 0.923611 0.030469 0.052778
2 0.343359 0.894444 0.030469 0.005556
2 0.403906 0.927778 0.090625 0.052778
2 0.460156 0.920139 0.020313 0.048611
2 0.404297 0.880556 0.089844 0.047222
2 0.460156 0.877083 0.020313 0.045833
2 0.404297 0.834722 0.089844 0.047222
2 0.428516 0.832639 0.083594 0.045833