3 0.499609 0.843750 0.999219 0.309722
5 0.099609 0.861111 0.097656 0.041667
5 0.099609 0.861111 0.097656 0.041667
5 0.099609 0.861111 0.097656 0.041667
5 0.098828 0.838889 0.097656 0.050000
5 0.098828 0.838889 0.097656 0.050000
5 0.098828 0.838889 0.097656 0.050000
5 0.099609 0.877778 0.097656 0.041667
5 0.099609 0.877778 0.097656 0.041667
5 0.099609 0.877778 0.097656 0.041667
5 0.216406 0.849306 0.090625 0.037500
5 0.216406 0.849306 0.090625 0.037500
5 0.216406 0.849306 0.090625 0.037500
5 0.216406 0.833333 0.090625 0.038889
5 0.216406 0.833333 0.090625 0.038889
5 0.216406 0.833333 0.090625 0.038889
5 0.216406 0.816667 0.090625 0.038889
5 0.216406 0.816667 0.090625 0.038889
5 0.216406 0.816667 0.090625 0.038889
5 0.216016 0.795139 0.091406 0.043056
5 0.216016 0.795139 0.091406 0.043056
5 0.216016 0.795139 0.091406 0.043056
6 0.587891 0.977778 0.127344 0.041667
6 0.463281 0.929861 0.104688 0.137500
6 0.588672 0.901389 0.130469 0.194444
6 0.520312 0.946528 0.112500 0.104167
8 0.994922 0.820139 0.003906 0.004167
5 0.991406 0.819444 0.003125 0.008333
8 0.892969 0.813194 0.043750 0.026389
5 0.894922 0.802778 0.039844 0.027778
8 0.994531 0.852083 0.009375 0.009722
5 0.994531 0.836806 0.009375 0.029167
8 0.857422 0.836806 0.078906 0.065278
5 0.857812 0.818056 0.070312 0.030556
8 0.889062 0.861806 0.050000 0.056944
5 0.891797 0.836806 0.046094 0.031944
8 0.953516 0.862500 0.085156 0.025000
5 0.990625 0.854167 0.001563 0.011111
8 0.994141 0.898611 0.010156 0.022222
5 0.994141 0.875694 0.010156 0.031944
0 0.416016 0.777083 0.102344 0.240278
1 0.997266 0.752083 0.000781 0.059722
2 0.994922 0.699306 0.005469 0.045833
2 0.995313 0.754167 0.007812 0.041667
2 0.994141 0.675694 0.003906 0.001389
2 0.995313 0.672222 0.006250 0.005556
1 0.941406 0.729861 0.115625 0.154167
2 0.901953 0.748611 0.027344 0.047222
2 0.902734 0.692361 0.027344 0.048611
2 0.994141 0.705556 0.005469 0.041667
2 0.952734 0.758333 0.088281 0.052778
2 0.912500 0.697222 0.007812 0.041667
2 0.619141 0.760417 0.047656 0.068056
2 0.641016 0.726389 0.003906 0.005556
2 0.687891 0.785417 0.088281 0.065278
2 0.754297 0.779167 0.042969 0.052778
2 0.688281 0.740972 0.089063 0.062500
2 0.754297 0.735417 0.042969 0.051389
2 0.688281 0.693056 0.089063 0.066667
2 0.732812 0.684722 0.087500 0.063889