3 0.499609 0.854167 0.999219 0.288889
4 0.182422 0.691667 0.003906 0.022222
4 0.070312 0.684028 0.004687 0.004167
4 0.010547 0.715278 0.003906 0.069444
4 0.029687 0.689583 0.001563 0.023611
8 0.024609 0.732639 0.049219 0.037500
5 0.486328 0.704167 0.008594 0.005556
5 0.486328 0.704167 0.008594 0.005556
5 0.486328 0.704167 0.008594 0.005556
5 0.487109 0.698611 0.007031 0.002778
5 0.487109 0.698611 0.007031 0.002778
5 0.487109 0.698611 0.007031 0.002778
5 0.487109 0.713194 0.007031 0.004167
5 0.487109 0.713194 0.007031 0.004167
5 0.487109 0.713194 0.007031 0.004167
6 0.465234 0.696528 0.016406 0.056944
6 0.482031 0.697222 0.023438 0.052778
6 0.451172 0.641667 0.047656 0.061111
6 0.474609 0.697222 0.036719 0.058333
6 0.325391 0.702778 0.046094 0.072222
6 0.285547 0.705556 0.039844 0.077778
7 0.051562 0.754861 0.076563 0.023611
7 0.009766 0.761111 0.019531 0.019444
7 0.387500 0.794444 0.110937 0.033333
7 0.442969 0.782639 0.100000 0.029167
7 0.180078 0.831944 0.153906 0.047222
7 0.282422 0.813194 0.132031 0.040278
7 0.023828 0.874306 0.047656 0.054167
7 0.071094 0.735417 0.053125 0.012500
7 0.001563 0.718750 0.003125 0.004167
7 0.201172 0.729861 0.042969 0.012500
7 0.025000 0.706250 0.001563 0.001389
7 0.003125 0.706250 0.006250 0.004167
8 0.194531 0.733333 0.029687 0.022222
5 0.194922 0.712500 0.028906 0.002778
8 0.148047 0.731944 0.002344 0.022222
5 0.148047 0.711806 0.002344 0.004167
8 0.347656 0.724306 0.018750 0.018056
5 0.349609 0.704167 0.002344 0.000000
8 0.353516 0.723611 0.010156 0.016667
5 0.357812 0.702778 0.018750 0.000000
8 0.349609 0.726389 0.000781 0.005556
5 0.358984 0.701389 0.016406 0.000000
8 0.354297 0.725000 0.008594 0.019444
5 0.359375 0.706944 0.015625 0.005556
8 0.349609 0.722222 0.033594 0.027778
5 0.357812 0.708333 0.018750 0.005556
8 0.830078 0.719444 0.027344 0.027778
5 0.821094 0.706250 0.040625 0.006944
8 0.829688 0.718056 0.042188 0.027778
5 0.829688 0.705556 0.037500 0.005556
8 0.829297 0.721528 0.021094 0.029167
5 0.817187 0.707639 0.040625 0.006944
8 0.811328 0.722222 0.042969 0.030556
5 0.806641 0.709028 0.044531 0.006944
5 0.773828 0.702083 0.032031 0.001389
8 0.771094 0.713889 0.037500 0.019444
5 0.768750 0.703472 0.037500 0.001389
8 0.776172 0.733333 0.000781 0.000000
5 0.758203 0.705556 0.038281 0.002778
8 0.769922 0.723611 0.002344 0.025000
5 0.755859 0.707639 0.033594 0.006944
8 0.755078 0.730556 0.030469 0.036111
5 0.753516 0.713889 0.028906 0.008333
8 0.793359 0.731250 0.050781 0.037500
5 0.793359 0.715278 0.044531 0.008333
8 0.786719 0.725000 0.050000 0.030556
5 0.784375 0.710417 0.048438 0.006944
8 0.777344 0.729861 0.053125 0.029167
5 0.776953 0.711806 0.050781 0.006944
8 0.741406 0.732639 0.000000 0.001389
5 0.740234 0.708333 0.002344 0.000000
8 0.478125 0.750000 0.029687 0.038889
5 0.479687 0.731250 0.026562 0.012500
0 0.399609 0.661111 0.114844 0.208333
0 0.585156 0.618056 0.045312 0.066667
0 0.590625 0.630556 0.039062 0.041667
1 0.240234 0.679167 0.016406 0.069444
1 0.246875 0.679167 0.054688 0.072222
1 0.219141 0.678472 0.049219 0.068056
1 0.195703 0.679167 0.057031 0.069444
1 0.168750 0.673611 0.053125 0.055556
1 0.151562 0.674306 0.029687 0.056944
1 0.100000 0.675000 0.025000 0.055556
1 0.043359 0.675000 0.074219 0.077778
1 0.026172 0.675000 0.052344 0.075000
1 0.979297 0.632639 0.039844 0.006944
1 0.976562 0.637500 0.045312 0.027778
2 0.977734 0.644444 0.042969 0.013889
1 0.930078 0.681250 0.044531 0.101389
2 0.950781 0.647222 0.000000 0.008333
2 0.919922 0.684722 0.017969 0.000000
2 0.949609 0.647222 0.000781 0.008333
1 0.922266 0.682639 0.050781 0.118056
2 0.945703 0.645139 0.000781 0.012500
2 0.920312 0.654861 0.042188 0.034722
2 0.914453 0.704167 0.028906 0.036111
2 0.944141 0.645139 0.000781 0.012500
2 0.911328 0.672222 0.014844 0.000000
2 0.933594 0.659028 0.020313 0.026389
2 0.964844 0.793056 0.068750 0.100000
2 0.964063 0.699306 0.070312 0.093056
2 0.728516 0.693750 0.021094 0.073611
2 0.679688 0.696528 0.028125 0.084722
2 0.680078 0.779861 0.028906 0.087500
2 0.729297 0.765278 0.021094 0.075000
2 0.705859 0.695139 0.024219 0.079167
2 0.579688 0.699306 0.171875 0.093056
2 0.579688 0.788194 0.171875 0.098611
2 0.706641 0.772222 0.024219 0.080556
2 0.491797 0.729861 0.002344 0.034722
2 0.849219 0.709028 0.007812 0.029167
2 0.780469 0.699306 0.040625 0.006944
2 0.823047 0.711111 0.042969 0.030556
2 0.780469 0.679861 0.040625 0.029167
2 0.823047 0.680556 0.042969 0.030556
2 0.780469 0.650694 0.040625 0.029167
2 0.822266 0.650694 0.042969 0.029167
5 0.084766 0.681250 0.069531 0.009722
5 0.079297 0.690972 0.058594 0.009722
5 0.079297 0.700000 0.058594 0.008333
5 0.080078 0.710417 0.060156 0.009722
5 0.079687 0.731250 0.060937 0.009722
5 0.079687 0.720139 0.060937 0.009722
5 0.087109 0.750000 0.044531 0.011111
5 0.079297 0.738889 0.060156 0.011111
5 0.134766 0.700694 0.069531 0.009722
5 0.134766 0.711111 0.069531 0.011111
5 0.134766 0.731944 0.069531 0.011111
5 0.134766 0.721528 0.069531 0.009722
5 0.133984 0.751389 0.069531 0.011111
5 0.134766 0.740972 0.069531 0.012500
5 0.013281 0.717361 0.026562 0.006944
5 0.007031 0.727778 0.014063 0.000000
5 0.135547 0.691667 0.069531 0.008333
5 0.135547 0.681250 0.069531 0.009722
5 0.194922 0.702083 0.071094 0.009722
5 0.194531 0.712500 0.071875 0.011111
5 0.194141 0.733333 0.071094 0.011111
5 0.194141 0.722917 0.071094 0.009722
5 0.194141 0.753472 0.071094 0.012500
5 0.194141 0.742361 0.071094 0.012500
5 0.039844 0.718056 0.039062 0.005556
5 0.039453 0.725694 0.039844 0.006944
5 0.194922 0.692361 0.071094 0.009722
5 0.194922 0.681944 0.071094 0.008333
5 0.195703 0.620833 0.071094 0.011111
5 0.195703 0.631250 0.071094 0.009722
5 0.195312 0.652083 0.070312 0.009722
5 0.195703 0.642361 0.071094 0.009722
5 0.194922 0.672222 0.071094 0.008333
5 0.194922 0.661806 0.071094 0.009722
5 0.039844 0.712500 0.039062 0.005556
5 0.039453 0.705556 0.039844 0.005556
5 0.195703 0.611111 0.071094 0.011111
5 0.195703 0.601389 0.071094 0.011111