3 0.044531 0.816667 0.089063 0.186111
4 0.053906 0.737500 0.025000 0.027778
6 0.089063 0.744444 0.004687 0.038889
8 0.046875 0.752778 0.056250 0.033333
5 0.046484 0.739583 0.050781 0.009722
8 0.064062 0.747222 0.048438 0.027778
5 0.065625 0.732639 0.046875 0.009722
8 0.005078 0.888889 0.010156 0.041667
5 0.005078 0.861806 0.010156 0.020833
8 0.004687 0.883333 0.000000 0.000000
5 0.014063 0.843056 0.028125 0.013889
8 0.022656 0.834028 0.020313 0.001389
5 0.042969 0.828472 0.050000 0.015278
0 0.083984 0.772222 0.028906 0.094444
1 0.035547 0.938889 0.067969 0.119444
2 0.029687 0.954861 0.059375 0.087500
2 0.006641 0.914583 0.013281 0.006944
1 0.049609 0.868750 0.096094 0.137500
2 0.049609 0.868750 0.077344 0.084722
2 0.078906 0.967361 0.037500 0.062500
2 0.092188 0.882639 0.012500 0.079167
2 0.085156 0.832639 0.026562 0.009722
2 0.073047 0.879861 0.050781 0.084722
1 0.079297 0.810417 0.038281 0.031944
2 0.083594 0.816667 0.029687 0.019444
5 0.005859 0.723611 0.011719 0.002778
5 0.007812 0.727778 0.015625 0.008333
5 0.007812 0.740972 0.015625 0.012500
5 0.007812 0.734722 0.015625 0.011111
5 0.007422 0.755556 0.014844 0.011111
5 0.007812 0.747917 0.015625 0.012500