3 0.499609 0.862500 0.999219 0.272222
4 0.498047 0.954861 0.003906 0.087500
5 0.230469 0.787500 0.068750 0.019444
5 0.230469 0.787500 0.068750 0.019444
5 0.230469 0.787500 0.068750 0.019444
5 0.230469 0.771528 0.068750 0.023611
5 0.230469 0.771528 0.068750 0.023611
5 0.230469 0.771528 0.068750 0.023611
5 0.230469 0.798611 0.068750 0.019444
5 0.230469 0.798611 0.068750 0.019444
5 0.230469 0.798611 0.068750 0.019444
5 0.316016 0.788194 0.066406 0.020833
5 0.316016 0.788194 0.066406 0.020833
5 0.316016 0.788194 0.066406 0.020833
5 0.316016 0.778472 0.066406 0.018056
5 0.316016 0.778472 0.066406 0.018056
5 0.316016 0.778472 0.066406 0.018056
5 0.316016 0.765972 0.066406 0.018056
5 0.316016 0.765972 0.066406 0.018056
5 0.316016 0.765972 0.066406 0.018056
5 0.316016 0.750694 0.066406 0.020833
5 0.316016 0.750694 0.066406 0.020833
5 0.316016 0.750694 0.066406 0.020833
6 0.542969 0.846528 0.079687 0.104167
6 0.473047 0.818056 0.067969 0.108333
6 0.543750 0.756250 0.082812 0.118056
6 0.511328 0.827778 0.061719 0.108333
6 0.734375 0.938889 0.117188 0.119444
6 0.858203 0.956944 0.127344 0.083333
7 0.345313 0.945139 0.095312 0.043056
8 0.585547 0.969444 0.096094 0.058333
5 0.587891 0.961111 0.091406 0.041667
8 0.553906 0.958333 0.101562 0.080556
5 0.553125 0.935417 0.092188 0.037500
8 0.519922 0.940278 0.096094 0.077778
5 0.519141 0.917361 0.086719 0.034722
8 0.489844 0.918750 0.090625 0.073611
5 0.489063 0.897222 0.082812 0.030556
8 0.595703 0.915972 0.075781 0.051389
5 0.597656 0.903472 0.071875 0.031944
8 0.571094 0.901389 0.089063 0.041667
5 0.570703 0.885417 0.080469 0.029167
8 0.612891 0.949306 0.041406 0.068056
5 0.625781 0.922917 0.059375 0.031944
8 0.643359 0.959722 0.025781 0.044444
5 0.655078 0.945833 0.002344 0.027778
8 0.885156 0.793056 0.064062 0.030556
5 0.882422 0.779861 0.052344 0.015278
8 0.853516 0.785417 0.061719 0.031944
5 0.853125 0.772222 0.054688 0.013889
8 0.910156 0.790278 0.050000 0.011111
5 0.913672 0.786806 0.050781 0.015278
8 0.988672 0.805556 0.000781 0.005556
5 0.963672 0.789583 0.000781 0.001389
8 0.805469 0.794444 0.062500 0.038889
5 0.805469 0.777083 0.056250 0.015278
8 0.836719 0.803472 0.064062 0.040278
5 0.837109 0.786111 0.058594 0.016667
8 0.869141 0.812500 0.067969 0.041667
5 0.868750 0.793750 0.060937 0.018056
8 0.887500 0.822222 0.035937 0.044444
5 0.890625 0.803472 0.035937 0.018056
0 0.951172 0.812500 0.096094 0.252778
0 0.466406 0.731250 0.079687 0.168056
1 0.992188 0.711111 0.007812 0.097222
2 0.991406 0.715278 0.000000 0.000000
2 0.993750 0.674306 0.010937 0.001389
2 0.993750 0.747222 0.003125 0.000000
2 0.993750 0.688889 0.010937 0.025000
1 0.925781 0.722917 0.076563 0.109722
2 0.909375 0.681250 0.037500 0.004167
2 0.948828 0.704167 0.028906 0.036111
2 0.942187 0.747917 0.042188 0.037500
2 0.916016 0.684028 0.022656 0.004167
2 0.928906 0.682639 0.020313 0.001389
2 0.932422 0.686111 0.025781 0.002778
2 0.948047 0.684028 0.021094 0.001389
1 0.898047 0.726389 0.091406 0.111111
2 0.869141 0.745139 0.025781 0.034722
2 0.878516 0.727083 0.014844 0.001389
2 0.875391 0.700000 0.038281 0.036111
2 0.919531 0.706944 0.040625 0.036111
2 0.905469 0.750694 0.070312 0.043056
2 0.881250 0.702778 0.023438 0.036111
2 0.893750 0.685417 0.020313 0.001389
2 0.897656 0.705556 0.026562 0.036111
2 0.907422 0.687500 0.010156 0.002778
1 0.993750 0.739583 0.010937 0.098611
2 0.994141 0.761806 0.003906 0.018056
2 0.994141 0.715278 0.003906 0.011111
2 0.626172 0.750694 0.014844 0.037500
2 0.687109 0.764583 0.066406 0.045833
2 0.739844 0.763889 0.039062 0.038889
2 0.686719 0.728472 0.067187 0.043056
2 0.739844 0.727778 0.039062 0.036111
2 0.686328 0.692361 0.066406 0.043056
2 0.725391 0.689583 0.067969 0.043056