3 0.817578 0.932639 0.300781 0.131944
0 0.198047 0.945833 0.191406 0.105556
1 0.921875 0.794444 0.014063 0.036111
2 0.935937 0.802083 0.032813 0.023611
2 0.954297 0.806250 0.022656 0.020833
2 0.958203 0.794444 0.014844 0.002778
1 0.919531 0.871528 0.095312 0.154167
2 0.896094 0.827083 0.037500 0.031944
2 0.960547 0.846528 0.003906 0.045833
2 0.957422 0.909028 0.019531 0.054167
2 0.919531 0.831250 0.031250 0.029167
2 0.927344 0.815972 0.029687 0.004167
2 0.946484 0.845833 0.032031 0.052778
2 0.952344 0.818056 0.026562 0.005556
1 0.889844 0.908333 0.148438 0.180556
2 0.843359 0.845139 0.044531 0.015278
2 0.933984 0.880556 0.044531 0.066667
2 0.943750 0.953472 0.029687 0.065278
2 0.868750 0.850000 0.035937 0.011111
2 0.878125 0.843750 0.035937 0.006944
2 0.899219 0.854167 0.037500 0.011111
2 0.907031 0.847222 0.034375 0.008333
1 0.867969 0.913889 0.153125 0.169444
2 0.814063 0.961806 0.039062 0.065278
2 0.820703 0.930556 0.030469 0.005556
2 0.817969 0.884028 0.048438 0.068056
2 0.912891 0.897222 0.047656 0.072222
2 0.882812 0.965278 0.112500 0.066667
2 0.843750 0.890972 0.039062 0.065278
2 0.854688 0.856944 0.035937 0.008333
2 0.875781 0.895139 0.039062 0.065278
2 0.885156 0.861111 0.035937 0.008333
2 0.438281 0.985417 0.092188 0.026389
2 0.465625 0.967361 0.037500 0.029167
2 0.659766 0.994444 0.014844 0.008333
2 0.553906 0.971528 0.139063 0.054167
2 0.645703 0.962500 0.042969 0.072222
2 0.553906 0.913889 0.139063 0.102778
2 0.601953 0.894444 0.130469 0.094444