3 0.854297 0.995833 0.196094 0.005556
6 0.773438 0.946528 0.176563 0.104167
7 0.848828 0.993750 0.025781 0.009722
7 0.950391 0.990972 0.003906 0.009722
7 0.926953 0.993056 0.036719 0.011111
7 0.675781 0.995833 0.021875 0.005556
7 0.736719 0.995833 0.039062 0.005556
7 0.607422 0.997222 0.030469 0.002778
7 0.556250 0.998611 0.001563 0.000000
0 0.854688 0.931250 0.134375 0.134722
0 0.053125 0.927778 0.106250 0.141667
1 0.235547 0.913889 0.086719 0.016667
2 0.205078 0.920833 0.019531 0.002778
2 0.264844 0.920139 0.020313 0.004167
2 0.222656 0.921528 0.014063 0.004167
2 0.251172 0.920833 0.008594 0.002778
1 0.397656 0.951389 0.087500 0.094444
2 0.371094 0.981250 0.020313 0.034722
2 0.364063 0.979861 0.012500 0.034722
2 0.369531 0.934722 0.023438 0.033333
2 0.426953 0.918750 0.021094 0.004167
2 0.386719 0.969444 0.009375 0.002778
2 0.391016 0.919444 0.017969 0.002778
2 0.389062 0.916667 0.006250 0.000000
2 0.409766 0.919444 0.017969 0.002778
2 0.403906 0.916667 0.015625 0.000000
1 0.192969 0.917361 0.003125 0.015278
2 0.205469 0.926389 0.021875 0.005556
2 0.269531 0.926389 0.017188 0.005556
2 0.223438 0.927778 0.012500 0.005556
2 0.223438 0.923611 0.012500 0.000000
2 0.254297 0.927083 0.014844 0.004167
2 0.253516 0.923611 0.013281 0.000000
1 0.418359 0.953472 0.096094 0.090278
2 0.389062 0.986111 0.021875 0.025000
2 0.382812 0.985417 0.017188 0.026389
2 0.387500 0.940972 0.026562 0.037500
2 0.449219 0.923611 0.026562 0.005556
2 0.407031 0.979861 0.010937 0.006944
2 0.410938 0.924306 0.021875 0.004167
2 0.431250 0.924306 0.021875 0.004167
2 0.432031 0.920833 0.004687 0.000000
1 0.191797 0.945139 0.003906 0.059722
2 0.205469 0.993056 0.025000 0.002778
2 0.207031 0.931250 0.025000 0.001389
2 0.272266 0.930556 0.007031 0.002778
2 0.247656 0.993056 0.057813 0.005556
2 0.225000 0.932639 0.009375 0.001389
2 0.224609 0.930556 0.010156 0.000000
2 0.258594 0.931250 0.023438 0.001389
2 0.250781 0.930556 0.007812 0.000000
1 0.445703 0.955556 0.107031 0.086111
2 0.413281 0.992361 0.026562 0.012500
2 0.403516 0.991667 0.014844 0.013889
2 0.411328 0.949306 0.030469 0.043056
2 0.482422 0.927778 0.025781 0.002778
2 0.460547 0.986806 0.071094 0.004167
2 0.438672 0.929167 0.022656 0.000000
2 0.433594 0.927778 0.023438 0.000000
2 0.462109 0.928472 0.022656 0.001389
2 0.451172 0.927778 0.010156 0.000000
1 0.232813 0.957639 0.089063 0.081944
2 0.205859 0.998611 0.025781 0.000000
2 0.205859 0.996528 0.025781 0.001389
2 0.206641 0.958333 0.027344 0.050000
2 0.275391 0.956944 0.003906 0.047222
2 0.248047 0.996528 0.057031 0.004167
2 0.233984 0.958333 0.027344 0.047222
2 0.225391 0.933333 0.008594 0.000000
2 0.260547 0.958333 0.027344 0.047222
2 0.259766 0.933333 0.025781 0.000000
1 0.459375 0.956250 0.114062 0.084722
2 0.425000 0.995139 0.028125 0.006944
2 0.419531 0.994444 0.025000 0.008333
2 0.422656 0.953472 0.032813 0.045833
2 0.497266 0.952083 0.028906 0.045833
2 0.471484 0.993056 0.080469 0.011111
2 0.451953 0.954167 0.024219 0.044444
2 0.445703 0.930556 0.024219 0.000000
2 0.475781 0.953472 0.023438 0.045833
2 0.467578 0.930556 0.017969 0.000000
2 0.085156 0.996528 0.073438 0.004167
2 0.125000 0.992361 0.006250 0.012500
2 0.061719 0.963889 0.123438 0.069444
2 0.073047 0.957639 0.113281 0.065278