3 0.484766 0.909722 0.969531 0.177778
4 0.154688 0.902778 0.006250 0.072222
8 0.339453 0.836111 0.033594 0.022222
5 0.308984 0.811111 0.028906 0.005556
5 0.308984 0.811111 0.028906 0.005556
5 0.308984 0.811111 0.028906 0.005556
5 0.308984 0.802778 0.028906 0.008333
5 0.308984 0.802778 0.028906 0.008333
5 0.308984 0.802778 0.028906 0.008333
5 0.308594 0.818750 0.028125 0.006944
5 0.308594 0.818750 0.028125 0.006944
5 0.308594 0.818750 0.028125 0.006944
5 0.276562 0.812500 0.034375 0.005556
5 0.276562 0.812500 0.034375 0.005556
5 0.276562 0.812500 0.034375 0.005556
5 0.276562 0.804861 0.034375 0.006944
5 0.276562 0.804861 0.034375 0.006944
5 0.276562 0.804861 0.034375 0.006944
5 0.278125 0.795833 0.037500 0.008333
5 0.278125 0.795833 0.037500 0.008333
5 0.278125 0.795833 0.037500 0.008333
6 0.357422 0.769444 0.007031 0.044444
6 0.357422 0.800000 0.007031 0.044444
6 0.245312 0.796528 0.012500 0.037500
6 0.330078 0.995833 0.002344 0.005556
6 0.519141 0.994444 0.121094 0.008333
6 0.263672 0.920139 0.138281 0.156944
6 0.394141 0.995139 0.121094 0.006944
7 0.076563 0.928472 0.048438 0.026389
7 0.563672 0.859722 0.022656 0.013889
7 0.616406 0.860417 0.025000 0.015278
7 0.440234 0.860417 0.019531 0.015278
7 0.493359 0.860417 0.019531 0.015278
7 0.004687 0.861806 0.009375 0.012500
7 0.064062 0.863194 0.034375 0.015278
0 0.933984 0.913194 0.130469 0.170833
1 0.727344 0.868056 0.075000 0.144444
1 0.688672 0.868056 0.046094 0.144444
1 0.699609 0.845139 0.066406 0.112500
1 0.652734 0.854167 0.063281 0.130556
1 0.685937 0.833333 0.040625 0.102778
1 0.621875 0.842361 0.034375 0.120833
1 0.701172 0.818750 0.071094 0.095833
1 0.256250 0.862500 0.103125 0.133333
1 0.276562 0.854861 0.076563 0.126389
1 0.029297 0.856944 0.058594 0.127778
1 0.019531 0.864583 0.039062 0.134722
5 0.179688 0.854861 0.035937 0.009722
5 0.179688 0.848611 0.035937 0.008333
5 0.179688 0.835417 0.035937 0.009722
5 0.179688 0.841667 0.035937 0.008333
5 0.168750 0.907639 0.045312 0.015278
5 0.182031 0.918056 0.014063 0.013889
5 0.167578 0.919444 0.019531 0.016667
5 0.166016 0.929861 0.016406 0.015278
5 0.130859 0.934028 0.058594 0.018056
5 0.127344 0.944444 0.059375 0.019444
5 0.130859 0.924306 0.058594 0.018056
5 0.127734 0.914583 0.058594 0.018056