3 0.499609 0.851389 0.999219 0.294444
5 0.728516 0.842361 0.061719 0.029167
5 0.728516 0.842361 0.061719 0.029167
5 0.728516 0.842361 0.061719 0.029167
5 0.728516 0.827083 0.061719 0.037500
5 0.728516 0.827083 0.061719 0.037500
5 0.728516 0.827083 0.061719 0.037500
5 0.717187 0.856944 0.039062 0.027778
5 0.717187 0.856944 0.039062 0.027778
5 0.717187 0.856944 0.039062 0.027778
5 0.793750 0.855556 0.001563 0.000000
5 0.793750 0.855556 0.001563 0.000000
5 0.793750 0.855556 0.001563 0.000000
5 0.796094 0.847222 0.006250 0.019444
5 0.796094 0.847222 0.006250 0.019444
5 0.796094 0.847222 0.006250 0.019444
5 0.816016 0.832639 0.067969 0.031944
5 0.816016 0.832639 0.067969 0.031944
5 0.816016 0.832639 0.067969 0.031944
6 0.319922 0.951389 0.119531 0.094444
6 0.496875 0.927778 0.109375 0.141667
6 0.320312 0.850694 0.118750 0.165278
6 0.413672 0.934722 0.113281 0.127778
7 0.157812 0.943750 0.054688 0.043056
7 0.197266 0.723611 0.007031 0.011111
7 0.255078 0.720833 0.027344 0.013889
7 0.088672 0.735417 0.028906 0.015278
7 0.141797 0.730556 0.028906 0.016667
8 0.027734 0.986111 0.016406 0.025000
5 0.020703 0.984722 0.041406 0.027778
8 0.075000 0.976389 0.064062 0.041667
5 0.079687 0.972917 0.067187 0.034722
8 0.171875 0.970139 0.064062 0.056944
5 0.173828 0.961111 0.047656 0.041667
5 0.118359 0.998611 0.002344 0.000000
8 0.178516 0.988194 0.064844 0.020833
5 0.196094 0.987500 0.053125 0.022222
0 0.085156 0.962500 0.170313 0.072222
0 0.791797 0.860417 0.124219 0.276389
1 0.418359 0.727778 0.074219 0.122222
1 0.379297 0.731944 0.074219 0.125000
1 0.377344 0.707639 0.068750 0.098611
1 0.339453 0.718750 0.067969 0.118056
1 0.341406 0.696528 0.064062 0.093056
1 0.311328 0.707639 0.052344 0.109722
1 0.324609 0.676389 0.067969 0.088889
1 0.018359 0.759028 0.036719 0.131944
1 0.013672 0.741667 0.027344 0.111111