3 0.499609 0.927083 0.999219 0.143056
5 0.005469 0.976389 0.010937 0.022222
5 0.005469 0.976389 0.010937 0.022222
5 0.005469 0.976389 0.010937 0.022222
5 0.005859 0.956250 0.011719 0.023611
5 0.005859 0.956250 0.011719 0.023611
5 0.005859 0.956250 0.011719 0.023611
5 0.006250 0.934028 0.012500 0.023611
5 0.006250 0.934028 0.012500 0.023611
5 0.006250 0.934028 0.012500 0.023611
5 0.006250 0.911806 0.012500 0.023611
5 0.006250 0.911806 0.012500 0.023611
5 0.006250 0.911806 0.012500 0.023611
6 0.674219 0.933333 0.098437 0.130556
6 0.478516 0.929861 0.099219 0.137500
6 0.672266 0.814583 0.097656 0.134722
6 0.573828 0.930556 0.096094 0.136111
7 0.919141 0.859722 0.011719 0.013889
7 0.968750 0.861111 0.023438 0.013889
7 0.832422 0.858333 0.016406 0.013889
7 0.783984 0.859722 0.024219 0.013889
8 0.965234 0.980556 0.067969 0.036111
5 0.968359 0.975694 0.061719 0.031944
8 0.900781 0.979861 0.090625 0.037500
5 0.901172 0.974306 0.080469 0.031944
8 0.809375 0.978472 0.081250 0.040278
5 0.810156 0.972222 0.071875 0.030556
8 0.879297 0.970833 0.080469 0.055556
5 0.880078 0.953472 0.071094 0.026389
8 0.796875 0.969444 0.071875 0.058333
5 0.797656 0.952083 0.064062 0.026389
8 0.951562 0.970833 0.087500 0.055556
5 0.952344 0.953472 0.076563 0.026389
8 0.994141 0.965278 0.010156 0.038889
5 0.997266 0.950000 0.003906 0.013889
8 0.572266 0.884722 0.036719 0.038889
5 0.571094 0.865278 0.034375 0.002778
8 0.525391 0.884028 0.039844 0.037500
5 0.525000 0.865278 0.035937 0.002778
8 0.610156 0.884722 0.029687 0.038889
5 0.609766 0.867361 0.028906 0.006944
8 0.659375 0.891667 0.023438 0.019444
5 0.650391 0.868056 0.013281 0.000000
8 0.515625 0.894444 0.043750 0.036111
5 0.514062 0.877778 0.031250 0.008333
8 0.564063 0.894444 0.042188 0.036111
5 0.564844 0.879167 0.037500 0.005556
8 0.605859 0.895833 0.038281 0.036111
5 0.607422 0.877083 0.035156 0.012500
8 0.662109 0.896528 0.028906 0.037500
5 0.658984 0.880556 0.030469 0.005556
8 0.838281 0.870139 0.001563 0.006944
8 0.744141 0.888194 0.044531 0.040278
5 0.744531 0.872222 0.039062 0.011111
8 0.789844 0.888194 0.043750 0.040278
5 0.792578 0.872222 0.041406 0.011111
8 0.811719 0.895139 0.057813 0.040278
5 0.811328 0.878472 0.053906 0.012500
8 0.813672 0.900694 0.055469 0.043056
5 0.814063 0.884028 0.051562 0.012500
0 0.919141 0.836806 0.160156 0.212500
0 0.216797 0.847222 0.182031 0.241667
1 0.518359 0.817361 0.067969 0.090278
2 0.494531 0.782639 0.014063 0.001389
2 0.542578 0.795139 0.011719 0.026389
2 0.542188 0.832639 0.012500 0.029167
2 0.509766 0.781944 0.014844 0.000000
2 0.524219 0.782639 0.012500 0.001389
1 0.651172 0.809028 0.067969 0.073611
2 0.626953 0.782639 0.014844 0.001389
2 0.674219 0.782639 0.015625 0.001389
2 0.642578 0.782639 0.014844 0.001389
2 0.658594 0.782639 0.015625 0.001389
1 0.508203 0.820139 0.074219 0.093056
2 0.481641 0.829167 0.014844 0.000000
2 0.483594 0.784722 0.018750 0.002778
2 0.532422 0.799306 0.016406 0.029167
2 0.538281 0.839583 0.009375 0.031944
2 0.498828 0.784722 0.016406 0.000000
2 0.502344 0.783333 0.015625 0.000000
2 0.515625 0.785417 0.015625 0.001389
2 0.518359 0.783333 0.014844 0.000000
1 0.651953 0.779861 0.072656 0.012500
2 0.624219 0.830556 0.000000 0.000000
2 0.626563 0.784722 0.015625 0.002778
2 0.677734 0.785417 0.016406 0.001389
2 0.671094 0.830556 0.031250 0.000000
2 0.643359 0.785417 0.016406 0.001389
2 0.660547 0.785417 0.016406 0.001389
1 0.495703 0.818750 0.082031 0.087500
2 0.472266 0.831944 0.007031 0.000000
2 0.473438 0.830556 0.009375 0.000000
2 0.473828 0.786111 0.010156 0.000000
2 0.522656 0.800000 0.018750 0.027778
2 0.505078 0.845139 0.057031 0.029167
2 0.489063 0.786111 0.017188 0.000000
2 0.511719 0.787500 0.001563 0.000000
2 0.506641 0.786111 0.016406 0.000000
1 0.615234 0.829167 0.002344 0.108333
2 0.620703 0.832639 0.007031 0.001389
2 0.620313 0.830556 0.006250 0.000000
2 0.625000 0.786806 0.015625 0.001389
2 0.666797 0.831944 0.039844 0.002778
1 0.489063 0.825694 0.085938 0.101389
2 0.460156 0.850000 0.020313 0.030556
2 0.463281 0.833333 0.018750 0.000000
2 0.461328 0.804861 0.022656 0.034722
2 0.518359 0.805556 0.021094 0.033333
2 0.499219 0.850000 0.059375 0.033333
2 0.478125 0.805556 0.018750 0.033333
2 0.482422 0.787500 0.017969 0.000000
2 0.497656 0.805556 0.018750 0.033333
2 0.501172 0.787500 0.017969 0.000000
1 0.650391 0.827083 0.075781 0.101389
2 0.625781 0.850694 0.018750 0.029167
2 0.620313 0.834722 0.007812 0.000000
2 0.625000 0.804861 0.018750 0.034722
2 0.681641 0.806250 0.013281 0.034722
2 0.662500 0.840972 0.051562 0.012500
2 0.644922 0.806250 0.019531 0.034722
2 0.665234 0.806250 0.019531 0.034722
2 0.356250 0.889583 0.039062 0.048611
2 0.382812 0.882639 0.012500 0.045833
2 0.334375 0.845833 0.082812 0.044444
2 0.382812 0.840972 0.012500 0.043056
2 0.334766 0.802083 0.083594 0.045833
2 0.363672 0.799306 0.052344 0.043056