3 0.425000 0.804861 0.848437 0.387500
8 0.169531 0.624306 0.020313 0.009722
5 0.113672 0.608333 0.027344 0.005556
5 0.113672 0.608333 0.027344 0.005556
5 0.113672 0.608333 0.027344 0.005556
5 0.113672 0.601389 0.027344 0.008333
5 0.113672 0.601389 0.027344 0.008333
5 0.113672 0.601389 0.027344 0.008333
5 0.113672 0.613889 0.027344 0.005556
5 0.113672 0.613889 0.027344 0.005556
5 0.113672 0.613889 0.027344 0.005556
5 0.092969 0.615972 0.012500 0.004167
5 0.092969 0.615972 0.012500 0.004167
5 0.092969 0.615972 0.012500 0.004167
5 0.092969 0.609722 0.012500 0.005556
5 0.092969 0.609722 0.012500 0.005556
5 0.092969 0.609722 0.012500 0.005556
5 0.092969 0.604167 0.012500 0.005556
5 0.092969 0.604167 0.012500 0.005556
5 0.092969 0.604167 0.012500 0.005556
5 0.092969 0.596528 0.012500 0.006944
5 0.092969 0.596528 0.012500 0.006944
5 0.092969 0.596528 0.012500 0.006944
6 0.177344 0.595833 0.026562 0.036111
6 0.187891 0.595139 0.010156 0.034722
6 0.164062 0.572917 0.015625 0.031944
6 0.164062 0.596528 0.015625 0.034722
7 0.343750 0.633333 0.003125 0.002778
7 0.382422 0.631250 0.014844 0.004167
7 0.271094 0.638194 0.017188 0.004167
7 0.305078 0.635417 0.017969 0.004167
7 0.002344 0.654861 0.003125 0.004167
1 0.493359 0.610417 0.039844 0.029167
1 0.462500 0.613194 0.046875 0.031944
1 0.464062 0.609028 0.045312 0.037500
1 0.429297 0.611111 0.027344 0.038889
1 0.441797 0.607639 0.042969 0.045833
1 0.419141 0.608333 0.036719 0.044444
1 0.425391 0.602778 0.032031 0.055556
1 0.208594 0.627083 0.054688 0.034722
1 0.205859 0.624306 0.060156 0.043056
1 0.032422 0.631944 0.063281 0.041667
1 0.033203 0.636806 0.066406 0.040278
1 0.900781 0.946528 0.192188 0.104167
2 0.952344 0.954167 0.089063 0.088889
2 0.857812 0.963889 0.090625 0.069444
2 0.906250 0.926389 0.057813 0.019444
2 0.936719 0.964583 0.060937 0.068056
2 0.874219 0.933333 0.057813 0.022222
2 0.905078 0.968056 0.061719 0.061111
1 0.938672 0.902083 0.116406 0.037500
2 0.992578 0.888194 0.008594 0.004167
2 0.941797 0.911806 0.110156 0.048611
1 0.772266 0.958333 0.108594 0.080556
2 0.799219 0.964583 0.035937 0.068056
2 0.754687 0.967361 0.073438 0.062500
1 0.850781 0.920139 0.046875 0.023611
2 0.861719 0.915278 0.048438 0.019444
5 0.065625 0.647917 0.023438 0.006944
5 0.065625 0.645833 0.021875 0.002778
5 0.071875 0.632639 0.009375 0.004167