3 0.498437 0.848611 0.934375 0.300000
4 0.118750 0.852778 0.003125 0.058333
4 0.235156 0.759722 0.001563 0.030556
4 0.085938 0.774306 0.031250 0.059722
8 0.384766 0.713889 0.028906 0.019444
5 0.358594 0.690278 0.028125 0.005556
5 0.358594 0.690278 0.028125 0.005556
5 0.358594 0.690278 0.028125 0.005556
5 0.358594 0.681944 0.028125 0.008333
5 0.358594 0.681944 0.028125 0.008333
5 0.358594 0.681944 0.028125 0.008333
5 0.358203 0.696528 0.027344 0.004167
5 0.358203 0.696528 0.027344 0.004167
5 0.358203 0.696528 0.027344 0.004167
5 0.330078 0.697222 0.030469 0.005556
5 0.330078 0.697222 0.030469 0.005556
5 0.330078 0.697222 0.030469 0.005556
5 0.329297 0.690972 0.028906 0.004167
5 0.329297 0.690972 0.028906 0.004167
5 0.329297 0.690972 0.028906 0.004167
5 0.329297 0.684028 0.028906 0.006944
5 0.329297 0.684028 0.028906 0.006944
5 0.329297 0.684028 0.028906 0.006944
5 0.330859 0.675694 0.032031 0.006944
5 0.330859 0.675694 0.032031 0.006944
5 0.330859 0.675694 0.032031 0.006944
6 0.400000 0.652778 0.006250 0.038889
6 0.400391 0.683333 0.005469 0.030556
6 0.288281 0.681944 0.014063 0.041667
5 0.920703 0.890972 0.052344 0.031944
5 0.920703 0.890972 0.052344 0.031944
5 0.920703 0.890972 0.052344 0.031944
5 0.925391 0.868750 0.061719 0.037500
5 0.925391 0.868750 0.061719 0.037500
5 0.925391 0.868750 0.061719 0.037500
5 0.920703 0.904167 0.052344 0.038889
5 0.920703 0.904167 0.052344 0.038889
5 0.920703 0.904167 0.052344 0.038889
5 0.965234 0.938889 0.067969 0.036111
5 0.965234 0.938889 0.067969 0.036111
5 0.965234 0.938889 0.067969 0.036111
5 0.965234 0.925694 0.067969 0.045833
5 0.965234 0.925694 0.067969 0.045833
5 0.965234 0.925694 0.067969 0.045833
5 0.965234 0.906250 0.067969 0.043056
5 0.965234 0.906250 0.067969 0.043056
5 0.965234 0.906250 0.067969 0.043056
5 0.964844 0.884722 0.068750 0.044444
5 0.964844 0.884722 0.068750 0.044444
5 0.964844 0.884722 0.068750 0.044444
6 0.335938 0.910417 0.093750 0.134722
6 0.514844 0.910417 0.087500 0.134722
6 0.336719 0.801389 0.093750 0.127778
6 0.425000 0.910417 0.089063 0.134722
7 0.175000 0.793056 0.037500 0.022222
7 0.309375 0.886111 0.040625 0.030556
7 0.044531 0.881250 0.025000 0.029167
7 0.582812 0.736806 0.010937 0.012500
7 0.630469 0.738194 0.007812 0.012500
7 0.471875 0.736806 0.017188 0.012500
7 0.517969 0.736806 0.017188 0.012500
7 0.089844 0.736806 0.029687 0.012500
7 0.047266 0.736806 0.025781 0.012500
7 0.151953 0.736806 0.027344 0.012500
6 0.033984 0.689583 0.000781 0.056944
6 0.033594 0.750000 0.001563 0.063889
8 0.078125 0.906944 0.076563 0.063889
5 0.078125 0.886111 0.067187 0.027778
8 0.140234 0.907639 0.072656 0.065278
5 0.139844 0.885417 0.064062 0.026389
8 0.196094 0.906944 0.068750 0.063889
5 0.196094 0.885417 0.060937 0.026389
8 0.257422 0.907639 0.063281 0.065278
5 0.258594 0.885417 0.057813 0.026389
8 0.168359 0.934722 0.077344 0.072222
5 0.168359 0.911806 0.067969 0.031944
8 0.235547 0.936111 0.072656 0.072222
5 0.235547 0.913194 0.063281 0.031944
8 0.107422 0.936111 0.080469 0.072222
5 0.107422 0.913194 0.071094 0.031944
8 0.057422 0.934722 0.050781 0.072222
5 0.055078 0.911806 0.046094 0.031944
0 0.820312 0.865278 0.167187 0.266667
1 0.707031 0.747222 0.057813 0.119444
1 0.663672 0.747222 0.055469 0.119444
1 0.687891 0.727083 0.052344 0.095833
1 0.649609 0.734028 0.046094 0.109722
1 0.671094 0.716667 0.046875 0.088889
1 0.641406 0.715972 0.029687 0.087500
1 0.697656 0.701389 0.064062 0.083333
1 0.317969 0.740972 0.082812 0.109722
1 0.325391 0.734028 0.078906 0.104167
1 0.110156 0.734028 0.087500 0.104167
1 0.094141 0.740972 0.091406 0.109722
2 0.971875 0.977778 0.054688 0.041667
5 0.247656 0.729861 0.029687 0.006944
5 0.247656 0.724306 0.029687 0.006944
5 0.247656 0.713194 0.029687 0.006944
5 0.247656 0.718750 0.029687 0.006944
5 0.245703 0.777083 0.038281 0.012500
5 0.257422 0.785417 0.010156 0.009722
5 0.246875 0.786111 0.014063 0.013889
5 0.245703 0.795833 0.011719 0.011111
5 0.219531 0.797917 0.045312 0.015278
5 0.216406 0.807639 0.045312 0.012500
5 0.219531 0.790972 0.045312 0.012500
5 0.216406 0.783333 0.045312 0.013889