3 0.667188 0.959028 0.664062 0.079167
6 0.789453 0.951389 0.174219 0.094444
7 0.988672 0.934722 0.008594 0.013889
7 0.884766 0.930556 0.036719 0.019444
7 0.820312 0.935417 0.032813 0.012500
8 0.573828 0.986111 0.050781 0.025000
5 0.574609 0.980556 0.044531 0.019444
8 0.513672 0.985417 0.053906 0.026389
5 0.514453 0.979167 0.047656 0.019444
8 0.628516 0.985417 0.049219 0.023611
5 0.629297 0.981250 0.042969 0.018056
8 0.688281 0.986806 0.046875 0.023611
5 0.690234 0.983333 0.042969 0.019444
8 0.508594 0.993750 0.050000 0.009722
5 0.505078 0.993056 0.050781 0.011111
8 0.571875 0.994444 0.050000 0.008333
5 0.570312 0.993750 0.046875 0.009722
8 0.628125 0.994444 0.050000 0.008333
5 0.628125 0.993750 0.045312 0.009722
8 0.692969 0.995139 0.051562 0.006944
5 0.691797 0.994444 0.041406 0.008333
8 0.923047 0.984722 0.005469 0.019444
5 0.924219 0.977083 0.001563 0.009722
8 0.804297 0.988889 0.064844 0.019444
5 0.805078 0.988194 0.057031 0.020833
8 0.867188 0.988889 0.068750 0.019444
5 0.867969 0.988194 0.060937 0.020833
8 0.860547 0.997222 0.002344 0.002778
5 0.894141 0.996528 0.063281 0.004167
0 0.989453 0.911111 0.019531 0.175000
0 0.087109 0.920139 0.163281 0.156944
1 0.497266 0.877083 0.082031 0.112500
2 0.469531 0.836111 0.020313 0.008333
2 0.525391 0.850000 0.019531 0.036111
2 0.529687 0.895139 0.009375 0.037500
2 0.487500 0.836806 0.018750 0.006944
2 0.489844 0.832639 0.017188 0.001389
2 0.505859 0.836806 0.017969 0.006944
2 0.508594 0.832639 0.017188 0.001389
1 0.657813 0.877083 0.082812 0.112500
2 0.629297 0.841667 0.017969 0.016667
2 0.685937 0.837500 0.020313 0.008333
2 0.648438 0.838194 0.018750 0.006944
2 0.647266 0.833333 0.017969 0.000000
2 0.667188 0.838194 0.018750 0.006944
2 0.666016 0.833333 0.017969 0.000000
1 0.486328 0.890972 0.091406 0.126389
2 0.456250 0.847917 0.023438 0.012500
2 0.517188 0.861806 0.020313 0.040278
2 0.525000 0.912500 0.007812 0.041667
2 0.475781 0.847917 0.021875 0.009722
2 0.478516 0.841667 0.019531 0.000000
2 0.496094 0.847917 0.020313 0.009722
2 0.498828 0.842361 0.019531 0.001389
1 0.664453 0.891667 0.092969 0.125000
2 0.632422 0.858333 0.021094 0.033333
2 0.695703 0.848611 0.022656 0.011111
2 0.653516 0.850000 0.021094 0.011111
2 0.652344 0.843056 0.020313 0.000000
2 0.675000 0.849306 0.021875 0.009722
2 0.673438 0.843056 0.020313 0.000000
1 0.472266 0.909722 0.103906 0.141667
2 0.444922 0.918056 0.000781 0.000000
2 0.446094 0.856944 0.010937 0.005556
2 0.507422 0.873611 0.024219 0.038889
2 0.506250 0.938194 0.023438 0.040278
2 0.459766 0.858333 0.024219 0.002778
2 0.463281 0.854861 0.023438 0.001389
2 0.483203 0.858333 0.024219 0.002778
2 0.485938 0.854861 0.023438 0.001389
1 0.673438 0.912500 0.104688 0.144444
2 0.637891 0.856944 0.022656 0.005556
2 0.708203 0.857639 0.027344 0.004167
2 0.676562 0.920139 0.051562 0.001389
2 0.661328 0.859028 0.024219 0.004167
2 0.659766 0.855556 0.022656 0.000000
2 0.685156 0.858333 0.025000 0.002778
2 0.683594 0.856250 0.023438 0.001389
1 0.465234 0.919444 0.110156 0.150000
2 0.427734 0.945833 0.027344 0.047222
2 0.431250 0.919444 0.025000 0.002778
2 0.429297 0.884028 0.028906 0.048611
2 0.501563 0.884722 0.025000 0.047222
2 0.477344 0.944444 0.073438 0.052778
2 0.453125 0.885417 0.025000 0.045833
2 0.455859 0.860417 0.024219 0.001389
2 0.476953 0.885417 0.025781 0.045833
2 0.479687 0.861111 0.023438 0.002778
1 0.676562 0.917361 0.109375 0.145833
2 0.641016 0.947222 0.025781 0.047222
2 0.639453 0.940972 0.024219 0.043056
2 0.639453 0.885417 0.025781 0.048611
2 0.714844 0.886111 0.029687 0.050000
2 0.691797 0.945833 0.078906 0.052778
2 0.665234 0.886806 0.025781 0.045833
2 0.663672 0.861806 0.024219 0.001389
2 0.690625 0.886806 0.026562 0.045833
2 0.687891 0.861806 0.024219 0.001389
2 0.132031 0.989583 0.068750 0.018056
2 0.149219 0.972222 0.034375 0.013889
2 0.268359 0.991667 0.094531 0.013889
2 0.325391 0.984028 0.017969 0.029167
2 0.268750 0.962500 0.095312 0.069444
2 0.325781 0.948611 0.018750 0.063889
2 0.269922 0.902083 0.094531 0.068056
2 0.282813 0.891667 0.106250 0.063889