3 0.499609 0.849306 0.999219 0.298611
4 0.376563 0.733333 0.006250 0.061111
4 0.362500 0.753472 0.025000 0.070833
4 0.369141 0.766667 0.005469 0.075000
4 0.355469 0.780556 0.026562 0.083333
4 0.360156 0.799306 0.007812 0.087500
4 0.341797 0.818750 0.035156 0.101389
4 0.349219 0.846528 0.007812 0.109722
4 0.340234 0.872917 0.017969 0.134722
4 0.293750 0.975694 0.007812 0.045833
4 0.001953 0.736806 0.003906 0.062500
8 0.394141 0.825694 0.049219 0.062500
8 0.910156 0.746528 0.076563 0.015278
5 0.394922 0.693056 0.038281 0.008333
5 0.394922 0.693056 0.038281 0.008333
5 0.394922 0.693056 0.038281 0.008333
5 0.394922 0.684028 0.038281 0.009722
5 0.394922 0.684028 0.038281 0.009722
5 0.394922 0.684028 0.038281 0.009722
5 0.394922 0.701389 0.038281 0.008333
5 0.394922 0.701389 0.038281 0.008333
5 0.394922 0.701389 0.038281 0.008333
5 0.459375 0.693750 0.018750 0.006944
5 0.459375 0.693750 0.018750 0.006944
5 0.459375 0.693750 0.018750 0.006944
5 0.459375 0.684722 0.018750 0.008333
5 0.459375 0.684722 0.018750 0.008333
5 0.459375 0.684722 0.018750 0.008333
5 0.459375 0.675000 0.018750 0.008333
5 0.459375 0.675000 0.018750 0.008333
5 0.459375 0.675000 0.018750 0.008333
6 0.481641 0.686806 0.014844 0.020833
6 0.479297 0.682639 0.019531 0.029167
6 0.481641 0.651389 0.014844 0.063889
6 0.480859 0.684722 0.016406 0.025000
6 0.469922 0.734722 0.038281 0.080556
6 0.494531 0.740972 0.056250 0.079167
7 0.504687 0.847222 0.035937 0.022222
7 0.518359 0.874306 0.008594 0.029167
7 0.211328 0.856250 0.050781 0.040278
7 0.259375 0.793056 0.035937 0.025000
7 0.346484 0.738889 0.046094 0.013889
7 0.333594 0.769444 0.056250 0.016667
6 0.518359 0.950694 0.008594 0.095833
6 0.518359 0.925694 0.008594 0.129167
8 0.470703 0.919444 0.103906 0.055556
5 0.484375 0.902083 0.068750 0.026389
8 0.471094 0.959028 0.103125 0.079167
5 0.486328 0.934028 0.072656 0.037500
8 0.494531 0.877083 0.056250 0.034722
5 0.492969 0.859028 0.053125 0.031944
8 0.399219 0.886806 0.043750 0.079167
5 0.401562 0.860417 0.039062 0.031944
8 0.467969 0.782639 0.035937 0.023611
5 0.464062 0.770833 0.028125 0.016667
8 0.406641 0.792361 0.022656 0.040278
5 0.406641 0.771528 0.022656 0.015278
8 0.426953 0.742361 0.047656 0.023611
5 0.410938 0.734028 0.012500 0.009722
8 0.427734 0.738889 0.046094 0.025000
5 0.411719 0.726389 0.010937 0.002778
8 0.405078 0.725694 0.002344 0.006944
5 0.411328 0.724306 0.011719 0.006944
8 0.405859 0.719444 0.000781 0.002778
5 0.412109 0.718056 0.010156 0.002778
8 0.848047 0.714583 0.000781 0.006944
5 0.842187 0.704167 0.010937 0.002778
8 0.855469 0.711806 0.015625 0.001389
5 0.848437 0.709722 0.023438 0.005556
8 0.886328 0.738889 0.042969 0.025000
5 0.886328 0.730556 0.041406 0.011111
8 0.928906 0.738889 0.050000 0.025000
5 0.928516 0.730556 0.044531 0.011111
8 0.855078 0.747222 0.042969 0.030556
5 0.852344 0.730556 0.040625 0.011111
8 0.833594 0.739583 0.001563 0.015278
8 0.857031 0.729167 0.051562 0.027778
5 0.857031 0.716667 0.048438 0.005556
8 0.874609 0.735417 0.055469 0.031944
5 0.874219 0.721528 0.050000 0.006944
8 0.844531 0.742361 0.020313 0.023611
5 0.842187 0.723611 0.021875 0.011111
5 0.990625 0.760417 0.017188 0.004167
5 0.975781 0.754167 0.046875 0.005556
8 0.986328 0.818056 0.025781 0.052778
5 0.988281 0.796528 0.021875 0.015278
8 0.967969 0.805556 0.040625 0.050000
5 0.975391 0.786806 0.047656 0.015278
0 0.837500 0.726389 0.023438 0.208333
0 0.518750 0.658333 0.007812 0.108333
0 0.007422 0.960417 0.014844 0.076389
1 0.111719 0.672917 0.068750 0.081944
1 0.102734 0.675694 0.071094 0.084722
1 0.043750 0.673611 0.071875 0.083333
1 0.034375 0.675694 0.068750 0.084722
1 0.007031 0.673611 0.014063 0.083333
1 0.001172 0.668750 0.002344 0.070833
1 0.001953 0.697917 0.003906 0.104167
1 0.734375 0.975694 0.501563 0.045833
1 0.983203 0.640278 0.028906 0.013889
2 0.976953 0.686111 0.002344 0.000000
2 0.987500 0.644444 0.023438 0.005556
2 0.996094 0.647222 0.006250 0.005556
2 0.989062 0.688194 0.020313 0.004167
2 0.981641 0.645833 0.007031 0.005556
2 0.992578 0.646528 0.013281 0.006944
1 0.909375 0.673611 0.057813 0.080556
2 0.890234 0.677083 0.014844 0.001389
2 0.894531 0.642361 0.023438 0.001389
2 0.918359 0.652083 0.033594 0.015278
2 0.912500 0.690278 0.046875 0.025000
2 0.897266 0.643056 0.017969 0.000000
2 0.896875 0.655556 0.001563 0.022222
2 0.917969 0.643056 0.003125 0.000000
1 0.969531 0.688889 0.059375 0.100000
2 0.953125 0.688194 0.020313 0.001389
2 0.973047 0.687500 0.011719 0.000000
2 0.960547 0.649306 0.036719 0.001389
2 0.982812 0.665972 0.032813 0.029167
2 0.975000 0.705556 0.048438 0.033333
2 0.953516 0.650000 0.007031 0.000000
2 0.965234 0.663889 0.014844 0.027778
2 0.983203 0.650000 0.014844 0.000000
1 0.873437 0.676389 0.053125 0.086111
2 0.853516 0.689583 0.013281 0.026389
2 0.867969 0.676389 0.014063 0.000000
2 0.859766 0.654167 0.025781 0.025000
2 0.880469 0.657639 0.034375 0.026389
2 0.875391 0.692361 0.046094 0.029167
2 0.860156 0.655556 0.015625 0.025000
2 0.877344 0.643056 0.012500 0.000000
2 0.860547 0.656944 0.005469 0.025000
1 0.932813 0.688889 0.067187 0.100000
2 0.904687 0.701389 0.004687 0.027778
2 0.933203 0.687500 0.007031 0.000000
2 0.919141 0.662500 0.033594 0.027778
2 0.945703 0.665972 0.033594 0.029167
2 0.940234 0.705556 0.047656 0.033333
2 0.923047 0.650000 0.013281 0.000000
2 0.934766 0.650000 0.002344 0.000000
2 0.917969 0.665278 0.003125 0.027778
2 0.940234 0.650000 0.014844 0.000000
2 0.956641 0.783333 0.085156 0.061111
2 0.894922 0.784028 0.083594 0.059722
5 0.403906 0.747222 0.029687 0.016667
5 0.403906 0.759028 0.029687 0.018056
5 0.403906 0.769444 0.029687 0.016667
5 0.403906 0.780556 0.029687 0.016667
5 0.403906 0.803472 0.029687 0.018056
5 0.403906 0.792361 0.029687 0.018056
5 0.403516 0.828472 0.028906 0.012500
5 0.403906 0.815278 0.029687 0.016667
5 0.494141 0.768750 0.055469 0.015278
5 0.494141 0.779861 0.055469 0.018056
5 0.496484 0.802778 0.050781 0.016667
5 0.494141 0.790972 0.055469 0.018056
5 0.517969 0.825000 0.007812 0.016667
5 0.517969 0.813889 0.007812 0.013889
5 0.494141 0.758333 0.055469 0.016667
5 0.494141 0.746528 0.055469 0.018056
5 0.031250 0.756250 0.054688 0.012500
5 0.032031 0.764583 0.054688 0.012500
5 0.031250 0.749306 0.054688 0.012500
5 0.032031 0.740972 0.054688 0.012500