3 0.499609 0.809028 0.999219 0.379167
5 0.693359 0.778472 0.067969 0.034722
5 0.693359 0.778472 0.067969 0.034722
5 0.693359 0.778472 0.067969 0.034722
5 0.696484 0.761806 0.074219 0.037500
5 0.696484 0.761806 0.074219 0.037500
5 0.696484 0.761806 0.074219 0.037500
5 0.692969 0.792361 0.067187 0.031944
5 0.692969 0.792361 0.067187 0.031944
5 0.692969 0.792361 0.067187 0.031944
5 0.817969 0.820833 0.000000 0.002778
5 0.817969 0.820833 0.000000 0.002778
5 0.817969 0.820833 0.000000 0.002778
5 0.783984 0.804861 0.067969 0.026389
5 0.783984 0.804861 0.067969 0.026389
5 0.783984 0.804861 0.067969 0.026389
5 0.782031 0.788194 0.071875 0.029167
5 0.782031 0.788194 0.071875 0.029167
5 0.782031 0.788194 0.071875 0.029167
5 0.776172 0.775000 0.083594 0.041667
5 0.776172 0.775000 0.083594 0.041667
5 0.776172 0.775000 0.083594 0.041667
6 0.341797 0.935417 0.108594 0.126389
6 0.494922 0.889583 0.099219 0.151389
6 0.341797 0.823611 0.110156 0.158333
6 0.422656 0.912500 0.103125 0.158333
7 0.187109 0.900000 0.033594 0.047222
7 0.179297 0.647222 0.022656 0.016667
7 0.214453 0.642361 0.016406 0.015278
7 0.063672 0.663194 0.021094 0.018056
8 0.007031 0.978472 0.014063 0.040278
5 0.003906 0.984028 0.007812 0.029167
8 0.047266 0.968056 0.061719 0.061111
5 0.049219 0.964583 0.059375 0.056944
8 0.202344 0.941667 0.062500 0.077778
5 0.198828 0.926389 0.057031 0.050000
5 0.178125 0.983333 0.014063 0.030556
8 0.227344 0.969444 0.085938 0.058333
5 0.225781 0.966667 0.076563 0.055556
8 0.056250 0.997222 0.039062 0.002778
5 0.059766 0.990972 0.038281 0.015278
0 0.228516 0.977083 0.114844 0.043056
0 0.778516 0.811806 0.153906 0.251389
1 0.388281 0.658333 0.073438 0.119444
1 0.351562 0.664583 0.073438 0.123611
1 0.345703 0.636806 0.067969 0.098611
1 0.310547 0.648611 0.067969 0.116667
1 0.308984 0.623611 0.063281 0.091667
1 0.283984 0.635417 0.044531 0.109722
1 0.290625 0.597222 0.057813 0.088889
1 0.014453 0.702778 0.028906 0.127778
1 0.007812 0.683333 0.015625 0.108333