3 0.499609 0.859722 0.999219 0.277778
8 0.960156 0.794444 0.062500 0.050000
5 0.022266 0.956944 0.044531 0.050000
5 0.022266 0.956944 0.044531 0.050000
5 0.022266 0.956944 0.044531 0.050000
5 0.022266 0.936806 0.044531 0.051389
5 0.022266 0.936806 0.044531 0.051389
5 0.022266 0.936806 0.044531 0.051389
5 0.022266 0.916667 0.044531 0.050000
5 0.022266 0.916667 0.044531 0.050000
5 0.022266 0.916667 0.044531 0.050000
5 0.022266 0.894444 0.044531 0.047222
5 0.022266 0.894444 0.044531 0.047222
5 0.022266 0.894444 0.044531 0.047222
6 0.657031 0.894444 0.089063 0.130556
6 0.483594 0.893750 0.084375 0.131944
6 0.656641 0.789583 0.089844 0.126389
6 0.570703 0.893750 0.085156 0.131944
7 0.930469 0.727083 0.031250 0.015278
7 0.978516 0.725694 0.033594 0.015278
7 0.819141 0.725694 0.024219 0.015278
7 0.871875 0.721528 0.000000 0.001389
7 0.753516 0.725694 0.022656 0.015278
7 0.704688 0.725694 0.023438 0.015278
8 0.977344 0.963889 0.043750 0.069444
5 0.980078 0.947917 0.038281 0.040278
8 0.925000 0.963194 0.085938 0.070833
5 0.925391 0.947222 0.075781 0.038889
8 0.859375 0.963889 0.081250 0.069444
5 0.860156 0.947917 0.071875 0.040278
8 0.783203 0.963194 0.075781 0.070833
5 0.783984 0.946528 0.066406 0.040278
8 0.833984 0.934722 0.072656 0.075000
5 0.834766 0.912500 0.064844 0.033333
8 0.770703 0.934028 0.055469 0.073611
5 0.768750 0.912500 0.053125 0.033333
8 0.894531 0.931944 0.076563 0.069444
5 0.894922 0.912500 0.067969 0.033333
8 0.961328 0.932639 0.075781 0.068056
5 0.964063 0.913889 0.070312 0.033333
8 0.525000 0.779861 0.034375 0.034722
5 0.525781 0.767361 0.029687 0.012500
8 0.482812 0.780556 0.035937 0.038889
5 0.482812 0.766667 0.031250 0.013889
8 0.562891 0.779167 0.033594 0.036111
5 0.563281 0.767361 0.029687 0.012500
8 0.605859 0.781250 0.035156 0.037500
5 0.606641 0.768056 0.030469 0.013889
8 0.478516 0.795139 0.038281 0.043056
5 0.478906 0.780556 0.032813 0.016667
8 0.523438 0.795139 0.035937 0.043056
5 0.523828 0.780556 0.032031 0.016667
8 0.563281 0.795139 0.035937 0.043056
5 0.564063 0.780556 0.031250 0.016667
8 0.607422 0.795139 0.035156 0.043056
5 0.608203 0.781250 0.030469 0.015278
8 0.775781 0.776389 0.007812 0.016667
5 0.776953 0.771528 0.007031 0.009722
8 0.772656 0.770139 0.015625 0.020833
5 0.774219 0.762500 0.015625 0.008333
8 0.683984 0.784028 0.041406 0.040278
5 0.684375 0.770139 0.037500 0.015278
8 0.724219 0.784028 0.039062 0.040278
5 0.726562 0.769444 0.039062 0.013889
8 0.769922 0.795833 0.011719 0.038889
5 0.757422 0.778472 0.030469 0.009722
8 0.760938 0.806250 0.037500 0.040278
5 0.759766 0.790278 0.035156 0.013889
8 0.982031 0.786111 0.034375 0.041667
5 0.983594 0.772917 0.031250 0.015278
0 0.853125 0.761111 0.150000 0.191667
0 0.230078 0.802083 0.174219 0.229167
1 0.486719 0.686806 0.004687 0.087500
2 0.436719 0.657639 0.012500 0.009722
2 0.478516 0.666667 0.011719 0.027778
2 0.484375 0.687500 0.000000 0.000000
2 0.450000 0.657639 0.014063 0.006944
2 0.451172 0.652778 0.013281 0.000000
2 0.464844 0.657639 0.014063 0.006944
2 0.465234 0.652778 0.013281 0.000000
1 0.582031 0.686111 0.064062 0.086111
2 0.554297 0.707639 0.000781 0.012500
2 0.554688 0.687500 0.000000 0.000000
2 0.560547 0.665972 0.013281 0.026389
2 0.603906 0.656944 0.015625 0.008333
2 0.575000 0.657639 0.014063 0.006944
2 0.574219 0.652778 0.014063 0.000000
2 0.589844 0.657639 0.014063 0.006944
2 0.588672 0.652778 0.013281 0.000000
1 0.452344 0.700000 0.068750 0.094444
2 0.433594 0.668056 0.006250 0.011111
2 0.476172 0.677778 0.014844 0.030556
2 0.483984 0.715972 0.000781 0.029167
2 0.444531 0.668750 0.015625 0.009722
2 0.445703 0.662500 0.014844 0.000000
2 0.460156 0.668750 0.015625 0.009722
2 0.461328 0.662500 0.014844 0.000000
1 0.587891 0.698611 0.069531 0.094444
2 0.556250 0.715972 0.000000 0.020833
2 0.555469 0.716667 0.000000 0.019444
2 0.563672 0.675694 0.016406 0.026389
2 0.610938 0.668056 0.017188 0.011111
2 0.579688 0.669444 0.015625 0.011111
2 0.578906 0.662500 0.015625 0.000000
2 0.595703 0.668750 0.016406 0.009722
2 0.594531 0.662500 0.014063 0.000000
1 0.445703 0.715972 0.075781 0.104167
2 0.414453 0.677083 0.007031 0.004167
2 0.471484 0.677083 0.014844 0.004167
2 0.437891 0.677778 0.014844 0.002778
2 0.438672 0.675694 0.016406 0.001389
2 0.454688 0.677778 0.017188 0.002778
2 0.455859 0.675000 0.016406 0.000000
1 0.594531 0.715972 0.076563 0.104167
2 0.568750 0.676389 0.015625 0.005556
2 0.620313 0.677083 0.018750 0.004167
2 0.578125 0.722222 0.000000 0.000000
2 0.585547 0.678472 0.017969 0.004167
2 0.584766 0.675000 0.016406 0.000000
2 0.603516 0.677778 0.017969 0.002778
2 0.601953 0.675000 0.016406 0.000000
1 0.442578 0.723611 0.078906 0.108333
2 0.412109 0.743056 0.011719 0.033333
2 0.413281 0.724306 0.009375 0.001389
2 0.412109 0.697917 0.011719 0.034722
2 0.470313 0.697917 0.017188 0.034722
2 0.454688 0.741667 0.048438 0.036111
2 0.436719 0.699306 0.012500 0.031944
2 0.437109 0.681250 0.013281 0.001389
2 0.451953 0.699306 0.017969 0.031944
2 0.453125 0.681250 0.017188 0.001389
1 0.595703 0.720833 0.075781 0.105556
2 0.571094 0.742361 0.017188 0.034722
2 0.569922 0.738194 0.017969 0.031944
2 0.570312 0.697917 0.018750 0.034722
2 0.623828 0.697917 0.019531 0.034722
2 0.606250 0.740972 0.054688 0.037500
2 0.588672 0.698611 0.017969 0.033333
2 0.587891 0.681250 0.017969 0.001389
2 0.607031 0.698611 0.018750 0.033333
2 0.605859 0.681250 0.017969 0.001389
2 0.242969 0.795833 0.053125 0.050000
2 0.242969 0.765972 0.053125 0.009722
2 0.308594 0.799306 0.071875 0.045833
2 0.307422 0.758333 0.074219 0.044444
2 0.307812 0.716667 0.075000 0.047222
2 0.316406 0.688194 0.057813 0.006944