3 0.507031 0.812500 0.984375 0.372222
5 0.046094 0.972222 0.082812 0.052778
5 0.046094 0.972222 0.082812 0.052778
5 0.046094 0.972222 0.082812 0.052778
5 0.043359 0.960417 0.086719 0.076389
5 0.043359 0.960417 0.086719 0.076389
5 0.043359 0.960417 0.086719 0.076389
5 0.043359 0.935417 0.086719 0.076389
5 0.043359 0.935417 0.086719 0.076389
5 0.043359 0.935417 0.086719 0.076389
5 0.042969 0.902083 0.085938 0.090278
5 0.042969 0.902083 0.085938 0.090278
5 0.042969 0.902083 0.085938 0.090278
8 0.980078 0.881250 0.038281 0.056944
5 0.982812 0.856250 0.032813 0.043056
8 0.950391 0.914583 0.097656 0.106944
5 0.953516 0.890278 0.091406 0.058333
8 0.987891 0.953472 0.022656 0.065278
5 0.991016 0.925694 0.016406 0.031944
0 0.351562 0.844444 0.178125 0.308333
1 0.991406 0.639583 0.015625 0.023611
2 0.994531 0.647917 0.009375 0.012500
1 0.970703 0.719444 0.057031 0.177778
2 0.968750 0.758333 0.039062 0.063889
2 0.975000 0.684722 0.048438 0.069444
2 0.988672 0.765278 0.021094 0.061111
2 0.989062 0.693750 0.020313 0.059722
2 0.997656 0.662500 0.003125 0.002778
2 0.631641 0.786806 0.014844 0.098611
2 0.632422 0.732639 0.014844 0.018056
2 0.700391 0.829167 0.122656 0.097222
2 0.786719 0.813194 0.050000 0.076389
2 0.701172 0.768750 0.122656 0.093056
2 0.787891 0.754861 0.050781 0.073611
2 0.701562 0.702778 0.123438 0.102778
2 0.754687 0.684722 0.118750 0.097222