3 0.499609 0.827778 0.999219 0.341667
8 0.575781 0.970833 0.103125 0.055556
5 0.548828 0.704861 0.044531 0.012500
5 0.548828 0.704861 0.044531 0.012500
5 0.548828 0.704861 0.044531 0.012500
5 0.549609 0.693750 0.042969 0.015278
5 0.549609 0.693750 0.042969 0.015278
5 0.549609 0.693750 0.042969 0.015278
5 0.548828 0.713889 0.044531 0.011111
5 0.548828 0.713889 0.044531 0.011111
5 0.548828 0.713889 0.044531 0.011111
5 0.588281 0.720139 0.018750 0.009722
5 0.588281 0.720139 0.018750 0.009722
5 0.588281 0.720139 0.018750 0.009722
5 0.588672 0.711111 0.019531 0.011111
5 0.588672 0.711111 0.019531 0.011111
5 0.588672 0.711111 0.019531 0.011111
5 0.589063 0.701389 0.020313 0.011111
5 0.589063 0.701389 0.020313 0.011111
5 0.589063 0.701389 0.020313 0.011111
5 0.594531 0.688194 0.031250 0.015278
5 0.594531 0.688194 0.031250 0.015278
5 0.594531 0.688194 0.031250 0.015278
6 0.425000 0.763889 0.062500 0.086111
6 0.481641 0.736111 0.039844 0.066667
6 0.425781 0.693056 0.064062 0.086111
6 0.453516 0.751389 0.047656 0.086111
6 0.212109 0.814583 0.077344 0.095833
6 0.150000 0.845139 0.068750 0.118056
7 0.275000 0.775000 0.039062 0.019444
7 0.107813 0.830556 0.014063 0.025000
7 0.104688 0.669444 0.007812 0.008333
7 0.011719 0.681250 0.023438 0.012500
8 0.015234 0.900000 0.030469 0.036111
5 0.015234 0.876389 0.030469 0.027778
8 0.001953 0.862500 0.003906 0.005556
8 0.251563 0.831944 0.000000 0.000000
8 0.276172 0.806250 0.035156 0.037500
5 0.272656 0.788194 0.032813 0.020833
8 0.290625 0.784722 0.062500 0.013889
5 0.289453 0.779167 0.055469 0.019444
8 0.323828 0.780556 0.060156 0.025000
5 0.323047 0.770139 0.053906 0.018056
8 0.335938 0.808333 0.064062 0.041667
5 0.335156 0.788889 0.057813 0.019444
8 0.368750 0.797917 0.062500 0.040278
5 0.367969 0.779167 0.056250 0.019444
8 0.307422 0.818750 0.066406 0.043056
5 0.307031 0.799306 0.059375 0.020833
8 0.282422 0.831250 0.044531 0.045833
5 0.279297 0.810417 0.041406 0.023611
8 0.889062 0.838889 0.071875 0.047222
5 0.887891 0.817361 0.064844 0.020833
8 0.905078 0.827083 0.069531 0.045833
5 0.904297 0.806944 0.063281 0.022222
8 0.878125 0.852778 0.073438 0.050000
5 0.876172 0.830556 0.067969 0.025000
8 0.860938 0.867361 0.073438 0.051389
5 0.858594 0.844444 0.068750 0.027778
8 0.837500 0.806250 0.067187 0.026389
5 0.836328 0.797222 0.060156 0.019444
8 0.819141 0.814583 0.069531 0.020833
5 0.817969 0.805556 0.062500 0.019444
8 0.805469 0.835417 0.071875 0.040278
5 0.801172 0.817361 0.058594 0.023611
8 0.780469 0.851389 0.065625 0.047222
5 0.781641 0.829861 0.063281 0.026389
8 0.740234 0.942361 0.072656 0.070833
5 0.737891 0.914583 0.067969 0.040278
8 0.800000 0.959722 0.082812 0.075000
5 0.800000 0.931250 0.073438 0.043056
8 0.675000 0.932639 0.070312 0.062500
5 0.677344 0.902778 0.065625 0.038889
8 0.624219 0.914583 0.079687 0.065278
5 0.623828 0.888889 0.071094 0.036111
8 0.814844 0.889583 0.081250 0.068056
5 0.814063 0.870139 0.073438 0.031944
8 0.796875 0.896528 0.085938 0.045833
5 0.795703 0.888889 0.077344 0.033333
8 0.721875 0.901389 0.075000 0.061111
5 0.721484 0.879167 0.066406 0.033333
8 0.666797 0.888194 0.074219 0.056944
5 0.661719 0.865972 0.054688 0.031944
0 0.190625 0.875000 0.160938 0.247222
0 0.512500 0.804861 0.126562 0.245833
0 0.635547 0.688889 0.074219 0.144444
1 0.282813 0.656250 0.064062 0.084722
1 0.259375 0.660417 0.065625 0.087500
1 0.236328 0.651389 0.061719 0.083333
1 0.218750 0.654861 0.050000 0.084722
1 0.208203 0.648611 0.028906 0.077778
1 0.169531 0.651389 0.060937 0.080556
1 0.131250 0.631944 0.045312 0.072222
1 0.015234 0.689583 0.030469 0.095833
1 0.008594 0.688194 0.017188 0.093056
1 0.989453 0.845139 0.019531 0.168056
2 0.991797 0.802083 0.014844 0.054167
2 0.991797 0.869444 0.014844 0.063889
2 0.997656 0.765278 0.003125 0.002778
2 0.994922 0.770139 0.008594 0.004167
2 0.373437 0.987500 0.106250 0.022222
2 0.958594 0.764583 0.017188 0.051389
2 0.863672 0.774306 0.044531 0.045833
2 0.918359 0.777778 0.063281 0.047222
2 0.863672 0.735417 0.044531 0.043056
2 0.918359 0.740278 0.063281 0.050000
2 0.867969 0.693750 0.053125 0.051389
2 0.918359 0.698611 0.063281 0.052778
5 0.000781 0.759028 0.001563 0.006944
5 0.000000 0.766667 0.000000 0.005556
5 0.000781 0.751389 0.001563 0.005556
5 0.000000 0.745139 0.000000 0.006944