3 0.499609 0.870833 0.999219 0.255556
4 0.019531 0.799306 0.021875 0.087500
8 0.633594 0.861111 0.115625 0.027778
6 0.423047 0.768056 0.066406 0.086111
6 0.488672 0.759028 0.057031 0.079167
6 0.424219 0.692361 0.068750 0.081944
6 0.457813 0.763889 0.062500 0.083333
6 0.195703 0.752083 0.053906 0.029167
7 0.045312 0.818750 0.035937 0.023611
7 0.021484 0.746528 0.014844 0.009722
7 0.047266 0.745139 0.033594 0.009722
8 0.006250 0.843750 0.012500 0.051389
5 0.003516 0.820833 0.007031 0.011111
8 0.296484 0.798611 0.019531 0.036111
5 0.296484 0.776389 0.024219 0.005556
8 0.314453 0.794444 0.053906 0.036111
5 0.313281 0.772917 0.057813 0.006944
8 0.332422 0.802083 0.066406 0.040278
5 0.329297 0.782639 0.063281 0.012500
8 0.367578 0.797222 0.061719 0.038889
5 0.363281 0.778472 0.060937 0.012500
8 0.311328 0.806944 0.050781 0.044444
5 0.309375 0.787500 0.045312 0.013889
8 0.292578 0.811111 0.013281 0.041667
5 0.290234 0.792361 0.008594 0.009722
8 0.934375 0.812500 0.065625 0.044444
5 0.928125 0.791667 0.068750 0.013889
8 0.969141 0.807639 0.019531 0.043056
5 0.941797 0.787500 0.066406 0.013889
8 0.924219 0.818056 0.070312 0.047222
5 0.921875 0.797222 0.065625 0.016667
8 0.917578 0.825000 0.057031 0.050000
5 0.905078 0.802778 0.071094 0.016667
8 0.896094 0.786111 0.014063 0.008333
5 0.866797 0.782639 0.063281 0.012500
8 0.875781 0.793056 0.001563 0.002778
5 0.848047 0.784722 0.060156 0.008333
8 0.841016 0.800000 0.074219 0.019444
5 0.839844 0.792361 0.068750 0.015278
8 0.824219 0.807639 0.068750 0.023611
5 0.823438 0.797222 0.067187 0.013889
8 0.792969 0.861111 0.085938 0.066667
5 0.798828 0.834028 0.064844 0.023611
8 0.867578 0.868750 0.086719 0.068056
5 0.867578 0.840278 0.077344 0.025000
8 0.729688 0.855556 0.085938 0.063889
5 0.729297 0.829167 0.075781 0.022222
8 0.664844 0.845833 0.084375 0.055556
5 0.664453 0.823611 0.074219 0.022222
8 0.868359 0.835417 0.082031 0.048611
5 0.864844 0.813889 0.078125 0.019444
8 0.851562 0.847222 0.090625 0.058333
5 0.850391 0.820139 0.082031 0.018056
8 0.768359 0.843056 0.077344 0.058333
5 0.767578 0.815278 0.069531 0.013889
8 0.708984 0.836806 0.071094 0.056944
5 0.705469 0.813194 0.068750 0.018056
8 0.663281 0.947917 0.070312 0.095833
5 0.658594 0.907639 0.060937 0.037500
8 0.683984 0.927778 0.111719 0.088889
5 0.679688 0.888889 0.103125 0.036111
0 0.221875 0.757639 0.134375 0.304167
0 0.537500 0.745139 0.092188 0.240278
0 0.641016 0.713889 0.069531 0.147222
1 0.255859 0.717361 0.067969 0.081944
1 0.231250 0.716667 0.070312 0.080556
1 0.205078 0.706250 0.066406 0.059722
1 0.189844 0.710417 0.042188 0.068056
1 0.180469 0.709722 0.020313 0.066667
1 0.000781 0.729167 0.001563 0.102778
2 0.466797 0.925000 0.322656 0.147222
2 0.195312 0.956944 0.390625 0.083333
2 0.340234 0.938889 0.377344 0.119444
2 0.027734 0.992361 0.055469 0.012500
2 0.354297 0.865972 0.099219 0.026389
2 0.982031 0.777778 0.014063 0.044444
2 0.882812 0.772222 0.056250 0.025000
2 0.943359 0.781250 0.063281 0.040278
2 0.882422 0.740278 0.057031 0.041667
2 0.942578 0.741667 0.063281 0.044444
2 0.884375 0.700000 0.062500 0.041667
2 0.941797 0.700694 0.063281 0.043056