3 0.499609 0.917361 0.999219 0.162500
6 0.007422 0.811111 0.014844 0.041667
6 0.012500 0.811111 0.004687 0.041667
5 0.710938 0.895139 0.017188 0.015278
5 0.710938 0.895139 0.017188 0.015278
5 0.710938 0.895139 0.017188 0.015278
5 0.712109 0.879167 0.021094 0.016667
5 0.712109 0.879167 0.021094 0.016667
5 0.712109 0.879167 0.021094 0.016667
5 0.711719 0.910417 0.018750 0.015278
5 0.711719 0.910417 0.018750 0.015278
5 0.711719 0.910417 0.018750 0.015278
5 0.862109 0.927083 0.010156 0.015278
5 0.862109 0.927083 0.010156 0.015278
5 0.862109 0.927083 0.010156 0.015278
5 0.858203 0.911111 0.016406 0.016667
5 0.858203 0.911111 0.016406 0.016667
5 0.858203 0.911111 0.016406 0.016667
5 0.857812 0.893750 0.017188 0.018056
5 0.857812 0.893750 0.017188 0.018056
5 0.857812 0.893750 0.017188 0.018056
5 0.857422 0.875694 0.016406 0.018056
5 0.857422 0.875694 0.016406 0.018056
5 0.857422 0.875694 0.016406 0.018056
6 0.330078 0.929861 0.111719 0.137500
6 0.498047 0.916667 0.102344 0.133333
6 0.331250 0.811111 0.110937 0.133333
6 0.418359 0.923611 0.107031 0.138889
7 0.248828 0.848611 0.003906 0.008333
7 0.280859 0.847222 0.024219 0.011111
7 0.121094 0.853472 0.026562 0.012500
7 0.172266 0.851389 0.011719 0.011111
8 0.055078 0.951389 0.044531 0.041667
5 0.054297 0.940278 0.035156 0.025000
8 0.078516 0.936111 0.010156 0.013889
5 0.100781 0.932639 0.048438 0.018056
8 0.216406 0.957639 0.012500 0.054167
5 0.207422 0.925694 0.019531 0.015278
8 0.229687 0.972222 0.039062 0.052778
5 0.222656 0.944444 0.042188 0.025000
8 0.034375 0.978472 0.028125 0.040278
5 0.055078 0.957639 0.042969 0.029167
0 0.106641 0.845139 0.213281 0.306944
0 0.808203 0.850000 0.175781 0.252778
1 0.437500 0.827083 0.071875 0.109722
1 0.399219 0.828472 0.071875 0.112500
1 0.398438 0.813194 0.065625 0.084722
1 0.361719 0.821528 0.065625 0.098611
1 0.364844 0.810417 0.060937 0.079167
1 0.333984 0.820139 0.050781 0.098611
1 0.350000 0.806250 0.065625 0.076389
1 0.036328 0.834028 0.072656 0.118056
1 0.032031 0.825000 0.064062 0.100000