3 0.499609 0.847222 0.999219 0.302778
4 0.403125 0.700000 0.001563 0.022222
4 0.401953 0.687500 0.021094 0.058333
4 0.412891 0.689583 0.005469 0.062500
4 0.408203 0.691667 0.024219 0.066667
4 0.421484 0.693750 0.007031 0.070833
4 0.416406 0.695833 0.029687 0.077778
4 0.431250 0.698611 0.006250 0.083333
4 0.438281 0.702778 0.012500 0.091667
4 0.472656 0.718750 0.015625 0.129167
4 0.469141 0.727083 0.060156 0.148611
4 0.539844 0.755556 0.043750 0.213889
4 0.691406 0.818056 0.048438 0.361111
4 0.075391 0.681944 0.002344 0.047222
4 0.039062 0.688889 0.017188 0.061111
4 0.017969 0.689583 0.009375 0.062500
4 0.001563 0.683333 0.003125 0.047222
8 0.461328 0.711111 0.036719 0.041667
5 0.394922 0.685417 0.035156 0.006944
5 0.394922 0.685417 0.035156 0.006944
5 0.394922 0.685417 0.035156 0.006944
5 0.395313 0.678472 0.034375 0.006944
5 0.395313 0.678472 0.034375 0.006944
5 0.395313 0.678472 0.034375 0.006944
5 0.394922 0.693056 0.035156 0.005556
5 0.394922 0.693056 0.035156 0.005556
5 0.394922 0.693056 0.035156 0.005556
5 0.431250 0.691667 0.000000 0.000000
5 0.431250 0.691667 0.000000 0.000000
5 0.431250 0.691667 0.000000 0.000000
5 0.451562 0.684722 0.000000 0.000000
5 0.451562 0.684722 0.000000 0.000000
5 0.451562 0.684722 0.000000 0.000000
5 0.441016 0.677083 0.022656 0.004167
5 0.441016 0.677083 0.022656 0.004167
5 0.441016 0.677083 0.022656 0.004167
5 0.440625 0.670139 0.021875 0.006944
5 0.440625 0.670139 0.021875 0.006944
5 0.440625 0.670139 0.021875 0.006944
6 0.493359 0.650694 0.022656 0.001389
6 0.471875 0.652083 0.000000 0.001389
6 0.497656 0.625000 0.031250 0.052778
6 0.496875 0.665972 0.048438 0.037500
6 0.522266 0.681250 0.053906 0.068056
7 0.583984 0.729167 0.064844 0.016667
7 0.312500 0.725000 0.031250 0.022222
7 0.019141 0.732639 0.038281 0.023611
7 0.321484 0.712500 0.024219 0.016667
7 0.051562 0.708333 0.057813 0.013889
7 0.371875 0.700000 0.042188 0.008333
7 0.373828 0.707639 0.047656 0.012500
6 0.703125 0.713194 0.117188 0.184722
6 0.751172 0.722917 0.136719 0.206944
6 0.657031 0.707639 0.101562 0.165278
6 0.627734 0.703472 0.088281 0.148611
6 0.994141 0.768750 0.010156 0.387500
8 0.548828 0.729167 0.080469 0.052778
5 0.548828 0.705556 0.075781 0.011111
8 0.560156 0.732639 0.085938 0.056944
5 0.561719 0.708333 0.082812 0.013889
8 0.546875 0.720833 0.059375 0.047222
5 0.548047 0.696528 0.052344 0.004167
8 0.486719 0.721528 0.056250 0.048611
5 0.487891 0.701389 0.050781 0.011111
8 0.503906 0.695139 0.017188 0.001389
5 0.503906 0.689583 0.017188 0.006944
8 0.452344 0.698611 0.034375 0.016667
5 0.451562 0.690278 0.032813 0.008333
8 0.448828 0.693750 0.038281 0.018056
5 0.432422 0.685417 0.005469 0.004167
8 0.430859 0.701389 0.000781 0.013889
5 0.432422 0.681944 0.005469 0.000000
8 0.427344 0.695833 0.004687 0.025000
8 0.427734 0.688194 0.007031 0.012500
5 0.439844 0.681250 0.029687 0.001389
0 0.771875 0.660417 0.059375 0.018056
0 0.698438 0.625694 0.031250 0.087500
0 0.992578 0.550694 0.013281 0.237500
0 0.521094 0.647222 0.017188 0.094444
0 0.013281 0.859722 0.026562 0.183333
0 0.195703 0.620139 0.114844 0.334722
1 0.123828 0.654861 0.028906 0.059722
1 0.121094 0.660417 0.035937 0.073611
1 0.080078 0.659028 0.058594 0.068056
1 0.070703 0.658333 0.064844 0.069444
1 0.042188 0.659028 0.001563 0.068056
1 0.020703 0.658333 0.041406 0.069444
1 0.039453 0.655556 0.057031 0.086111
1 0.011719 0.661806 0.023438 0.093056
1 0.005859 0.661806 0.011719 0.112500
1 0.836719 0.662500 0.320312 0.394444
2 0.930469 0.670833 0.017188 0.000000
2 0.715625 0.570833 0.053125 0.119444
2 0.785547 0.731250 0.174219 0.120833
1 0.863281 0.663194 0.271875 0.465278
2 0.805078 0.554861 0.125781 0.143056
2 0.870703 0.743056 0.257031 0.144444
2 0.993359 0.554167 0.011719 0.136111
2 0.902734 0.553472 0.071094 0.137500
1 0.934766 0.663194 0.003906 0.001389
2 0.933594 0.663889 0.010937 0.000000
1 0.844922 0.661806 0.025781 0.004167
2 0.858203 0.666667 0.021094 0.005556
1 0.930859 0.659722 0.016406 0.019444
2 0.930859 0.652083 0.016406 0.004167
2 0.931250 0.667361 0.015625 0.004167
2 0.929297 0.654167 0.002344 0.000000
1 0.827344 0.660417 0.043750 0.018056
2 0.806250 0.667361 0.001563 0.004167
2 0.805469 0.653472 0.000000 0.004167
2 0.833594 0.652778 0.026562 0.002778
2 0.826953 0.666667 0.039844 0.005556
2 0.809375 0.653472 0.004687 0.004167
2 0.813281 0.652778 0.001563 0.002778
1 0.858984 0.660417 0.019531 0.018056
2 0.854688 0.667361 0.006250 0.004167
2 0.854297 0.652778 0.005469 0.002778
2 0.867578 0.667361 0.002344 0.004167
2 0.857812 0.652778 0.000000 0.002778
2 0.867188 0.652778 0.003125 0.002778
5 0.463672 0.658333 0.046094 0.008333
5 0.464844 0.668056 0.043750 0.008333
5 0.464844 0.676389 0.043750 0.008333
5 0.464844 0.685417 0.043750 0.009722
5 0.452344 0.702778 0.018750 0.002778
5 0.464844 0.692361 0.043750 0.004167
5 0.469141 0.721528 0.035156 0.009722
5 0.469922 0.714583 0.033594 0.004167
5 0.011719 0.703472 0.009375 0.006944
5 0.013672 0.710417 0.013281 0.006944
5 0.526172 0.676389 0.050781 0.008333
5 0.526172 0.684722 0.050781 0.008333
5 0.526172 0.694444 0.050781 0.008333
5 0.509766 0.722222 0.011719 0.008333
5 0.502734 0.714583 0.003906 0.001389
5 0.047266 0.702083 0.046094 0.006944
5 0.040234 0.713194 0.030469 0.001389
5 0.526172 0.668056 0.050781 0.008333
5 0.526172 0.658333 0.050781 0.008333
5 0.591406 0.675694 0.048438 0.006944
5 0.591406 0.684722 0.048438 0.008333
5 0.601172 0.703472 0.027344 0.009722
5 0.591016 0.694444 0.047656 0.008333
5 0.613281 0.721528 0.006250 0.009722
5 0.613281 0.712500 0.006250 0.008333
5 0.104297 0.702083 0.044531 0.006944
5 0.105078 0.709722 0.044531 0.008333
5 0.591406 0.668056 0.048438 0.008333
5 0.591406 0.658333 0.048438 0.008333
5 0.591406 0.604861 0.048438 0.009722
5 0.591406 0.614583 0.048438 0.009722
5 0.582812 0.632639 0.031250 0.006944
5 0.591406 0.623611 0.048438 0.008333
5 0.591406 0.650000 0.048438 0.008333
5 0.591406 0.640972 0.048438 0.006944
5 0.104297 0.696528 0.044531 0.006944
5 0.105078 0.688889 0.044531 0.005556
5 0.591406 0.596528 0.048438 0.009722
5 0.591406 0.588194 0.048438 0.009722