3 0.499609 0.835417 0.999219 0.326389
4 0.385156 0.722222 0.004687 0.036111
4 0.378516 0.736111 0.007031 0.058333
4 0.376172 0.749306 0.002344 0.062500
4 0.337109 0.797222 0.008594 0.077778
4 0.337109 0.850000 0.008594 0.100000
4 0.297656 0.956944 0.000000 0.083333
4 0.248047 0.979167 0.028906 0.038889
4 0.063281 0.716667 0.007812 0.052778
4 0.015234 0.741667 0.013281 0.063889
8 0.394922 0.802083 0.039844 0.048611
8 0.842969 0.734722 0.064062 0.019444
5 0.412891 0.667361 0.000781 0.006944
5 0.412891 0.667361 0.000781 0.006944
5 0.412891 0.667361 0.000781 0.006944
5 0.412891 0.658333 0.000781 0.008333
5 0.412891 0.658333 0.000781 0.008333
5 0.412891 0.658333 0.000781 0.008333
5 0.412891 0.675000 0.000781 0.005556
5 0.412891 0.675000 0.000781 0.005556
5 0.412891 0.675000 0.000781 0.005556
5 0.462109 0.673611 0.035156 0.008333
5 0.462109 0.673611 0.035156 0.008333
5 0.462109 0.673611 0.035156 0.008333
5 0.462109 0.666667 0.035156 0.008333
5 0.462109 0.666667 0.035156 0.008333
5 0.462109 0.666667 0.035156 0.008333
5 0.458594 0.658333 0.028125 0.008333
5 0.458594 0.658333 0.028125 0.008333
5 0.458594 0.658333 0.028125 0.008333
5 0.461719 0.650694 0.034375 0.009722
5 0.461719 0.650694 0.034375 0.009722
5 0.461719 0.650694 0.034375 0.009722
6 0.489453 0.689583 0.027344 0.056944
6 0.485547 0.672917 0.024219 0.045833
6 0.491016 0.637500 0.030469 0.058333
6 0.487109 0.678472 0.024219 0.048611
6 0.472266 0.715972 0.047656 0.068056
6 0.489063 0.728472 0.057813 0.079167
7 0.498828 0.825000 0.067969 0.022222
7 0.502734 0.848611 0.072656 0.027778
7 0.985156 0.866667 0.028125 0.027778
7 0.966016 0.843056 0.066406 0.027778
7 0.242969 0.829167 0.040625 0.033333
7 0.298047 0.768056 0.000781 0.005556
7 0.035547 0.746528 0.057031 0.015278
7 0.362891 0.715278 0.042969 0.011111
7 0.332422 0.747222 0.017969 0.013889
6 0.493750 0.947222 0.092188 0.050000
6 0.494141 0.985417 0.092969 0.026389
6 0.476953 0.927778 0.082031 0.091667
6 0.473828 0.911111 0.072656 0.125000
8 0.442969 0.886806 0.064062 0.043056
5 0.441016 0.873611 0.060156 0.019444
8 0.444531 0.924306 0.067187 0.065278
5 0.441797 0.898611 0.061719 0.027778
8 0.457422 0.851389 0.050781 0.052778
5 0.457422 0.836111 0.044531 0.025000
8 0.394531 0.866667 0.039062 0.044444
5 0.394531 0.837500 0.039062 0.025000
8 0.452734 0.768056 0.033594 0.041667
5 0.454297 0.753472 0.030469 0.015278
8 0.412109 0.773611 0.000781 0.000000
5 0.412109 0.751389 0.000781 0.000000
8 0.429688 0.729861 0.035937 0.026389
5 0.429688 0.715278 0.035937 0.008333
8 0.412500 0.706944 0.000000 0.000000
5 0.430078 0.707639 0.035156 0.004167
8 0.412500 0.703472 0.000000 0.004167
5 0.430078 0.702778 0.035156 0.002778
5 0.441797 0.697917 0.011719 0.004167
8 0.497656 0.702778 0.001563 0.002778
8 0.497266 0.702083 0.000781 0.004167
8 0.500391 0.710417 0.002344 0.006944
5 0.497656 0.707639 0.001563 0.004167
8 0.499219 0.725694 0.004687 0.026389
5 0.498047 0.715278 0.002344 0.008333
8 0.768750 0.692361 0.009375 0.023611
5 0.782813 0.681944 0.035937 0.005556
8 0.761328 0.680556 0.005469 0.002778
5 0.774219 0.678472 0.032813 0.006944
8 0.781250 0.691667 0.018750 0.016667
5 0.792188 0.686111 0.037500 0.005556
8 0.800781 0.693750 0.042188 0.012500
5 0.800781 0.690972 0.037500 0.006944
8 0.719531 0.685417 0.006250 0.018056
5 0.734766 0.678472 0.033594 0.004167
8 0.722656 0.680556 0.000000 0.000000
5 0.748437 0.680556 0.020313 0.002778
8 0.758594 0.697222 0.021875 0.000000
5 0.762891 0.684722 0.008594 0.002778
8 0.762891 0.697222 0.030469 0.011111
5 0.761328 0.690972 0.028906 0.006944
8 0.831250 0.721528 0.032813 0.026389
5 0.832031 0.712500 0.031250 0.011111
8 0.873437 0.724306 0.035937 0.020833
5 0.871875 0.712500 0.032813 0.011111
8 0.802734 0.723611 0.038281 0.030556
5 0.802344 0.713194 0.034375 0.009722
8 0.773047 0.728472 0.024219 0.026389
5 0.765625 0.712500 0.032813 0.011111
8 0.814063 0.709722 0.045312 0.027778
5 0.813672 0.698611 0.041406 0.008333
8 0.825391 0.715278 0.044531 0.027778
5 0.826562 0.703472 0.042188 0.006944
8 0.790625 0.716667 0.035937 0.030556
5 0.790234 0.704861 0.032031 0.009722
8 0.767188 0.719444 0.012500 0.025000
5 0.759375 0.703472 0.021875 0.006944
8 0.929297 0.759722 0.044531 0.016667
5 0.917578 0.750000 0.047656 0.011111
8 0.901172 0.755556 0.052344 0.036111
5 0.902344 0.739583 0.050000 0.006944
8 0.973828 0.798611 0.050781 0.044444
5 0.975391 0.782639 0.047656 0.015278
8 0.964453 0.787500 0.069531 0.041667
5 0.963672 0.772222 0.063281 0.013889
8 0.909766 0.802778 0.069531 0.038889
5 0.908594 0.782639 0.064062 0.015278
8 0.892188 0.788194 0.065625 0.029167
5 0.890625 0.769444 0.060937 0.008333
0 0.734766 0.716667 0.069531 0.183333
0 0.689063 0.675694 0.046875 0.140278
0 0.854688 0.879167 0.170313 0.238889
0 0.532031 0.636806 0.029687 0.095833
0 0.055078 0.852083 0.110156 0.293056
1 0.155859 0.649306 0.060156 0.073611
1 0.148047 0.652083 0.061719 0.076389
1 0.095703 0.650000 0.061719 0.075000
1 0.089063 0.652778 0.059375 0.075000
1 0.036719 0.650694 0.064062 0.076389
1 0.026562 0.653472 0.053125 0.076389
1 0.035156 0.682639 0.059375 0.095833
1 0.011328 0.676389 0.022656 0.083333
1 0.521875 0.963889 0.300000 0.069444
2 0.613672 0.984722 0.071094 0.027778
2 0.418750 0.986806 0.064062 0.023611
2 0.549219 0.985417 0.067187 0.026389
2 0.551172 0.998611 0.060156 0.000000
2 0.484375 0.986111 0.064062 0.025000
2 0.500000 0.998611 0.031250 0.000000
1 0.675391 0.996528 0.010156 0.004167
1 0.960156 0.656250 0.046875 0.081944
2 0.937500 0.670139 0.001563 0.001389
2 0.955859 0.655556 0.010156 0.000000
2 0.946875 0.629861 0.020313 0.012500
2 0.966016 0.639583 0.030469 0.023611
2 0.960547 0.670139 0.042969 0.026389
2 0.944922 0.630556 0.013281 0.011111
2 0.953516 0.625000 0.002344 0.000000
2 0.954688 0.626389 0.007812 0.000000
2 0.966016 0.626389 0.013281 0.000000
1 0.992578 0.665972 0.013281 0.081944
2 0.994141 0.681250 0.010156 0.026389
2 0.993750 0.646528 0.010937 0.026389
2 0.997656 0.681944 0.003125 0.025000
2 0.997266 0.647222 0.003906 0.025000
1 0.876563 0.643750 0.042188 0.054167
2 0.856641 0.655556 0.002344 0.000000
2 0.868359 0.625000 0.000781 0.000000
2 0.880859 0.631250 0.027344 0.006944
2 0.875391 0.663194 0.039844 0.012500
2 0.861328 0.625694 0.011719 0.001389
2 0.870313 0.626389 0.006250 0.000000
2 0.880469 0.626389 0.012500 0.000000
1 0.924219 0.670833 0.057813 0.091667
2 0.907031 0.670833 0.017188 0.002778
2 0.921875 0.669444 0.010937 0.000000
2 0.912500 0.634722 0.029687 0.000000
2 0.933203 0.652083 0.035156 0.026389
2 0.927344 0.686111 0.046875 0.030556
2 0.912891 0.636806 0.014844 0.001389
2 0.932031 0.636111 0.009375 0.000000
2 0.918359 0.650694 0.017969 0.026389
2 0.938672 0.637500 0.003906 0.000000
1 0.837109 0.657639 0.042969 0.081944
2 0.823438 0.667361 0.012500 0.023611
2 0.836719 0.655556 0.012500 0.000000
2 0.825391 0.636111 0.016406 0.022222
2 0.844141 0.639583 0.027344 0.023611
2 0.840234 0.670833 0.036719 0.027778
2 0.823828 0.637500 0.003906 0.022222
2 0.832031 0.638194 0.012500 0.023611
2 0.843359 0.626389 0.008594 0.000000
1 0.886719 0.670833 0.056250 0.091667
2 0.872266 0.669444 0.010156 0.000000
2 0.885156 0.669444 0.014063 0.000000
2 0.879687 0.634722 0.025000 0.000000
2 0.894922 0.652083 0.033594 0.026389
2 0.889844 0.686111 0.045312 0.030556
2 0.874609 0.648611 0.014844 0.025000
2 0.880859 0.650694 0.017969 0.026389
2 0.897656 0.637500 0.014063 0.000000
2 0.873437 0.752778 0.067187 0.025000
2 0.819531 0.762500 0.064062 0.044444
2 0.674609 0.659722 0.007031 0.008333
2 0.695703 0.672917 0.033594 0.026389
2 0.730859 0.672917 0.030469 0.023611
2 0.695703 0.649306 0.033594 0.026389
2 0.730469 0.650694 0.031250 0.023611
2 0.696094 0.626389 0.034375 0.025000
2 0.728516 0.625694 0.035156 0.026389
5 0.411719 0.736806 0.046875 0.015278
5 0.411719 0.747222 0.046875 0.013889
5 0.411719 0.756250 0.046875 0.012500
5 0.411719 0.765278 0.046875 0.013889
5 0.411719 0.784722 0.046875 0.013889
5 0.411719 0.775000 0.046875 0.013889
5 0.411719 0.804167 0.046875 0.011111
5 0.411719 0.794444 0.046875 0.011111
5 0.008594 0.729861 0.006250 0.001389
5 0.005859 0.743750 0.011719 0.006944
5 0.474609 0.754167 0.046094 0.016667
5 0.474609 0.764583 0.046094 0.015278
5 0.474609 0.782639 0.046094 0.018056
5 0.474609 0.774306 0.046094 0.015278
5 0.474609 0.800694 0.046094 0.018056
5 0.474609 0.790972 0.046094 0.018056
5 0.036328 0.734028 0.047656 0.012500
5 0.059375 0.738194 0.003125 0.006944
5 0.474609 0.746528 0.046094 0.015278
5 0.474609 0.736806 0.046094 0.015278
5 0.542969 0.753472 0.048438 0.015278
5 0.542969 0.763194 0.048438 0.015278
5 0.542969 0.782639 0.048438 0.015278
5 0.542969 0.772917 0.048438 0.015278
5 0.543359 0.799306 0.049219 0.018056
5 0.543359 0.790278 0.049219 0.016667
5 0.090234 0.733333 0.046094 0.011111
5 0.091016 0.740972 0.046094 0.012500
5 0.542969 0.745833 0.048438 0.013889
5 0.542969 0.736806 0.048438 0.015278
5 0.542969 0.682639 0.048438 0.012500
5 0.542969 0.691667 0.048438 0.013889
5 0.542969 0.710417 0.048438 0.015278
5 0.542969 0.701389 0.048438 0.013889
5 0.542969 0.728472 0.048438 0.015278
5 0.542969 0.719444 0.048438 0.013889
5 0.090625 0.727778 0.045312 0.011111
5 0.096094 0.720833 0.035937 0.011111
5 0.542969 0.674306 0.048438 0.012500
5 0.542969 0.664583 0.048438 0.012500