3 0.499609 0.868750 0.999219 0.259722
4 0.403906 0.774306 0.006250 0.076389
4 0.422656 0.797222 0.039062 0.091667
4 0.457422 0.813889 0.011719 0.100000
4 0.459766 0.831944 0.036719 0.113889
4 0.517188 0.857639 0.010937 0.126389
4 0.536328 0.886806 0.057031 0.148611
4 0.608594 0.922222 0.006250 0.152778
4 0.665234 0.932639 0.044531 0.131944
8 0.589063 0.894444 0.090625 0.091667
5 0.335547 0.732639 0.035156 0.009722
5 0.335547 0.732639 0.035156 0.009722
5 0.335547 0.732639 0.035156 0.009722
5 0.335547 0.722222 0.035156 0.011111
5 0.335547 0.722222 0.035156 0.011111
5 0.335547 0.722222 0.035156 0.011111
5 0.335547 0.742361 0.035156 0.009722
5 0.335547 0.742361 0.035156 0.009722
5 0.335547 0.742361 0.035156 0.009722
5 0.402734 0.740972 0.036719 0.009722
5 0.402734 0.740972 0.036719 0.009722
5 0.402734 0.740972 0.036719 0.009722
5 0.403125 0.731944 0.035937 0.011111
5 0.403125 0.731944 0.035937 0.011111
5 0.403125 0.731944 0.035937 0.011111
5 0.403125 0.722222 0.035937 0.011111
5 0.403125 0.722222 0.035937 0.011111
5 0.403125 0.722222 0.035937 0.011111
5 0.403516 0.711806 0.036719 0.009722
5 0.403516 0.711806 0.036719 0.009722
5 0.403516 0.711806 0.036719 0.009722
6 0.514453 0.729167 0.030469 0.044444
6 0.479687 0.728472 0.040625 0.056944
6 0.514453 0.676389 0.035156 0.075000
6 0.505859 0.731250 0.011719 0.040278
6 0.546094 0.765972 0.076563 0.084722
6 0.600391 0.781944 0.078906 0.105556
7 0.777734 0.916667 0.116406 0.033333
7 0.864844 0.956944 0.131250 0.047222
7 0.348438 0.951389 0.070312 0.063889
7 0.307812 0.838889 0.039062 0.008333
7 0.342578 0.783333 0.061719 0.016667
7 0.372656 0.820139 0.076563 0.023611
5 0.963281 0.995833 0.071875 0.005556
8 0.846484 0.959722 0.155469 0.077778
5 0.848047 0.940972 0.138281 0.054167
8 0.738281 0.963889 0.150000 0.069444
5 0.740234 0.949306 0.133594 0.056944
8 0.596484 0.843056 0.060156 0.041667
5 0.593359 0.818056 0.049219 0.013889
8 0.512891 0.847917 0.017969 0.051389
5 0.512500 0.819444 0.018750 0.022222
8 0.470313 0.791667 0.064062 0.036111
5 0.454688 0.774306 0.031250 0.012500
8 0.450391 0.790972 0.024219 0.031944
5 0.454688 0.765278 0.031250 0.005556
8 0.445312 0.779167 0.050000 0.033333
5 0.454688 0.760417 0.031250 0.004167
8 0.417578 0.776389 0.005469 0.027778
5 0.442578 0.757639 0.052344 0.009722
8 0.503906 0.777083 0.001563 0.001389
5 0.504297 0.759028 0.005469 0.004167
5 0.504297 0.754167 0.005469 0.002778
8 0.504687 0.784028 0.004687 0.031944
5 0.504297 0.767361 0.005469 0.009722
8 0.507031 0.769444 0.000000 0.000000
5 0.857812 0.732639 0.026562 0.001389
5 0.848047 0.729861 0.007031 0.001389
8 0.869141 0.751389 0.028906 0.025000
5 0.864453 0.736806 0.038281 0.004167
8 0.887500 0.743750 0.057813 0.009722
5 0.886719 0.741667 0.051562 0.008333
8 0.760938 0.755556 0.000000 0.000000
8 0.855469 0.752778 0.018750 0.022222
5 0.853516 0.742361 0.016406 0.006944
8 0.925781 0.774306 0.017188 0.034722
5 0.928516 0.760417 0.016406 0.009722
8 0.905469 0.778472 0.062500 0.040278
5 0.904297 0.761806 0.055469 0.012500
8 0.896875 0.761111 0.007812 0.030556
5 0.916016 0.745833 0.039844 0.005556
5 0.929297 0.750000 0.013281 0.002778
8 0.912500 0.772222 0.045312 0.033333
5 0.911719 0.752778 0.050000 0.008333
8 0.874609 0.773611 0.047656 0.033333
5 0.871875 0.755556 0.050000 0.011111
0 0.967187 0.741667 0.064062 0.252778
0 0.819141 0.713889 0.099219 0.183333
0 0.516797 0.688889 0.039844 0.125000
0 0.305078 0.743056 0.411719 0.511111
1 0.021875 0.710417 0.043750 0.101389
1 0.018750 0.713194 0.037500 0.104167
1 0.989062 0.664583 0.020313 0.012500
2 0.983594 0.670139 0.000000 0.001389
2 0.999219 0.712500 0.000000 0.000000
2 0.999219 0.669444 0.000000 0.002778
1 0.927734 0.700000 0.071094 0.083333
2 0.907031 0.705556 0.001563 0.000000
2 0.916016 0.705556 0.013281 0.000000
2 0.912891 0.668056 0.017969 0.000000
2 0.941016 0.684028 0.036719 0.029167
2 0.936328 0.722222 0.047656 0.030556
2 0.917578 0.669444 0.008594 0.000000
1 0.982031 0.665972 0.003125 0.009722
2 0.999219 0.713889 0.000000 0.000000
2 0.999219 0.672222 0.000000 0.000000
1 0.890234 0.700694 0.071094 0.084722
2 0.866797 0.719444 0.016406 0.025000
2 0.862109 0.682639 0.008594 0.026389
2 0.907031 0.684028 0.029687 0.029167
2 0.895312 0.722917 0.056250 0.031944
2 0.870703 0.683333 0.008594 0.027778
2 0.883594 0.683333 0.017188 0.027778
2 0.907813 0.669444 0.007812 0.000000
1 0.969531 0.686111 0.059375 0.050000
2 0.955469 0.720833 0.020313 0.011111
2 0.969141 0.715278 0.005469 0.000000
2 0.965234 0.688194 0.038281 0.031944
2 0.988672 0.689583 0.021094 0.031944
2 0.963672 0.720833 0.016406 0.008333
2 0.960156 0.688889 0.010937 0.030556
2 0.975391 0.688889 0.017969 0.030556
2 0.673828 0.728472 0.017969 0.031944
2 0.705078 0.732639 0.044531 0.031944
2 0.758984 0.725694 0.002344 0.004167
2 0.704688 0.702083 0.043750 0.029167
2 0.758203 0.702778 0.000781 0.019444
2 0.704688 0.672917 0.043750 0.029167
2 0.757812 0.681250 0.000000 0.004167
5 0.568750 0.784722 0.092188 0.025000
5 0.568750 0.800694 0.092188 0.023611
5 0.568750 0.814583 0.092188 0.023611
5 0.568750 0.829861 0.092188 0.026389
5 0.568750 0.861806 0.092188 0.026389
5 0.568750 0.845833 0.092188 0.027778
5 0.568750 0.891667 0.092188 0.027778
5 0.568750 0.876389 0.092188 0.027778
5 0.657031 0.811111 0.079687 0.022222
5 0.657031 0.825694 0.079687 0.026389
5 0.657813 0.857639 0.079687 0.026389
5 0.657031 0.841667 0.079687 0.025000
5 0.657813 0.886111 0.079687 0.027778
5 0.657813 0.871528 0.079687 0.026389
5 0.657031 0.797222 0.079687 0.025000
5 0.657031 0.781250 0.079687 0.023611
5 0.766797 0.806944 0.096094 0.022222
5 0.766797 0.822222 0.096094 0.025000
5 0.766797 0.852778 0.096094 0.025000
5 0.766797 0.837500 0.096094 0.025000
5 0.767188 0.881250 0.096875 0.026389
5 0.766797 0.865278 0.096094 0.027778
5 0.766016 0.793750 0.096094 0.023611
5 0.766016 0.779167 0.096094 0.022222
5 0.765234 0.693056 0.096094 0.016667
5 0.765625 0.708333 0.095312 0.016667
5 0.766016 0.737500 0.096094 0.019444
5 0.765625 0.722917 0.095312 0.018056
5 0.766016 0.765972 0.096094 0.020833
5 0.766016 0.751389 0.096094 0.019444
5 0.765234 0.679861 0.096094 0.015278
5 0.765234 0.665278 0.096094 0.013889