3 0.508203 0.872917 0.982031 0.251389
4 0.278125 0.776389 0.003125 0.052778
4 0.208984 0.808333 0.007031 0.050000
4 0.169141 0.800694 0.003906 0.029167
4 0.104688 0.854861 0.028125 0.112500
4 0.047266 0.892361 0.021094 0.131944
8 0.080078 0.938194 0.124219 0.104167
8 0.962500 0.835417 0.073438 0.034722
5 0.440625 0.738194 0.004687 0.009722
5 0.440625 0.738194 0.004687 0.009722
5 0.440625 0.738194 0.004687 0.009722
5 0.440234 0.727778 0.005469 0.011111
5 0.440234 0.727778 0.005469 0.011111
5 0.440234 0.727778 0.005469 0.011111
5 0.440234 0.747917 0.005469 0.009722
5 0.440234 0.747917 0.005469 0.009722
5 0.440234 0.747917 0.005469 0.009722
5 0.488281 0.747917 0.043750 0.009722
5 0.488281 0.747917 0.043750 0.009722
5 0.488281 0.747917 0.043750 0.009722
5 0.487891 0.738889 0.044531 0.011111
5 0.487891 0.738889 0.044531 0.011111
5 0.487891 0.738889 0.044531 0.011111
5 0.487891 0.729167 0.044531 0.011111
5 0.487891 0.729167 0.044531 0.011111
5 0.487891 0.729167 0.044531 0.011111
5 0.497266 0.718056 0.025781 0.011111
5 0.497266 0.718056 0.025781 0.011111
5 0.497266 0.718056 0.025781 0.011111
6 0.467969 0.759028 0.045312 0.084722
6 0.482031 0.745139 0.040625 0.070833
6 0.469531 0.687500 0.048438 0.080556
6 0.476562 0.752778 0.042188 0.080556
6 0.401562 0.790972 0.031250 0.090278
6 0.394531 0.813194 0.045312 0.109722
7 0.229297 0.981250 0.147656 0.034722
7 0.047266 0.868056 0.057031 0.038889
7 0.275781 0.794444 0.051562 0.019444
7 0.201172 0.830556 0.057031 0.005556
8 0.081641 0.997917 0.008594 0.001389
5 0.038672 0.995833 0.077344 0.005556
8 0.286719 0.865278 0.071875 0.055556
5 0.255859 0.853472 0.010156 0.009722
8 0.200391 0.861806 0.057031 0.018056
5 0.217188 0.849306 0.023438 0.020833
8 0.321094 0.802778 0.039062 0.022222
5 0.326172 0.791667 0.028906 0.013889
8 0.332813 0.813889 0.007812 0.011111
5 0.335156 0.780556 0.010937 0.005556
8 0.337891 0.815278 0.000781 0.000000
5 0.335938 0.774306 0.009375 0.004167
8 0.455859 0.795139 0.014844 0.037500
5 0.448828 0.778472 0.021094 0.009722
8 0.464453 0.790972 0.013281 0.040278
5 0.453125 0.773611 0.029687 0.011111
8 0.449609 0.804167 0.017969 0.044444
5 0.446094 0.786806 0.015625 0.012500
8 0.443359 0.809722 0.010156 0.041667
5 0.441016 0.793056 0.005469 0.011111
8 0.893359 0.770139 0.019531 0.023611
5 0.908984 0.759722 0.047656 0.008333
8 0.880078 0.756944 0.010156 0.008333
5 0.903125 0.756250 0.051562 0.009722
8 0.922656 0.772917 0.057813 0.020833
5 0.924219 0.765972 0.056250 0.009722
8 0.935547 0.775000 0.064844 0.016667
5 0.934766 0.770833 0.058594 0.011111
8 0.822656 0.769444 0.014063 0.033333
5 0.841797 0.754861 0.049219 0.006944
8 0.827734 0.769444 0.013281 0.025000
5 0.848437 0.759722 0.051562 0.008333
8 0.858984 0.777083 0.058594 0.031944
5 0.858203 0.763889 0.053906 0.008333
8 0.866797 0.777778 0.061719 0.022222
5 0.866016 0.770139 0.055469 0.012500
8 0.972266 0.815972 0.052344 0.043056
5 0.973047 0.802083 0.049219 0.018056
8 0.924609 0.817361 0.061719 0.045833
5 0.923828 0.801389 0.053906 0.019444
8 0.863672 0.818750 0.057031 0.051389
5 0.862500 0.800000 0.050000 0.016667
8 0.950000 0.799306 0.070312 0.043056
5 0.951172 0.781944 0.066406 0.011111
8 0.962891 0.802778 0.063281 0.036111
5 0.966016 0.789583 0.063281 0.012500
8 0.907422 0.808333 0.052344 0.047222
5 0.908203 0.788889 0.049219 0.013889
8 0.851562 0.807639 0.051562 0.048611
5 0.851172 0.786806 0.046094 0.012500
8 0.994922 0.915278 0.008594 0.041667
5 0.997656 0.900000 0.003125 0.016667
0 0.755469 0.801389 0.107813 0.341667
0 0.738672 0.698611 0.063281 0.130556
0 0.566797 0.700000 0.041406 0.136111
1 0.094922 0.710417 0.080469 0.093056
1 0.077344 0.712500 0.084375 0.097222
1 0.042578 0.709722 0.042969 0.091667
1 0.033203 0.711806 0.025781 0.095833
1 0.981641 0.726389 0.030469 0.113889
2 0.980078 0.743056 0.019531 0.033333
2 0.993359 0.726389 0.005469 0.000000
2 0.972266 0.697917 0.005469 0.031944
2 0.991797 0.701389 0.008594 0.033333
2 0.986719 0.747222 0.020313 0.038889
2 0.983984 0.698611 0.016406 0.033333
2 0.986719 0.700000 0.010937 0.033333
2 0.982812 0.890278 0.032813 0.094444
2 0.926562 0.893056 0.115625 0.102778
2 0.797266 0.753472 0.042969 0.034722
2 0.842187 0.747917 0.046875 0.031944
2 0.796094 0.716667 0.045312 0.036111
2 0.842187 0.717361 0.046875 0.037500
2 0.795312 0.684028 0.045312 0.034722
2 0.841797 0.684028 0.047656 0.034722
5 0.163672 0.815972 0.107031 0.026389
5 0.162891 0.833333 0.107031 0.027778
5 0.162891 0.847917 0.107031 0.029167
5 0.162891 0.864583 0.107031 0.029167
5 0.162500 0.897917 0.107813 0.031944
5 0.162891 0.881250 0.107031 0.031944
5 0.162109 0.930556 0.107031 0.033333
5 0.162109 0.913194 0.107031 0.031944
5 0.269141 0.850000 0.102344 0.027778
5 0.269141 0.867361 0.102344 0.029167
5 0.269141 0.900000 0.102344 0.033333
5 0.269141 0.884722 0.102344 0.030556
5 0.268359 0.933333 0.102344 0.033333
5 0.268359 0.915972 0.102344 0.031944
5 0.269141 0.835417 0.102344 0.026389
5 0.269531 0.818056 0.101562 0.027778
5 0.389453 0.852778 0.096094 0.027778
5 0.389453 0.869444 0.096094 0.030556
5 0.389062 0.904167 0.096875 0.033333
5 0.389453 0.886806 0.096094 0.031944
5 0.389062 0.936806 0.096875 0.034722
5 0.389062 0.919444 0.096875 0.033333
5 0.389453 0.837500 0.096094 0.027778
5 0.389453 0.821528 0.096094 0.026389
5 0.390234 0.722917 0.096094 0.020833
5 0.390234 0.738889 0.096094 0.022222
5 0.389844 0.773611 0.096875 0.025000
5 0.389844 0.756250 0.096875 0.023611
5 0.389453 0.804861 0.096094 0.026389
5 0.389844 0.788889 0.096875 0.025000
5 0.390234 0.707639 0.096094 0.020833
5 0.390234 0.690278 0.096094 0.019444