3 0.499219 0.862500 0.998437 0.272222
4 0.430469 0.863194 0.012500 0.093056
4 0.483594 0.927778 0.051562 0.119444
4 0.550781 0.955556 0.004687 0.086111
4 0.588281 0.975694 0.054688 0.045833
5 0.300000 0.746528 0.056250 0.015278
5 0.300000 0.746528 0.056250 0.015278
5 0.300000 0.746528 0.056250 0.015278
5 0.300000 0.734028 0.056250 0.018056
5 0.300000 0.734028 0.056250 0.018056
5 0.300000 0.734028 0.056250 0.018056
5 0.300000 0.756944 0.056250 0.013889
5 0.300000 0.756944 0.056250 0.013889
5 0.300000 0.756944 0.056250 0.013889
5 0.373828 0.752778 0.055469 0.013889
5 0.373828 0.752778 0.055469 0.013889
5 0.373828 0.752778 0.055469 0.013889
5 0.373828 0.743056 0.055469 0.013889
5 0.373828 0.743056 0.055469 0.013889
5 0.373828 0.743056 0.055469 0.013889
5 0.373828 0.731944 0.055469 0.013889
5 0.373828 0.731944 0.055469 0.013889
5 0.373828 0.731944 0.055469 0.013889
5 0.373828 0.718750 0.055469 0.015278
5 0.373828 0.718750 0.055469 0.015278
5 0.373828 0.718750 0.055469 0.015278
6 0.514844 0.788194 0.053125 0.087500
6 0.478906 0.766667 0.048438 0.086111
6 0.514844 0.712500 0.053125 0.094444
6 0.495703 0.774306 0.052344 0.084722
6 0.607812 0.867361 0.096875 0.134722
6 0.684375 0.890278 0.107813 0.138889
7 0.338281 0.852778 0.075000 0.027778
7 0.410156 0.942361 0.096875 0.040278
8 0.686719 0.961806 0.051562 0.023611
5 0.706250 0.963194 0.076563 0.026389
8 0.603516 0.988194 0.036719 0.020833
5 0.636719 0.979167 0.090625 0.038889
8 0.504297 0.881250 0.074219 0.062500
5 0.505859 0.861111 0.071094 0.025000
8 0.486328 0.864583 0.071094 0.059722
5 0.487891 0.845139 0.067969 0.023611
8 0.471875 0.852083 0.075000 0.056944
5 0.471094 0.833333 0.067187 0.022222
8 0.457031 0.838889 0.070312 0.052778
5 0.456250 0.820833 0.064062 0.019444
8 0.522656 0.836806 0.026562 0.029167
5 0.535937 0.827083 0.046875 0.018056
8 0.502344 0.822222 0.018750 0.022222
5 0.527734 0.816667 0.063281 0.016667
8 0.544922 0.860417 0.021094 0.034722
5 0.546875 0.838889 0.025000 0.016667
8 0.556641 0.876389 0.005469 0.036111
5 0.556641 0.853472 0.005469 0.015278
5 0.882031 0.751389 0.012500 0.005556
8 0.818750 0.745139 0.001563 0.001389
5 0.836719 0.745833 0.032813 0.008333
5 0.900000 0.756944 0.045312 0.005556
8 0.938281 0.777083 0.032813 0.018056
5 0.936719 0.767361 0.029687 0.012500
8 0.797656 0.764583 0.056250 0.034722
5 0.797266 0.750000 0.050781 0.011111
8 0.807813 0.771528 0.032813 0.034722
5 0.809766 0.757639 0.032031 0.012500
8 0.819531 0.775694 0.010937 0.031944
5 0.820703 0.762500 0.008594 0.008333
8 0.965625 0.784028 0.051562 0.006944
5 0.971094 0.781250 0.056250 0.012500
5 0.989062 0.788889 0.020313 0.008333
5 0.932422 0.805556 0.000781 0.000000
0 0.872656 0.768750 0.098437 0.220833
0 0.495312 0.702778 0.053125 0.144444
1 0.992188 0.693056 0.014063 0.075000
2 0.990625 0.729861 0.003125 0.001389
2 0.993750 0.674306 0.010937 0.018056
1 0.939063 0.712500 0.081250 0.108333
2 0.913281 0.712500 0.000000 0.000000
2 0.918750 0.668750 0.009375 0.001389
2 0.961328 0.689583 0.028906 0.031944
2 0.949219 0.730556 0.054688 0.036111
2 0.922656 0.670833 0.001563 0.000000
2 0.947266 0.670833 0.000781 0.000000
2 0.954688 0.672222 0.015625 0.000000
1 0.898828 0.706250 0.072656 0.095833
2 0.879687 0.727083 0.012500 0.031944
2 0.885938 0.711111 0.003125 0.000000
2 0.872656 0.685417 0.014063 0.031944
2 0.917188 0.690972 0.035937 0.031944
2 0.905859 0.731250 0.058594 0.037500
2 0.881641 0.688889 0.010156 0.027778
2 0.895703 0.690278 0.016406 0.030556
2 0.918359 0.673611 0.010156 0.000000
1 0.984375 0.725694 0.029687 0.104167
2 0.986328 0.750000 0.025781 0.036111
2 0.996094 0.731250 0.006250 0.001389
2 0.986328 0.702778 0.025781 0.036111
2 0.993750 0.752083 0.010937 0.034722
2 0.993359 0.704861 0.011719 0.034722
2 0.662891 0.731250 0.024219 0.037500
2 0.704688 0.740278 0.057813 0.038889
2 0.753516 0.740972 0.038281 0.034722
2 0.704688 0.707639 0.057813 0.037500
2 0.753516 0.708333 0.038281 0.033333
2 0.704688 0.675000 0.057813 0.038889
2 0.752344 0.674306 0.040625 0.037500
5 0.734375 0.973611 0.132812 0.050000
5 0.734375 0.986806 0.132812 0.023611
5 0.714063 0.996528 0.092188 0.004167
5 0.850391 0.987500 0.097656 0.022222
5 0.846484 0.980556 0.132031 0.036111
5 0.846484 0.963194 0.132031 0.056944
5 0.956250 0.980556 0.085938 0.036111
5 0.946484 0.989583 0.094531 0.018056
5 0.917578 0.998611 0.002344 0.000000
5 0.947266 0.970139 0.103906 0.048611
5 0.947266 0.950694 0.103906 0.045833
5 0.946875 0.842361 0.104688 0.037500
5 0.946875 0.861111 0.104688 0.038889
5 0.947266 0.899306 0.103906 0.043056
5 0.947266 0.880556 0.103906 0.041667
5 0.947266 0.934722 0.103906 0.044444
5 0.947266 0.915972 0.103906 0.043056
5 0.946875 0.825000 0.104688 0.038889
5 0.946875 0.804861 0.104688 0.040278