3 0.499609 0.863889 0.999219 0.269444
4 0.045703 0.908333 0.007031 0.091667
4 0.133203 0.792361 0.002344 0.031944
8 0.263281 0.743056 0.029687 0.019444
5 0.227734 0.719444 0.033594 0.008333
5 0.227734 0.719444 0.033594 0.008333
5 0.227734 0.719444 0.033594 0.008333
5 0.227734 0.712500 0.033594 0.008333
5 0.227734 0.712500 0.033594 0.008333
5 0.227734 0.712500 0.033594 0.008333
5 0.227344 0.725000 0.034375 0.005556
5 0.227344 0.725000 0.034375 0.005556
5 0.227344 0.725000 0.034375 0.005556
5 0.206641 0.727083 0.005469 0.001389
5 0.206641 0.727083 0.005469 0.001389
5 0.206641 0.727083 0.005469 0.001389
5 0.207031 0.722222 0.006250 0.005556
5 0.207031 0.722222 0.006250 0.005556
5 0.207031 0.722222 0.006250 0.005556
5 0.207031 0.714583 0.006250 0.006944
5 0.207031 0.714583 0.006250 0.006944
5 0.207031 0.714583 0.006250 0.006944
5 0.207813 0.706250 0.007812 0.006944
5 0.207813 0.706250 0.007812 0.006944
5 0.207813 0.706250 0.007812 0.006944
6 0.278125 0.678472 0.004687 0.037500
6 0.278125 0.706250 0.004687 0.037500
5 0.884766 0.896528 0.080469 0.031944
5 0.884766 0.896528 0.080469 0.031944
5 0.884766 0.896528 0.080469 0.031944
5 0.884766 0.875000 0.080469 0.030556
5 0.884766 0.875000 0.080469 0.030556
5 0.884766 0.875000 0.080469 0.030556
5 0.885156 0.911806 0.081250 0.031944
5 0.885156 0.911806 0.081250 0.031944
5 0.885156 0.911806 0.081250 0.031944
5 0.957812 0.950694 0.082812 0.043056
5 0.957812 0.950694 0.082812 0.043056
5 0.957812 0.950694 0.082812 0.043056
5 0.957812 0.931944 0.082812 0.044444
5 0.957812 0.931944 0.082812 0.044444
5 0.957812 0.931944 0.082812 0.044444
5 0.957422 0.912500 0.083594 0.041667
5 0.957422 0.912500 0.083594 0.041667
5 0.957422 0.912500 0.083594 0.041667
5 0.957422 0.890278 0.083594 0.041667
5 0.957422 0.890278 0.083594 0.041667
5 0.957422 0.890278 0.083594 0.041667
6 0.319531 0.941667 0.096875 0.113889
6 0.511328 0.930556 0.099219 0.136111
6 0.320312 0.827083 0.096875 0.140278
6 0.417969 0.932639 0.096875 0.131944
7 0.063672 0.831250 0.038281 0.023611
7 0.248047 0.920139 0.016406 0.037500
7 0.472656 0.762500 0.018750 0.013889
7 0.519922 0.762500 0.022656 0.013889
7 0.364453 0.765278 0.017969 0.013889
7 0.411719 0.763889 0.020313 0.013889
7 0.013672 0.772222 0.027344 0.013889
8 0.023047 0.955556 0.046094 0.075000
5 0.020703 0.931944 0.041406 0.030556
8 0.079297 0.954167 0.075781 0.075000
5 0.078906 0.929861 0.067187 0.031944
8 0.126172 0.951389 0.035156 0.072222
5 0.128125 0.927083 0.031250 0.029167
8 0.225000 0.946528 0.043750 0.070833
5 0.222656 0.922917 0.040625 0.029167
8 0.114453 0.970833 0.058594 0.055556
5 0.116797 0.957639 0.053906 0.037500
8 0.220312 0.968056 0.035937 0.061111
5 0.217969 0.953472 0.031250 0.034722
8 0.053906 0.971528 0.084375 0.054167
5 0.053516 0.961111 0.074219 0.038889
8 0.009375 0.972917 0.018750 0.051389
5 0.006641 0.957639 0.013281 0.026389
0 0.841406 0.869444 0.173437 0.258333
1 0.633594 0.767361 0.050000 0.120833
1 0.584766 0.768750 0.061719 0.120833
1 0.600781 0.747222 0.057813 0.094444
1 0.559766 0.756250 0.053906 0.112500
1 0.569531 0.738889 0.034375 0.088889
1 0.541016 0.746528 0.050781 0.104167
1 0.591797 0.724306 0.064844 0.084722
1 0.230469 0.775000 0.053125 0.080556
1 0.230469 0.765972 0.053125 0.073611
1 0.015625 0.768056 0.031250 0.113889
1 0.009375 0.775694 0.018750 0.120833
5 0.117578 0.763194 0.032031 0.009722
5 0.117578 0.757639 0.032031 0.009722
5 0.117578 0.745833 0.032031 0.008333
5 0.117578 0.751389 0.032031 0.008333
5 0.131250 0.808333 0.026562 0.008333
5 0.141406 0.812500 0.001563 0.000000
5 0.141016 0.821528 0.002344 0.015278
5 0.141016 0.834028 0.002344 0.006944
5 0.117578 0.834722 0.047656 0.016667
5 0.115234 0.845139 0.047656 0.015278
5 0.117969 0.826389 0.046875 0.016667
5 0.115234 0.818056 0.047656 0.016667