3 0.499609 0.867361 0.999219 0.262500
4 0.426563 0.808333 0.010937 0.083333
4 0.467578 0.845139 0.046094 0.104167
4 0.518750 0.872222 0.010937 0.111111
4 0.548047 0.901389 0.058594 0.130556
4 0.627734 0.935417 0.005469 0.126389
4 0.677734 0.952083 0.063281 0.093056
4 0.813672 0.984028 0.007031 0.029167
8 0.720703 0.963889 0.121094 0.069444
5 0.316797 0.740972 0.052344 0.012500
5 0.316797 0.740972 0.052344 0.012500
5 0.316797 0.740972 0.052344 0.012500
5 0.316797 0.729861 0.052344 0.012500
5 0.316797 0.729861 0.052344 0.012500
5 0.316797 0.729861 0.052344 0.012500
5 0.316797 0.751389 0.052344 0.011111
5 0.316797 0.751389 0.052344 0.011111
5 0.316797 0.751389 0.052344 0.011111
5 0.386719 0.748611 0.051562 0.011111
5 0.386719 0.748611 0.051562 0.011111
5 0.386719 0.748611 0.051562 0.011111
5 0.386719 0.738889 0.051562 0.011111
5 0.386719 0.738889 0.051562 0.011111
5 0.386719 0.738889 0.051562 0.011111
5 0.387109 0.728472 0.052344 0.012500
5 0.387109 0.728472 0.052344 0.012500
5 0.387109 0.728472 0.052344 0.012500
5 0.387109 0.717361 0.052344 0.012500
5 0.387109 0.717361 0.052344 0.012500
5 0.387109 0.717361 0.052344 0.012500
6 0.514453 0.752083 0.053906 0.059722
6 0.478516 0.746528 0.046094 0.073611
6 0.515625 0.691667 0.057813 0.083333
6 0.495703 0.749306 0.049219 0.068056
6 0.585547 0.807639 0.086719 0.112500
6 0.650000 0.813194 0.096875 0.101389
7 0.937109 0.993056 0.102344 0.011111
7 0.359375 0.920833 0.062500 0.050000
7 0.346094 0.811806 0.068750 0.020833
7 0.404687 0.865972 0.085938 0.029167
8 0.669141 0.875000 0.086719 0.025000
5 0.627344 0.865278 0.001563 0.002778
8 0.583594 0.905556 0.064062 0.077778
5 0.585938 0.877778 0.057813 0.033333
8 0.492578 0.829167 0.063281 0.044444
5 0.493750 0.806944 0.060937 0.016667
8 0.475391 0.817361 0.055469 0.045833
5 0.478125 0.794444 0.056250 0.008333
8 0.464062 0.808333 0.060937 0.047222
5 0.466406 0.790278 0.060937 0.013889
8 0.432031 0.801389 0.018750 0.041667
5 0.456250 0.782639 0.054688 0.012500
8 0.511719 0.804167 0.017188 0.038889
5 0.523828 0.788194 0.036719 0.015278
8 0.514062 0.795139 0.050000 0.034722
5 0.516797 0.780556 0.050781 0.013889
8 0.530469 0.813194 0.023438 0.045833
5 0.532031 0.795833 0.020313 0.013889
8 0.539062 0.820139 0.006250 0.040278
5 0.539844 0.802778 0.004687 0.011111
8 0.775391 0.754167 0.035156 0.030556
5 0.777734 0.741667 0.035156 0.008333
8 0.785937 0.759028 0.018750 0.031944
5 0.787891 0.745833 0.016406 0.008333
8 0.991406 0.791667 0.010937 0.036111
5 0.992969 0.774306 0.012500 0.004167
8 0.979688 0.802083 0.039062 0.037500
5 0.979688 0.781250 0.039062 0.015278
8 0.967578 0.803472 0.014844 0.037500
5 0.965234 0.785417 0.010156 0.009722
8 0.974219 0.761111 0.001563 0.000000
5 0.966016 0.759722 0.011719 0.002778
8 0.979688 0.770833 0.028125 0.002778
5 0.979688 0.767361 0.039062 0.012500
8 0.964063 0.793056 0.003125 0.027778
5 0.964453 0.771528 0.008594 0.004167
0 0.837891 0.729861 0.086719 0.187500
0 0.499219 0.695833 0.050000 0.130556
0 0.914844 0.929861 0.168750 0.137500
1 0.983984 0.690278 0.027344 0.061111
2 0.979688 0.721528 0.010937 0.001389
2 0.986328 0.673611 0.025781 0.008333
2 0.989062 0.722222 0.000000 0.000000
2 0.990234 0.673611 0.011719 0.008333
2 0.998437 0.669444 0.000000 0.000000
2 0.997656 0.673611 0.003125 0.005556
1 0.923438 0.691667 0.076563 0.061111
2 0.890234 0.670833 0.003906 0.000000
2 0.927344 0.688194 0.001563 0.029167
2 0.926953 0.672222 0.000781 0.000000
1 0.992188 0.694444 0.014063 0.055556
2 0.994531 0.722917 0.009375 0.001389
2 0.995703 0.678472 0.007031 0.001389
1 0.873047 0.696528 0.046094 0.065278
2 0.869922 0.682639 0.024219 0.023611
2 0.889844 0.686806 0.012500 0.026389
2 0.883984 0.720833 0.024219 0.016667
2 0.868359 0.683333 0.011719 0.022222
2 0.887109 0.672222 0.010156 0.000000
2 0.881641 0.686111 0.017969 0.025000
1 0.978906 0.717361 0.040625 0.101389
2 0.967578 0.739583 0.016406 0.034722
2 0.974609 0.722917 0.017969 0.001389
2 0.975000 0.695139 0.032813 0.031944
2 0.994531 0.699306 0.009375 0.034722
2 0.981641 0.742361 0.035156 0.037500
2 0.976172 0.697222 0.027344 0.033333
2 0.991797 0.680556 0.002344 0.000000
2 0.986719 0.698611 0.021875 0.033333
2 0.995703 0.680556 0.007031 0.000000
2 0.654687 0.730556 0.006250 0.030556
2 0.700391 0.738194 0.052344 0.034722
2 0.746094 0.738194 0.037500 0.031944
2 0.700391 0.706944 0.052344 0.033333
2 0.746094 0.706944 0.037500 0.030556
2 0.700391 0.676389 0.052344 0.033333
2 0.736719 0.675694 0.054688 0.031944
5 0.670312 0.850694 0.110937 0.034722
5 0.670312 0.870139 0.110937 0.031944
5 0.670312 0.885417 0.110937 0.034722
5 0.670312 0.902083 0.110937 0.034722
5 0.670312 0.938889 0.110937 0.036111
5 0.670312 0.920139 0.110937 0.037500
5 0.671094 0.972222 0.110937 0.038889
5 0.670703 0.954167 0.110156 0.036111
5 0.776563 0.877083 0.100000 0.031944
5 0.776563 0.894444 0.100000 0.033333
5 0.776953 0.929167 0.100781 0.036111
5 0.776563 0.911111 0.100000 0.036111
5 0.776953 0.959722 0.100781 0.033333
5 0.776953 0.942361 0.100781 0.034722
5 0.776172 0.862500 0.100781 0.030556
5 0.770703 0.843750 0.111719 0.034722
5 0.878516 0.866667 0.102344 0.027778
5 0.878516 0.880556 0.102344 0.016667
5 0.857422 0.919444 0.063281 0.027778
5 0.828906 0.897222 0.003125 0.016667
5 0.862891 0.950694 0.071094 0.029167
5 0.862891 0.931944 0.071094 0.033333
5 0.878125 0.854861 0.103125 0.029167
5 0.874609 0.837500 0.110156 0.030556
5 0.857422 0.742361 0.077344 0.023611
5 0.873828 0.759028 0.110156 0.023611
5 0.873828 0.792361 0.110156 0.026389
5 0.873828 0.775694 0.110156 0.026389
5 0.874609 0.822917 0.110156 0.029167
5 0.873828 0.806250 0.110156 0.029167
5 0.873437 0.729167 0.109375 0.022222
5 0.873047 0.711111 0.110156 0.022222