3 0.367969 0.915278 0.735938 0.166667
5 0.789062 0.984722 0.106250 0.027778
5 0.789062 0.984722 0.106250 0.027778
5 0.789062 0.984722 0.106250 0.027778
5 0.789062 0.970139 0.106250 0.048611
5 0.789062 0.970139 0.106250 0.048611
5 0.789062 0.970139 0.106250 0.048611
5 0.750781 0.994444 0.029687 0.008333
5 0.750781 0.994444 0.029687 0.008333
5 0.750781 0.994444 0.029687 0.008333
5 0.875781 0.993056 0.057813 0.011111
5 0.875781 0.993056 0.057813 0.011111
5 0.875781 0.993056 0.057813 0.011111
5 0.909766 0.977778 0.125781 0.041667
5 0.909766 0.977778 0.125781 0.041667
5 0.909766 0.977778 0.125781 0.041667
6 0.234375 0.942361 0.179688 0.112500
7 0.133594 0.853472 0.034375 0.018056
7 0.185547 0.849306 0.025781 0.018056
7 0.001953 0.867361 0.003906 0.015278
7 0.050781 0.860417 0.031250 0.018056
0 0.913672 0.910417 0.171094 0.176389
1 0.380469 0.853472 0.090625 0.148611
1 0.332813 0.858333 0.090625 0.152778
1 0.331250 0.829861 0.081250 0.118056
1 0.285547 0.838889 0.083594 0.130556
1 0.289453 0.818056 0.075781 0.108333
1 0.250391 0.828472 0.066406 0.123611
1 0.271484 0.796528 0.080469 0.098611