3 0.643359 0.963194 0.664844 0.070833
6 0.669531 0.945139 0.125000 0.106944
6 0.467969 0.943750 0.118750 0.109722
6 0.667578 0.828472 0.124219 0.154167
6 0.565234 0.943750 0.121094 0.109722
5 0.951562 0.998611 0.007812 0.000000
5 0.884766 0.996528 0.082031 0.004167
8 0.821094 0.997917 0.004687 0.001389
5 0.771875 0.994444 0.092188 0.008333
8 0.901563 0.993056 0.085938 0.011111
5 0.898828 0.990278 0.083594 0.016667
8 0.801562 0.990972 0.090625 0.015278
5 0.800391 0.988194 0.085156 0.020833
8 0.950391 0.993056 0.011719 0.011111
5 0.975391 0.991667 0.047656 0.013889
8 0.725391 0.949306 0.019531 0.023611
5 0.726172 0.927778 0.021094 0.005556
8 0.660156 0.947222 0.037500 0.036111
5 0.665625 0.929167 0.025000 0.011111
8 0.758203 0.950000 0.052344 0.041667
5 0.758594 0.931250 0.046875 0.009722
8 0.810547 0.951389 0.050781 0.041667
5 0.810156 0.933333 0.046875 0.011111
8 0.642188 0.952083 0.054688 0.040278
5 0.641406 0.932639 0.050000 0.009722
8 0.692187 0.953472 0.056250 0.040278
5 0.692187 0.934028 0.048438 0.009722
8 0.741797 0.954167 0.052344 0.044444
5 0.741016 0.935417 0.049219 0.012500
8 0.794531 0.955556 0.056250 0.044444
5 0.795312 0.936806 0.050000 0.012500
8 0.907813 0.954861 0.046875 0.045833
5 0.908203 0.935417 0.041406 0.012500
8 0.946484 0.951389 0.005469 0.036111
5 0.960547 0.932639 0.027344 0.004167
8 0.961719 0.963889 0.032813 0.038889
5 0.959766 0.940972 0.028906 0.012500
8 0.957422 0.965972 0.042969 0.045833
5 0.957422 0.945139 0.038281 0.012500
0 0.987109 0.870833 0.024219 0.236111
0 0.302734 0.877778 0.111719 0.241667
1 0.162109 0.499306 0.324219 0.998611
1 0.748437 0.881944 0.025000 0.086111
2 0.745313 0.863889 0.021875 0.027778
2 0.744531 0.904167 0.026562 0.030556
1 0.868750 0.887500 0.084375 0.100000
2 0.832812 0.891667 0.003125 0.000000
2 0.900391 0.863889 0.010156 0.030556
2 0.891406 0.906250 0.029687 0.031944
1 0.695312 0.881944 0.085938 0.088889
2 0.665625 0.891667 0.017188 0.000000
2 0.732422 0.863889 0.003906 0.030556
2 0.705078 0.907639 0.060156 0.031944
1 0.854688 0.890972 0.090625 0.112500
2 0.824609 0.894444 0.021094 0.002778
2 0.888281 0.863889 0.012500 0.033333
2 0.865234 0.910417 0.061719 0.034722
1 0.621484 0.890972 0.010156 0.112500
1 0.837500 0.894444 0.100000 0.125000
2 0.803516 0.897222 0.021094 0.000000
2 0.803516 0.895833 0.010156 0.000000
2 0.878516 0.864583 0.005469 0.037500
2 0.849609 0.915972 0.069531 0.040278
2 0.814844 0.883333 0.001563 0.000000
2 0.837109 0.883333 0.002344 0.000000
1 0.609766 0.890972 0.011719 0.112500
2 0.612109 0.915278 0.014844 0.033333
2 0.613281 0.864583 0.018750 0.034722
2 0.670312 0.860417 0.014063 0.026389
2 0.651563 0.911806 0.053125 0.026389
2 0.628906 0.865278 0.012500 0.033333
2 0.654297 0.860417 0.016406 0.026389
1 0.829688 0.896528 0.106250 0.131944
2 0.794141 0.913889 0.022656 0.030556
2 0.789844 0.897222 0.000000 0.000000
2 0.792188 0.864583 0.021875 0.037500
2 0.865625 0.865278 0.018750 0.038889
2 0.841797 0.918056 0.072656 0.041667
2 0.814453 0.864583 0.022656 0.037500
2 0.811719 0.883333 0.003125 0.000000
2 0.832812 0.864583 0.014063 0.037500
2 0.833984 0.883333 0.002344 0.000000
2 0.382422 0.940972 0.052344 0.048611
2 0.394531 0.915278 0.028125 0.002778
2 0.454688 0.943750 0.084375 0.048611
2 0.512500 0.940972 0.020313 0.045833
2 0.455859 0.897917 0.088281 0.045833
2 0.512500 0.895833 0.023438 0.044444
2 0.455859 0.852083 0.088281 0.045833
2 0.512500 0.852778 0.023438 0.044444