3 0.437109 0.904861 0.874219 0.187500
5 0.112109 0.806944 0.017969 0.005556
5 0.112109 0.806944 0.017969 0.005556
5 0.112109 0.806944 0.017969 0.005556
5 0.112891 0.800000 0.017969 0.005556
5 0.112891 0.800000 0.017969 0.005556
5 0.112891 0.800000 0.017969 0.005556
5 0.113281 0.793056 0.017188 0.005556
5 0.113281 0.793056 0.017188 0.005556
5 0.113281 0.793056 0.017188 0.005556
5 0.115625 0.786111 0.020313 0.005556
5 0.115625 0.786111 0.020313 0.005556
5 0.115625 0.786111 0.020313 0.005556
6 0.214844 0.770833 0.000000 0.000000
6 0.194531 0.750000 0.028125 0.008333
5 0.809375 0.816667 0.048438 0.011111
5 0.809375 0.816667 0.048438 0.011111
5 0.809375 0.816667 0.048438 0.011111
5 0.814063 0.808333 0.039062 0.002778
5 0.814063 0.808333 0.039062 0.002778
5 0.814063 0.808333 0.039062 0.002778
6 0.370312 0.814583 0.076563 0.093056
6 0.518750 0.807639 0.045312 0.076389
6 0.371484 0.728472 0.075781 0.095833
6 0.431641 0.813889 0.060156 0.091667
6 0.035156 0.820139 0.057813 0.104167
7 0.078906 0.826389 0.003125 0.011111
7 0.300781 0.843056 0.003125 0.013889
7 0.389844 0.813889 0.018750 0.005556
7 0.432422 0.814583 0.007031 0.004167
7 0.294531 0.812500 0.018750 0.008333
7 0.332422 0.812500 0.013281 0.008333
5 0.114453 0.818750 0.007031 0.001389
8 0.230859 0.836806 0.025781 0.020833
5 0.230469 0.822222 0.021875 0.011111
8 0.276172 0.835417 0.044531 0.031944
5 0.276172 0.821528 0.039844 0.009722
8 0.233594 0.835417 0.032813 0.020833
5 0.232813 0.825000 0.028125 0.011111
8 0.283203 0.840278 0.049219 0.036111
5 0.282422 0.825000 0.042969 0.011111
8 0.531641 0.900694 0.047656 0.084722
5 0.532813 0.865972 0.040625 0.023611
8 0.525000 0.890972 0.057813 0.068056
5 0.524609 0.856250 0.057031 0.020833
8 0.098437 0.911111 0.134375 0.091667
5 0.101172 0.873611 0.121094 0.025000
8 0.088672 0.925000 0.149219 0.102778
5 0.091406 0.884028 0.134375 0.029167
8 0.099219 0.899306 0.125000 0.081944
5 0.101562 0.859722 0.112500 0.008333
8 0.161328 0.857639 0.005469 0.009722
5 0.108594 0.852083 0.103125 0.006944
8 0.385547 0.906250 0.107031 0.087500
5 0.383984 0.869444 0.094531 0.025000
8 0.283203 0.910417 0.103906 0.090278
5 0.281641 0.872222 0.091406 0.027778
8 0.237891 0.897917 0.107031 0.079167
5 0.243750 0.863889 0.104688 0.022222
8 0.235156 0.886806 0.100000 0.070833
5 0.240234 0.856944 0.096094 0.019444
0 0.109375 0.761111 0.218750 0.291667
0 0.735156 0.812500 0.115625 0.011111
1 0.537109 0.783333 0.055469 0.091667
1 0.513281 0.783333 0.034375 0.091667
1 0.516406 0.781944 0.040625 0.086111
1 0.478906 0.781944 0.050000 0.086111
1 0.503906 0.773611 0.015625 0.063889
1 0.448047 0.781944 0.027344 0.083333
1 0.507031 0.775694 0.021875 0.059722
1 0.200781 0.776389 0.075000 0.083333
1 0.198047 0.775694 0.072656 0.076389
1 0.012891 0.775000 0.025781 0.080556
1 0.010937 0.777778 0.021875 0.088889
1 0.922656 0.751389 0.153125 0.494444
2 0.933203 0.689583 0.132031 0.201389
2 0.935547 0.925000 0.127344 0.147222
1 0.765234 0.803472 0.328906 0.390278
2 0.835547 0.823611 0.077344 0.002778
2 0.875391 0.888194 0.082031 0.126389
2 0.864062 0.723611 0.014063 0.119444
2 0.675000 0.720139 0.121875 0.126389
2 0.733984 0.893056 0.241406 0.141667
2 0.808594 0.780556 0.003125 0.002778
2 0.823047 0.722222 0.055469 0.122222
2 0.749219 0.781250 0.007812 0.004167
2 0.765625 0.721528 0.062500 0.123611
1 0.946484 0.834722 0.008594 0.030556
2 0.975391 0.834722 0.047656 0.030556
1 0.687500 0.814583 0.287500 0.368056
2 0.753125 0.817361 0.056250 0.001389
2 0.780078 0.820833 0.072656 0.002778
2 0.584375 0.727083 0.059375 0.109722
2 0.658203 0.877083 0.208594 0.120833
2 0.934375 0.840278 0.034375 0.022222
2 0.933203 0.825000 0.036719 0.011111
5 0.114453 0.818056 0.008594 0.000000
5 0.118750 0.819444 0.000000 0.000000
5 0.112500 0.817361 0.012500 0.001389
5 0.112109 0.811806 0.016406 0.006944