3 0.493359 0.935417 0.986719 0.126389
4 0.132812 0.869444 0.018750 0.011111
8 0.387891 0.858333 0.017969 0.002778
5 0.365234 0.859028 0.025781 0.001389
5 0.365234 0.859028 0.025781 0.001389
5 0.365234 0.859028 0.025781 0.001389
5 0.367578 0.856250 0.030469 0.001389
5 0.367578 0.856250 0.030469 0.001389
5 0.367578 0.856250 0.030469 0.001389
5 0.350391 0.857639 0.002344 0.001389
5 0.350391 0.857639 0.002344 0.001389
5 0.350391 0.857639 0.002344 0.001389
6 0.315625 0.866667 0.001563 0.002778
6 0.367188 0.826389 0.073438 0.088889
6 0.512109 0.830556 0.069531 0.097222
6 0.368750 0.743056 0.073438 0.100000
6 0.439844 0.830556 0.070312 0.097222
7 0.201172 0.864583 0.003906 0.004167
7 0.107813 0.864583 0.006250 0.004167
7 0.573047 0.866667 0.011719 0.008333
7 0.616797 0.868750 0.002344 0.006944
7 0.475781 0.866667 0.001563 0.008333
7 0.514453 0.870833 0.014844 0.000000
7 0.125781 0.867361 0.001563 0.004167
8 0.140234 0.868750 0.030469 0.018056
8 0.212891 0.868750 0.027344 0.018056
8 0.243750 0.869444 0.035937 0.019444
8 0.298438 0.868750 0.034375 0.020833
8 0.230078 0.868750 0.055469 0.020833
8 0.275000 0.868750 0.032813 0.020833
8 0.178906 0.868750 0.054688 0.020833
8 0.127734 0.868750 0.052344 0.020833
8 0.453516 0.851389 0.091406 0.083333
5 0.452344 0.819444 0.078125 0.027778
8 0.560937 0.851389 0.082812 0.083333
5 0.559766 0.818750 0.071094 0.026389
8 0.362500 0.851389 0.093750 0.083333
5 0.362109 0.818750 0.083594 0.026389
8 0.252734 0.863194 0.096094 0.059722
8 0.558984 0.863194 0.064844 0.054167
5 0.557422 0.827778 0.061719 0.016667
8 0.464453 0.853472 0.077344 0.073611
5 0.463672 0.827778 0.063281 0.016667
8 0.378906 0.853472 0.084375 0.073611
5 0.382031 0.824306 0.060937 0.023611
8 0.287109 0.861806 0.088281 0.056944
8 0.072266 0.875694 0.103906 0.034722
8 0.005469 0.875694 0.006250 0.029167
8 0.041797 0.873611 0.011719 0.030556
8 0.030469 0.872222 0.057813 0.030556
0 0.039062 0.870833 0.068750 0.025000
0 0.763672 0.869444 0.096094 0.022222
1 0.667578 0.866667 0.022656 0.016667
1 0.643359 0.866667 0.047656 0.016667
1 0.658203 0.865972 0.030469 0.015278
1 0.633594 0.865972 0.035937 0.015278
1 0.657813 0.865972 0.031250 0.015278
1 0.622656 0.865972 0.032813 0.015278
1 0.650391 0.868750 0.000781 0.006944
1 0.345313 0.834028 0.057813 0.079167
1 0.375781 0.834028 0.004687 0.079167
1 0.124219 0.865278 0.000000 0.000000
1 0.126953 0.861806 0.046094 0.004167
1 0.957812 0.499306 0.082812 0.998611
2 0.986719 0.025694 0.025000 0.051389
2 0.988672 0.457639 0.021094 0.498611
1 0.828516 0.540278 0.325781 0.811111
2 0.782031 0.381250 0.187500 0.304167
2 0.843750 0.681944 0.307812 0.263889
2 0.928516 0.343750 0.117969 0.229167
1 0.097656 0.530556 0.195312 0.836111
2 0.085547 0.695139 0.155469 0.234722
2 0.064062 0.673611 0.128125 0.263889
2 0.085938 0.366667 0.171875 0.322222
1 0.775000 0.679861 0.348438 0.459722
2 0.661328 0.582639 0.094531 0.156944
2 0.653125 0.761111 0.078125 0.144444
2 0.713281 0.581944 0.007812 0.008333
1 0.154688 0.676389 0.309375 0.466667
2 0.253125 0.765972 0.079687 0.134722
2 0.232031 0.757639 0.093750 0.143056
2 0.244922 0.577778 0.103906 0.163889
2 0.173047 0.756944 0.030469 0.144444
2 0.157812 0.563889 0.075000 0.136111
1 0.741797 0.707639 0.310156 0.390278
2 0.606641 0.622222 0.016406 0.130556
2 0.638672 0.776389 0.080469 0.122222
1 0.171094 0.704861 0.326562 0.395833
2 0.305859 0.780556 0.028906 0.113889
2 0.271875 0.773611 0.078125 0.119444
2 0.309375 0.619444 0.028125 0.136111
2 0.231250 0.829167 0.001563 0.000000
2 0.872656 0.874306 0.121875 0.029167
2 0.895703 0.874306 0.107031 0.034722
5 0.286328 0.864583 0.003906 0.004167
5 0.244531 0.865278 0.000000 0.000000
5 0.259766 0.864583 0.003906 0.004167
5 0.258203 0.861111 0.000781 0.000000