3 0.499609 0.829861 0.999219 0.337500
4 0.146875 0.796528 0.003125 0.020833
5 0.566016 0.719444 0.055469 0.016667
5 0.566016 0.719444 0.055469 0.016667
5 0.566016 0.719444 0.055469 0.016667
5 0.566016 0.708333 0.055469 0.019444
5 0.566016 0.708333 0.055469 0.019444
5 0.566016 0.708333 0.055469 0.019444
5 0.566016 0.729167 0.055469 0.019444
5 0.566016 0.729167 0.055469 0.019444
5 0.566016 0.729167 0.055469 0.019444
5 0.608203 0.736806 0.014844 0.015278
5 0.608203 0.736806 0.014844 0.015278
5 0.608203 0.736806 0.014844 0.015278
5 0.608203 0.727778 0.014844 0.013889
5 0.608203 0.727778 0.014844 0.013889
5 0.608203 0.727778 0.014844 0.013889
5 0.608203 0.715278 0.014844 0.016667
5 0.608203 0.715278 0.014844 0.016667
5 0.608203 0.715278 0.014844 0.016667
5 0.614844 0.704167 0.028125 0.016667
5 0.614844 0.704167 0.028125 0.016667
5 0.614844 0.704167 0.028125 0.016667
6 0.426563 0.799306 0.032813 0.093056
6 0.490234 0.769444 0.063281 0.094444
6 0.429297 0.716667 0.038281 0.097222
6 0.452734 0.775000 0.067969 0.086111
6 0.151953 0.865972 0.086719 0.131944
6 0.068750 0.901389 0.089063 0.141667
7 0.246094 0.806250 0.054688 0.026389
7 0.032031 0.872917 0.057813 0.034722
7 0.058203 0.677083 0.033594 0.012500
7 0.085547 0.671528 0.010156 0.009722
7 0.008594 0.686111 0.017188 0.011111
8 0.203516 0.855556 0.017969 0.036111
5 0.200781 0.839583 0.012500 0.015278
8 0.226172 0.836806 0.061719 0.023611
5 0.223438 0.826389 0.057813 0.025000
8 0.257031 0.835417 0.068750 0.048611
5 0.256250 0.814583 0.060937 0.023611
8 0.297266 0.811111 0.066406 0.022222
5 0.296875 0.803472 0.059375 0.023611
8 0.303906 0.850694 0.071875 0.051389
5 0.303125 0.828472 0.064062 0.026389
8 0.329297 0.837500 0.039844 0.047222
5 0.330859 0.816667 0.036719 0.025000
8 0.269141 0.863889 0.074219 0.052778
5 0.267578 0.841667 0.066406 0.027778
8 0.227734 0.880556 0.066406 0.052778
5 0.225000 0.855556 0.060937 0.030556
8 0.939063 0.906944 0.087500 0.058333
5 0.937891 0.879861 0.078906 0.029167
8 0.958594 0.889583 0.081250 0.056944
5 0.958984 0.865972 0.075781 0.031944
8 0.924219 0.925000 0.090625 0.063889
5 0.922656 0.898611 0.081250 0.036111
8 0.902344 0.947222 0.090625 0.063889
5 0.899609 0.918056 0.083594 0.038889
8 0.879687 0.861806 0.079687 0.034722
5 0.878516 0.847917 0.071094 0.029167
8 0.857031 0.876389 0.082812 0.036111
5 0.855859 0.861806 0.074219 0.029167
8 0.839063 0.902083 0.085938 0.056944
5 0.832031 0.877778 0.065625 0.033333
8 0.805859 0.914583 0.075781 0.048611
5 0.807422 0.895833 0.072656 0.036111
5 0.739844 0.994444 0.035937 0.008333
8 0.721094 0.994444 0.004687 0.008333
5 0.673047 0.985417 0.089844 0.026389
8 0.607031 0.983333 0.098437 0.030556
5 0.607031 0.975000 0.087500 0.047222
8 0.843750 0.965972 0.100000 0.065278
5 0.842578 0.954167 0.089844 0.044444
8 0.819141 0.978472 0.105469 0.040278
5 0.817187 0.977778 0.095312 0.041667
8 0.746875 0.977083 0.056250 0.043056
5 0.731250 0.964583 0.076563 0.048611
8 0.659375 0.963889 0.079687 0.041667
5 0.661719 0.944444 0.075000 0.044444
0 0.068750 0.909722 0.137500 0.177778
0 0.491406 0.859028 0.137500 0.279167
0 0.657031 0.709722 0.084375 0.161111
1 0.282031 0.663194 0.054688 0.093056
1 0.262109 0.667361 0.067969 0.095833
1 0.241016 0.650000 0.064844 0.077778
1 0.219141 0.661111 0.057031 0.091667
1 0.198047 0.644444 0.061719 0.075000
1 0.171484 0.652083 0.063281 0.084722
1 0.146094 0.631944 0.057813 0.077778
1 0.009375 0.704167 0.018750 0.102778
2 0.909766 0.818056 0.060156 0.052778
2 0.969922 0.829167 0.058594 0.055556
2 0.910156 0.772917 0.060937 0.051389
2 0.969922 0.783333 0.058594 0.052778
2 0.914453 0.723611 0.069531 0.061111
2 0.969922 0.731944 0.058594 0.063889