3 0.499609 0.833333 0.999219 0.330556
4 0.474219 0.961806 0.003125 0.073611
5 0.259766 0.740278 0.063281 0.025000
5 0.259766 0.740278 0.063281 0.025000
5 0.259766 0.740278 0.063281 0.025000
5 0.259766 0.727778 0.063281 0.025000
5 0.259766 0.727778 0.063281 0.025000
5 0.259766 0.727778 0.063281 0.025000
5 0.259766 0.752083 0.063281 0.023611
5 0.259766 0.752083 0.063281 0.023611
5 0.259766 0.752083 0.063281 0.023611
5 0.337891 0.741667 0.058594 0.022222
5 0.337891 0.741667 0.058594 0.022222
5 0.337891 0.741667 0.058594 0.022222
5 0.337891 0.731944 0.058594 0.019444
5 0.337891 0.731944 0.058594 0.019444
5 0.337891 0.731944 0.058594 0.019444
5 0.337891 0.718750 0.058594 0.023611
5 0.337891 0.718750 0.058594 0.023611
5 0.337891 0.718750 0.058594 0.023611
5 0.337891 0.706250 0.058594 0.023611
5 0.337891 0.706250 0.058594 0.023611
5 0.337891 0.706250 0.058594 0.023611
6 0.533203 0.838889 0.071094 0.113889
6 0.480859 0.786111 0.052344 0.094444
6 0.534766 0.749306 0.074219 0.115278
6 0.502734 0.811111 0.061719 0.113889
6 0.680859 0.948611 0.108594 0.100000
6 0.783203 0.972222 0.116406 0.052778
7 0.348047 0.933333 0.085156 0.044444
8 0.559375 0.971528 0.095312 0.054167
5 0.552344 0.967361 0.073438 0.045833
8 0.530078 0.957639 0.089844 0.081944
5 0.528906 0.936806 0.081250 0.040278
8 0.502344 0.934028 0.085938 0.076389
5 0.501953 0.914583 0.077344 0.037500
8 0.478906 0.907639 0.081250 0.070833
5 0.478125 0.888889 0.073438 0.033333
8 0.559766 0.918750 0.039844 0.054167
5 0.576562 0.900000 0.067187 0.033333
8 0.552344 0.884722 0.075000 0.050000
5 0.553906 0.875694 0.071875 0.031944
8 0.600391 0.927083 0.066406 0.048611
5 0.609375 0.919444 0.076563 0.036111
8 0.608203 0.975000 0.003906 0.038889
5 0.608203 0.951389 0.003906 0.013889
8 0.854688 0.756250 0.025000 0.023611
5 0.856250 0.747917 0.023438 0.015278
8 0.839453 0.746528 0.050781 0.026389
5 0.842578 0.736111 0.050781 0.016667
8 0.928516 0.759028 0.008594 0.004167
5 0.926172 0.756944 0.007031 0.008333
8 0.944531 0.785417 0.045312 0.031944
5 0.932031 0.770139 0.015625 0.020833
8 0.796875 0.758333 0.059375 0.038889
5 0.796094 0.742361 0.053125 0.018056
8 0.824609 0.770139 0.061719 0.040278
5 0.823828 0.753472 0.055469 0.018056
8 0.839063 0.781944 0.037500 0.041667
5 0.845313 0.764583 0.043750 0.018056
8 0.858984 0.791667 0.016406 0.036111
5 0.860547 0.778472 0.013281 0.015278
8 0.991797 0.870139 0.014844 0.043056
5 0.993359 0.852083 0.011719 0.012500
8 0.979688 0.809028 0.039062 0.031944
5 0.981641 0.796528 0.035156 0.023611
8 0.989453 0.841667 0.019531 0.027778
5 0.989844 0.820833 0.018750 0.022222
8 0.989453 0.858333 0.019531 0.036111
5 0.989453 0.836806 0.019531 0.020833
0 0.932031 0.826389 0.134375 0.263889
0 0.477344 0.695139 0.071875 0.162500
1 0.982422 0.665972 0.033594 0.095833
2 0.981250 0.684722 0.020313 0.030556
2 0.986719 0.670139 0.007812 0.001389
2 0.984375 0.645833 0.029687 0.033333
2 0.991016 0.649306 0.016406 0.031944
2 0.999219 0.633333 0.000000 0.000000
2 0.998047 0.651389 0.002344 0.027778
1 0.951172 0.686111 0.038281 0.094444
2 0.923828 0.640278 0.000781 0.000000
2 0.947266 0.665972 0.038281 0.034722
2 0.945312 0.707639 0.043750 0.034722
2 0.924219 0.644444 0.001563 0.000000
2 0.930859 0.642361 0.014844 0.004167
2 0.929688 0.649306 0.012500 0.006944
2 0.935156 0.645833 0.010937 0.002778
1 0.892188 0.689583 0.085938 0.115278
2 0.860156 0.702083 0.015625 0.034722
2 0.860938 0.660417 0.015625 0.034722
2 0.927344 0.669444 0.007812 0.033333
2 0.898438 0.710417 0.065625 0.040278
2 0.866797 0.662500 0.002344 0.030556
1 0.985547 0.716667 0.027344 0.108333
2 0.989844 0.740972 0.018750 0.040278
2 0.987891 0.692361 0.022656 0.040278
2 0.996094 0.744444 0.006250 0.036111
2 0.995703 0.696528 0.007031 0.034722
2 0.641797 0.704167 0.028906 0.047222
2 0.688672 0.720139 0.063281 0.045833
2 0.739844 0.719444 0.037500 0.036111
2 0.688672 0.686111 0.063281 0.044444
2 0.739844 0.686111 0.037500 0.036111
2 0.688672 0.651389 0.063281 0.047222
2 0.727344 0.647917 0.064062 0.045833