3 0.499609 0.834722 0.999219 0.327778
4 0.017578 0.897222 0.010156 0.094444
6 0.005078 0.649306 0.010156 0.045833
6 0.005078 0.649306 0.010156 0.045833
5 0.692578 0.798611 0.038281 0.022222
5 0.692578 0.798611 0.038281 0.022222
5 0.692578 0.798611 0.038281 0.022222
5 0.696875 0.783333 0.046875 0.025000
5 0.696875 0.783333 0.046875 0.025000
5 0.696875 0.783333 0.046875 0.025000
5 0.685547 0.811806 0.024219 0.020833
5 0.685547 0.811806 0.024219 0.020833
5 0.685547 0.811806 0.024219 0.020833
5 0.816016 0.841667 0.013281 0.016667
5 0.816016 0.841667 0.013281 0.016667
5 0.816016 0.841667 0.013281 0.016667
5 0.816016 0.827083 0.013281 0.018056
5 0.816016 0.827083 0.013281 0.018056
5 0.816016 0.827083 0.013281 0.018056
5 0.816016 0.811806 0.013281 0.018056
5 0.816016 0.811806 0.013281 0.018056
5 0.816016 0.811806 0.013281 0.018056
5 0.816016 0.795139 0.013281 0.020833
5 0.816016 0.795139 0.013281 0.020833
5 0.816016 0.795139 0.013281 0.020833
6 0.349609 0.905556 0.099219 0.133333
6 0.497266 0.870139 0.092969 0.131944
6 0.350000 0.793056 0.100000 0.136111
6 0.426953 0.884722 0.096094 0.138889
7 0.198828 0.881944 0.038281 0.033333
7 0.226953 0.700694 0.027344 0.012500
7 0.277344 0.697917 0.015625 0.012500
7 0.118359 0.710417 0.024219 0.015278
7 0.165234 0.706250 0.027344 0.015278
8 0.017188 0.942361 0.031250 0.048611
5 0.016406 0.925694 0.032813 0.040278
8 0.110937 0.930556 0.004687 0.069444
5 0.107813 0.904167 0.004687 0.011111
8 0.157031 0.923611 0.054688 0.055556
5 0.152344 0.902778 0.054688 0.036111
8 0.216016 0.915972 0.069531 0.065278
5 0.215234 0.891667 0.061719 0.033333
8 0.171875 0.955556 0.076563 0.086111
5 0.170703 0.931944 0.066406 0.041667
8 0.242578 0.941667 0.075781 0.063889
5 0.241406 0.919444 0.067187 0.038889
8 0.122656 0.968056 0.045312 0.061111
5 0.119922 0.950000 0.039844 0.036111
8 0.016406 0.975694 0.032813 0.045833
5 0.016406 0.961806 0.032813 0.045833
0 0.187109 0.912500 0.178906 0.172222
0 0.771875 0.805556 0.153125 0.233333
1 0.423047 0.701389 0.067969 0.111111
1 0.387891 0.705556 0.067969 0.113889
1 0.384766 0.683333 0.063281 0.088889
1 0.350391 0.693750 0.063281 0.106944
1 0.351172 0.674306 0.058594 0.084722
1 0.325000 0.682639 0.045312 0.095833
1 0.333984 0.656944 0.063281 0.083333
1 0.016406 0.739583 0.032813 0.087500
1 0.016406 0.727778 0.032813 0.080556