3 0.499609 0.847917 0.999219 0.301389
4 0.322656 0.736806 0.001563 0.048611
4 0.269531 0.745833 0.017188 0.030556
4 0.248828 0.772222 0.002344 0.052778
4 0.208203 0.798611 0.019531 0.083333
4 0.122266 0.825694 0.022656 0.062500
4 0.075000 0.842361 0.004687 0.029167
4 0.021484 0.895139 0.038281 0.101389
8 0.201172 0.846528 0.082031 0.051389
8 0.846875 0.795833 0.076563 0.052778
5 0.448828 0.690972 0.008594 0.006944
5 0.448828 0.690972 0.008594 0.006944
5 0.448828 0.690972 0.008594 0.006944
5 0.435547 0.681250 0.035156 0.009722
5 0.435547 0.681250 0.035156 0.009722
5 0.435547 0.681250 0.035156 0.009722
5 0.433984 0.699306 0.038281 0.006944
5 0.433984 0.699306 0.038281 0.006944
5 0.433984 0.699306 0.038281 0.006944
5 0.494531 0.700000 0.034375 0.008333
5 0.494531 0.700000 0.034375 0.008333
5 0.494531 0.700000 0.034375 0.008333
5 0.494531 0.691667 0.034375 0.008333
5 0.494531 0.691667 0.034375 0.008333
5 0.494531 0.691667 0.034375 0.008333
5 0.494531 0.683333 0.034375 0.008333
5 0.494531 0.683333 0.034375 0.008333
5 0.494531 0.683333 0.034375 0.008333
5 0.492578 0.673611 0.038281 0.008333
5 0.492578 0.673611 0.038281 0.008333
5 0.492578 0.673611 0.038281 0.008333
6 0.472656 0.715278 0.037500 0.069444
6 0.485156 0.702083 0.034375 0.062500
6 0.473828 0.656944 0.039844 0.066667
6 0.480469 0.708333 0.034375 0.066667
6 0.394531 0.748611 0.040625 0.077778
6 0.401562 0.759722 0.054688 0.083333
7 0.306641 0.888194 0.094531 0.031944
7 0.273828 0.921528 0.103906 0.040278
7 0.946875 0.983333 0.104688 0.030556
7 0.926562 0.946528 0.115625 0.040278
7 0.021484 0.870833 0.042969 0.027778
7 0.145313 0.806944 0.042188 0.025000
7 0.319922 0.743750 0.044531 0.015278
6 0.022656 0.970833 0.031250 0.055556
8 0.123047 0.974306 0.033594 0.048611
5 0.074219 0.963194 0.114062 0.037500
5 0.032031 0.995139 0.037500 0.006944
8 0.181250 0.931250 0.092188 0.084722
5 0.197266 0.900694 0.052344 0.029167
8 0.099609 0.933333 0.089844 0.027778
5 0.135156 0.890278 0.001563 0.000000
8 0.321094 0.811806 0.015625 0.012500
5 0.317188 0.797917 0.006250 0.006944
8 0.357422 0.754167 0.032031 0.016667
5 0.361719 0.744444 0.023438 0.011111
8 0.367969 0.752083 0.004687 0.026389
5 0.368359 0.735417 0.010156 0.004167
8 0.371094 0.748611 0.004687 0.019444
5 0.368359 0.729861 0.010156 0.004167
8 0.462891 0.745833 0.008594 0.030556
5 0.453906 0.732639 0.020313 0.006944
8 0.469141 0.741667 0.011719 0.033333
5 0.458203 0.728472 0.027344 0.009722
8 0.456641 0.753472 0.013281 0.034722
5 0.452344 0.740278 0.015625 0.011111
8 0.449609 0.761111 0.011719 0.036111
5 0.448047 0.747222 0.007031 0.011111
8 0.818359 0.726389 0.008594 0.025000
5 0.836328 0.715972 0.041406 0.006944
8 0.813281 0.722222 0.006250 0.025000
5 0.831641 0.711806 0.039844 0.006944
8 0.841406 0.728472 0.042188 0.020833
5 0.843359 0.720139 0.042969 0.006944
8 0.847656 0.730556 0.046875 0.013889
5 0.848437 0.727083 0.045312 0.009722
8 0.782031 0.721528 0.042188 0.026389
5 0.781250 0.710417 0.039062 0.006944
8 0.783984 0.725000 0.041406 0.025000
5 0.784375 0.715972 0.040625 0.009722
8 0.790625 0.731944 0.045312 0.030556
5 0.789844 0.718056 0.040625 0.005556
8 0.793750 0.736111 0.046875 0.027778
5 0.793359 0.725694 0.042969 0.009722
8 0.863672 0.770833 0.042969 0.041667
5 0.862891 0.754861 0.038281 0.015278
8 0.913281 0.769444 0.035937 0.036111
5 0.912891 0.756944 0.036719 0.013889
8 0.822266 0.768056 0.041406 0.038889
5 0.821875 0.754861 0.035937 0.015278
8 0.775781 0.768056 0.039062 0.041667
5 0.775000 0.753472 0.034375 0.015278
8 0.842578 0.750000 0.030469 0.033333
5 0.850781 0.736111 0.042188 0.008333
8 0.861719 0.755556 0.050000 0.030556
5 0.862891 0.744444 0.047656 0.011111
8 0.816406 0.757639 0.039062 0.037500
5 0.815625 0.744444 0.034375 0.013889
8 0.772266 0.757639 0.036719 0.037500
5 0.771484 0.742361 0.032031 0.009722
8 0.931641 0.826389 0.077344 0.050000
5 0.930469 0.809028 0.070312 0.018056
8 0.915234 0.802778 0.064844 0.025000
5 0.917969 0.794444 0.065625 0.011111
8 0.966406 0.880556 0.065625 0.063889
5 0.967969 0.858333 0.062500 0.025000
8 0.959375 0.863194 0.079687 0.062500
5 0.960938 0.840972 0.076563 0.020833
8 0.872656 0.877083 0.089063 0.065278
5 0.871094 0.854167 0.081250 0.025000
8 0.862109 0.859722 0.083594 0.061111
5 0.860547 0.834722 0.075781 0.016667
0 0.664062 0.760417 0.065625 0.240278
0 0.682422 0.706250 0.049219 0.170833
0 0.104297 0.922222 0.208594 0.152778
0 0.557813 0.661111 0.035937 0.113889
1 0.159766 0.665972 0.066406 0.079167
1 0.139453 0.669444 0.055469 0.080556
1 0.098828 0.665972 0.067969 0.079167
1 0.083984 0.668750 0.069531 0.081944
1 0.042188 0.665972 0.065625 0.079167
1 0.029687 0.668056 0.059375 0.080556
1 0.004297 0.689583 0.008594 0.087500
1 0.966016 0.672222 0.044531 0.066667
2 0.954297 0.648611 0.021094 0.000000
2 0.966406 0.656250 0.037500 0.006944
2 0.974609 0.705556 0.007031 0.002778
2 0.946875 0.650000 0.006250 0.000000
2 0.946875 0.654861 0.006250 0.006944
2 0.967969 0.651389 0.014063 0.000000
1 0.987500 0.699306 0.023438 0.101389
2 0.987500 0.704861 0.017188 0.004167
2 0.988672 0.662500 0.021094 0.002778
2 0.997266 0.681944 0.003906 0.033333
2 0.991797 0.723611 0.014844 0.036111
2 0.991406 0.677778 0.015625 0.030556
2 0.995313 0.679861 0.007812 0.031944
1 0.918750 0.688194 0.048438 0.098611
2 0.901563 0.700000 0.014063 0.027778
2 0.918359 0.686806 0.017969 0.001389
2 0.909766 0.662500 0.030469 0.027778
2 0.917188 0.667361 0.026562 0.029167
2 0.913281 0.704167 0.034375 0.033333
2 0.904687 0.663194 0.017188 0.026389
2 0.920703 0.650000 0.013281 0.000000
2 0.908594 0.665278 0.017188 0.027778
2 0.924219 0.651389 0.012500 0.000000
1 0.959766 0.705556 0.063281 0.113889
2 0.937109 0.717361 0.013281 0.029167
2 0.965625 0.704167 0.009375 0.000000
2 0.948047 0.675000 0.035156 0.030556
2 0.966016 0.681944 0.042969 0.033333
2 0.964844 0.724306 0.046875 0.040278
2 0.944531 0.661806 0.006250 0.001389
2 0.967969 0.662500 0.014063 0.000000
2 0.951172 0.679861 0.019531 0.031944
2 0.970703 0.663889 0.017969 0.000000
2 0.861328 0.816667 0.075781 0.050000
2 0.788281 0.825694 0.068750 0.073611
2 0.731641 0.697917 0.002344 0.031944
2 0.769922 0.694444 0.002344 0.022222
2 0.750391 0.704167 0.035156 0.033333
2 0.788281 0.700694 0.032813 0.023611
2 0.750391 0.676389 0.035156 0.030556
2 0.787891 0.676389 0.033594 0.033333
2 0.750391 0.648611 0.035156 0.030556
2 0.787891 0.648611 0.033594 0.030556
5 0.252734 0.771528 0.071094 0.020833
5 0.252734 0.783333 0.071094 0.019444
5 0.252734 0.793056 0.071094 0.019444
5 0.252734 0.804861 0.071094 0.020833
5 0.252734 0.828472 0.071094 0.020833
5 0.252734 0.817361 0.071094 0.020833
5 0.252344 0.850000 0.071875 0.022222
5 0.252734 0.838889 0.071094 0.022222
5 0.326562 0.795139 0.068750 0.020833
5 0.326562 0.807639 0.068750 0.020833
5 0.326562 0.830556 0.068750 0.022222
5 0.326562 0.818056 0.068750 0.022222
5 0.326562 0.852083 0.068750 0.023611
5 0.326562 0.840972 0.068750 0.020833
5 0.326562 0.784722 0.068750 0.019444
5 0.326562 0.772917 0.068750 0.020833
5 0.410156 0.797222 0.067187 0.022222
5 0.410156 0.809028 0.067187 0.020833
5 0.410156 0.832639 0.067187 0.023611
5 0.410156 0.820833 0.067187 0.022222
5 0.410156 0.854861 0.067187 0.023611
5 0.410156 0.843056 0.067187 0.022222
5 0.016016 0.754861 0.032031 0.012500
5 0.016406 0.763194 0.032813 0.012500
5 0.410156 0.787500 0.067187 0.019444
5 0.410156 0.775000 0.067187 0.019444
5 0.410547 0.706944 0.066406 0.016667
5 0.410547 0.719444 0.066406 0.016667
5 0.410547 0.743056 0.066406 0.019444
5 0.410547 0.731250 0.066406 0.018056
5 0.410156 0.765278 0.067187 0.019444
5 0.410156 0.753472 0.067187 0.018056
5 0.016016 0.748611 0.032031 0.011111
5 0.016406 0.740972 0.032813 0.012500
5 0.410547 0.697222 0.066406 0.016667
5 0.410547 0.685417 0.066406 0.015278