3 0.499609 0.872222 0.999219 0.252778
4 0.285938 0.859722 0.009375 0.100000
4 0.288281 0.950000 0.003125 0.008333
4 0.263281 0.931250 0.045312 0.134722
4 0.256250 0.955556 0.006250 0.086111
4 0.228125 0.983333 0.004687 0.030556
8 0.289453 0.989583 0.000781 0.018056
5 0.369141 0.738194 0.039844 0.012500
5 0.369141 0.738194 0.039844 0.012500
5 0.369141 0.738194 0.039844 0.012500
5 0.369141 0.728472 0.039844 0.012500
5 0.369141 0.728472 0.039844 0.012500
5 0.369141 0.728472 0.039844 0.012500
5 0.369141 0.748611 0.039844 0.011111
5 0.369141 0.748611 0.039844 0.011111
5 0.369141 0.748611 0.039844 0.011111
5 0.439844 0.747917 0.040625 0.012500
5 0.439844 0.747917 0.040625 0.012500
5 0.439844 0.747917 0.040625 0.012500
5 0.439844 0.738194 0.040625 0.012500
5 0.439844 0.738194 0.040625 0.012500
5 0.439844 0.738194 0.040625 0.012500
5 0.439844 0.727778 0.040625 0.011111
5 0.439844 0.727778 0.040625 0.011111
5 0.439844 0.727778 0.040625 0.011111
5 0.442188 0.716667 0.045312 0.011111
5 0.442188 0.716667 0.045312 0.011111
5 0.442188 0.716667 0.045312 0.011111
6 0.487500 0.764583 0.042188 0.068056
6 0.479297 0.745139 0.036719 0.059722
6 0.489063 0.697917 0.046875 0.087500
6 0.483984 0.747917 0.039844 0.054167
6 0.466797 0.827778 0.078906 0.119444
6 0.498437 0.847917 0.103125 0.131944
7 0.130859 0.935417 0.066406 0.051389
7 0.276953 0.815972 0.027344 0.020833
7 0.258594 0.879861 0.064062 0.029167
8 0.432031 0.934028 0.051562 0.084722
5 0.434375 0.906944 0.046875 0.036111
8 0.358984 0.927778 0.003906 0.011111
5 0.355859 0.905556 0.011719 0.019444
8 0.394531 0.845139 0.064062 0.043056
5 0.407422 0.820833 0.038281 0.016667
8 0.389453 0.812500 0.002344 0.000000
5 0.407422 0.806944 0.038281 0.008333
5 0.407422 0.797917 0.038281 0.006944
8 0.417187 0.793056 0.010937 0.000000
5 0.407422 0.789583 0.038281 0.006944
8 0.508594 0.808333 0.001563 0.008333
8 0.510547 0.833333 0.005469 0.038889
5 0.508203 0.818056 0.000781 0.008333
8 0.894531 0.773611 0.039062 0.030556
5 0.904687 0.761806 0.054688 0.009722
8 0.876953 0.757639 0.033594 0.009722
5 0.888672 0.755556 0.052344 0.008333
8 0.906641 0.777083 0.027344 0.026389
5 0.920312 0.768056 0.051562 0.011111
8 0.917578 0.784028 0.016406 0.026389
5 0.941797 0.774306 0.060156 0.009722
8 0.849219 0.781944 0.006250 0.000000
5 0.850000 0.753472 0.014063 0.004167
8 0.867578 0.778472 0.013281 0.020833
5 0.858203 0.759028 0.028906 0.004167
8 0.868750 0.784722 0.048438 0.033333
5 0.864062 0.768056 0.040625 0.011111
8 0.879297 0.790278 0.064844 0.038889
5 0.878516 0.775000 0.058594 0.011111
8 0.995703 0.813889 0.002344 0.016667
5 0.998437 0.806250 0.001563 0.004167
8 0.983984 0.820833 0.030469 0.011111
5 0.983984 0.813889 0.030469 0.019444
8 0.893359 0.806944 0.002344 0.000000
5 0.908203 0.804861 0.025781 0.001389
8 0.992188 0.810417 0.009375 0.020833
5 0.992969 0.799306 0.012500 0.009722
8 0.919141 0.795139 0.002344 0.004167
5 0.944922 0.797917 0.047656 0.012500
8 0.878906 0.813194 0.025000 0.040278
5 0.894531 0.798611 0.051562 0.013889
0 0.940625 0.834722 0.117188 0.327778
0 0.812500 0.759722 0.100000 0.225000
0 0.541016 0.701389 0.042969 0.138889
1 0.031641 0.715972 0.063281 0.104167
1 0.025391 0.720139 0.050781 0.106944
1 0.980078 0.719444 0.005469 0.102778
2 0.988281 0.724306 0.014063 0.001389
2 0.995313 0.679167 0.007812 0.000000
2 0.992969 0.725694 0.004687 0.001389
2 0.995703 0.681250 0.007031 0.001389
2 0.999219 0.681944 0.000000 0.000000
1 0.970703 0.720833 0.057031 0.105556
2 0.944141 0.738889 0.003906 0.033333
2 0.974609 0.723611 0.003906 0.000000
2 0.942969 0.695139 0.001563 0.031944
2 0.980859 0.700000 0.030469 0.033333
2 0.971875 0.744444 0.054688 0.038889
2 0.944922 0.703472 0.002344 0.018056
2 0.956250 0.702083 0.000000 0.004167
2 0.731641 0.739583 0.013281 0.037500
2 0.762109 0.747222 0.046094 0.038889
2 0.829688 0.740278 0.006250 0.013889
2 0.764062 0.714583 0.051562 0.037500
2 0.811719 0.714583 0.042188 0.034722
2 0.764062 0.681944 0.051562 0.036111
2 0.809766 0.681944 0.049219 0.036111
5 0.375000 0.888194 0.059375 0.037500
5 0.375000 0.906944 0.059375 0.038889
5 0.375000 0.923611 0.059375 0.038889
5 0.374609 0.941667 0.060156 0.041667
5 0.379297 0.978472 0.049219 0.040278
5 0.374219 0.960417 0.059375 0.040278
5 0.392188 0.995833 0.003125 0.005556
5 0.395703 0.987500 0.016406 0.022222
5 0.481250 0.922222 0.093750 0.038889
5 0.481250 0.940278 0.093750 0.041667
5 0.481250 0.977083 0.093750 0.043056
5 0.481250 0.958333 0.093750 0.041667
5 0.471094 0.994444 0.073438 0.008333
5 0.481250 0.986806 0.093750 0.023611
5 0.481250 0.905556 0.093750 0.038889
5 0.481250 0.886806 0.093750 0.037500
5 0.613672 0.919444 0.100781 0.038889
5 0.613672 0.937500 0.100781 0.041667
5 0.613672 0.975000 0.100781 0.041667
5 0.613672 0.955556 0.100781 0.041667
5 0.603516 0.992361 0.080469 0.012500
5 0.614062 0.984028 0.101562 0.029167
5 0.613672 0.902778 0.100781 0.038889
5 0.613672 0.885417 0.100781 0.034722
5 0.612891 0.780556 0.100781 0.027778
5 0.613281 0.798611 0.101562 0.030556
5 0.613672 0.835417 0.100781 0.031944
5 0.613281 0.816667 0.101562 0.030556
5 0.613672 0.868056 0.100781 0.036111
5 0.613672 0.851389 0.100781 0.033333
5 0.612891 0.763889 0.100781 0.027778
5 0.612891 0.745833 0.100781 0.027778