3 0.499609 0.912500 0.999219 0.172222
5 0.494531 0.838194 0.070312 0.018056
5 0.494531 0.838194 0.070312 0.018056
5 0.494531 0.838194 0.070312 0.018056
5 0.494531 0.823611 0.070312 0.019444
5 0.494531 0.823611 0.070312 0.019444
5 0.494531 0.823611 0.070312 0.019444
5 0.494531 0.852083 0.070312 0.018056
5 0.494531 0.852083 0.070312 0.018056
5 0.494531 0.852083 0.070312 0.018056
5 0.583984 0.859028 0.071094 0.018056
5 0.583984 0.859028 0.071094 0.018056
5 0.583984 0.859028 0.071094 0.018056
5 0.583984 0.845139 0.071094 0.018056
5 0.583984 0.845139 0.071094 0.018056
5 0.583984 0.845139 0.071094 0.018056
5 0.583984 0.831250 0.071094 0.018056
5 0.583984 0.831250 0.071094 0.018056
5 0.583984 0.831250 0.071094 0.018056
5 0.583984 0.814583 0.071094 0.020833
5 0.583984 0.814583 0.071094 0.020833
5 0.583984 0.814583 0.071094 0.020833
6 0.399219 0.925000 0.100000 0.147222
6 0.478906 0.888194 0.079687 0.131944
6 0.401562 0.806944 0.103125 0.141667
6 0.442578 0.905556 0.089844 0.141667
6 0.061328 0.975000 0.122656 0.044444
7 0.101953 0.953472 0.039844 0.020833
8 0.153125 0.988889 0.060937 0.019444
5 0.149219 0.985417 0.053125 0.023611
8 0.159766 0.986806 0.074219 0.020833
5 0.163281 0.966667 0.096875 0.036111
8 0.184375 0.963194 0.031250 0.034722
5 0.198047 0.948611 0.050781 0.013889
8 0.301953 0.986111 0.047656 0.025000
5 0.287109 0.983333 0.061719 0.030556
8 0.333984 0.975694 0.075781 0.045833
5 0.329688 0.963889 0.070312 0.027778
8 0.281250 0.997222 0.006250 0.002778
5 0.222656 0.990972 0.107813 0.015278
0 0.181250 0.937500 0.362500 0.122222
0 0.745703 0.872222 0.150781 0.252778
0 0.662109 0.804861 0.082031 0.212500
1 0.096484 0.786111 0.099219 0.122222
1 0.062500 0.791667 0.103125 0.127778
1 0.035937 0.782639 0.071875 0.118056
1 0.019141 0.788889 0.038281 0.122222
1 0.001953 0.768750 0.003906 0.090278