3 0.499609 0.840278 0.999219 0.316667
4 0.173437 0.786806 0.014063 0.062500
4 0.126172 0.797917 0.000781 0.023611
4 0.057031 0.822222 0.015625 0.061111
8 0.022266 0.896528 0.044531 0.059722
8 0.765625 0.852083 0.068750 0.045833
5 0.477734 0.696528 0.021094 0.006944
5 0.477734 0.696528 0.021094 0.006944
5 0.477734 0.696528 0.021094 0.006944
5 0.473438 0.684722 0.037500 0.011111
5 0.473438 0.684722 0.037500 0.011111
5 0.473438 0.684722 0.037500 0.011111
5 0.472656 0.704861 0.035937 0.006944
5 0.472656 0.704861 0.035937 0.006944
5 0.472656 0.704861 0.035937 0.006944
6 0.451562 0.714583 0.042188 0.034722
6 0.476953 0.704861 0.022656 0.045833
6 0.455469 0.671528 0.050000 0.073611
6 0.469922 0.710417 0.041406 0.043056
7 0.066016 0.958333 0.105469 0.044444
7 0.019531 0.989583 0.039062 0.018056
7 0.028906 0.832639 0.043750 0.031944
7 0.170703 0.800694 0.035156 0.015278
8 0.180469 0.856944 0.001563 0.000000
5 0.182422 0.836111 0.005469 0.016667
8 0.181250 0.830556 0.003125 0.022222
8 0.889453 0.747917 0.002344 0.004167
5 0.874219 0.746528 0.026562 0.006944
8 0.876172 0.746528 0.030469 0.015278
5 0.874609 0.739583 0.027344 0.006944
8 0.876953 0.765972 0.032031 0.026389
5 0.875391 0.754861 0.028906 0.012500
8 0.876563 0.776389 0.031250 0.033333
5 0.875000 0.763889 0.028125 0.013889
8 0.813281 0.745833 0.039062 0.016667
5 0.808594 0.734722 0.043750 0.005556
8 0.782031 0.743056 0.003125 0.008333
5 0.790625 0.740972 0.017188 0.006944
8 0.807813 0.763194 0.046875 0.029167
5 0.790234 0.747917 0.017969 0.006944
8 0.786719 0.771528 0.025000 0.026389
5 0.787891 0.758333 0.022656 0.013889
8 0.846484 0.819444 0.032031 0.038889
5 0.844531 0.806250 0.028125 0.020833
8 0.894531 0.829167 0.046875 0.055556
5 0.894141 0.811806 0.041406 0.023611
8 0.783594 0.804167 0.032813 0.019444
5 0.783984 0.803472 0.032031 0.020833
8 0.726953 0.815278 0.030469 0.050000
5 0.728516 0.799306 0.027344 0.020833
8 0.858203 0.785417 0.055469 0.020833
5 0.856250 0.776389 0.051562 0.011111
8 0.860156 0.804861 0.059375 0.045833
5 0.858594 0.789583 0.054688 0.018056
8 0.787500 0.800694 0.025000 0.020833
5 0.788281 0.786111 0.021875 0.016667
8 0.747656 0.797917 0.046875 0.043056
5 0.747656 0.782639 0.040625 0.015278
8 0.837500 0.910417 0.085938 0.059722
5 0.836719 0.896528 0.078125 0.029167
8 0.857031 0.888194 0.051562 0.040278
5 0.854297 0.874306 0.046094 0.023611
8 0.818359 0.979167 0.102344 0.038889
5 0.817578 0.978472 0.097656 0.040278
8 0.822656 0.965278 0.093750 0.063889
5 0.824219 0.951389 0.090625 0.038889
8 0.697266 0.977083 0.088281 0.043056
5 0.694141 0.965278 0.082031 0.044444
8 0.697656 0.959028 0.089063 0.079167
5 0.699609 0.936111 0.085156 0.036111
0 0.470703 0.826389 0.044531 0.291667
0 0.659375 0.737500 0.014063 0.188889
1 0.181641 0.663194 0.028906 0.079167
1 0.172266 0.666667 0.047656 0.080556
1 0.151953 0.663194 0.052344 0.079167
1 0.126172 0.665972 0.067969 0.081944
1 0.083594 0.660417 0.048438 0.079167
1 0.072266 0.663889 0.067969 0.080556
1 0.024219 0.647917 0.021875 0.068056
1 0.003906 0.698611 0.007812 0.097222
1 0.974219 0.714583 0.050000 0.118056
2 0.952734 0.726389 0.002344 0.030556
2 0.971094 0.683333 0.039062 0.030556
2 0.978125 0.690972 0.039062 0.034722
2 0.962109 0.734722 0.017969 0.041667
2 0.962891 0.684722 0.019531 0.030556
2 0.982812 0.670833 0.018750 0.000000
2 0.964844 0.687500 0.020313 0.030556
2 0.985156 0.673611 0.018750 0.000000
1 0.983203 0.743056 0.032031 0.138889
2 0.971875 0.755556 0.003125 0.036111
2 0.984766 0.706250 0.028906 0.037500
2 0.987891 0.715972 0.022656 0.040278
2 0.985938 0.765972 0.026562 0.051389
2 0.984375 0.708333 0.023438 0.036111
2 0.997266 0.692361 0.003906 0.001389
2 0.986328 0.711806 0.024219 0.037500
2 0.999219 0.695833 0.000000 0.000000
2 0.934766 0.932639 0.128906 0.045833
2 0.930859 0.991667 0.121094 0.013889
2 0.934766 0.971528 0.128906 0.054167
2 0.744141 0.914583 0.083594 0.101389
2 0.678125 0.900694 0.050000 0.087500
2 0.787891 0.726389 0.022656 0.030556
2 0.831641 0.723611 0.002344 0.019444
2 0.787891 0.695139 0.022656 0.031944
2 0.831641 0.697222 0.002344 0.030556
2 0.787891 0.661111 0.022656 0.036111
2 0.831641 0.667361 0.002344 0.026389
5 0.081250 0.813889 0.085938 0.027778
5 0.078125 0.827778 0.079687 0.025000
5 0.078516 0.840278 0.080469 0.022222
5 0.078125 0.852083 0.079687 0.023611
5 0.072656 0.877083 0.068750 0.023611
5 0.078516 0.864583 0.080469 0.023611
5 0.073047 0.901389 0.067969 0.025000
5 0.080078 0.888194 0.083594 0.023611
5 0.148438 0.845139 0.081250 0.026389
5 0.148047 0.857639 0.080469 0.026389
5 0.148047 0.883333 0.080469 0.027778
5 0.148047 0.870833 0.080469 0.027778
5 0.148047 0.907639 0.080469 0.029167
5 0.148047 0.894444 0.080469 0.027778
5 0.148047 0.834028 0.080469 0.026389
5 0.148047 0.820139 0.080469 0.029167
5 0.192188 0.856250 0.006250 0.009722
5 0.192188 0.868750 0.006250 0.012500
5 0.192188 0.895139 0.006250 0.012500
5 0.192188 0.881250 0.006250 0.012500
5 0.192188 0.920139 0.006250 0.012500
5 0.192188 0.906944 0.006250 0.011111
5 0.001563 0.760417 0.003125 0.006944
5 0.001563 0.768750 0.003125 0.006944
5 0.192578 0.843750 0.007031 0.012500
5 0.192578 0.831944 0.007031 0.011111
5 0.192578 0.756250 0.007031 0.009722
5 0.192578 0.768750 0.007031 0.012500
5 0.192578 0.795139 0.007031 0.012500
5 0.192578 0.781250 0.007031 0.012500
5 0.192578 0.818750 0.007031 0.012500
5 0.192578 0.806944 0.007031 0.011111
5 0.001563 0.753472 0.003125 0.006944
5 0.001563 0.746528 0.003125 0.006944
5 0.192578 0.743750 0.007031 0.012500
5 0.192578 0.730556 0.007031 0.013889