3 0.499609 0.840972 0.999219 0.315278
4 0.234375 0.701389 0.010937 0.055556
4 0.200000 0.677083 0.000000 0.001389
4 0.149609 0.709028 0.011719 0.051389
4 0.106250 0.716667 0.006250 0.066667
4 0.051172 0.758333 0.002344 0.000000
4 0.061328 0.688194 0.003906 0.045833
8 0.108594 0.733333 0.070312 0.038889
5 0.537500 0.690278 0.037500 0.005556
5 0.537500 0.690278 0.037500 0.005556
5 0.537500 0.690278 0.037500 0.005556
5 0.537500 0.682639 0.037500 0.006944
5 0.537500 0.682639 0.037500 0.006944
5 0.537500 0.682639 0.037500 0.006944
5 0.537500 0.675694 0.037500 0.006944
5 0.537500 0.675694 0.037500 0.006944
5 0.537500 0.675694 0.037500 0.006944
5 0.537500 0.667361 0.037500 0.006944
5 0.537500 0.667361 0.037500 0.006944
5 0.537500 0.667361 0.037500 0.006944
6 0.450781 0.672222 0.023438 0.030556
6 0.499219 0.656944 0.003125 0.005556
6 0.459375 0.632639 0.040625 0.054167
6 0.457813 0.662500 0.003125 0.002778
6 0.353906 0.694444 0.056250 0.066667
6 0.335547 0.698611 0.044531 0.072222
7 0.161328 0.754861 0.067969 0.020833
7 0.108984 0.763194 0.075781 0.023611
7 0.515234 0.800000 0.092969 0.027778
7 0.554297 0.786111 0.072656 0.025000
7 0.408984 0.844444 0.119531 0.038889
7 0.454688 0.823611 0.092188 0.033333
7 0.202734 0.927083 0.149219 0.059722
7 0.303125 0.888889 0.143750 0.050000
7 0.133594 0.722917 0.045312 0.012500
7 0.011719 0.707639 0.023438 0.012500
7 0.318750 0.704861 0.012500 0.009722
7 0.035937 0.684028 0.032813 0.006944
7 0.063281 0.682639 0.023438 0.006944
7 0.007812 0.686111 0.015625 0.008333
6 0.142578 0.876389 0.192969 0.244444
6 0.367969 0.881250 0.204687 0.234722
8 0.033594 0.759028 0.067187 0.048611
5 0.031641 0.738889 0.063281 0.013889
8 0.009766 0.752778 0.019531 0.041667
5 0.008594 0.731944 0.017188 0.002778
8 0.233594 0.727778 0.010937 0.019444
5 0.233984 0.710417 0.010156 0.004167
8 0.233594 0.724306 0.010937 0.009722
5 0.218750 0.711111 0.001563 0.000000
8 0.323828 0.709722 0.002344 0.019444
5 0.323828 0.696528 0.002344 0.004167
8 0.388672 0.713194 0.002344 0.004167
5 0.386719 0.689583 0.009375 0.001389
8 0.401953 0.711806 0.008594 0.004167
5 0.394531 0.688194 0.025000 0.001389
8 0.416016 0.704861 0.041406 0.026389
5 0.412500 0.693056 0.042188 0.005556
8 0.425781 0.702083 0.026562 0.020833
5 0.423438 0.690972 0.031250 0.006944
8 0.403516 0.706944 0.042969 0.027778
5 0.402344 0.695139 0.039062 0.006944
8 0.395703 0.709722 0.025781 0.027778
5 0.394141 0.696528 0.022656 0.006944
8 0.805859 0.703472 0.016406 0.026389
5 0.797266 0.690278 0.028906 0.002778
8 0.814844 0.701389 0.007812 0.025000
5 0.799609 0.689583 0.033594 0.004167
8 0.803125 0.706250 0.018750 0.026389
5 0.796484 0.693750 0.027344 0.006944
8 0.799609 0.705556 0.016406 0.022222
5 0.793750 0.695833 0.021875 0.005556
8 0.794141 0.722222 0.022656 0.033333
5 0.792969 0.707639 0.020313 0.009722
8 0.790234 0.713194 0.005469 0.029167
5 0.786719 0.698611 0.007812 0.005556
8 0.786719 0.715278 0.007812 0.030556
5 0.785156 0.700000 0.004687 0.002778
8 0.580469 0.757639 0.073438 0.045833
5 0.578906 0.737500 0.067187 0.013889
8 0.591406 0.753472 0.056250 0.040278
5 0.591797 0.732639 0.055469 0.012500
5 0.207813 0.990278 0.154688 0.016667
8 0.094922 0.987500 0.041406 0.022222
5 0.049219 0.977778 0.098437 0.041667
0 0.462500 0.671528 0.076563 0.181944
0 0.589453 0.650694 0.055469 0.123611
0 0.573438 0.647917 0.034375 0.098611
1 0.252734 0.655556 0.047656 0.061111
1 0.226562 0.654167 0.026562 0.058333
1 0.212109 0.654861 0.050781 0.059722
1 0.194531 0.654861 0.056250 0.059722
1 0.162500 0.651389 0.048438 0.052778
1 0.149609 0.656944 0.057031 0.063889
1 0.092578 0.654861 0.049219 0.059722
1 0.075781 0.661806 0.050000 0.073611
1 0.038281 0.663194 0.067187 0.076389
1 0.931641 0.670833 0.036719 0.091667
2 0.931250 0.647917 0.032813 0.026389
2 0.932031 0.686111 0.032813 0.027778
1 0.936719 0.677083 0.042188 0.104167
2 0.936719 0.651389 0.037500 0.030556
2 0.937109 0.694444 0.036719 0.033333
2 0.927734 0.666667 0.013281 0.000000
2 0.945312 0.666667 0.014063 0.000000
1 0.887500 0.670139 0.035937 0.090278
2 0.887500 0.634722 0.031250 0.000000
2 0.887891 0.674306 0.032031 0.001389
1 0.887891 0.676389 0.041406 0.102778
2 0.887500 0.651389 0.035937 0.030556
2 0.887891 0.693056 0.036719 0.033333
2 0.905469 0.640278 0.000000 0.008333
2 0.957812 0.780556 0.003125 0.063889
2 0.979297 0.802083 0.039844 0.073611
2 0.978516 0.731944 0.041406 0.075000
2 0.977344 0.718750 0.043750 0.065278
2 0.729688 0.711806 0.104688 0.062500
2 0.705469 0.723611 0.115625 0.072222
2 0.758594 0.790278 0.010937 0.072222
2 0.778516 0.771528 0.008594 0.062500
2 0.719531 0.718056 0.107813 0.066667
2 0.687891 0.730556 0.128906 0.077778
2 0.688281 0.801389 0.128125 0.077778
2 0.769141 0.779861 0.010156 0.068056
2 0.612500 0.738889 0.014063 0.050000
2 0.581250 0.736111 0.068750 0.052778
2 0.809766 0.680556 0.005469 0.011111
2 0.753516 0.678472 0.032031 0.004167
2 0.788281 0.681944 0.035937 0.008333
2 0.753516 0.663889 0.032031 0.027778
2 0.788281 0.664583 0.035937 0.026389
2 0.753516 0.638194 0.032031 0.026389
2 0.788281 0.638194 0.035937 0.026389
5 0.167969 0.682639 0.059375 0.009722
5 0.167969 0.692361 0.059375 0.009722
5 0.167969 0.700000 0.059375 0.008333
5 0.167969 0.709028 0.059375 0.009722
5 0.167578 0.726389 0.058594 0.011111
5 0.167969 0.718056 0.059375 0.011111
5 0.168359 0.741667 0.058594 0.008333
5 0.168750 0.734028 0.057813 0.012500
5 0.011719 0.699306 0.023438 0.004167
5 0.001563 0.705556 0.000000 0.000000
5 0.213672 0.701389 0.050781 0.011111
5 0.213672 0.709722 0.050781 0.011111
5 0.213281 0.728472 0.051562 0.012500
5 0.213281 0.720139 0.051562 0.009722
5 0.213281 0.745833 0.051562 0.011111
5 0.213281 0.736806 0.051562 0.012500
5 0.039453 0.701389 0.041406 0.005556
5 0.052734 0.708333 0.003906 0.005556
5 0.213672 0.693750 0.050781 0.009722
5 0.214062 0.684028 0.051562 0.009722
5 0.275000 0.704167 0.006250 0.008333
5 0.275000 0.713194 0.006250 0.009722
5 0.274609 0.730556 0.007031 0.011111
5 0.275000 0.720833 0.006250 0.011111
5 0.274609 0.744444 0.007031 0.005556
5 0.274609 0.738889 0.007031 0.011111
5 0.077734 0.703472 0.044531 0.006944
5 0.077344 0.709028 0.043750 0.006944
5 0.275000 0.695833 0.006250 0.008333
5 0.275391 0.685417 0.007031 0.009722
5 0.275391 0.631944 0.007031 0.008333
5 0.275391 0.640972 0.007031 0.006944
5 0.275391 0.659722 0.007031 0.008333
5 0.275391 0.650000 0.007031 0.008333
5 0.275391 0.677778 0.007031 0.008333
5 0.275391 0.668056 0.007031 0.008333
5 0.077734 0.697917 0.044531 0.006944
5 0.077734 0.690972 0.044531 0.006944
5 0.275391 0.623611 0.007031 0.008333
5 0.275781 0.613889 0.006250 0.008333