3 0.499609 0.842361 0.999219 0.312500
4 0.208594 0.686111 0.000000 0.000000
4 0.113672 0.714583 0.002344 0.045833
4 0.057031 0.726389 0.010937 0.069444
4 0.051562 0.693750 0.004687 0.045833
8 0.057422 0.744444 0.075781 0.041667
5 0.500000 0.687500 0.039062 0.008333
5 0.500000 0.687500 0.039062 0.008333
5 0.500000 0.687500 0.039062 0.008333
5 0.500000 0.679167 0.039062 0.008333
5 0.500000 0.679167 0.039062 0.008333
5 0.500000 0.679167 0.039062 0.008333
5 0.500781 0.695139 0.037500 0.006944
5 0.500781 0.695139 0.037500 0.006944
5 0.500781 0.695139 0.037500 0.006944
5 0.538672 0.696528 0.017969 0.006944
5 0.538672 0.696528 0.017969 0.006944
5 0.538672 0.696528 0.017969 0.006944
5 0.538672 0.688194 0.017969 0.006944
5 0.538672 0.688194 0.017969 0.006944
5 0.538672 0.688194 0.017969 0.006944
5 0.538672 0.680556 0.017969 0.008333
5 0.538672 0.680556 0.017969 0.008333
5 0.538672 0.680556 0.017969 0.008333
5 0.538672 0.672222 0.017969 0.008333
5 0.538672 0.672222 0.017969 0.008333
5 0.538672 0.672222 0.017969 0.008333
6 0.456641 0.689583 0.038281 0.056944
6 0.491406 0.686111 0.035937 0.055556
6 0.455078 0.637500 0.044531 0.055556
6 0.478516 0.688194 0.030469 0.056944
6 0.331641 0.702083 0.055469 0.070833
6 0.308984 0.706944 0.042969 0.075000
7 0.102734 0.767361 0.072656 0.023611
7 0.040625 0.777083 0.078125 0.026389
7 0.430078 0.824306 0.097656 0.031944
7 0.476562 0.807639 0.092188 0.029167
7 0.272266 0.878472 0.130469 0.045833
7 0.337891 0.852083 0.097656 0.040278
7 0.028516 0.977083 0.057031 0.043056
7 0.110156 0.935417 0.159375 0.062500
7 0.096094 0.734028 0.032813 0.012500
7 0.015234 0.714583 0.030469 0.012500
7 0.047656 0.687500 0.032813 0.008333
7 0.074609 0.686806 0.027344 0.006944
7 0.012891 0.690278 0.025781 0.008333
6 0.091016 0.903472 0.182031 0.190278
8 0.215234 0.735417 0.058594 0.031944
5 0.218359 0.719444 0.044531 0.011111
8 0.185156 0.734722 0.023438 0.027778
5 0.180469 0.717361 0.014063 0.009722
8 0.317188 0.718750 0.031250 0.023611
5 0.302344 0.702778 0.001563 0.005556
8 0.382031 0.697222 0.000000 0.000000
8 0.385937 0.719444 0.000000 0.000000
5 0.383984 0.695833 0.005469 0.002778
8 0.383984 0.716667 0.005469 0.011111
5 0.384766 0.697222 0.003906 0.000000
8 0.383984 0.713194 0.005469 0.001389
5 0.383984 0.699306 0.005469 0.001389
8 0.366797 0.720139 0.039844 0.023611
5 0.383984 0.704861 0.005469 0.006944
8 0.803906 0.712500 0.040625 0.025000
5 0.801172 0.700000 0.039844 0.005556
8 0.823438 0.710417 0.014063 0.026389
5 0.807422 0.697917 0.041406 0.006944
8 0.807031 0.715278 0.028125 0.027778
5 0.796484 0.702083 0.042969 0.006944
8 0.802734 0.718750 0.021094 0.029167
5 0.790234 0.704861 0.041406 0.006944
8 0.777734 0.696528 0.008594 0.001389
5 0.757031 0.697222 0.035937 0.005556
8 0.773828 0.699306 0.000781 0.001389
5 0.755469 0.697917 0.032813 0.004167
8 0.754297 0.705556 0.030469 0.011111
5 0.750781 0.700694 0.023438 0.006944
8 0.750000 0.706250 0.021875 0.006944
5 0.748828 0.703472 0.019531 0.006944
8 0.748437 0.731944 0.018750 0.036111
5 0.747266 0.717361 0.016406 0.009722
8 0.778516 0.734722 0.046094 0.036111
5 0.778516 0.718750 0.041406 0.009722
8 0.771875 0.723611 0.045312 0.030556
5 0.768750 0.709028 0.045312 0.006944
8 0.764453 0.727083 0.050781 0.031944
5 0.763281 0.712500 0.046875 0.008333
8 0.508203 0.772917 0.042969 0.043056
5 0.509766 0.753472 0.039844 0.015278
8 0.521875 0.771528 0.015625 0.034722
5 0.522656 0.743056 0.014063 0.005556
0 0.427344 0.681250 0.092188 0.193056
0 0.576172 0.651389 0.061719 0.116667
0 0.585938 0.650000 0.045312 0.097222
1 0.267188 0.661806 0.051562 0.068056
1 0.250000 0.662500 0.057813 0.069444
1 0.218750 0.659028 0.053125 0.059722
1 0.203516 0.661806 0.057031 0.068056
1 0.177344 0.654861 0.054688 0.054167
1 0.158594 0.656944 0.054688 0.058333
1 0.107031 0.656250 0.048438 0.056944
1 0.063672 0.665972 0.069531 0.073611
1 0.035547 0.665972 0.069531 0.073611
1 0.950391 0.656944 0.038281 0.055556
2 0.949609 0.640278 0.035156 0.000000
2 0.950391 0.682639 0.035156 0.004167
1 0.948828 0.665972 0.046094 0.070833
2 0.960547 0.641667 0.013281 0.000000
2 0.948047 0.659722 0.039844 0.033333
2 0.948828 0.693750 0.039844 0.015278
2 0.939844 0.641667 0.018750 0.000000
2 0.958984 0.641667 0.017969 0.000000
2 0.939063 0.675000 0.014063 0.000000
2 0.951172 0.675000 0.002344 0.000000
1 0.905078 0.664583 0.041406 0.070833
2 0.923438 0.688889 0.001563 0.022222
2 0.907422 0.652778 0.032031 0.027778
2 0.902344 0.640278 0.032813 0.000000
2 0.905078 0.689583 0.036719 0.020833
2 0.922266 0.653472 0.000781 0.026389
2 0.921875 0.641667 0.000000 0.000000
1 0.897656 0.684722 0.048438 0.108333
2 0.918750 0.693750 0.001563 0.018056
2 0.918750 0.656944 0.000000 0.030556
2 0.895312 0.659028 0.039062 0.031944
2 0.897266 0.702778 0.041406 0.036111
2 0.917578 0.657639 0.000781 0.031944
2 0.887500 0.641667 0.018750 0.000000
2 0.905859 0.641667 0.016406 0.000000
2 0.951172 0.840278 0.096094 0.088889
2 0.950781 0.758333 0.096875 0.091667
2 0.957812 0.707639 0.082812 0.012500
2 0.676953 0.729861 0.116406 0.070833
2 0.632812 0.743750 0.131250 0.081944
2 0.688281 0.817361 0.021875 0.081944
2 0.727344 0.793056 0.017188 0.069444
2 0.655859 0.736111 0.124219 0.075000
2 0.603516 0.752778 0.146094 0.088889
2 0.603516 0.831944 0.146094 0.088889
2 0.708984 0.804167 0.019531 0.075000
2 0.517969 0.747917 0.023438 0.048611
2 0.828516 0.695139 0.007031 0.026389
2 0.764453 0.689583 0.038281 0.012500
2 0.804297 0.695833 0.039844 0.022222
2 0.764453 0.670833 0.038281 0.027778
2 0.803906 0.671528 0.040625 0.029167
2 0.764062 0.643056 0.037500 0.027778
2 0.803516 0.643056 0.039844 0.027778
5 0.125391 0.691667 0.063281 0.011111
5 0.122656 0.700694 0.057813 0.009722
5 0.122656 0.708333 0.057813 0.011111
5 0.122266 0.718750 0.058594 0.009722
5 0.123047 0.737500 0.057031 0.011111
5 0.122266 0.727778 0.058594 0.011111
5 0.121875 0.754167 0.057813 0.011111
5 0.121875 0.745139 0.057813 0.012500
5 0.011719 0.704861 0.023438 0.004167
5 0.173828 0.710417 0.064844 0.012500
5 0.173828 0.720833 0.064844 0.011111
5 0.173437 0.739583 0.064062 0.012500
5 0.173437 0.729861 0.064062 0.012500
5 0.173437 0.756944 0.064062 0.013889
5 0.173437 0.747222 0.064062 0.013889
5 0.030078 0.707639 0.041406 0.006944
5 0.039062 0.714583 0.018750 0.006944
5 0.174219 0.702778 0.064062 0.011111
5 0.174219 0.693056 0.064062 0.011111
5 0.230078 0.713194 0.064844 0.012500
5 0.230078 0.722917 0.064844 0.012500
5 0.230078 0.742361 0.064844 0.012500
5 0.230078 0.732639 0.064844 0.012500
5 0.230078 0.761111 0.064844 0.013889
5 0.230078 0.750000 0.064844 0.013889
5 0.067187 0.709028 0.045312 0.006944
5 0.067187 0.715972 0.045312 0.006944
5 0.230859 0.704861 0.064844 0.009722
5 0.230859 0.694444 0.064844 0.011111
5 0.230859 0.638889 0.064844 0.008333
5 0.230859 0.648611 0.064844 0.008333
5 0.230859 0.668056 0.064844 0.008333
5 0.230859 0.658333 0.064844 0.008333
5 0.230859 0.686806 0.064844 0.009722
5 0.230859 0.677083 0.064844 0.009722
5 0.067578 0.703472 0.044531 0.006944
5 0.067187 0.697222 0.045312 0.008333
5 0.230859 0.630556 0.064844 0.008333
5 0.231250 0.620833 0.064062 0.008333