3 0.500781 0.852778 0.996875 0.291667
4 0.156641 0.752778 0.002344 0.005556
4 0.005078 0.731944 0.002344 0.027778
8 0.322266 0.952083 0.132031 0.093056
5 0.603125 0.745139 0.043750 0.012500
5 0.603125 0.745139 0.043750 0.012500
5 0.603125 0.745139 0.043750 0.012500
5 0.603906 0.733333 0.045312 0.013889
5 0.603906 0.733333 0.045312 0.013889
5 0.603906 0.733333 0.045312 0.013889
5 0.603516 0.754861 0.044531 0.012500
5 0.603516 0.754861 0.044531 0.012500
5 0.603516 0.754861 0.044531 0.012500
6 0.400000 0.754167 0.060937 0.038889
6 0.477734 0.762500 0.032031 0.083333
6 0.405078 0.699306 0.071094 0.084722
6 0.451562 0.765278 0.067187 0.080556
6 0.145313 0.802083 0.054688 0.106944
6 0.039062 0.817361 0.065625 0.115278
7 0.048438 0.818056 0.046875 0.025000
7 0.163281 0.714583 0.028125 0.009722
7 0.199609 0.713194 0.028906 0.009722
7 0.064453 0.721528 0.016406 0.009722
7 0.122266 0.718750 0.007031 0.009722
8 0.188672 0.813194 0.032031 0.040278
5 0.185938 0.793056 0.028125 0.016667
8 0.220312 0.806250 0.060937 0.043056
5 0.219141 0.786806 0.053906 0.015278
8 0.262891 0.799306 0.049219 0.034722
5 0.257031 0.781250 0.053125 0.012500
8 0.299609 0.795139 0.058594 0.040278
5 0.298828 0.777778 0.052344 0.013889
8 0.292187 0.809722 0.062500 0.044444
5 0.291016 0.791667 0.055469 0.016667
8 0.328125 0.804167 0.048438 0.041667
5 0.329297 0.786111 0.046094 0.016667
8 0.253906 0.815972 0.064062 0.045833
5 0.252734 0.796528 0.057031 0.018056
8 0.205859 0.822222 0.064844 0.047222
5 0.204687 0.802083 0.057813 0.018056
8 0.889453 0.863889 0.061719 0.052778
5 0.874609 0.836806 0.080469 0.023611
8 0.908594 0.852083 0.085938 0.054167
5 0.904687 0.829167 0.071875 0.022222
8 0.848828 0.870139 0.092969 0.059722
5 0.847656 0.845833 0.082812 0.025000
8 0.810937 0.881250 0.095312 0.062500
5 0.816016 0.855556 0.072656 0.027778
8 0.835938 0.820139 0.081250 0.012500
5 0.835156 0.816667 0.073438 0.019444
8 0.812891 0.834722 0.063281 0.019444
5 0.801562 0.824306 0.075000 0.020833
8 0.774219 0.855556 0.085938 0.055556
5 0.773047 0.831944 0.077344 0.022222
8 0.736328 0.850000 0.088281 0.027778
5 0.729688 0.840278 0.068750 0.025000
8 0.585938 0.934722 0.104688 0.075000
5 0.584766 0.902778 0.096094 0.036111
8 0.643359 0.954167 0.113281 0.080556
5 0.643750 0.919444 0.101562 0.038889
8 0.533203 0.914583 0.102344 0.059722
5 0.534375 0.887500 0.092188 0.030556
8 0.485547 0.904167 0.099219 0.066667
5 0.467969 0.875694 0.051562 0.029167
8 0.729688 0.901389 0.100000 0.066667
5 0.728125 0.873611 0.090625 0.030556
8 0.687500 0.915972 0.104688 0.070833
5 0.685937 0.886111 0.093750 0.033333
8 0.608594 0.896528 0.096875 0.054167
5 0.608984 0.872222 0.086719 0.027778
8 0.571094 0.869444 0.070312 0.025000
5 0.567187 0.861111 0.068750 0.027778
8 0.166406 0.990278 0.079687 0.016667
5 0.183984 0.988889 0.103906 0.019444
8 0.288672 0.986806 0.128906 0.023611
5 0.286719 0.978472 0.114062 0.040278
0 0.010156 0.820833 0.020313 0.225000
0 0.387891 0.786111 0.174219 0.258333
0 0.674219 0.715278 0.096875 0.155556
1 0.362891 0.694444 0.053906 0.080556
1 0.332422 0.699306 0.061719 0.084722
1 0.320312 0.692361 0.057813 0.079167
1 0.289844 0.694444 0.051562 0.083333
1 0.288281 0.689583 0.048438 0.079167
1 0.258594 0.691667 0.056250 0.077778
1 0.250000 0.679861 0.056250 0.068056
1 0.042188 0.710417 0.060937 0.087500
1 0.036328 0.706944 0.072656 0.088889
1 0.959766 0.848611 0.078906 0.238889
2 0.985156 0.753472 0.017188 0.004167
2 0.960156 0.798611 0.068750 0.075000
2 0.960938 0.884028 0.068750 0.087500
2 0.976172 0.756944 0.035156 0.005556
2 0.964453 0.761111 0.038281 0.005556
2 0.985156 0.763194 0.017188 0.004167
2 0.093750 0.969444 0.187500 0.058333
2 0.067578 0.945833 0.135156 0.047222
2 0.891406 0.801389 0.045312 0.038889
2 0.954688 0.840278 0.004687 0.000000
2 0.890625 0.761806 0.045312 0.048611
2 0.962500 0.752778 0.073438 0.019444
2 0.910156 0.714583 0.084375 0.051389
2 0.962109 0.719444 0.074219 0.055556
5 0.019141 0.763889 0.025781 0.008333
5 0.018359 0.776389 0.022656 0.005556
5 0.018750 0.759028 0.026562 0.009722
5 0.017578 0.752083 0.025781 0.012500