3 0.542578 0.884028 0.913281 0.229167
4 0.542969 0.845139 0.000000 0.001389
4 0.678906 0.822222 0.056250 0.108333
4 0.795312 0.836111 0.018750 0.116667
4 0.887891 0.852083 0.071094 0.131944
4 0.211328 0.939583 0.010156 0.118056
5 0.241797 0.770139 0.061719 0.012500
5 0.241797 0.770139 0.061719 0.012500
5 0.241797 0.770139 0.061719 0.012500
5 0.242578 0.757639 0.061719 0.012500
5 0.242578 0.757639 0.061719 0.012500
5 0.242578 0.757639 0.061719 0.012500
5 0.241797 0.781250 0.061719 0.012500
5 0.241797 0.781250 0.061719 0.012500
5 0.241797 0.781250 0.061719 0.012500
5 0.308594 0.777778 0.048438 0.011111
5 0.308594 0.777778 0.048438 0.011111
5 0.308594 0.777778 0.048438 0.011111
5 0.308594 0.766667 0.048438 0.011111
5 0.308594 0.766667 0.048438 0.011111
5 0.308594 0.766667 0.048438 0.011111
5 0.308594 0.755556 0.048438 0.011111
5 0.308594 0.755556 0.048438 0.011111
5 0.308594 0.755556 0.048438 0.011111
5 0.308984 0.743750 0.047656 0.012500
5 0.308984 0.743750 0.047656 0.012500
5 0.308984 0.743750 0.047656 0.012500
6 0.529687 0.770833 0.034375 0.086111
6 0.476953 0.764583 0.058594 0.079167
6 0.546484 0.693056 0.067969 0.086111
6 0.510547 0.765278 0.063281 0.077778
6 0.730469 0.793750 0.081250 0.115278
6 0.824609 0.800694 0.088281 0.120833
7 0.658984 0.893056 0.094531 0.044444
7 0.407422 0.819444 0.075781 0.022222
7 0.582031 0.854861 0.093750 0.023611
6 0.403516 0.975694 0.419531 0.045833
6 0.402344 0.691667 0.418750 0.613889
6 0.057031 0.701389 0.103125 0.263889
6 0.097266 0.824306 0.022656 0.020833
8 0.911719 0.863194 0.071875 0.059722
5 0.911328 0.830556 0.072656 0.022222
8 0.876172 0.866667 0.116406 0.072222
5 0.877734 0.836111 0.105469 0.025000
8 0.633984 0.819444 0.044531 0.044444
5 0.632812 0.799306 0.042188 0.015278
8 0.579297 0.813194 0.075781 0.043056
5 0.581641 0.793750 0.069531 0.009722
8 0.528906 0.811111 0.035937 0.044444
5 0.530859 0.790972 0.032031 0.012500
8 0.514844 0.806250 0.064062 0.043056
5 0.515625 0.786806 0.062500 0.012500
8 0.631250 0.808333 0.026562 0.033333
5 0.627734 0.782639 0.032031 0.004167
5 0.546875 0.779167 0.000000 0.000000
8 0.635547 0.812500 0.041406 0.041667
5 0.633594 0.787500 0.043750 0.008333
8 0.649219 0.818056 0.014063 0.036111
5 0.650391 0.795139 0.010156 0.009722
8 0.799219 0.771528 0.045312 0.020833
5 0.800000 0.756250 0.039062 0.006944
8 0.781641 0.772222 0.021094 0.011111
5 0.783203 0.752083 0.025781 0.001389
8 0.818750 0.773611 0.026562 0.022222
5 0.817969 0.755556 0.025000 0.002778
8 0.780469 0.764583 0.018750 0.009722
5 0.775391 0.757639 0.010156 0.006944
8 0.793750 0.774306 0.045312 0.029167
5 0.792969 0.759722 0.043750 0.008333
8 0.812500 0.775694 0.037500 0.029167
5 0.813281 0.761806 0.034375 0.006944
5 0.992188 0.767361 0.014063 0.001389
8 0.992578 0.781250 0.013281 0.015278
5 0.992188 0.772917 0.014063 0.009722
8 0.964844 0.792361 0.057813 0.034722
5 0.962500 0.774306 0.053125 0.009722
8 0.939844 0.793056 0.000000 0.000000
5 0.936328 0.761806 0.011719 0.001389
8 0.935937 0.794444 0.000000 0.005556
5 0.938281 0.765972 0.015625 0.006944
8 0.942969 0.788889 0.007812 0.027778
5 0.938281 0.769444 0.015625 0.008333
8 0.935937 0.785417 0.000000 0.001389
5 0.932031 0.768750 0.003125 0.001389
0 0.889062 0.727083 0.115625 0.184722
0 0.448437 0.715972 0.065625 0.140278
0 0.067187 0.700694 0.134375 0.595833
0 0.012891 0.669444 0.025781 0.380556
1 0.952344 0.706250 0.073438 0.045833
2 0.929688 0.691667 0.001563 0.000000
2 0.984375 0.691667 0.000000 0.000000
2 0.960156 0.730556 0.050000 0.002778
2 0.938672 0.691667 0.008594 0.000000
2 0.944141 0.691667 0.000781 0.000000
1 0.896875 0.707639 0.073438 0.048611
2 0.889453 0.691667 0.005469 0.000000
2 0.930469 0.731250 0.001563 0.001389
2 0.895312 0.691667 0.000000 0.000000
2 0.895312 0.691667 0.007812 0.000000
2 0.897656 0.691667 0.000000 0.000000
1 0.996484 0.723611 0.005469 0.083333
2 0.989062 0.731944 0.009375 0.002778
2 0.996094 0.730556 0.006250 0.000000
2 0.996875 0.745833 0.004687 0.027778
2 0.996875 0.706250 0.004687 0.026389
1 0.826953 0.705556 0.061719 0.047222
2 0.805078 0.729167 0.011719 0.000000
2 0.818750 0.691667 0.000000 0.000000
2 0.850000 0.704861 0.017188 0.023611
2 0.822266 0.729167 0.021094 0.000000
1 0.964063 0.723611 0.070312 0.083333
2 0.931250 0.733333 0.003125 0.000000
2 0.988672 0.708333 0.010156 0.030556
2 0.964453 0.749306 0.061719 0.031944
1 0.806250 0.717361 0.076563 0.070833
2 0.777734 0.740278 0.011719 0.019444
2 0.791797 0.729167 0.008594 0.000000
2 0.776953 0.706250 0.011719 0.026389
2 0.821484 0.706944 0.027344 0.027778
2 0.808594 0.741667 0.048438 0.022222
2 0.789453 0.706250 0.011719 0.026389
2 0.801562 0.706250 0.012500 0.026389
1 0.916016 0.709028 0.058594 0.040278
2 0.892578 0.706250 0.011719 0.026389
2 0.937891 0.708333 0.014844 0.030556
2 0.937891 0.747917 0.016406 0.026389
2 0.907422 0.706944 0.014844 0.022222
2 0.923438 0.708333 0.014063 0.030556
2 0.635547 0.760417 0.047656 0.031944
2 0.690625 0.744444 0.001563 0.000000
2 0.632031 0.728472 0.053125 0.031944
2 0.690625 0.725694 0.001563 0.023611
2 0.632031 0.697917 0.053125 0.031944
2 0.690234 0.697917 0.002344 0.029167
5 0.979688 0.788889 0.039062 0.022222
5 0.980078 0.807639 0.038281 0.018056
5 0.980078 0.822222 0.038281 0.022222
5 0.980469 0.840972 0.037500 0.020833
5 0.980859 0.876389 0.036719 0.022222
5 0.980469 0.859722 0.037500 0.022222
5 0.981250 0.910417 0.035937 0.026389
5 0.980859 0.890972 0.036719 0.026389