3 0.580469 0.919444 0.837500 0.158333
5 0.694922 0.919444 0.074219 0.025000
5 0.694922 0.919444 0.074219 0.025000
5 0.694922 0.919444 0.074219 0.025000
5 0.694922 0.900000 0.074219 0.027778
5 0.694922 0.900000 0.074219 0.027778
5 0.694922 0.900000 0.074219 0.027778
5 0.693359 0.934028 0.071094 0.026389
5 0.693359 0.934028 0.071094 0.026389
5 0.693359 0.934028 0.071094 0.026389
6 0.312891 0.960417 0.133594 0.076389
6 0.491797 0.945139 0.116406 0.106944
6 0.314063 0.862500 0.132812 0.163889
6 0.408594 0.950000 0.125000 0.097222
7 0.166406 0.850000 0.004687 0.011111
5 0.164453 0.997222 0.005469 0.002778
0 0.232031 0.893056 0.134375 0.211111
0 0.815625 0.873611 0.171875 0.250000
1 0.346094 0.834028 0.082812 0.123611
1 0.305469 0.836806 0.084375 0.126389
1 0.298047 0.825694 0.075781 0.112500
1 0.258594 0.829861 0.078125 0.118056
1 0.256250 0.821528 0.070312 0.109722
1 0.229687 0.822222 0.048438 0.108333
1 0.235937 0.800000 0.060937 0.080556