3 0.499609 0.890972 0.999219 0.215278
4 0.925781 0.955556 0.006250 0.086111
5 0.024219 0.902083 0.048438 0.031944
5 0.024219 0.902083 0.048438 0.031944
5 0.024219 0.902083 0.048438 0.031944
5 0.024609 0.881944 0.049219 0.033333
5 0.024609 0.881944 0.049219 0.033333
5 0.024609 0.881944 0.049219 0.033333
5 0.024219 0.920139 0.048438 0.031944
5 0.024219 0.920139 0.048438 0.031944
5 0.024219 0.920139 0.048438 0.031944
5 0.091406 0.897222 0.084375 0.030556
5 0.091406 0.897222 0.084375 0.030556
5 0.091406 0.897222 0.084375 0.030556
5 0.091406 0.880556 0.084375 0.030556
5 0.091406 0.880556 0.084375 0.030556
5 0.091406 0.880556 0.084375 0.030556
5 0.088281 0.863889 0.092188 0.027778
5 0.088281 0.863889 0.092188 0.027778
5 0.088281 0.863889 0.092188 0.027778
5 0.088281 0.845139 0.092188 0.029167
5 0.088281 0.845139 0.092188 0.029167
5 0.088281 0.845139 0.092188 0.029167
6 0.635547 0.892361 0.097656 0.129167
6 0.475391 0.877778 0.094531 0.125000
6 0.634375 0.781944 0.096875 0.122222
6 0.552734 0.883333 0.096094 0.130556
7 0.634766 0.993056 0.055469 0.011111
7 0.951562 0.803472 0.020313 0.015278
8 0.951953 0.969444 0.078906 0.058333
5 0.953125 0.958333 0.068750 0.038889
8 0.862891 0.965278 0.080469 0.066667
5 0.864062 0.949306 0.070312 0.037500
8 0.788281 0.962500 0.081250 0.072222
5 0.789062 0.942361 0.071875 0.034722
8 0.708594 0.959028 0.082812 0.079167
5 0.709375 0.934028 0.073438 0.031944
8 0.808203 0.943750 0.074219 0.076389
5 0.808984 0.917361 0.064844 0.026389
8 0.734375 0.936806 0.075000 0.073611
5 0.734766 0.912500 0.066406 0.027778
8 0.876953 0.950694 0.072656 0.079167
5 0.878125 0.922917 0.064062 0.026389
8 0.961719 0.954167 0.065625 0.072222
5 0.960156 0.930556 0.062500 0.027778
8 0.691406 0.827778 0.015625 0.036111
5 0.690234 0.811806 0.013281 0.009722
8 0.617969 0.837500 0.003125 0.000000
5 0.628906 0.807639 0.021875 0.006944
8 0.715625 0.829861 0.043750 0.037500
5 0.714844 0.814583 0.040625 0.012500
8 0.758594 0.832639 0.045312 0.037500
5 0.758594 0.816667 0.040625 0.013889
8 0.613281 0.834722 0.045312 0.033333
5 0.597656 0.815972 0.007812 0.006944
8 0.656641 0.846528 0.041406 0.015278
8 0.699609 0.838194 0.046094 0.040278
5 0.701953 0.822222 0.036719 0.013889
8 0.744141 0.840972 0.047656 0.040278
5 0.744531 0.825000 0.042188 0.013889
5 0.974609 0.827778 0.032031 0.005556
5 0.974219 0.821528 0.032813 0.006944
5 0.975000 0.834028 0.031250 0.006944
8 0.991406 0.852778 0.000000 0.000000
5 0.989844 0.845139 0.003125 0.012500
8 0.839844 0.837500 0.040625 0.041667
5 0.840625 0.822222 0.035937 0.013889
8 0.872656 0.838889 0.007812 0.041667
5 0.880078 0.820833 0.016406 0.008333
8 0.876172 0.848611 0.017969 0.036111
5 0.877734 0.827778 0.017969 0.005556
8 0.873437 0.856250 0.028125 0.037500
5 0.873437 0.838194 0.025000 0.012500
0 0.942187 0.800694 0.114062 0.215278
0 0.306250 0.793750 0.146875 0.201389
1 0.710156 0.753472 0.023438 0.087500
2 0.667969 0.720139 0.003125 0.004167
2 0.708594 0.732639 0.020313 0.026389
2 0.698047 0.768750 0.042969 0.029167
2 0.677344 0.720833 0.015625 0.002778
2 0.691016 0.732639 0.014844 0.026389
2 0.701562 0.719444 0.000000 0.000000
1 0.816797 0.757639 0.072656 0.090278
2 0.792969 0.722917 0.018750 0.004167
2 0.840234 0.736111 0.017969 0.027778
2 0.839844 0.772917 0.021875 0.029167
2 0.806641 0.723611 0.014844 0.002778
2 0.810547 0.720833 0.014844 0.000000
2 0.823047 0.723611 0.016406 0.002778
2 0.820312 0.720833 0.003125 0.000000
1 0.664062 0.759722 0.075000 0.094444
2 0.637891 0.722917 0.003906 0.001389
2 0.686719 0.738194 0.021875 0.029167
2 0.683984 0.776389 0.028906 0.030556
2 0.673828 0.740278 0.002344 0.022222
2 0.669141 0.723611 0.003906 0.000000
1 0.803125 0.765278 0.078125 0.100000
2 0.775391 0.727778 0.016406 0.005556
2 0.828125 0.741667 0.020313 0.030556
2 0.827734 0.782639 0.022656 0.031944
2 0.792578 0.728472 0.017969 0.004167
2 0.808984 0.728472 0.016406 0.004167
2 0.815234 0.726389 0.005469 0.000000
1 0.634766 0.765278 0.082031 0.097222
2 0.607812 0.770833 0.014063 0.000000
2 0.605859 0.729167 0.016406 0.000000
2 0.670703 0.743750 0.002344 0.029167
2 0.643750 0.772222 0.056250 0.002778
2 0.623828 0.729167 0.017969 0.000000
2 0.636328 0.729861 0.005469 0.001389
1 0.785937 0.769444 0.085938 0.100000
2 0.756250 0.775694 0.018750 0.001389
2 0.757812 0.731944 0.021875 0.002778
2 0.813281 0.748611 0.021875 0.033333
2 0.796094 0.793056 0.059375 0.036111
2 0.775000 0.732639 0.017188 0.001389
2 0.792188 0.733333 0.018750 0.000000
2 0.801562 0.731944 0.006250 0.000000
1 0.611719 0.769444 0.056250 0.100000
2 0.592187 0.790278 0.017188 0.033333
2 0.596484 0.772917 0.010156 0.001389
2 0.592578 0.746528 0.017969 0.031944
2 0.637109 0.747917 0.005469 0.031944
2 0.620313 0.790278 0.039062 0.033333
2 0.608594 0.747917 0.018750 0.031944
2 0.616016 0.730556 0.017969 0.000000
2 0.627344 0.747917 0.020313 0.031944
2 0.631250 0.730556 0.010937 0.000000
1 0.778125 0.778472 0.089063 0.115278
2 0.747266 0.796528 0.019531 0.034722
2 0.752344 0.778472 0.018750 0.001389
2 0.748828 0.750694 0.024219 0.034722
2 0.808203 0.752083 0.019531 0.034722
2 0.787891 0.797222 0.061719 0.038889
2 0.766016 0.751389 0.021094 0.033333
2 0.769922 0.734028 0.014844 0.001389
2 0.779297 0.752778 0.008594 0.033333
2 0.780859 0.734722 0.005469 0.000000
2 0.396484 0.820139 0.039844 0.045833
2 0.400000 0.794444 0.032813 0.005556
2 0.454688 0.825000 0.076563 0.044444
2 0.503906 0.818056 0.020313 0.041667
2 0.455078 0.786111 0.075781 0.041667
2 0.503906 0.781250 0.020313 0.040278
2 0.455078 0.746528 0.075781 0.043056
2 0.480469 0.743056 0.067187 0.041667