3 0.499609 0.876389 0.999219 0.244444
4 0.232422 0.976389 0.002344 0.030556
4 0.091797 0.961111 0.035156 0.075000
4 0.001563 0.936111 0.003125 0.052778
4 0.567969 0.893056 0.006250 0.075000
4 0.415234 0.871528 0.030469 0.070833
4 0.297656 0.853472 0.026562 0.065278
4 0.253516 0.847222 0.007031 0.061111
4 0.195312 0.838889 0.023438 0.061111
4 0.157031 0.832639 0.006250 0.056944
4 0.113281 0.824306 0.006250 0.059722
4 0.000000 0.831944 0.000000 0.000000
8 0.885938 0.820139 0.035937 0.026389
5 0.887109 0.784028 0.032031 0.009722
5 0.887109 0.784028 0.032031 0.009722
5 0.887109 0.784028 0.032031 0.009722
5 0.887109 0.774306 0.032031 0.012500
5 0.887109 0.774306 0.032031 0.012500
5 0.887109 0.774306 0.032031 0.012500
5 0.887109 0.792361 0.032031 0.009722
5 0.887109 0.792361 0.032031 0.009722
5 0.887109 0.792361 0.032031 0.009722
5 0.866016 0.792361 0.011719 0.006944
5 0.866016 0.792361 0.011719 0.006944
5 0.866016 0.792361 0.011719 0.006944
5 0.865234 0.783333 0.010156 0.008333
5 0.865234 0.783333 0.010156 0.008333
5 0.865234 0.783333 0.010156 0.008333
5 0.865234 0.775000 0.010156 0.008333
5 0.865234 0.775000 0.010156 0.008333
5 0.865234 0.775000 0.010156 0.008333
5 0.868750 0.764583 0.017188 0.009722
5 0.868750 0.764583 0.017188 0.009722
5 0.868750 0.764583 0.017188 0.009722
6 0.777344 0.770833 0.017188 0.052778
6 0.798438 0.768056 0.035937 0.050000
6 0.309375 0.943750 0.165625 0.109722
6 0.032422 0.972917 0.064844 0.051389
7 0.101562 0.866667 0.051562 0.019444
7 0.128516 0.962500 0.067969 0.033333
7 0.496484 0.906250 0.039844 0.029167
7 0.196484 0.995139 0.039844 0.006944
7 0.148828 0.777083 0.007031 0.009722
7 0.167578 0.781250 0.032031 0.009722
7 0.109766 0.772917 0.010156 0.004167
7 0.007812 0.763889 0.001563 0.000000
7 0.034766 0.763194 0.002344 0.004167
7 0.976172 0.867361 0.035156 0.020833
7 0.525391 0.820139 0.038281 0.012500
7 0.483594 0.814583 0.037500 0.015278
7 0.584766 0.825000 0.038281 0.016667
6 0.004297 0.788889 0.008594 0.055556
6 0.013672 0.737500 0.027344 0.058333
6 0.221875 0.813889 0.012500 0.058333
6 0.181250 0.825000 0.057813 0.072222
6 0.181641 0.762500 0.058594 0.072222
6 0.236328 0.755556 0.039844 0.066667
6 0.325391 0.776389 0.052344 0.080556
6 0.400000 0.768750 0.014063 0.070833
6 0.324609 0.847222 0.052344 0.080556
6 0.400000 0.834722 0.014063 0.066667
6 0.423828 0.769444 0.042969 0.044444
6 0.403516 0.767361 0.021094 0.043056
0 0.031641 0.765278 0.055469 0.125000
0 0.121875 0.771528 0.090625 0.129167
0 0.260937 0.789583 0.073438 0.148611
0 0.304688 0.794444 0.076563 0.152778
1 0.058984 0.795833 0.082031 0.105556
1 0.029297 0.804167 0.058594 0.113889
1 0.683594 0.861806 0.115625 0.156944
1 0.701172 0.851389 0.096094 0.150000
1 0.475000 0.825000 0.095312 0.130556
1 0.443359 0.833333 0.099219 0.136111
1 0.334375 0.775694 0.018750 0.084722
2 0.342969 0.790278 0.001563 0.019444
2 0.329688 0.782639 0.004687 0.006944
2 0.335547 0.756250 0.016406 0.026389
2 0.342969 0.777778 0.001563 0.000000
1 0.286328 0.757639 0.052344 0.054167
2 0.276172 0.775694 0.000781 0.001389
2 0.269531 0.775000 0.014063 0.002778
2 0.277344 0.751389 0.029687 0.027778
2 0.305859 0.735417 0.014844 0.001389
2 0.292969 0.738194 0.010937 0.001389
2 0.286719 0.736111 0.000000 0.000000
2 0.305078 0.736111 0.013281 0.000000
2 0.287891 0.736111 0.000781 0.000000
1 0.316797 0.752778 0.036719 0.050000
2 0.308594 0.754167 0.020313 0.027778
2 0.335547 0.777083 0.016406 0.004167
2 0.330469 0.740972 0.001563 0.001389
5 0.706641 0.829861 0.038281 0.004167
5 0.707422 0.803472 0.036719 0.006944
5 0.604688 0.894444 0.057813 0.022222
5 0.608984 0.905556 0.042969 0.019444
5 0.581641 0.906944 0.046094 0.022222
5 0.581641 0.919444 0.038281 0.019444
5 0.535937 0.925000 0.065625 0.019444
5 0.532422 0.934722 0.064844 0.022222
5 0.535937 0.915278 0.065625 0.019444
5 0.532422 0.902778 0.064844 0.025000