3 0.498828 0.815278 0.997656 0.366667
4 0.050781 0.901389 0.004687 0.055556
5 0.582812 0.735417 0.064062 0.023611
5 0.582812 0.735417 0.064062 0.023611
5 0.582812 0.735417 0.064062 0.023611
5 0.582812 0.720833 0.064062 0.027778
5 0.582812 0.720833 0.064062 0.027778
5 0.582812 0.720833 0.064062 0.027778
5 0.582812 0.745139 0.064062 0.026389
5 0.582812 0.745139 0.064062 0.026389
5 0.582812 0.745139 0.064062 0.026389
5 0.633203 0.759028 0.019531 0.020833
5 0.633203 0.759028 0.019531 0.020833
5 0.633203 0.759028 0.019531 0.020833
5 0.633984 0.747222 0.021094 0.022222
5 0.633984 0.747222 0.021094 0.022222
5 0.633984 0.747222 0.021094 0.022222
5 0.641016 0.734028 0.035156 0.023611
5 0.641016 0.734028 0.035156 0.023611
5 0.641016 0.734028 0.035156 0.023611
5 0.653516 0.721528 0.060156 0.026389
5 0.653516 0.721528 0.060156 0.026389
5 0.653516 0.721528 0.060156 0.026389
6 0.387109 0.881250 0.091406 0.131944
6 0.487500 0.825000 0.079687 0.119444
6 0.387891 0.779861 0.092969 0.134722
6 0.441016 0.843750 0.085156 0.118056
6 0.044141 0.956250 0.088281 0.084722
7 0.219531 0.877083 0.007812 0.023611
7 0.016406 0.662500 0.032813 0.016667
7 0.058594 0.654861 0.035937 0.015278
8 0.086328 0.928472 0.002344 0.001389
5 0.075000 0.937500 0.025000 0.019444
8 0.225781 0.922222 0.018750 0.036111
5 0.223047 0.908333 0.013281 0.022222
8 0.251953 0.891667 0.071094 0.052778
5 0.248828 0.884722 0.064844 0.038889
8 0.255078 0.954861 0.075781 0.087500
5 0.251563 0.933333 0.070312 0.047222
8 0.301172 0.938194 0.086719 0.068056
5 0.300000 0.910417 0.078125 0.043056
8 0.230859 0.977083 0.028906 0.043056
5 0.227734 0.959028 0.022656 0.031944
8 0.967187 0.974306 0.060937 0.045833
5 0.968750 0.975000 0.057813 0.047222
8 0.928516 0.980556 0.002344 0.002778
5 0.952344 0.988889 0.079687 0.019444
0 0.483984 0.923611 0.158594 0.150000
0 0.692969 0.745833 0.103125 0.202778
1 0.266406 0.651389 0.076563 0.102778
1 0.237891 0.662500 0.047656 0.113889
1 0.232422 0.641667 0.036719 0.086111
1 0.217188 0.645139 0.006250 0.081944
1 0.083594 0.608333 0.001563 0.077778
2 0.992188 0.897222 0.014063 0.044444
2 0.992188 0.849306 0.014063 0.056944
2 0.992578 0.784722 0.013281 0.077778