3 0.537109 0.811111 0.924219 0.375000
7 0.993750 0.654861 0.010937 0.020833
7 0.916797 0.657639 0.041406 0.031944
7 0.846094 0.656944 0.037500 0.030556
8 0.582812 0.821528 0.057813 0.076389
5 0.583594 0.804861 0.050000 0.043056
8 0.513672 0.820139 0.061719 0.079167
5 0.514453 0.800694 0.053906 0.043056
8 0.645312 0.823611 0.056250 0.077778
5 0.645703 0.806250 0.049219 0.043056
8 0.716406 0.825694 0.060937 0.076389
5 0.716797 0.809722 0.053906 0.044444
8 0.502734 0.868056 0.067969 0.094444
5 0.503906 0.845833 0.059375 0.050000
8 0.577734 0.872222 0.063281 0.094444
5 0.578906 0.850000 0.054688 0.050000
8 0.646484 0.873611 0.061719 0.094444
5 0.647266 0.851389 0.053906 0.050000
8 0.724219 0.878472 0.067187 0.095833
5 0.724609 0.856250 0.058594 0.051389
8 0.996875 0.830556 0.004687 0.027778
5 0.998828 0.822222 0.000781 0.011111
8 0.987109 0.815278 0.024219 0.055556
5 0.988672 0.800694 0.021094 0.029167
8 0.846484 0.840278 0.077344 0.086111
5 0.847656 0.819444 0.068750 0.044444
8 0.918750 0.840972 0.082812 0.084722
5 0.919531 0.820139 0.073438 0.043056
8 0.955078 0.880556 0.088281 0.080556
5 0.957031 0.858333 0.084375 0.038889
8 0.964063 0.922222 0.070312 0.088889
5 0.966016 0.898611 0.066406 0.044444
0 0.094141 0.920139 0.036719 0.156944
1 0.494922 0.590972 0.089844 0.126389
2 0.464453 0.554861 0.022656 0.029167
2 0.525000 0.563194 0.020313 0.043056
2 0.532422 0.613889 0.005469 0.041667
2 0.484375 0.556944 0.020313 0.022222
2 0.486719 0.543056 0.020313 0.002778
2 0.504687 0.557639 0.020313 0.023611
2 0.506250 0.543750 0.020313 0.004167
1 0.670703 0.592361 0.092969 0.126389
2 0.630078 0.617361 0.002344 0.029167
2 0.639844 0.563889 0.020313 0.041667
2 0.700781 0.556944 0.023438 0.027778
2 0.660547 0.559722 0.021094 0.025000
2 0.659375 0.545139 0.020313 0.004167
2 0.681250 0.559028 0.021875 0.023611
2 0.679297 0.544444 0.021094 0.002778
1 0.482812 0.626389 0.101562 0.144444
2 0.449219 0.588889 0.026562 0.038889
2 0.516797 0.595833 0.022656 0.050000
2 0.526953 0.652083 0.005469 0.045833
2 0.471094 0.590972 0.023438 0.031944
2 0.473828 0.572222 0.022656 0.005556
2 0.493750 0.591667 0.023438 0.033333
2 0.496094 0.572222 0.021875 0.005556
1 0.680078 0.628472 0.103906 0.143056
2 0.633594 0.668750 0.000000 0.012500
2 0.644922 0.595139 0.024219 0.048611
2 0.714063 0.591667 0.026562 0.038889
2 0.668359 0.593750 0.024219 0.034722
2 0.667188 0.574306 0.023438 0.004167
2 0.691797 0.593750 0.024219 0.031944
2 0.689844 0.574306 0.023438 0.004167
1 0.521094 0.674306 0.007812 0.165278
2 0.436719 0.618056 0.014063 0.022222
2 0.505078 0.636111 0.025781 0.055556
2 0.515625 0.689583 0.000000 0.001389
2 0.453125 0.620833 0.028125 0.011111
2 0.456641 0.611111 0.027344 0.005556
2 0.479297 0.620833 0.027344 0.011111
2 0.482031 0.611806 0.026562 0.006944
1 0.692969 0.673611 0.120313 0.161111
2 0.640625 0.704167 0.001563 0.027778
2 0.651953 0.636806 0.028906 0.054167
2 0.731641 0.620833 0.032031 0.019444
2 0.679688 0.625000 0.028125 0.013889
2 0.677734 0.613889 0.027344 0.005556
2 0.706641 0.623611 0.028906 0.011111
2 0.703906 0.614583 0.028125 0.006944
1 0.458594 0.695833 0.123438 0.175000
2 0.417187 0.727778 0.029687 0.055556
2 0.432812 0.701389 0.000000 0.000000
2 0.417969 0.657639 0.032813 0.062500
2 0.500781 0.659722 0.029687 0.063889
2 0.473438 0.729861 0.084375 0.056944
2 0.444531 0.662500 0.029687 0.055556
2 0.448047 0.629861 0.028906 0.006944
2 0.472266 0.663194 0.028906 0.056944
2 0.475000 0.631250 0.028125 0.006944
1 0.699609 0.701389 0.128906 0.180556
2 0.656250 0.732639 0.029687 0.056944
2 0.641406 0.718056 0.000000 0.000000
2 0.655469 0.661111 0.031250 0.063889
2 0.740625 0.663194 0.034375 0.065278
2 0.713672 0.734028 0.088281 0.059722
2 0.685156 0.665972 0.029687 0.056944
2 0.683203 0.633333 0.028906 0.008333
2 0.713672 0.666667 0.030469 0.055556
2 0.710938 0.634028 0.029687 0.006944
2 0.112891 0.868056 0.075781 0.105556
2 0.112891 0.797222 0.072656 0.038889
2 0.219141 0.876389 0.136719 0.102778
2 0.299219 0.834028 0.023438 0.093056
2 0.218359 0.809722 0.136719 0.097222
2 0.298438 0.772917 0.023438 0.087500
2 0.217188 0.741667 0.137500 0.100000
2 0.246484 0.709028 0.125781 0.090278