3 0.673828 0.816667 0.650781 0.363889
6 0.633984 0.947222 0.113281 0.102778
6 0.469922 0.915278 0.103906 0.161111
6 0.633984 0.847917 0.113281 0.170833
6 0.548047 0.925694 0.107031 0.145833
8 0.723047 0.989583 0.005469 0.004167
5 0.737891 0.993750 0.044531 0.009722
8 0.752344 0.759722 0.054688 0.052778
5 0.752344 0.745139 0.048438 0.023611
8 0.708203 0.751389 0.053906 0.041667
5 0.708594 0.736111 0.048438 0.022222
8 0.793750 0.765278 0.054688 0.050000
5 0.794141 0.751389 0.049219 0.025000
8 0.841406 0.776389 0.054688 0.055556
5 0.842187 0.760417 0.048438 0.026389
8 0.680859 0.772222 0.057031 0.047222
5 0.681250 0.754167 0.051562 0.025000
8 0.726562 0.778472 0.057813 0.056944
5 0.726562 0.763194 0.051562 0.026389
8 0.769531 0.786111 0.057813 0.058333
5 0.769531 0.770139 0.051562 0.026389
8 0.819141 0.796528 0.058594 0.059722
5 0.819531 0.780556 0.051562 0.027778
8 0.932031 0.795833 0.051562 0.058333
5 0.932813 0.779861 0.045312 0.029167
8 0.978516 0.786806 0.032031 0.023611
5 0.980859 0.786806 0.028906 0.026389
8 0.961719 0.819444 0.012500 0.047222
5 0.976562 0.804861 0.037500 0.018056
8 0.951953 0.841667 0.022656 0.055556
5 0.955078 0.824306 0.022656 0.023611
0 0.978516 0.813889 0.041406 0.247222
0 0.374609 0.766667 0.052344 0.222222
1 0.797656 0.622917 0.078125 0.104167
2 0.773828 0.589583 0.024219 0.018056
2 0.821094 0.602778 0.023438 0.033333
2 0.814063 0.640972 0.037500 0.034722
2 0.787109 0.593056 0.019531 0.016667
2 0.792969 0.584028 0.017188 0.001389
2 0.802734 0.601389 0.019531 0.030556
2 0.808203 0.586111 0.016406 0.002778
1 0.941406 0.638889 0.082812 0.111111
2 0.914453 0.603472 0.022656 0.020833
2 0.967578 0.616667 0.022656 0.036111
2 0.967187 0.658333 0.023438 0.036111
2 0.930078 0.606944 0.019531 0.016667
2 0.933984 0.597222 0.017969 0.002778
2 0.948438 0.608333 0.020313 0.016667
2 0.951562 0.598611 0.018750 0.002778
1 0.765234 0.641667 0.083594 0.113889
2 0.739453 0.607639 0.025781 0.023611
2 0.789844 0.620139 0.026562 0.037500
2 0.780469 0.661806 0.045312 0.037500
2 0.753125 0.611111 0.020313 0.019444
2 0.759375 0.600000 0.018750 0.002778
2 0.770703 0.619444 0.021094 0.033333
2 0.776563 0.601389 0.018750 0.002778
1 0.949219 0.663889 0.028125 0.113889
2 0.895312 0.623611 0.014063 0.025000
2 0.946875 0.636806 0.025000 0.040278
2 0.944922 0.682639 0.028906 0.040278
2 0.906250 0.627778 0.021875 0.022222
2 0.910937 0.614583 0.020313 0.004167
2 0.925391 0.629167 0.021094 0.022222
2 0.930469 0.617361 0.020313 0.004167
1 0.724609 0.665278 0.089844 0.125000
2 0.697656 0.620139 0.029687 0.009722
2 0.751172 0.642361 0.028906 0.040278
2 0.753125 0.687500 0.026562 0.041667
2 0.712500 0.624306 0.023438 0.006944
2 0.719531 0.619444 0.020313 0.002778
2 0.730078 0.627083 0.022656 0.006944
2 0.736719 0.621528 0.023438 0.004167
1 0.889844 0.687500 0.098437 0.136111
2 0.857031 0.638889 0.025000 0.011111
2 0.920312 0.662500 0.028125 0.044444
2 0.926562 0.709722 0.015625 0.041667
2 0.876563 0.641667 0.023438 0.005556
2 0.890625 0.638889 0.004687 0.002778
2 0.898047 0.645833 0.021094 0.008333
2 0.901953 0.640278 0.022656 0.005556
1 0.706250 0.674306 0.093750 0.126389
2 0.675391 0.692361 0.024219 0.040278
2 0.677734 0.672917 0.013281 0.001389
2 0.678516 0.644444 0.030469 0.041667
2 0.733594 0.652083 0.031250 0.043056
2 0.715234 0.697917 0.067969 0.045833
2 0.692969 0.648611 0.023438 0.038889
2 0.700781 0.628472 0.023438 0.004167
2 0.710938 0.651389 0.023438 0.038889
2 0.719141 0.631250 0.021094 0.004167
1 0.875781 0.700000 0.103125 0.141667
2 0.841016 0.717361 0.025781 0.043056
2 0.844922 0.695833 0.019531 0.002778
2 0.844141 0.665972 0.030469 0.045833
2 0.907813 0.673611 0.029687 0.047222
2 0.886328 0.723611 0.072656 0.050000
2 0.859766 0.670833 0.019531 0.041667
2 0.862891 0.647917 0.013281 0.004167
2 0.892188 0.674306 0.009375 0.040278
2 0.894531 0.651389 0.014063 0.005556
2 0.445312 0.731250 0.056250 0.059722
2 0.460938 0.697222 0.025000 0.016667
2 0.514844 0.748611 0.081250 0.052778
2 0.569141 0.734722 0.025781 0.050000
2 0.514844 0.708333 0.081250 0.050000
2 0.569141 0.695833 0.025781 0.047222
2 0.514844 0.663889 0.081250 0.058333
2 0.543750 0.652083 0.078125 0.054167