3 0.499609 0.921528 0.999219 0.154167
5 0.428125 0.874306 0.089063 0.034722
5 0.428125 0.874306 0.089063 0.034722
5 0.428125 0.874306 0.089063 0.034722
5 0.428125 0.854861 0.089063 0.037500
5 0.428125 0.854861 0.089063 0.037500
5 0.428125 0.854861 0.089063 0.037500
5 0.428125 0.891667 0.089063 0.033333
5 0.428125 0.891667 0.089063 0.033333
5 0.428125 0.891667 0.089063 0.033333
5 0.548047 0.902083 0.088281 0.034722
5 0.548047 0.902083 0.088281 0.034722
5 0.548047 0.902083 0.088281 0.034722
5 0.548047 0.884722 0.088281 0.036111
5 0.548047 0.884722 0.088281 0.036111
5 0.548047 0.884722 0.088281 0.036111
5 0.548047 0.865972 0.088281 0.037500
5 0.548047 0.865972 0.088281 0.037500
5 0.548047 0.865972 0.088281 0.037500
5 0.548047 0.845833 0.088281 0.038889
5 0.548047 0.845833 0.088281 0.038889
5 0.548047 0.845833 0.088281 0.038889
6 0.466016 0.979861 0.103906 0.037500
6 0.367969 0.949306 0.153125 0.098611
0 0.682813 0.862500 0.093750 0.272222