3 0.499609 0.871528 0.999219 0.254167
4 0.251953 0.938889 0.013281 0.102778
4 0.155859 0.990278 0.010156 0.016667
5 0.384375 0.735417 0.046875 0.018056
5 0.384375 0.735417 0.046875 0.018056
5 0.384375 0.735417 0.046875 0.018056
5 0.384375 0.724306 0.046875 0.018056
5 0.384375 0.724306 0.046875 0.018056
5 0.384375 0.724306 0.046875 0.018056
5 0.384375 0.746528 0.046875 0.018056
5 0.384375 0.746528 0.046875 0.018056
5 0.384375 0.746528 0.046875 0.018056
5 0.460547 0.746528 0.052344 0.018056
5 0.460547 0.746528 0.052344 0.018056
5 0.460547 0.746528 0.052344 0.018056
5 0.460547 0.736111 0.052344 0.016667
5 0.460547 0.736111 0.052344 0.016667
5 0.460547 0.736111 0.052344 0.016667
5 0.460547 0.725000 0.052344 0.016667
5 0.460547 0.725000 0.052344 0.016667
5 0.460547 0.725000 0.052344 0.016667
5 0.460547 0.712500 0.052344 0.016667
5 0.460547 0.712500 0.052344 0.016667
5 0.460547 0.712500 0.052344 0.016667
6 0.472266 0.836806 0.049219 0.118056
6 0.473828 0.789583 0.036719 0.090278
6 0.474609 0.749306 0.053906 0.112500
6 0.476562 0.808333 0.045312 0.097222
6 0.403906 0.947917 0.106250 0.101389
6 0.422656 0.970833 0.123438 0.055556
7 0.244531 0.894444 0.081250 0.030556
8 0.318750 0.972917 0.064062 0.040278
5 0.320703 0.946528 0.060156 0.031944
8 0.347656 0.939583 0.082812 0.065278
5 0.344922 0.917361 0.077344 0.026389
8 0.355469 0.904861 0.075000 0.040278
5 0.351953 0.893750 0.072656 0.020833
8 0.366016 0.884722 0.071094 0.044444
5 0.363672 0.872222 0.066406 0.022222
8 0.441016 0.906944 0.077344 0.041667
5 0.439844 0.895139 0.070312 0.020833
8 0.447266 0.884028 0.072656 0.040278
5 0.446484 0.873611 0.066406 0.022222
8 0.442188 0.930556 0.075000 0.047222
5 0.441016 0.919444 0.067969 0.027778
8 0.466016 0.966667 0.017969 0.063889
5 0.463672 0.949306 0.013281 0.031944
8 0.974219 0.830556 0.050000 0.047222
5 0.975781 0.814583 0.046875 0.018056
8 0.966016 0.805556 0.066406 0.025000
5 0.967187 0.800000 0.064062 0.016667
8 0.982031 0.845139 0.026562 0.048611
5 0.985547 0.828472 0.027344 0.018056
8 0.994141 0.859722 0.010156 0.044444
5 0.995703 0.843750 0.007031 0.012500
8 0.898438 0.809028 0.067187 0.034722
5 0.897266 0.797917 0.061719 0.015278
8 0.913281 0.829861 0.071875 0.048611
5 0.916406 0.813889 0.057813 0.016667
8 0.932031 0.845139 0.075000 0.051389
5 0.931250 0.827083 0.068750 0.018056
8 0.950781 0.863889 0.079687 0.055556
5 0.949609 0.846528 0.072656 0.020833
8 0.979297 0.970139 0.039844 0.056944
5 0.984375 0.952083 0.029687 0.043056
8 0.997266 0.905556 0.003906 0.016667
5 0.998828 0.897917 0.000781 0.004167
8 0.962500 0.934028 0.068750 0.076389
5 0.965625 0.913194 0.067187 0.037500
0 0.961328 0.949306 0.075781 0.098611
0 0.849219 0.862500 0.109375 0.272222
0 0.562109 0.711111 0.046094 0.166667
1 0.020313 0.715278 0.040625 0.116667
1 0.010937 0.725000 0.021875 0.122222
2 0.786719 0.748611 0.012500 0.050000
2 0.823047 0.765278 0.058594 0.052778
2 0.879687 0.768056 0.053125 0.044444
2 0.823047 0.727083 0.058594 0.051389
2 0.879687 0.729861 0.053125 0.045833
2 0.823047 0.688889 0.058594 0.050000
2 0.875781 0.689583 0.060937 0.048611