3 0.499609 0.837500 0.999219 0.322222
8 0.807813 0.854861 0.076563 0.068056
6 0.805078 0.964583 0.205469 0.068056
7 0.935937 0.696528 0.023438 0.015278
7 0.989453 0.684722 0.019531 0.011111
7 0.969922 0.690972 0.044531 0.015278
7 0.612500 0.736806 0.043750 0.020833
7 0.646875 0.729167 0.020313 0.019444
7 0.759766 0.716667 0.044531 0.019444
7 0.717578 0.718750 0.042969 0.012500
7 0.494531 0.750000 0.042188 0.022222
7 0.546484 0.743750 0.042969 0.020833
7 0.426953 0.759028 0.028906 0.023611
8 0.219141 0.938889 0.072656 0.086111
5 0.220312 0.915278 0.064062 0.041667
8 0.146484 0.951389 0.071094 0.088889
5 0.147266 0.927778 0.063281 0.044444
8 0.278125 0.926389 0.071875 0.083333
5 0.279687 0.904167 0.064062 0.038889
8 0.310937 0.898611 0.006250 0.033333
5 0.313672 0.886806 0.000781 0.012500
8 0.164062 0.970139 0.078125 0.056944
5 0.164844 0.965972 0.068750 0.051389
8 0.242188 0.963889 0.079687 0.069444
5 0.243750 0.952083 0.070312 0.048611
8 0.290234 0.961806 0.047656 0.073611
5 0.292969 0.939583 0.042188 0.045833
8 0.408203 0.957639 0.016406 0.054167
5 0.406641 0.928472 0.013281 0.026389
8 0.607812 0.866667 0.082812 0.047222
5 0.607031 0.856944 0.075000 0.027778
8 0.578516 0.853472 0.078906 0.037500
5 0.577734 0.839583 0.071094 0.026389
8 0.635156 0.893056 0.078125 0.069444
5 0.639062 0.872917 0.078125 0.031944
8 0.652344 0.920139 0.045312 0.065278
5 0.655469 0.895139 0.043750 0.031944
8 0.457031 0.902083 0.078125 0.068056
5 0.458203 0.877778 0.069531 0.036111
8 0.511719 0.889583 0.078125 0.065278
5 0.512500 0.866667 0.068750 0.033333
8 0.562500 0.906944 0.089063 0.072222
5 0.562109 0.886111 0.080469 0.033333
8 0.595703 0.929861 0.094531 0.079167
5 0.594922 0.908333 0.085156 0.036111
8 0.839453 0.832639 0.046094 0.048611
5 0.846484 0.810417 0.060156 0.026389
8 0.805078 0.832639 0.074219 0.045833
5 0.805859 0.816667 0.066406 0.025000
8 0.969141 0.800694 0.060156 0.037500
5 0.971484 0.788889 0.055469 0.022222
8 0.939063 0.804167 0.073438 0.030556
5 0.939844 0.795139 0.065625 0.023611
8 0.981250 0.815972 0.035937 0.018056
5 0.983594 0.812500 0.031250 0.022222
0 0.845313 0.641667 0.048438 0.094444
0 0.769531 0.860417 0.190625 0.276389
2 0.026953 0.704861 0.010156 0.023611
2 0.000781 0.709722 0.001563 0.019444
2 0.000000 0.698611 0.000000 0.000000
2 0.013281 0.708333 0.025000 0.022222
2 0.011719 0.695139 0.023438 0.004167
1 0.191406 0.730556 0.100000 0.136111
2 0.162109 0.755556 0.024219 0.041667
2 0.156641 0.751389 0.022656 0.038889
2 0.159766 0.702778 0.028906 0.044444
2 0.222656 0.687500 0.028125 0.022222
2 0.176172 0.744444 0.008594 0.025000
2 0.182812 0.692361 0.025000 0.020833
2 0.177734 0.680556 0.022656 0.002778
2 0.204297 0.690278 0.024219 0.019444
2 0.198828 0.679167 0.022656 0.002778
1 0.068750 0.722917 0.010937 0.048611
2 0.062500 0.731944 0.012500 0.033333
2 0.007422 0.739583 0.014844 0.029167
2 0.006641 0.721528 0.013281 0.004167
2 0.023047 0.737500 0.017969 0.030556
2 0.021484 0.720833 0.021094 0.005556
1 0.223438 0.756944 0.110937 0.152778
2 0.192188 0.784722 0.028125 0.047222
2 0.186328 0.780556 0.027344 0.044444
2 0.189062 0.726389 0.032813 0.050000
2 0.257812 0.711111 0.032813 0.030556
2 0.209375 0.781250 0.017188 0.043056
2 0.215234 0.726389 0.027344 0.044444
2 0.209766 0.702083 0.027344 0.004167
2 0.239063 0.715278 0.026562 0.027778
2 0.232031 0.700000 0.025000 0.005556
1 0.093359 0.744444 0.013281 0.033333
2 0.000781 0.767361 0.001563 0.006944
2 0.076172 0.755556 0.036719 0.016667
2 0.016016 0.765972 0.032031 0.015278
2 0.015234 0.756944 0.030469 0.008333
2 0.048047 0.760417 0.033594 0.009722
2 0.044141 0.753472 0.032031 0.006944
1 0.258984 0.793056 0.110156 0.175000
2 0.226172 0.826389 0.021094 0.052778
2 0.214453 0.818750 0.010156 0.051389
2 0.228125 0.758333 0.039062 0.058333
2 0.300000 0.729167 0.028125 0.013889
2 0.257812 0.737500 0.031250 0.011111
2 0.250000 0.730556 0.029687 0.005556
2 0.283203 0.734028 0.032031 0.009722
2 0.275000 0.727778 0.029687 0.005556
1 0.056641 0.834722 0.113281 0.186111
2 0.004687 0.884028 0.009375 0.062500
2 0.004297 0.806250 0.008594 0.068056
2 0.087500 0.796528 0.039062 0.068056
2 0.057422 0.876389 0.100781 0.077778
2 0.019531 0.807639 0.025000 0.062500
2 0.017969 0.774306 0.026562 0.009722
2 0.065625 0.801389 0.018750 0.058333
2 0.063672 0.768750 0.014844 0.006944
1 0.267578 0.814583 0.092969 0.173611
2 0.251172 0.843750 0.033594 0.059722
2 0.242969 0.837500 0.032813 0.055556
2 0.247266 0.774306 0.041406 0.062500
2 0.310156 0.738889 0.007812 0.005556
2 0.287500 0.838194 0.053125 0.062500
2 0.278516 0.773611 0.033594 0.055556
2 0.269922 0.743750 0.032031 0.006944
2 0.301172 0.770833 0.025781 0.055556
2 0.296484 0.740972 0.032031 0.006944
2 0.823438 0.744444 0.073438 0.047222
2 0.887500 0.736806 0.053125 0.043056
2 0.887109 0.700000 0.072656 0.047222
2 0.823438 0.707639 0.073438 0.048611
2 0.957031 0.740972 0.084375 0.059722
2 0.991406 0.706944 0.015625 0.005556
2 0.957031 0.779861 0.084375 0.048611
2 0.975000 0.713889 0.048438 0.013889
2 0.914453 0.840278 0.103906 0.075000
2 0.957031 0.860417 0.084375 0.081944