3 0.402734 0.909722 0.805469 0.177778
8 0.737891 0.926389 0.024219 0.050000
5 0.734766 0.898611 0.017969 0.025000
8 0.500781 0.925694 0.031250 0.054167
5 0.503125 0.913194 0.029687 0.034722
5 0.678125 0.854167 0.000000 0.002778
8 0.484766 0.909028 0.021094 0.062500
5 0.488672 0.882639 0.028906 0.031944
8 0.195703 0.953472 0.089844 0.073611
5 0.197266 0.929167 0.080469 0.030556
8 0.192969 0.970139 0.095312 0.056944
5 0.194531 0.959722 0.085938 0.038889
8 0.193359 0.930556 0.085156 0.069444
5 0.194531 0.909722 0.076563 0.030556
8 0.196094 0.890972 0.079687 0.029167
5 0.197266 0.886111 0.072656 0.025000
8 0.394922 0.943750 0.074219 0.084722
5 0.393750 0.920139 0.065625 0.040278
8 0.322656 0.952778 0.071875 0.086111
5 0.321484 0.928472 0.063281 0.040278
8 0.301172 0.923611 0.067969 0.066667
5 0.299609 0.902778 0.064844 0.030556
8 0.298047 0.891667 0.061719 0.044444
5 0.296875 0.879167 0.059375 0.022222
0 0.188672 0.880556 0.174219 0.044444
1 0.767578 0.956250 0.274219 0.084722
2 0.840234 0.974306 0.107031 0.048611
2 0.684766 0.982639 0.086719 0.031944
2 0.772656 0.968056 0.065625 0.025000
2 0.805078 0.987500 0.077344 0.022222
2 0.726562 0.973611 0.071875 0.025000
2 0.751563 0.989583 0.073438 0.018056
1 0.912109 0.895139 0.150781 0.181944
2 0.980859 0.939583 0.013281 0.006944
2 0.965234 0.838194 0.044531 0.020833
2 0.884375 0.884722 0.079687 0.094444
2 0.915625 0.963889 0.143750 0.069444
2 0.938672 0.837500 0.053906 0.011111
2 0.961328 0.883333 0.052344 0.083333
2 0.904687 0.840278 0.053125 0.011111
2 0.929688 0.886111 0.057813 0.083333
1 0.629687 0.913889 0.206250 0.169444
2 0.688281 0.908333 0.073438 0.102778
2 0.568750 0.920139 0.068750 0.106944
2 0.587109 0.984722 0.107031 0.027778
2 0.639844 0.867361 0.053125 0.015278
2 0.657031 0.918750 0.054688 0.093056
2 0.600391 0.870833 0.052344 0.013889
2 0.616406 0.922222 0.056250 0.094444
1 0.875000 0.879167 0.179688 0.150000
2 0.924219 0.820139 0.067187 0.023611
2 0.827734 0.857639 0.071094 0.081944
2 0.829688 0.926389 0.075000 0.052778
2 0.880859 0.814583 0.042969 0.006944
2 0.901172 0.825694 0.050781 0.018056
2 0.850391 0.816667 0.042969 0.008333
2 0.869531 0.828472 0.050000 0.018056
1 0.590625 0.912500 0.187500 0.172222
2 0.644922 0.844444 0.064844 0.030556
2 0.524219 0.886111 0.040625 0.094444
2 0.523828 0.965278 0.041406 0.066667
2 0.601172 0.838889 0.047656 0.011111
2 0.614844 0.852778 0.050000 0.019444
2 0.564453 0.840972 0.047656 0.009722
2 0.584375 0.856250 0.035937 0.020833
2 0.972656 0.824306 0.029687 0.015278
2 0.939453 0.813194 0.035156 0.015278