3 0.499609 0.956944 0.999219 0.083333
4 0.867188 0.936806 0.010937 0.123611
5 0.031641 0.936806 0.063281 0.020833
5 0.031641 0.936806 0.063281 0.020833
5 0.031641 0.936806 0.063281 0.020833
5 0.032031 0.916667 0.064062 0.022222
5 0.032031 0.916667 0.064062 0.022222
5 0.032031 0.916667 0.064062 0.022222
5 0.031250 0.954861 0.062500 0.020833
5 0.031250 0.954861 0.062500 0.020833
5 0.031250 0.954861 0.062500 0.020833
5 0.119922 0.948611 0.097656 0.019444
5 0.119922 0.948611 0.097656 0.019444
5 0.119922 0.948611 0.097656 0.019444
5 0.120313 0.931250 0.096875 0.020833
5 0.120313 0.931250 0.096875 0.020833
5 0.120313 0.931250 0.096875 0.020833
5 0.120703 0.912500 0.097656 0.019444
5 0.120703 0.912500 0.097656 0.019444
5 0.120703 0.912500 0.097656 0.019444
5 0.121484 0.893750 0.097656 0.018056
5 0.121484 0.893750 0.097656 0.018056
5 0.121484 0.893750 0.097656 0.018056
6 0.627344 0.920139 0.118750 0.145833
6 0.467578 0.914583 0.107031 0.131944
6 0.626172 0.789583 0.119531 0.143056
6 0.535547 0.917361 0.096094 0.137500
7 0.512500 0.992361 0.103125 0.012500
8 0.937109 0.974306 0.124219 0.048611
5 0.940625 0.956944 0.115625 0.027778
8 0.833984 0.971528 0.125781 0.054167
5 0.834766 0.950694 0.111719 0.026389
8 0.746875 0.971528 0.121875 0.054167
5 0.747656 0.946528 0.109375 0.023611
8 0.661328 0.969444 0.117969 0.058333
5 0.661719 0.943056 0.106250 0.022222
8 0.793750 0.973611 0.079687 0.050000
5 0.807031 0.938889 0.098437 0.019444
8 0.712891 0.972222 0.080469 0.052778
5 0.725000 0.935417 0.095312 0.018056
8 0.889453 0.968056 0.110156 0.061111
5 0.888672 0.942361 0.100781 0.020833
8 0.965625 0.979167 0.067187 0.038889
5 0.967578 0.947222 0.063281 0.022222
8 0.798828 0.919444 0.058594 0.022222
5 0.797656 0.904861 0.051562 0.009722
8 0.752734 0.917361 0.053906 0.018056
5 0.753516 0.902778 0.052344 0.008333
8 0.837891 0.920833 0.050781 0.022222
5 0.839844 0.905556 0.043750 0.008333
8 0.890234 0.919444 0.057031 0.025000
5 0.894141 0.906250 0.047656 0.009722
8 0.720703 0.915972 0.061719 0.023611
5 0.720703 0.905556 0.055469 0.008333
8 0.766797 0.918056 0.063281 0.025000
5 0.766406 0.906250 0.054688 0.009722
8 0.811328 0.918056 0.063281 0.022222
5 0.812109 0.907639 0.057031 0.009722
8 0.863281 0.920139 0.065625 0.026389
5 0.863281 0.909028 0.057813 0.009722
8 0.978125 0.921528 0.042188 0.026389
5 0.978516 0.909028 0.035156 0.009722
8 0.992969 0.924306 0.012500 0.023611
5 0.993359 0.914583 0.008594 0.009722
0 0.997266 0.893750 0.003906 0.081944
0 0.359766 0.846528 0.108594 0.218056
1 0.865234 0.848611 0.083594 0.052778
2 0.878906 0.846528 0.006250 0.029167
2 0.886719 0.887500 0.034375 0.027778
2 0.871094 0.846528 0.009375 0.029167
2 0.871875 0.861111 0.001563 0.000000
1 0.977344 0.846528 0.014063 0.054167
2 0.986719 0.873611 0.017188 0.000000
2 0.996484 0.873611 0.000781 0.000000
1 0.826562 0.859722 0.090625 0.083333
2 0.794141 0.873611 0.016406 0.000000
2 0.851562 0.845139 0.029687 0.031944
2 0.837109 0.886806 0.060156 0.026389
2 0.829297 0.845833 0.014844 0.030556
2 0.831641 0.861111 0.005469 0.000000
1 0.946094 0.871528 0.017188 0.112500
2 0.986719 0.875000 0.020313 0.000000
2 0.998828 0.839583 0.000781 0.023611
1 0.779297 0.871528 0.097656 0.115278
2 0.811719 0.843750 0.020313 0.034722
2 0.813281 0.887500 0.020313 0.025000
1 0.947656 0.870139 0.103125 0.123611
2 0.908594 0.875000 0.000000 0.000000
2 0.912891 0.875000 0.007031 0.000000
2 0.990625 0.842361 0.015625 0.037500
2 0.966797 0.888889 0.060156 0.027778
2 0.943359 0.861111 0.000781 0.000000
2 0.945312 0.861111 0.001563 0.000000
1 0.757031 0.870139 0.100000 0.118056
2 0.721094 0.887500 0.018750 0.025000
2 0.719922 0.843750 0.017969 0.034722
2 0.784375 0.843056 0.034375 0.036111
2 0.766797 0.890972 0.072656 0.031944
2 0.738281 0.843750 0.018750 0.034722
2 0.742578 0.861111 0.003906 0.000000
2 0.757422 0.843750 0.019531 0.034722
2 0.761719 0.861111 0.004687 0.000000
1 0.933984 0.869444 0.114844 0.125000
2 0.894922 0.893056 0.022656 0.033333
2 0.892578 0.841667 0.022656 0.038889
2 0.966016 0.841667 0.035156 0.038889
2 0.946094 0.895833 0.079687 0.038889
2 0.909375 0.841667 0.012500 0.038889
2 0.914844 0.861111 0.001563 0.000000
2 0.942187 0.841667 0.014063 0.038889
2 0.939453 0.861111 0.005469 0.000000
2 0.482031 0.912500 0.054688 0.041667
2 0.509375 0.890278 0.000000 0.000000
2 0.546484 0.915278 0.072656 0.044444
2 0.623437 0.913194 0.003125 0.040278
2 0.546484 0.873611 0.072656 0.038889
2 0.622656 0.872917 0.003125 0.037500
2 0.546094 0.827778 0.071875 0.038889
2 0.622266 0.822917 0.002344 0.020833