3 0.499609 0.836806 0.999219 0.323611
5 0.035547 0.935417 0.071094 0.054167
5 0.035547 0.935417 0.071094 0.054167
5 0.035547 0.935417 0.071094 0.054167
5 0.035547 0.917361 0.071094 0.054167
5 0.035547 0.917361 0.071094 0.054167
5 0.035547 0.917361 0.071094 0.054167
5 0.035547 0.897222 0.071094 0.052778
5 0.035547 0.897222 0.071094 0.052778
5 0.035547 0.897222 0.071094 0.052778
5 0.035547 0.876389 0.071094 0.052778
5 0.035547 0.876389 0.071094 0.052778
5 0.035547 0.876389 0.071094 0.052778
6 0.649609 0.939583 0.083594 0.118056
6 0.475781 0.918750 0.100000 0.151389
6 0.649609 0.824306 0.083594 0.151389
6 0.563672 0.924306 0.099219 0.148611
7 0.997266 0.707639 0.002344 0.012500
7 0.932813 0.708333 0.025000 0.019444
7 0.877344 0.705556 0.021875 0.019444
8 0.736328 0.996528 0.003906 0.004167
5 0.755859 0.996528 0.035156 0.004167
8 0.852344 0.978472 0.065625 0.040278
5 0.854297 0.978472 0.058594 0.040278
8 0.771094 0.973611 0.068750 0.050000
5 0.772266 0.973611 0.060156 0.050000
8 0.925391 0.981944 0.064844 0.033333
5 0.928516 0.981944 0.061719 0.033333
8 0.986328 0.986806 0.021094 0.023611
5 0.990234 0.986806 0.017969 0.023611
8 0.630469 0.767361 0.043750 0.043056
5 0.631250 0.753472 0.039062 0.018056
8 0.586719 0.764583 0.045312 0.045833
5 0.587109 0.750694 0.039844 0.018056
8 0.670312 0.770833 0.042188 0.047222
5 0.671094 0.756250 0.037500 0.018056
8 0.726562 0.776389 0.021875 0.044444
5 0.725781 0.760417 0.020313 0.018056
8 0.572266 0.781944 0.047656 0.050000
5 0.572656 0.767361 0.042188 0.020833
8 0.617969 0.784722 0.046875 0.047222
5 0.618359 0.770833 0.041406 0.022222
8 0.660547 0.786806 0.046094 0.045833
5 0.660937 0.773611 0.040625 0.022222
8 0.708984 0.794444 0.044531 0.050000
5 0.709375 0.778472 0.039062 0.020833
8 0.954688 0.798611 0.000000 0.000000
5 0.935547 0.779167 0.041406 0.013889
8 0.928906 0.779167 0.050000 0.038889
5 0.933594 0.766667 0.040625 0.013889
8 0.956641 0.813889 0.000781 0.000000
5 0.949609 0.793750 0.024219 0.015278
5 0.955469 0.808333 0.017188 0.013889
8 0.802344 0.783333 0.040625 0.050000
5 0.802734 0.768750 0.035156 0.020833
8 0.851953 0.781944 0.042969 0.041667
5 0.852344 0.770139 0.037500 0.018056
8 0.855859 0.797917 0.038281 0.040278
5 0.859375 0.785417 0.040625 0.015278
8 0.855469 0.815972 0.040625 0.048611
5 0.857422 0.802083 0.041406 0.020833
0 0.936719 0.784028 0.125000 0.229167
0 0.339844 0.814583 0.012500 0.176389
1 0.611719 0.650000 0.068750 0.094444
2 0.588672 0.619444 0.017969 0.013889
2 0.633984 0.629167 0.017969 0.030556
2 0.634766 0.665972 0.016406 0.031944
2 0.602734 0.620833 0.016406 0.011111
2 0.605859 0.614583 0.014844 0.001389
2 0.617578 0.622222 0.016406 0.011111
2 0.620313 0.614583 0.015625 0.001389
1 0.775781 0.656944 0.003125 0.094444
2 0.721875 0.624306 0.010937 0.015278
2 0.767188 0.634028 0.015625 0.029167
2 0.774609 0.672917 0.000781 0.026389
2 0.735156 0.625000 0.015625 0.011111
2 0.736328 0.618750 0.014844 0.001389
2 0.744922 0.626389 0.003906 0.011111
2 0.751563 0.618750 0.015625 0.001389
1 0.594531 0.666667 0.075000 0.102778
2 0.570312 0.634722 0.020313 0.016667
2 0.618750 0.644444 0.020313 0.033333
2 0.618359 0.684028 0.021094 0.034722
2 0.584766 0.636111 0.017969 0.013889
2 0.588281 0.627778 0.015625 0.002778
2 0.601172 0.637500 0.017969 0.013889
2 0.603906 0.628472 0.017188 0.001389
1 0.772656 0.674306 0.003125 0.104167
2 0.717969 0.640278 0.004687 0.016667
2 0.765234 0.649306 0.011719 0.031944
2 0.771094 0.691667 0.000000 0.033333
2 0.728125 0.641667 0.017188 0.013889
2 0.729297 0.632639 0.016406 0.001389
2 0.741797 0.642361 0.010156 0.015278
2 0.742578 0.633333 0.008594 0.002778
1 0.573438 0.686806 0.081250 0.112500
2 0.546875 0.646528 0.023438 0.006944
2 0.599609 0.661806 0.022656 0.034722
2 0.605078 0.704861 0.011719 0.034722
2 0.562109 0.648611 0.019531 0.005556
2 0.567187 0.644444 0.017188 0.002778
2 0.579688 0.649306 0.018750 0.004167
2 0.584375 0.645833 0.018750 0.002778
1 0.728906 0.695139 0.082812 0.118056
2 0.691016 0.654167 0.000781 0.002778
2 0.763281 0.659028 0.007812 0.015278
2 0.765625 0.729861 0.000000 0.004167
2 0.722266 0.654861 0.013281 0.004167
2 0.723047 0.651389 0.014844 0.002778
2 0.737500 0.656250 0.017188 0.004167
2 0.738281 0.651389 0.015625 0.002778
1 0.569531 0.698611 0.073438 0.113889
2 0.538672 0.716667 0.011719 0.036111
2 0.539453 0.697222 0.013281 0.002778
2 0.540625 0.669444 0.015625 0.038889
2 0.590625 0.672222 0.023438 0.038889
2 0.572656 0.717361 0.060937 0.040278
2 0.551562 0.672222 0.020313 0.036111
2 0.556641 0.652778 0.019531 0.002778
2 0.570703 0.673611 0.021094 0.036111
2 0.574609 0.653472 0.019531 0.001389
1 0.725391 0.706250 0.086719 0.123611
2 0.688281 0.724306 0.006250 0.037500
2 0.689844 0.704167 0.003125 0.000000
2 0.688281 0.676389 0.006250 0.038889
2 0.755078 0.679861 0.019531 0.040278
2 0.740625 0.726389 0.050000 0.041667
2 0.720313 0.679861 0.009375 0.037500
2 0.721094 0.659722 0.010937 0.002778
2 0.734766 0.681250 0.019531 0.037500
2 0.736328 0.660417 0.019531 0.004167
2 0.347656 0.768750 0.021875 0.054167
2 0.346875 0.734722 0.023438 0.013889
2 0.399609 0.776389 0.080469 0.052778
2 0.449219 0.761111 0.017188 0.050000
2 0.399609 0.734722 0.080469 0.050000
2 0.449219 0.722222 0.017188 0.047222
2 0.399609 0.691667 0.080469 0.052778
2 0.419531 0.681250 0.076563 0.051389