3 0.505859 0.881250 0.986719 0.234722
5 0.597266 0.749306 0.016406 0.004167
5 0.597266 0.749306 0.016406 0.004167
5 0.597266 0.749306 0.016406 0.004167
5 0.599609 0.761111 0.011719 0.005556
5 0.599609 0.761111 0.011719 0.005556
5 0.599609 0.761111 0.011719 0.005556
5 0.632031 0.764583 0.037500 0.001389
5 0.632031 0.764583 0.037500 0.001389
5 0.632031 0.764583 0.037500 0.001389
6 0.514062 0.734722 0.014063 0.066667
6 0.177734 0.702083 0.032031 0.029167
7 0.807422 0.875000 0.383594 0.158333
7 0.932813 0.791667 0.132812 0.013889
8 0.842187 0.755556 0.071875 0.038889
5 0.864062 0.737500 0.018750 0.008333
8 0.864844 0.755556 0.067187 0.038889
5 0.880859 0.738194 0.013281 0.006944
8 0.821094 0.756250 0.075000 0.040278
5 0.822266 0.737500 0.063281 0.008333
8 0.792578 0.756250 0.077344 0.043056
5 0.796875 0.737500 0.057813 0.008333
8 0.802344 0.760417 0.060937 0.026389
8 0.782813 0.760417 0.059375 0.026389
8 0.756250 0.761111 0.070312 0.027778
8 0.724219 0.761111 0.064062 0.030556
8 0.626172 0.757639 0.074219 0.048611
5 0.621094 0.735417 0.064062 0.009722
8 0.673438 0.757639 0.089063 0.051389
5 0.673438 0.734722 0.079687 0.011111
8 0.573438 0.756944 0.079687 0.047222
5 0.575000 0.735417 0.073438 0.009722
8 0.522266 0.756250 0.063281 0.045833
5 0.525000 0.736111 0.060937 0.008333
8 0.730469 0.756944 0.081250 0.044444
5 0.751563 0.736111 0.028125 0.008333
8 0.700000 0.756944 0.084375 0.047222
5 0.716016 0.735417 0.041406 0.009722
8 0.630859 0.762500 0.075781 0.033333
5 0.637109 0.738194 0.030469 0.004167
8 0.586719 0.761806 0.075000 0.031944
8 0.168750 0.762500 0.048438 0.075000
5 0.169141 0.728472 0.047656 0.015278
8 0.150391 0.768750 0.013281 0.048611
5 0.148438 0.733333 0.004687 0.005556
0 0.036719 0.499306 0.073438 0.998611
0 0.153906 0.634028 0.017188 0.165278
0 0.498437 0.675694 0.021875 0.198611
0 0.649609 0.698611 0.083594 0.136111
1 0.979688 0.693750 0.039062 0.176389
2 0.982422 0.650694 0.033594 0.054167
2 0.983203 0.724306 0.032031 0.054167
2 0.983984 0.677778 0.005469 0.000000
1 0.986328 0.734028 0.025781 0.081944
1 0.941016 0.693750 0.111719 0.173611
2 0.923828 0.654167 0.067969 0.052778
2 0.929688 0.725000 0.076563 0.052778
2 0.914844 0.680556 0.003125 0.000000
2 0.961719 0.654861 0.009375 0.051389
2 0.339453 0.761111 0.296094 0.175000
2 0.092969 0.767361 0.106250 0.212500
2 0.101953 0.556250 0.097656 0.218056
2 0.341016 0.596528 0.292969 0.181944
2 0.189062 0.753472 0.007812 0.073611
2 0.165234 0.752778 0.041406 0.072222
2 0.963672 0.765972 0.021094 0.006944
2 0.847266 0.751389 0.042969 0.038889
2 0.912891 0.751389 0.069531 0.038889
2 0.846484 0.711111 0.042969 0.038889
2 0.911719 0.711111 0.068750 0.038889
2 0.845703 0.672917 0.042969 0.040278
2 0.878906 0.670833 0.004687 0.038889