3 0.519141 0.954167 0.885156 0.088889
8 0.339453 0.906944 0.008594 0.016667
5 0.321484 0.897222 0.033594 0.005556
5 0.321484 0.897222 0.033594 0.005556
5 0.321484 0.897222 0.033594 0.005556
5 0.321484 0.890278 0.033594 0.005556
5 0.321484 0.890278 0.033594 0.005556
5 0.321484 0.890278 0.033594 0.005556
5 0.321484 0.904861 0.033594 0.006944
5 0.321484 0.904861 0.033594 0.006944
5 0.321484 0.904861 0.033594 0.006944
5 0.287891 0.905556 0.032031 0.005556
5 0.287891 0.905556 0.032031 0.005556
5 0.287891 0.905556 0.032031 0.005556
5 0.287891 0.898611 0.032031 0.005556
5 0.287891 0.898611 0.032031 0.005556
5 0.287891 0.898611 0.032031 0.005556
5 0.287891 0.891667 0.032031 0.005556
5 0.287891 0.891667 0.032031 0.005556
5 0.287891 0.891667 0.032031 0.005556
5 0.289844 0.884722 0.034375 0.005556
5 0.289844 0.884722 0.034375 0.005556
5 0.289844 0.884722 0.034375 0.005556
6 0.255469 0.886111 0.018750 0.036111
5 0.937500 0.976389 0.000000 0.000000
5 0.937500 0.976389 0.000000 0.000000
5 0.937500 0.976389 0.000000 0.000000
5 0.969531 0.979861 0.059375 0.018056
5 0.969531 0.979861 0.059375 0.018056
5 0.969531 0.979861 0.059375 0.018056
6 0.325391 0.933333 0.097656 0.130556
6 0.515234 0.932639 0.092969 0.129167
6 0.327344 0.813889 0.096875 0.127778
6 0.420703 0.932639 0.092969 0.129167
7 0.288672 0.960417 0.041406 0.023611
7 0.561719 0.915278 0.000000 0.008333
7 0.598047 0.915972 0.016406 0.009722
7 0.439453 0.915972 0.011719 0.006944
7 0.488672 0.915278 0.017969 0.008333
8 0.192188 0.981250 0.017188 0.009722
8 0.242578 0.959028 0.060156 0.054167
5 0.265625 0.931944 0.006250 0.005556
8 0.142578 0.990278 0.064844 0.011111
8 0.230859 0.972917 0.044531 0.045833
8 0.096484 0.993056 0.025781 0.008333
0 0.809766 0.854861 0.117969 0.287500
1 0.689453 0.884028 0.061719 0.115278
1 0.650391 0.884028 0.050781 0.115278
1 0.667969 0.882639 0.056250 0.106944
1 0.626953 0.882639 0.053906 0.106944
1 0.648828 0.881944 0.047656 0.100000
1 0.610938 0.881944 0.048438 0.100000
1 0.673828 0.877083 0.063281 0.079167
1 0.288281 0.883333 0.084375 0.111111
1 0.294531 0.882639 0.081250 0.106944
1 0.971094 0.748611 0.056250 0.500000
2 0.991797 0.763194 0.014844 0.318056
1 0.102734 0.640278 0.205469 0.716667
2 0.083984 0.707639 0.167969 0.493056
1 0.901172 0.762500 0.189844 0.472222
2 0.914844 0.775694 0.162500 0.281944
2 0.919531 0.994444 0.159375 0.008333
1 0.217188 0.752083 0.115625 0.493056
2 0.175781 0.998611 0.132812 0.000000
2 0.204687 0.768750 0.090625 0.304167
2 0.087891 0.997917 0.022656 0.001389