3 0.499609 0.795833 0.999219 0.405556
4 0.041406 0.878472 0.007812 0.087500
8 0.006641 0.624306 0.013281 0.023611
6 0.014453 0.574306 0.028906 0.045833
6 0.023438 0.572222 0.010937 0.044444
6 0.001563 0.543056 0.003125 0.036111
6 0.001953 0.576389 0.003906 0.041667
5 0.691406 0.759722 0.040625 0.030556
5 0.691406 0.759722 0.040625 0.030556
5 0.691406 0.759722 0.040625 0.030556
5 0.692578 0.744444 0.042969 0.033333
5 0.692578 0.744444 0.042969 0.033333
5 0.692578 0.744444 0.042969 0.033333
5 0.691406 0.769444 0.040625 0.022222
5 0.691406 0.769444 0.040625 0.022222
5 0.691406 0.769444 0.040625 0.022222
5 0.805469 0.807639 0.015625 0.018056
5 0.805469 0.807639 0.015625 0.018056
5 0.805469 0.807639 0.015625 0.018056
5 0.805469 0.793056 0.015625 0.019444
5 0.805469 0.793056 0.015625 0.019444
5 0.805469 0.793056 0.015625 0.019444
5 0.794922 0.777083 0.038281 0.020833
5 0.794922 0.777083 0.038281 0.020833
5 0.794922 0.777083 0.038281 0.020833
5 0.794922 0.762500 0.038281 0.027778
5 0.794922 0.762500 0.038281 0.027778
5 0.794922 0.762500 0.038281 0.027778
6 0.356641 0.890972 0.094531 0.129167
6 0.497266 0.849306 0.088281 0.131944
6 0.356250 0.784028 0.095312 0.134722
6 0.430859 0.865972 0.091406 0.137500
7 0.218359 0.852778 0.047656 0.041667
7 0.240234 0.632639 0.027344 0.015278
7 0.288281 0.629167 0.017188 0.013889
7 0.135156 0.645139 0.023438 0.015278
7 0.180469 0.639583 0.026562 0.015278
8 0.035937 0.933333 0.056250 0.086111
5 0.037109 0.913194 0.052344 0.045833
8 0.131641 0.915278 0.022656 0.075000
5 0.129297 0.894444 0.017969 0.036111
8 0.163672 0.904167 0.058594 0.080556
5 0.165234 0.884722 0.055469 0.041667
8 0.230078 0.879861 0.066406 0.054167
5 0.229297 0.870833 0.058594 0.038889
8 0.188281 0.945833 0.070312 0.075000
5 0.187109 0.922917 0.061719 0.043056
8 0.255078 0.925000 0.072656 0.083333
5 0.253906 0.905556 0.064062 0.044444
8 0.143750 0.953472 0.039062 0.081944
5 0.142969 0.931944 0.031250 0.041667
8 0.041016 0.968750 0.046094 0.059722
5 0.042578 0.954861 0.042969 0.051389
0 0.200781 0.936111 0.159375 0.125000
0 0.761328 0.786111 0.147656 0.227778
1 0.430469 0.645139 0.065625 0.112500
1 0.395703 0.650000 0.066406 0.113889
1 0.393359 0.624306 0.061719 0.093056
1 0.359766 0.635417 0.061719 0.106944
1 0.360938 0.612500 0.057813 0.086111
1 0.335156 0.622917 0.045312 0.101389
1 0.344141 0.587500 0.061719 0.083333
1 0.032813 0.689583 0.056250 0.120833
1 0.030469 0.678472 0.060937 0.115278