3 0.499609 0.837500 0.999219 0.322222
4 0.357422 0.777083 0.003906 0.062500
4 0.326172 0.820833 0.021094 0.069444
4 0.319922 0.893750 0.002344 0.006944
4 0.300391 0.890972 0.027344 0.093056
4 0.292187 0.938194 0.009375 0.093056
4 0.260547 0.977778 0.017969 0.041667
8 0.328125 0.965972 0.071875 0.065278
8 0.902344 0.832639 0.079687 0.037500
5 0.410938 0.670833 0.029687 0.008333
5 0.410938 0.670833 0.029687 0.008333
5 0.410938 0.670833 0.029687 0.008333
5 0.410938 0.660417 0.029687 0.012500
5 0.410938 0.660417 0.029687 0.012500
5 0.410938 0.660417 0.029687 0.012500
5 0.410938 0.679167 0.029687 0.008333
5 0.410938 0.679167 0.029687 0.008333
5 0.410938 0.679167 0.029687 0.008333
5 0.464844 0.676389 0.039062 0.011111
5 0.464844 0.676389 0.039062 0.011111
5 0.464844 0.676389 0.039062 0.011111
5 0.464844 0.668750 0.039062 0.012500
5 0.464844 0.668750 0.039062 0.012500
5 0.464844 0.668750 0.039062 0.012500
5 0.464844 0.660417 0.039062 0.012500
5 0.464844 0.660417 0.039062 0.012500
5 0.464844 0.660417 0.039062 0.012500
5 0.464844 0.651389 0.039062 0.011111
5 0.464844 0.651389 0.039062 0.011111
5 0.464844 0.651389 0.039062 0.011111
6 0.484375 0.729861 0.031250 0.065278
6 0.484375 0.697917 0.025000 0.056944
6 0.485938 0.666667 0.034375 0.072222
6 0.485547 0.709028 0.028906 0.062500
6 0.453516 0.790972 0.058594 0.090278
6 0.468359 0.818750 0.067969 0.106944
7 0.437891 0.998611 0.000781 0.000000
7 0.135937 0.993750 0.037500 0.009722
7 0.212500 0.879861 0.039062 0.040278
7 0.336328 0.761111 0.050781 0.016667
7 0.312109 0.829167 0.050781 0.022222
8 0.416797 0.886806 0.041406 0.062500
5 0.419531 0.869444 0.039062 0.030556
8 0.375391 0.863889 0.000781 0.002778
5 0.368750 0.860417 0.026562 0.009722
8 0.401562 0.796528 0.043750 0.026389
5 0.402344 0.779861 0.042188 0.015278
8 0.389844 0.794444 0.000000 0.000000
5 0.406641 0.765278 0.033594 0.011111
8 0.412891 0.755556 0.046094 0.008333
5 0.411328 0.754861 0.042969 0.009722
8 0.436328 0.745833 0.005469 0.011111
5 0.416406 0.744444 0.040625 0.011111
8 0.468750 0.761111 0.045312 0.019444
5 0.468359 0.754861 0.041406 0.009722
8 0.469922 0.752083 0.046094 0.023611
5 0.469141 0.745139 0.041406 0.009722
8 0.490234 0.779167 0.005469 0.033333
5 0.486719 0.766667 0.006250 0.011111
8 0.487891 0.794444 0.007031 0.041667
5 0.485938 0.781250 0.004687 0.015278
8 0.825391 0.717361 0.039844 0.018056
5 0.828125 0.711806 0.042188 0.009722
8 0.816406 0.709028 0.037500 0.018056
5 0.818359 0.704167 0.038281 0.008333
8 0.839453 0.731250 0.047656 0.031944
5 0.839063 0.720833 0.043750 0.011111
8 0.850000 0.739583 0.050000 0.029167
5 0.849219 0.729861 0.045312 0.012500
8 0.772656 0.710417 0.043750 0.020833
5 0.772266 0.702778 0.039844 0.008333
8 0.776953 0.722222 0.039844 0.027778
5 0.779687 0.711111 0.040625 0.008333
8 0.789453 0.731250 0.047656 0.031944
5 0.789062 0.718750 0.042188 0.006944
8 0.798438 0.741667 0.048438 0.033333
5 0.800391 0.729167 0.038281 0.011111
8 0.887109 0.793750 0.041406 0.045833
5 0.888281 0.779167 0.039062 0.019444
8 0.938672 0.794444 0.042969 0.044444
5 0.936719 0.779861 0.039062 0.020833
8 0.852344 0.793750 0.046875 0.045833
5 0.851953 0.779861 0.041406 0.020833
8 0.808203 0.793056 0.044531 0.044444
5 0.807422 0.779167 0.039844 0.019444
8 0.865625 0.754167 0.054688 0.022222
5 0.864844 0.747917 0.050000 0.012500
8 0.880078 0.770833 0.055469 0.036111
5 0.880469 0.759722 0.051562 0.013889
8 0.837500 0.775694 0.043750 0.043056
5 0.836719 0.761806 0.039062 0.018056
8 0.795312 0.775694 0.042188 0.043056
5 0.794531 0.761111 0.037500 0.016667
8 0.980859 0.877778 0.036719 0.036111
5 0.982422 0.869444 0.033594 0.022222
8 0.953906 0.851389 0.021875 0.022222
5 0.972656 0.848611 0.053125 0.019444
8 0.972656 0.968056 0.053125 0.061111
5 0.974609 0.952778 0.049219 0.030556
8 0.959766 0.943056 0.071094 0.063889
5 0.963281 0.923611 0.071875 0.025000
0 0.767188 0.845833 0.087500 0.258333
0 0.717578 0.736806 0.058594 0.181944
0 0.541406 0.647222 0.032813 0.116667
1 0.120703 0.654167 0.069531 0.086111
1 0.110156 0.661111 0.071875 0.088889
1 0.053906 0.655556 0.071875 0.086111
1 0.041406 0.661111 0.073438 0.088889
1 0.011328 0.657639 0.021094 0.081944
1 0.006250 0.661806 0.012500 0.087500
1 0.933984 0.648611 0.058594 0.047222
2 0.924219 0.638194 0.034375 0.004167
2 0.946094 0.653472 0.028125 0.018056
2 0.925391 0.641667 0.014844 0.005556
2 0.939844 0.639583 0.015625 0.001389
2 0.926953 0.654167 0.016406 0.025000
2 0.944922 0.642361 0.017969 0.001389
1 0.980469 0.707639 0.037500 0.115278
2 0.970703 0.709722 0.000781 0.000000
2 0.981641 0.664583 0.035156 0.006944
2 0.992969 0.687500 0.012500 0.033333
2 0.985547 0.727778 0.027344 0.038889
2 0.982422 0.666667 0.021094 0.005556
2 0.994141 0.665278 0.010156 0.002778
2 0.989062 0.684028 0.020313 0.031944
2 0.998828 0.668056 0.000781 0.000000
1 0.894141 0.675694 0.057031 0.101389
2 0.873437 0.686111 0.010937 0.027778
2 0.885156 0.650000 0.034375 0.027778
2 0.901953 0.659028 0.035156 0.029167
2 0.895312 0.693056 0.043750 0.036111
2 0.882812 0.652778 0.018750 0.027778
2 0.899609 0.639583 0.016406 0.001389
2 0.887109 0.655556 0.016406 0.027778
2 0.902344 0.641667 0.012500 0.000000
1 0.951172 0.707639 0.067969 0.115278
2 0.927344 0.715278 0.014063 0.027778
2 0.939063 0.673611 0.037500 0.025000
2 0.961719 0.687500 0.040625 0.033333
2 0.956641 0.726389 0.050781 0.041667
2 0.939453 0.679861 0.014844 0.031944
2 0.955469 0.665278 0.021875 0.002778
2 0.944141 0.684028 0.021094 0.031944
2 0.962891 0.668750 0.019531 0.001389
2 0.942969 0.890972 0.087500 0.076389
2 0.874219 0.893750 0.082812 0.081944
2 0.704297 0.675000 0.007031 0.033333
2 0.728125 0.688889 0.039062 0.030556
2 0.767188 0.684722 0.037500 0.027778
2 0.728125 0.657639 0.039062 0.034722
2 0.767188 0.659028 0.037500 0.031944
2 0.728125 0.631250 0.039062 0.034722
2 0.765625 0.631250 0.040625 0.034722
5 0.360938 0.870139 0.057813 0.029167
5 0.360938 0.882639 0.057813 0.029167
5 0.360938 0.893056 0.057813 0.027778
5 0.360938 0.904167 0.057813 0.030556
5 0.360938 0.927778 0.057813 0.030556
5 0.360938 0.916667 0.057813 0.030556
5 0.361328 0.950000 0.057031 0.030556
5 0.361328 0.938889 0.057031 0.030556
5 0.435937 0.893750 0.059375 0.026389
5 0.435937 0.905556 0.059375 0.027778
5 0.436328 0.927778 0.060156 0.030556
5 0.435937 0.917361 0.059375 0.029167
5 0.436328 0.948611 0.060156 0.033333
5 0.436328 0.937500 0.060156 0.033333
5 0.435937 0.883333 0.059375 0.027778
5 0.435937 0.870139 0.059375 0.029167
5 0.523828 0.893750 0.058594 0.026389
5 0.523828 0.905556 0.058594 0.027778
5 0.523828 0.929167 0.058594 0.027778
5 0.523828 0.916667 0.058594 0.027778
5 0.523828 0.948611 0.058594 0.033333
5 0.523828 0.939583 0.058594 0.026389
5 0.011328 0.802778 0.022656 0.011111
5 0.011328 0.811111 0.022656 0.013889
5 0.523828 0.883333 0.058594 0.027778
5 0.523828 0.871528 0.058594 0.026389
5 0.523828 0.803472 0.058594 0.023611
5 0.523828 0.814583 0.058594 0.026389
5 0.523828 0.838194 0.058594 0.026389
5 0.523828 0.827083 0.058594 0.026389
5 0.523828 0.860417 0.058594 0.026389
5 0.523828 0.850000 0.058594 0.025000
5 0.011328 0.792361 0.022656 0.018056
5 0.011328 0.784028 0.022656 0.018056
5 0.523828 0.792361 0.058594 0.026389
5 0.523828 0.779861 0.058594 0.026389