3 0.499609 0.819444 0.999219 0.358333
8 0.910937 0.817361 0.096875 0.079167
6 0.824609 0.965278 0.213281 0.066667
7 0.737500 0.672222 0.043750 0.022222
7 0.798047 0.666667 0.022656 0.019444
7 0.896094 0.655556 0.045312 0.019444
7 0.850781 0.660417 0.045312 0.020833
7 0.614453 0.682639 0.041406 0.023611
7 0.667969 0.677083 0.042188 0.023611
7 0.539453 0.690278 0.039844 0.025000
7 0.471094 0.697222 0.017188 0.025000
8 0.327734 0.867361 0.041406 0.076389
5 0.325781 0.847917 0.039062 0.040278
8 0.227344 0.881250 0.023438 0.076389
5 0.229687 0.858333 0.018750 0.038889
8 0.373437 0.858333 0.065625 0.075000
5 0.374219 0.840278 0.057813 0.038889
8 0.437891 0.852778 0.067969 0.077778
5 0.438672 0.831944 0.060156 0.038889
8 0.231250 0.924306 0.017188 0.087500
5 0.233203 0.900000 0.011719 0.044444
8 0.336328 0.910417 0.060156 0.093056
5 0.334766 0.888194 0.057031 0.048611
8 0.393750 0.900000 0.071875 0.088889
5 0.394531 0.877083 0.064062 0.045833
8 0.462891 0.890278 0.074219 0.086111
5 0.463281 0.868056 0.065625 0.044444
8 0.705469 0.814583 0.084375 0.043056
5 0.705078 0.806944 0.075781 0.030556
8 0.678516 0.797222 0.078906 0.047222
5 0.678125 0.786806 0.071875 0.026389
8 0.724219 0.846528 0.067187 0.070833
5 0.729688 0.825694 0.070312 0.031944
8 0.739453 0.875694 0.036719 0.068056
5 0.742578 0.852778 0.035156 0.033333
8 0.550000 0.844444 0.075000 0.069444
5 0.551172 0.821528 0.066406 0.037500
8 0.606250 0.834722 0.075000 0.066667
5 0.607031 0.812500 0.067187 0.036111
8 0.653906 0.856944 0.089063 0.072222
5 0.653516 0.835417 0.080469 0.031944
8 0.683203 0.883333 0.094531 0.077778
5 0.682422 0.862500 0.085156 0.036111
8 0.955078 0.786806 0.053906 0.059722
5 0.966406 0.767361 0.065625 0.029167
8 0.923047 0.793056 0.074219 0.058333
5 0.922266 0.772917 0.069531 0.029167
0 0.980469 0.581944 0.032813 0.102778
0 0.858594 0.835417 0.206250 0.301389
1 0.138672 0.647222 0.097656 0.091667
2 0.105469 0.633333 0.021875 0.027778
2 0.171484 0.628472 0.024219 0.026389
2 0.127344 0.636806 0.021875 0.029167
2 0.126562 0.620139 0.020313 0.004167
2 0.160156 0.631250 0.003125 0.020833
2 0.159766 0.618750 0.000781 0.001389
1 0.357422 0.608333 0.011719 0.036111
2 0.345703 0.615972 0.027344 0.023611
2 0.312109 0.620139 0.014844 0.020833
2 0.310156 0.606944 0.010937 0.002778
2 0.328516 0.618750 0.022656 0.020833
2 0.324219 0.606250 0.021875 0.004167
1 0.144922 0.694444 0.108594 0.136111
2 0.107813 0.665278 0.025000 0.036111
2 0.181250 0.659722 0.026562 0.036111
2 0.129688 0.668056 0.018750 0.036111
2 0.128906 0.647917 0.018750 0.004167
2 0.164453 0.663194 0.011719 0.029167
2 0.163672 0.645139 0.010156 0.004167
1 0.349609 0.677083 0.088281 0.129167
2 0.314844 0.710417 0.018750 0.043056
2 0.310547 0.688194 0.010156 0.001389
2 0.314063 0.654861 0.018750 0.048611
2 0.374609 0.643056 0.030469 0.033333
2 0.323828 0.704861 0.007031 0.034722
2 0.333594 0.647917 0.025000 0.029167
2 0.328125 0.631944 0.023438 0.005556
2 0.355078 0.646528 0.025781 0.029167
2 0.349609 0.629861 0.024219 0.004167
1 0.153125 0.740278 0.125000 0.163889
2 0.110547 0.692361 0.028906 0.018056
2 0.194531 0.685417 0.031250 0.018056
2 0.132031 0.695833 0.014063 0.016667
2 0.131641 0.686111 0.014844 0.008333
2 0.170313 0.690278 0.023438 0.011111
2 0.169531 0.681250 0.021875 0.006944
1 0.375391 0.724306 0.117969 0.168056
2 0.333984 0.756250 0.014844 0.051389
2 0.325391 0.747917 0.007031 0.048611
2 0.338281 0.690972 0.034375 0.056944
2 0.411719 0.664583 0.035937 0.015278
2 0.365625 0.671528 0.029687 0.009722
2 0.360547 0.663889 0.028906 0.005556
2 0.391016 0.669444 0.028906 0.011111
2 0.384766 0.661806 0.027344 0.006944
1 0.157422 0.771528 0.133594 0.195833
2 0.113281 0.807639 0.031250 0.062500
2 0.097656 0.811111 0.000000 0.016667
2 0.112109 0.734028 0.030469 0.068056
2 0.201172 0.725694 0.033594 0.065278
2 0.173828 0.800694 0.091406 0.068056
2 0.133594 0.736111 0.012500 0.058333
2 0.132812 0.703472 0.012500 0.009722
2 0.173828 0.731944 0.028906 0.058333
2 0.172656 0.699306 0.026562 0.006944
1 0.392188 0.742361 0.125000 0.176389
2 0.356250 0.776389 0.031250 0.055556
2 0.339062 0.768056 0.007812 0.052778
2 0.352734 0.708333 0.036719 0.061111
2 0.430078 0.700694 0.038281 0.059722
2 0.408203 0.770139 0.083594 0.062500
2 0.382422 0.709028 0.030469 0.054167
2 0.375391 0.679861 0.030469 0.006944
2 0.408203 0.706250 0.032031 0.054167
2 0.400781 0.677083 0.029687 0.006944
2 0.957031 0.690278 0.076563 0.052778
2 0.994141 0.627778 0.003906 0.013889
2 0.957422 0.651389 0.075781 0.052778
2 0.990625 0.800000 0.017188 0.061111
2 0.008984 0.960417 0.017969 0.076389
2 0.021484 0.930556 0.007031 0.100000
2 0.008594 0.903472 0.017188 0.104167
2 0.020703 0.863889 0.007031 0.094444
2 0.008203 0.830556 0.016406 0.102778
2 0.011719 0.795833 0.023438 0.091667