3 0.313672 0.859722 0.627344 0.277778
4 0.194922 0.752083 0.002344 0.015278
4 0.048828 0.777083 0.028906 0.065278
4 0.217188 0.743750 0.003125 0.045833
4 0.085938 0.745833 0.015625 0.047222
4 0.040625 0.746528 0.007812 0.048611
8 0.292578 0.723611 0.024219 0.016667
5 0.262891 0.711806 0.013281 0.004167
5 0.262891 0.711806 0.013281 0.004167
5 0.262891 0.711806 0.013281 0.004167
5 0.262891 0.705556 0.013281 0.005556
5 0.262891 0.705556 0.013281 0.005556
5 0.262891 0.705556 0.013281 0.005556
5 0.262891 0.717361 0.013281 0.004167
5 0.262891 0.717361 0.013281 0.004167
5 0.262891 0.717361 0.013281 0.004167
5 0.219922 0.718750 0.013281 0.004167
5 0.219922 0.718750 0.013281 0.004167
5 0.219922 0.718750 0.013281 0.004167
5 0.219922 0.713194 0.013281 0.004167
5 0.219922 0.713194 0.013281 0.004167
5 0.219922 0.713194 0.013281 0.004167
5 0.219922 0.706944 0.013281 0.005556
5 0.219922 0.706944 0.013281 0.005556
5 0.219922 0.706944 0.013281 0.005556
5 0.219922 0.700000 0.013281 0.005556
5 0.219922 0.700000 0.013281 0.005556
5 0.219922 0.700000 0.013281 0.005556
6 0.308984 0.710417 0.000781 0.015278
6 0.300781 0.677083 0.023438 0.029167
6 0.300781 0.700694 0.023438 0.031944
6 0.206250 0.704167 0.004687 0.036111
5 0.799219 0.754167 0.007812 0.005556
5 0.799219 0.754167 0.007812 0.005556
5 0.799219 0.754167 0.007812 0.005556
6 0.386328 0.780556 0.061719 0.086111
6 0.506641 0.749306 0.063281 0.029167
6 0.387109 0.704861 0.061719 0.081944
6 0.448437 0.750694 0.060937 0.029167
6 0.107422 0.782639 0.053906 0.090278
6 0.027344 0.786806 0.054688 0.093056
7 0.012891 0.790972 0.024219 0.015278
7 0.166016 0.761111 0.024219 0.013889
7 0.328906 0.790972 0.018750 0.018056
7 0.468359 0.731944 0.017969 0.005556
7 0.505078 0.731944 0.017969 0.005556
7 0.374219 0.730556 0.003125 0.000000
7 0.417578 0.732639 0.016406 0.006944
7 0.043750 0.737500 0.020313 0.005556
7 0.007031 0.738194 0.009375 0.004167
7 0.092188 0.736111 0.003125 0.005556
6 0.008594 0.687500 0.017188 0.055556
6 0.016016 0.685417 0.025781 0.054167
6 0.008203 0.740278 0.016406 0.058333
6 0.014844 0.736111 0.026562 0.055556
8 0.219922 0.793056 0.002344 0.000000
5 0.221484 0.779167 0.008594 0.008333
8 0.270703 0.793750 0.030469 0.037500
5 0.269141 0.779167 0.027344 0.011111
8 0.312500 0.792361 0.035937 0.034722
5 0.312109 0.777083 0.032031 0.006944
8 0.269531 0.802778 0.028125 0.041667
5 0.267969 0.787500 0.025000 0.013889
8 0.311328 0.802778 0.038281 0.041667
5 0.311328 0.786806 0.033594 0.012500
8 0.222266 0.800000 0.007031 0.016667
5 0.221875 0.788194 0.007812 0.012500
8 0.086719 0.913889 0.109375 0.075000
5 0.088672 0.883333 0.099219 0.019444
8 0.066797 0.934028 0.119531 0.081944
5 0.068750 0.904861 0.107813 0.029167
8 0.097266 0.897222 0.102344 0.069444
5 0.098828 0.868056 0.092969 0.013889
8 0.113281 0.881944 0.095312 0.063889
5 0.114844 0.854861 0.085938 0.015278
8 0.306641 0.911111 0.069531 0.080556
5 0.305469 0.883333 0.060937 0.030556
8 0.222656 0.914583 0.068750 0.081944
5 0.208203 0.888194 0.033594 0.031944
8 0.191406 0.896528 0.067187 0.068056
5 0.194531 0.870139 0.060937 0.023611
8 0.214453 0.879861 0.088281 0.065278
5 0.216016 0.852083 0.080469 0.012500
0 0.125391 0.766667 0.189844 0.233333
1 0.590625 0.718750 0.042188 0.084722
1 0.555469 0.719444 0.046875 0.086111
1 0.568359 0.708333 0.044531 0.066667
1 0.535937 0.712500 0.039062 0.075000
1 0.551562 0.705556 0.040625 0.063889
1 0.522266 0.711806 0.039844 0.076389
1 0.562500 0.702778 0.051562 0.063889
1 0.283984 0.719444 0.057031 0.086111
1 0.282813 0.711111 0.054688 0.069444
1 0.096875 0.719444 0.070312 0.086111
1 0.090625 0.722222 0.073438 0.088889
1 0.755859 0.920833 0.486719 0.155556
2 0.908203 0.952778 0.182031 0.091667
2 0.580859 0.960417 0.096094 0.076389
2 0.829688 0.925694 0.065625 0.026389
2 0.857812 0.968056 0.120313 0.061111
2 0.803906 0.980556 0.012500 0.036111
1 0.971094 0.859028 0.056250 0.173611
2 0.977734 0.871528 0.042969 0.120833
1 0.483594 0.891667 0.096875 0.213889
2 0.494531 0.905556 0.093750 0.155556
2 0.451172 0.994444 0.010156 0.008333
2 0.602734 0.829167 0.050781 0.011111
2 0.611328 0.877778 0.033594 0.086111
2 0.552734 0.830556 0.078906 0.011111
2 0.569141 0.879861 0.085156 0.087500
1 0.897266 0.823611 0.203906 0.172222
2 0.941797 0.880556 0.028906 0.005556
2 0.948438 0.886111 0.015625 0.005556
2 0.957812 0.788194 0.082812 0.043056
2 0.836328 0.817361 0.080469 0.095833
2 0.876953 0.902083 0.160156 0.048611
2 0.902734 0.770139 0.058594 0.004167
2 0.931250 0.817361 0.064062 0.090278
2 0.862109 0.770833 0.058594 0.005556
2 0.888672 0.818750 0.063281 0.090278
1 0.512109 0.871528 0.232031 0.254167
2 0.584375 0.800000 0.071875 0.050000
2 0.436719 0.831944 0.062500 0.105556
2 0.432422 0.947917 0.057031 0.101389
2 0.529687 0.779167 0.056250 0.005556
2 0.539844 0.803472 0.059375 0.043056
2 0.480859 0.780556 0.053906 0.005556
2 0.489844 0.805556 0.057813 0.044444
1 0.919141 0.747222 0.053906 0.036111
2 0.899219 0.761111 0.076563 0.011111
2 0.806641 0.766667 0.022656 0.005556
2 0.810937 0.870833 0.028125 0.013889
2 0.853906 0.759028 0.042188 0.004167
2 0.868750 0.764583 0.057813 0.006944
2 0.809375 0.759722 0.028125 0.002778
2 0.833203 0.764583 0.049219 0.006944
1 0.489844 0.867361 0.209375 0.262500
2 0.554688 0.770139 0.062500 0.012500
2 0.421875 0.813194 0.054688 0.093056
2 0.400391 0.920833 0.014844 0.088889
2 0.506250 0.765972 0.050000 0.004167
2 0.514453 0.773611 0.052344 0.008333
2 0.461719 0.767361 0.046875 0.004167
2 0.469922 0.773611 0.050781 0.008333
2 0.864062 0.732639 0.120313 0.048611
2 0.905859 0.740972 0.133594 0.056944
5 0.176563 0.736111 0.010937 0.002778
5 0.176953 0.731250 0.011719 0.004167
5 0.180469 0.720833 0.018750 0.005556
5 0.177734 0.726389 0.013281 0.002778
5 0.218359 0.752083 0.014844 0.006944
5 0.219141 0.755556 0.013281 0.008333
5 0.216406 0.763889 0.018750 0.005556
5 0.216016 0.760417 0.017969 0.006944
5 0.218750 0.768056 0.007812 0.005556
5 0.216406 0.754861 0.017188 0.006944
5 0.207422 0.748611 0.032031 0.008333