3 0.499609 0.880556 0.999219 0.236111
4 0.909766 0.956250 0.005469 0.084722
5 0.030078 0.893750 0.060156 0.037500
5 0.030078 0.893750 0.060156 0.037500
5 0.030078 0.893750 0.060156 0.037500
5 0.030469 0.874306 0.060937 0.037500
5 0.030469 0.874306 0.060937 0.037500
5 0.030469 0.874306 0.060937 0.037500
5 0.030078 0.911806 0.060156 0.037500
5 0.030078 0.911806 0.060156 0.037500
5 0.030078 0.911806 0.060156 0.037500
5 0.101953 0.885417 0.082031 0.031944
5 0.101953 0.885417 0.082031 0.031944
5 0.101953 0.885417 0.082031 0.031944
5 0.101953 0.868750 0.082031 0.031944
5 0.101953 0.868750 0.082031 0.031944
5 0.101953 0.868750 0.082031 0.031944
5 0.098437 0.852083 0.089063 0.031944
5 0.098437 0.852083 0.089063 0.031944
5 0.098437 0.852083 0.089063 0.031944
5 0.098437 0.834722 0.089063 0.030556
5 0.098437 0.834722 0.089063 0.030556
5 0.098437 0.834722 0.089063 0.030556
6 0.631250 0.885417 0.095312 0.126389
6 0.475781 0.868750 0.092188 0.123611
6 0.630469 0.777083 0.095312 0.120833
6 0.551172 0.875000 0.092969 0.127778
7 0.626172 0.990972 0.058594 0.015278
7 0.996484 0.786806 0.005469 0.015278
7 0.946875 0.785417 0.020313 0.015278
8 0.936328 0.970833 0.077344 0.055556
5 0.937500 0.954861 0.067187 0.040278
8 0.850781 0.963194 0.078125 0.070833
5 0.851562 0.945139 0.068750 0.037500
8 0.778125 0.959722 0.079687 0.077778
5 0.778906 0.937500 0.070312 0.036111
8 0.701562 0.954861 0.081250 0.081944
5 0.701562 0.929861 0.071875 0.034722
8 0.798828 0.936806 0.072656 0.073611
5 0.799609 0.913194 0.064844 0.029167
8 0.727344 0.929861 0.073438 0.073611
5 0.727734 0.906250 0.064844 0.029167
8 0.866016 0.943750 0.071094 0.079167
5 0.866797 0.917361 0.063281 0.029167
8 0.946484 0.951389 0.067969 0.077778
5 0.945703 0.926389 0.061719 0.030556
8 0.688281 0.812500 0.018750 0.036111
5 0.687109 0.797222 0.016406 0.011111
5 0.627344 0.795139 0.015625 0.012500
8 0.712500 0.814583 0.045312 0.037500
5 0.712500 0.799306 0.040625 0.012500
8 0.755469 0.818056 0.045312 0.038889
5 0.755859 0.802778 0.039844 0.013889
8 0.610938 0.820833 0.042188 0.033333
5 0.614062 0.802778 0.042188 0.011111
8 0.673438 0.820139 0.015625 0.037500
8 0.698828 0.823611 0.041406 0.038889
5 0.698047 0.807639 0.038281 0.015278
8 0.741016 0.827083 0.047656 0.040278
5 0.741406 0.810417 0.042188 0.015278
8 0.992578 0.820139 0.002344 0.009722
5 0.965625 0.814583 0.031250 0.006944
8 0.994141 0.818056 0.005469 0.019444
5 0.970703 0.810417 0.044531 0.012500
8 0.993750 0.830556 0.003125 0.016667
5 0.971094 0.821528 0.040625 0.009722
8 0.985938 0.836111 0.012500 0.013889
5 0.966406 0.832639 0.029687 0.015278
8 0.835547 0.823611 0.039844 0.041667
5 0.835938 0.808333 0.035937 0.013889
8 0.865234 0.809028 0.003906 0.009722
5 0.873828 0.806944 0.014844 0.008333
8 0.868359 0.835417 0.011719 0.034722
5 0.871484 0.814583 0.016406 0.006944
8 0.866406 0.843750 0.026562 0.037500
5 0.866797 0.825000 0.022656 0.013889
0 0.938672 0.791667 0.121094 0.211111
0 0.311328 0.783333 0.142969 0.197222
1 0.691406 0.734722 0.060937 0.088889
2 0.667969 0.702083 0.014063 0.004167
2 0.708203 0.714583 0.019531 0.026389
2 0.698438 0.750000 0.040625 0.027778
2 0.676953 0.703472 0.014844 0.004167
2 0.681250 0.700000 0.010937 0.000000
2 0.692578 0.714583 0.016406 0.026389
1 0.815234 0.739583 0.071094 0.090278
2 0.797656 0.704861 0.006250 0.004167
2 0.838672 0.718056 0.017969 0.027778
2 0.835156 0.754861 0.026562 0.029167
2 0.805859 0.706250 0.016406 0.004167
2 0.807422 0.702778 0.011719 0.000000
2 0.821484 0.706250 0.016406 0.004167
2 0.830469 0.704167 0.000000 0.000000
1 0.663672 0.743056 0.074219 0.094444
2 0.632031 0.708333 0.004687 0.005556
2 0.686719 0.720833 0.021875 0.027778
2 0.682813 0.758333 0.031250 0.030556
2 0.663672 0.705556 0.003906 0.000000
2 0.669531 0.720139 0.015625 0.026389
2 0.673828 0.705556 0.013281 0.000000
1 0.801172 0.747222 0.077344 0.100000
2 0.772656 0.711806 0.014063 0.006944
2 0.826172 0.725000 0.019531 0.030556
2 0.825000 0.764583 0.023438 0.031944
2 0.797266 0.712500 0.005469 0.005556
2 0.795703 0.708333 0.002344 0.000000
2 0.807422 0.712500 0.016406 0.005556
2 0.812891 0.709722 0.007031 0.000000
1 0.634766 0.750000 0.080469 0.100000
2 0.606641 0.754861 0.017969 0.001389
2 0.610547 0.712500 0.022656 0.002778
2 0.666406 0.727778 0.009375 0.030556
2 0.643359 0.761111 0.057031 0.013889
2 0.621875 0.713194 0.015625 0.001389
2 0.631250 0.712500 0.006250 0.000000
2 0.632422 0.713889 0.003906 0.000000
1 0.783594 0.754167 0.084375 0.100000
2 0.754297 0.760417 0.017969 0.001389
2 0.755859 0.716667 0.022656 0.002778
2 0.810937 0.733333 0.021875 0.033333
2 0.793359 0.777083 0.058594 0.034722
2 0.771094 0.717361 0.017188 0.001389
2 0.773438 0.715278 0.010937 0.000000
2 0.796875 0.718056 0.004687 0.000000
2 0.798438 0.716667 0.007812 0.000000
1 0.623437 0.752778 0.079687 0.100000
2 0.592969 0.773611 0.012500 0.033333
2 0.599609 0.756250 0.013281 0.001389
2 0.595703 0.730556 0.024219 0.033333
2 0.634375 0.733333 0.000000 0.030556
2 0.619141 0.773611 0.032031 0.033333
2 0.608984 0.731250 0.016406 0.031944
2 0.615625 0.715278 0.015625 0.000000
2 0.625781 0.732639 0.017188 0.031944
2 0.629297 0.715278 0.010156 0.000000
1 0.775000 0.763889 0.087500 0.113889
2 0.745703 0.780556 0.021094 0.033333
2 0.749609 0.763194 0.019531 0.001389
2 0.746875 0.735417 0.023438 0.034722
2 0.804688 0.737500 0.020313 0.036111
2 0.785156 0.781944 0.060937 0.038889
2 0.763281 0.736806 0.018750 0.034722
2 0.767578 0.719444 0.016406 0.000000
2 0.776563 0.737500 0.007812 0.033333
2 0.786328 0.719444 0.019531 0.000000
2 0.398047 0.803472 0.041406 0.045833
2 0.402734 0.778472 0.032031 0.006944
2 0.457031 0.810417 0.075000 0.043056
2 0.505078 0.800000 0.019531 0.036111
2 0.457031 0.771528 0.075000 0.040278
2 0.505078 0.766667 0.019531 0.038889
2 0.457031 0.732639 0.075000 0.043056
2 0.480469 0.728472 0.068750 0.040278