3 0.499609 0.944444 0.999219 0.108333
8 0.874219 0.949306 0.018750 0.034722
6 0.665234 0.996528 0.010156 0.004167
6 0.733984 0.918750 0.150781 0.159722
6 0.658203 0.996528 0.014844 0.004167
7 0.750000 0.893750 0.015625 0.009722
7 0.808594 0.893750 0.039062 0.015278
7 0.865625 0.890972 0.032813 0.015278
7 0.646875 0.900000 0.035937 0.016667
7 0.696484 0.897917 0.038281 0.015278
7 0.577734 0.902778 0.035156 0.016667
7 0.524609 0.905556 0.033594 0.016667
8 0.387500 0.974306 0.028125 0.043056
5 0.382422 0.951389 0.033594 0.019444
8 0.308594 0.972917 0.032813 0.051389
5 0.310547 0.952083 0.028906 0.015278
8 0.423438 0.968056 0.054688 0.050000
5 0.423828 0.949306 0.047656 0.018056
8 0.477734 0.965972 0.055469 0.051389
5 0.478516 0.946528 0.049219 0.018056
8 0.311719 0.979861 0.026562 0.037500
5 0.313672 0.968750 0.022656 0.020833
8 0.390234 0.982639 0.050781 0.031944
5 0.389062 0.965972 0.048438 0.020833
8 0.438672 0.977083 0.058594 0.043056
5 0.439453 0.962500 0.052344 0.022222
8 0.496484 0.975694 0.060156 0.045833
5 0.497266 0.960417 0.053906 0.020833
8 0.705469 0.953472 0.035937 0.023611
5 0.710938 0.938889 0.053125 0.013889
8 0.656641 0.934722 0.005469 0.013889
5 0.687891 0.929861 0.061719 0.009722
8 0.720313 0.958333 0.020313 0.019444
5 0.718750 0.947222 0.037500 0.016667
8 0.727734 0.960417 0.019531 0.018056
5 0.729297 0.956250 0.014844 0.015278
8 0.573438 0.962500 0.062500 0.050000
5 0.574609 0.943750 0.055469 0.018056
8 0.623047 0.959028 0.063281 0.048611
5 0.623437 0.940972 0.056250 0.018056
8 0.640234 0.970139 0.032031 0.048611
5 0.659766 0.950694 0.066406 0.015278
8 0.683203 0.976389 0.078906 0.041667
5 0.682422 0.959722 0.071094 0.016667
8 0.946875 0.947222 0.023438 0.036111
5 0.947656 0.925694 0.026562 0.015278
8 0.905859 0.941667 0.066406 0.036111
5 0.906641 0.927778 0.060156 0.013889
0 0.996875 0.809028 0.004687 0.068056
0 0.807031 0.894444 0.139063 0.208333
0 0.082422 0.903472 0.164844 0.190278
1 0.223828 0.868750 0.085156 0.112500
2 0.185156 0.886111 0.000000 0.000000
2 0.195703 0.832639 0.019531 0.015278
2 0.256641 0.827778 0.013281 0.005556
2 0.215625 0.829167 0.018750 0.005556
2 0.214453 0.825000 0.017969 0.000000
2 0.229297 0.828472 0.008594 0.004167
2 0.228906 0.825000 0.009375 0.000000
1 0.414453 0.819444 0.010156 0.016667
2 0.405859 0.825000 0.021094 0.005556
2 0.372656 0.874306 0.014063 0.001389
2 0.373828 0.825694 0.014844 0.004167
2 0.371484 0.822222 0.010156 0.000000
2 0.390234 0.825694 0.017969 0.004167
2 0.385937 0.822222 0.017188 0.000000
1 0.230859 0.881250 0.094531 0.126389
2 0.188281 0.893056 0.000000 0.005556
2 0.202734 0.836806 0.016406 0.009722
2 0.262500 0.836111 0.021875 0.008333
2 0.221875 0.837500 0.020313 0.008333
2 0.219922 0.832639 0.019531 0.001389
2 0.242578 0.836806 0.021094 0.006944
2 0.240625 0.831944 0.020313 0.000000
1 0.405469 0.868056 0.079687 0.105556
2 0.374609 0.895833 0.017969 0.036111
2 0.371094 0.876389 0.010937 0.000000
2 0.375000 0.847917 0.018750 0.037500
2 0.430469 0.831944 0.021875 0.008333
2 0.391016 0.886111 0.013281 0.005556
2 0.393359 0.833333 0.019531 0.005556
2 0.389844 0.829167 0.017188 0.000000
2 0.413281 0.832639 0.018750 0.006944
2 0.407813 0.829167 0.017188 0.000000
1 0.239453 0.896528 0.105469 0.140278
2 0.206641 0.902778 0.021094 0.002778
2 0.206250 0.843750 0.021875 0.004167
2 0.275391 0.842361 0.024219 0.004167
2 0.253125 0.902083 0.070312 0.004167
2 0.225781 0.844444 0.015625 0.002778
2 0.225000 0.842361 0.017188 0.001389
2 0.257422 0.843750 0.014844 0.001389
2 0.256250 0.841667 0.012500 0.000000
1 0.428125 0.882639 0.101562 0.120833
2 0.398438 0.913194 0.025000 0.040278
2 0.390234 0.910417 0.017969 0.040278
2 0.396094 0.857639 0.029687 0.040278
2 0.461328 0.837500 0.025781 0.002778
2 0.443359 0.893056 0.063281 0.002778
2 0.420312 0.839583 0.023438 0.001389
2 0.414844 0.837500 0.021875 0.000000
2 0.441406 0.839583 0.021875 0.001389
2 0.437109 0.837500 0.021094 0.000000
1 0.244141 0.904167 0.111719 0.150000
2 0.207422 0.930556 0.025781 0.047222
2 0.205469 0.925000 0.025000 0.041667
2 0.207813 0.869444 0.026562 0.047222
2 0.281250 0.867361 0.026562 0.045833
2 0.256641 0.927083 0.075781 0.051389
2 0.227344 0.870833 0.012500 0.044444
2 0.226562 0.846528 0.014063 0.001389
2 0.259766 0.869444 0.021094 0.044444
2 0.258594 0.845833 0.017188 0.000000
1 0.441406 0.887500 0.106250 0.122222
2 0.410156 0.919444 0.026562 0.041667
2 0.404297 0.917361 0.024219 0.043056
2 0.407813 0.863889 0.031250 0.044444
2 0.474609 0.861806 0.032031 0.043056
2 0.452734 0.916667 0.075781 0.047222
2 0.433203 0.863889 0.025781 0.041667
2 0.427734 0.841667 0.022656 0.000000
2 0.456641 0.863889 0.024219 0.041667
2 0.451172 0.840972 0.022656 0.001389
2 0.966016 0.901389 0.064844 0.038889
2 0.998437 0.894444 0.001563 0.033333
2 0.998047 0.860417 0.002344 0.031944
2 0.965234 0.865972 0.064844 0.040278
2 0.978906 0.949306 0.040625 0.056944
2 0.004297 0.985417 0.008594 0.026389
2 0.005469 0.965972 0.010937 0.012500
2 0.083984 0.987500 0.097656 0.022222
2 0.084375 0.947917 0.103125 0.065278
2 0.080078 0.885417 0.103906 0.068056
2 0.091016 0.848611 0.071094 0.005556