3 0.498828 0.866667 0.997656 0.263889
4 0.015234 0.957639 0.005469 0.076389
4 0.196875 0.834722 0.006250 0.069444
4 0.019531 0.835417 0.037500 0.070833
8 0.384766 0.754167 0.025781 0.022222
5 0.358594 0.723611 0.035937 0.008333
5 0.358594 0.723611 0.035937 0.008333
5 0.358594 0.723611 0.035937 0.008333
5 0.358594 0.716667 0.035937 0.008333
5 0.358594 0.716667 0.035937 0.008333
5 0.358594 0.716667 0.035937 0.008333
5 0.358594 0.731944 0.035937 0.008333
5 0.358594 0.731944 0.035937 0.008333
5 0.358594 0.731944 0.035937 0.008333
5 0.323047 0.734028 0.033594 0.006944
5 0.323047 0.734028 0.033594 0.006944
5 0.323047 0.734028 0.033594 0.006944
5 0.323047 0.726389 0.033594 0.005556
5 0.323047 0.726389 0.033594 0.005556
5 0.323047 0.726389 0.033594 0.005556
5 0.323047 0.718750 0.033594 0.006944
5 0.323047 0.718750 0.033594 0.006944
5 0.323047 0.718750 0.033594 0.006944
5 0.324609 0.709722 0.036719 0.008333
5 0.324609 0.709722 0.036719 0.008333
5 0.324609 0.709722 0.036719 0.008333
6 0.399609 0.684722 0.003906 0.044444
6 0.399609 0.714583 0.003906 0.043056
6 0.266797 0.718750 0.002344 0.045833
6 0.282422 0.716667 0.032031 0.047222
5 0.998437 0.988889 0.001563 0.019444
5 0.998437 0.988889 0.001563 0.019444
5 0.998437 0.988889 0.001563 0.019444
5 0.998437 0.968056 0.001563 0.022222
5 0.998437 0.968056 0.001563 0.022222
5 0.998437 0.968056 0.001563 0.022222
6 0.278125 0.979861 0.131250 0.037500
6 0.521094 0.979861 0.120313 0.037500
6 0.278906 0.909028 0.131250 0.179167
6 0.399219 0.979861 0.123438 0.037500
7 0.123047 0.856944 0.044531 0.027778
7 0.275000 0.992361 0.029687 0.012500
7 0.603906 0.783333 0.010937 0.013889
7 0.641406 0.784028 0.004687 0.015278
7 0.477734 0.782639 0.019531 0.015278
7 0.529297 0.782639 0.019531 0.015278
7 0.047656 0.781944 0.035937 0.016667
7 0.008203 0.780556 0.013281 0.011111
7 0.114844 0.782639 0.029687 0.015278
8 0.003516 0.993750 0.005469 0.009722
5 0.000000 0.993056 0.000000 0.011111
8 0.081250 0.994444 0.004687 0.008333
5 0.043750 0.993056 0.068750 0.011111
8 0.151562 0.993750 0.004687 0.009722
5 0.114844 0.992361 0.067187 0.012500
5 0.187500 0.993056 0.050000 0.011111
0 0.924609 0.911111 0.149219 0.175000
1 0.752344 0.804167 0.071875 0.144444
1 0.701562 0.804167 0.067187 0.144444
1 0.726953 0.778472 0.063281 0.115278
1 0.689063 0.786806 0.042188 0.131944
1 0.706250 0.764583 0.056250 0.104167
1 0.662891 0.764583 0.053906 0.104167
1 0.733203 0.743056 0.074219 0.094444
1 0.302344 0.793056 0.082812 0.127778
1 0.306250 0.784722 0.090625 0.122222
1 0.055859 0.785417 0.103906 0.123611
1 0.044141 0.795139 0.088281 0.129167
5 0.221875 0.773611 0.023438 0.008333
5 0.221875 0.768750 0.023438 0.004167
5 0.222266 0.754861 0.024219 0.009722
5 0.221875 0.763194 0.023438 0.004167
5 0.208594 0.836111 0.046875 0.016667
5 0.215625 0.845833 0.031250 0.013889
5 0.207031 0.849306 0.014063 0.018056
5 0.207031 0.859722 0.014063 0.013889
5 0.174219 0.865278 0.056250 0.019444
5 0.170703 0.876389 0.055469 0.016667
5 0.174219 0.856250 0.056250 0.018056
5 0.171094 0.847917 0.056250 0.018056