3 0.540625 0.718056 0.229687 0.080556
8 0.451172 0.742361 0.050781 0.031944
6 0.428125 0.692361 0.004687 0.031944
6 0.505078 0.688889 0.011719 0.036111
8 0.639844 0.712500 0.012500 0.005556
5 0.645703 0.709722 0.019531 0.008333
8 0.600000 0.730556 0.010937 0.008333
5 0.598047 0.725694 0.008594 0.004167
8 0.616797 0.735417 0.046094 0.009722
5 0.615234 0.732639 0.042969 0.012500
8 0.499219 0.736806 0.023438 0.031944
5 0.500781 0.722222 0.020313 0.011111
8 0.638281 0.722222 0.020313 0.008333
5 0.642578 0.717361 0.025781 0.004167
8 0.629297 0.728472 0.052344 0.012500
5 0.630078 0.723611 0.050781 0.011111
8 0.598828 0.723611 0.010156 0.002778
5 0.602734 0.719444 0.017969 0.008333
8 0.469531 0.758333 0.000000 0.000000
5 0.446094 0.744444 0.039062 0.005556
0 0.464062 0.707639 0.076563 0.073611
0 0.622656 0.682639 0.057813 0.043056
2 0.447656 0.754167 0.043750 0.022222