3 0.499609 0.893750 0.999219 0.209722
5 0.058594 0.925694 0.117188 0.062500
5 0.058594 0.925694 0.117188 0.062500
5 0.058594 0.925694 0.117188 0.062500
5 0.058594 0.890278 0.117188 0.083333
5 0.058594 0.890278 0.117188 0.083333
5 0.058594 0.890278 0.117188 0.083333
5 0.058984 0.948611 0.117969 0.061111
5 0.058984 0.948611 0.117969 0.061111
5 0.058984 0.948611 0.117969 0.061111
5 0.234766 0.914583 0.107031 0.056944
5 0.234766 0.914583 0.107031 0.056944
5 0.234766 0.914583 0.107031 0.056944
5 0.234766 0.892361 0.107031 0.056944
5 0.234766 0.892361 0.107031 0.056944
5 0.234766 0.892361 0.107031 0.056944
5 0.234375 0.869444 0.107813 0.058333
5 0.234375 0.869444 0.107813 0.058333
5 0.234375 0.869444 0.107813 0.058333
5 0.233594 0.836806 0.107813 0.073611
5 0.233594 0.836806 0.107813 0.073611
5 0.233594 0.836806 0.107813 0.073611
0 0.497656 0.836806 0.139063 0.323611
2 0.841016 0.819444 0.069531 0.122222
2 0.936328 0.886111 0.125781 0.130556
2 0.937109 0.816667 0.124219 0.122222
2 0.937891 0.743056 0.122656 0.127778
2 0.976953 0.690278 0.044531 0.038889