3 0.499609 0.834722 0.999219 0.327778
5 0.197266 0.780556 0.075781 0.033333
5 0.197266 0.780556 0.075781 0.033333
5 0.197266 0.780556 0.075781 0.033333
5 0.197266 0.764583 0.075781 0.034722
5 0.197266 0.764583 0.075781 0.034722
5 0.197266 0.764583 0.075781 0.034722
5 0.197266 0.795139 0.075781 0.029167
5 0.197266 0.795139 0.075781 0.029167
5 0.197266 0.795139 0.075781 0.029167
5 0.286719 0.778472 0.065625 0.026389
5 0.286719 0.778472 0.065625 0.026389
5 0.286719 0.778472 0.065625 0.026389
5 0.286719 0.763889 0.065625 0.030556
5 0.286719 0.763889 0.065625 0.030556
5 0.286719 0.763889 0.065625 0.030556
5 0.286719 0.749306 0.065625 0.031944
5 0.286719 0.749306 0.065625 0.031944
5 0.286719 0.749306 0.065625 0.031944
5 0.286719 0.734028 0.065625 0.031944
5 0.286719 0.734028 0.065625 0.031944
5 0.286719 0.734028 0.065625 0.031944
6 0.553516 0.918750 0.091406 0.137500
6 0.469141 0.850694 0.074219 0.134722
6 0.554297 0.809722 0.094531 0.150000
6 0.508203 0.879861 0.080469 0.145833
8 0.500391 0.984722 0.103906 0.027778
5 0.499609 0.985417 0.094531 0.026389
8 0.652344 0.982639 0.004687 0.004167
5 0.629687 0.990278 0.082812 0.016667
8 0.590234 0.973611 0.100781 0.050000
5 0.589844 0.973611 0.090625 0.050000
8 0.907031 0.787500 0.068750 0.038889
5 0.906641 0.771528 0.061719 0.023611
8 0.870313 0.765278 0.065625 0.022222
5 0.870313 0.756944 0.059375 0.022222
8 0.944141 0.803472 0.071094 0.045833
5 0.939844 0.784722 0.056250 0.025000
8 0.973828 0.822222 0.049219 0.050000
5 0.975781 0.800694 0.045312 0.026389
8 0.821094 0.786806 0.067187 0.045833
5 0.821094 0.767361 0.060937 0.023611
8 0.857031 0.802778 0.070312 0.047222
5 0.857031 0.782639 0.062500 0.023611
8 0.893359 0.817361 0.072656 0.048611
5 0.892969 0.796528 0.065625 0.026389
8 0.934375 0.835417 0.075000 0.051389
5 0.932422 0.813889 0.063281 0.027778
0 0.976172 0.865972 0.046094 0.262500
0 0.455469 0.720833 0.089063 0.186111
1 0.989844 0.665972 0.018750 0.095833
2 0.991797 0.689583 0.014844 0.037500
2 0.998437 0.670833 0.000000 0.000000
2 0.992188 0.645833 0.014063 0.036111
1 0.949219 0.694444 0.098437 0.136111
2 0.923438 0.644444 0.039062 0.011111
2 0.973047 0.672222 0.041406 0.041667
2 0.968750 0.719444 0.050000 0.044444
2 0.932422 0.648611 0.025781 0.008333
2 0.946484 0.645139 0.027344 0.004167
2 0.947656 0.652778 0.025000 0.008333
2 0.962891 0.649306 0.027344 0.004167
1 0.913281 0.699306 0.100000 0.134722
2 0.880078 0.713194 0.025781 0.040278
2 0.887891 0.665278 0.039844 0.041667
2 0.937109 0.678472 0.042969 0.043056
2 0.920703 0.724306 0.075781 0.051389
2 0.897266 0.671528 0.028906 0.040278
2 0.911328 0.651389 0.024219 0.005556
2 0.913281 0.675694 0.028125 0.040278
2 0.926953 0.655556 0.025781 0.005556
2 0.632031 0.718750 0.037500 0.056944
2 0.670703 0.738889 0.039844 0.055556
2 0.752734 0.736111 0.025781 0.041667
2 0.683203 0.701389 0.064844 0.052778
2 0.753125 0.697917 0.025000 0.040278
2 0.683594 0.661111 0.064062 0.055556
2 0.753125 0.656250 0.025000 0.048611