3 0.476172 0.913889 0.952344 0.169444
8 0.875391 0.872222 0.067969 0.047222
6 0.679297 0.935417 0.110156 0.126389
6 0.491016 0.936806 0.107031 0.123611
6 0.677734 0.825000 0.110156 0.136111
6 0.585547 0.935417 0.108594 0.126389
7 0.842187 0.831250 0.020313 0.012500
7 0.927344 0.828472 0.021875 0.012500
7 0.892578 0.829861 0.036719 0.012500
7 0.678516 0.835417 0.021094 0.012500
7 0.721094 0.833333 0.015625 0.013889
7 0.614844 0.836111 0.017188 0.013889
7 0.575000 0.837500 0.025000 0.013889
8 0.939063 0.972917 0.017188 0.031944
5 0.945312 0.959722 0.015625 0.011111
8 0.911719 0.979861 0.084375 0.037500
5 0.915234 0.972917 0.077344 0.031944
8 0.855078 0.986111 0.086719 0.025000
5 0.852734 0.976389 0.082031 0.033333
8 0.868359 0.968750 0.094531 0.056944
5 0.869141 0.950000 0.083594 0.027778
8 0.798047 0.970139 0.091406 0.056944
5 0.798828 0.950694 0.080469 0.020833
8 0.914844 0.959722 0.071875 0.047222
5 0.918359 0.945139 0.069531 0.023611
8 0.945703 0.936806 0.005469 0.004167
5 0.950781 0.936111 0.003125 0.008333
8 0.430469 0.879167 0.042188 0.041667
5 0.430469 0.861111 0.037500 0.008333
8 0.394531 0.888194 0.014063 0.020833
5 0.394531 0.861806 0.014063 0.009722
8 0.470703 0.877083 0.042969 0.040278
5 0.471484 0.861806 0.038281 0.012500
8 0.516016 0.877083 0.042969 0.040278
5 0.517188 0.860417 0.039062 0.012500
8 0.398438 0.888889 0.021875 0.044444
5 0.397656 0.872917 0.020313 0.015278
8 0.437891 0.888889 0.044531 0.044444
5 0.438672 0.872222 0.039844 0.013889
8 0.480859 0.887500 0.046094 0.044444
5 0.481250 0.870833 0.040625 0.013889
8 0.529297 0.885417 0.047656 0.043056
5 0.529687 0.869444 0.042188 0.013889
8 0.705469 0.875000 0.028125 0.022222
5 0.707031 0.854861 0.037500 0.004167
8 0.679688 0.852778 0.014063 0.002778
5 0.700391 0.850694 0.050781 0.006944
8 0.716406 0.881250 0.006250 0.034722
5 0.717578 0.861111 0.013281 0.005556
8 0.722656 0.884028 0.009375 0.037500
5 0.722266 0.864583 0.003906 0.001389
8 0.598047 0.875694 0.050781 0.040278
5 0.599219 0.859722 0.045312 0.013889
8 0.627734 0.870833 0.024219 0.033333
5 0.639844 0.855556 0.042188 0.008333
8 0.672656 0.893056 0.050000 0.013889
8 0.687109 0.893056 0.057031 0.030556
8 0.923438 0.865972 0.032813 0.037500
5 0.926172 0.851389 0.030469 0.011111
8 0.895312 0.867361 0.056250 0.037500
5 0.896094 0.852083 0.050000 0.012500
0 0.801562 0.826389 0.151562 0.197222
0 0.157812 0.865278 0.209375 0.266667
1 0.310156 0.802083 0.071875 0.095833
2 0.288281 0.766667 0.010937 0.002778
2 0.334766 0.766667 0.016406 0.002778
2 0.302344 0.767361 0.015625 0.004167
2 0.293750 0.765278 0.000000 0.000000
2 0.318359 0.766667 0.016406 0.002778
1 0.443750 0.799306 0.071875 0.093056
2 0.421875 0.816667 0.017188 0.027778
2 0.416016 0.814583 0.010156 0.026389
2 0.420703 0.777778 0.019531 0.027778
2 0.468359 0.765278 0.016406 0.002778
2 0.434375 0.806250 0.006250 0.001389
2 0.437500 0.765278 0.015625 0.002778
2 0.452734 0.765278 0.016406 0.002778
1 0.314844 0.810417 0.078125 0.104167
2 0.288281 0.782639 0.018750 0.026389
2 0.341797 0.771528 0.017969 0.004167
2 0.305859 0.772917 0.014844 0.004167
2 0.305469 0.769444 0.015625 0.000000
2 0.329688 0.772222 0.006250 0.002778
2 0.329297 0.769444 0.005469 0.000000
1 0.460156 0.806944 0.078125 0.100000
2 0.436328 0.825000 0.017969 0.030556
2 0.430859 0.823611 0.013281 0.030556
2 0.433984 0.783333 0.019531 0.030556
2 0.486719 0.770139 0.018750 0.004167
2 0.450781 0.815972 0.003125 0.001389
2 0.455078 0.770139 0.014844 0.004167
2 0.446484 0.768056 0.005469 0.000000
2 0.469531 0.770139 0.018750 0.004167
1 0.319531 0.820139 0.084375 0.115278
2 0.291797 0.838889 0.019531 0.030556
2 0.292969 0.775694 0.017188 0.001389
2 0.350781 0.775694 0.020313 0.001389
2 0.331641 0.823611 0.058594 0.002778
2 0.307812 0.776389 0.010937 0.000000
2 0.307422 0.775000 0.011719 0.000000
2 0.333984 0.776389 0.014844 0.000000
2 0.333203 0.775000 0.013281 0.000000
1 0.480469 0.809028 0.084375 0.095833
2 0.455469 0.836806 0.020313 0.034722
2 0.446875 0.834722 0.010937 0.033333
2 0.453125 0.789583 0.023438 0.031944
2 0.509766 0.772917 0.017969 0.001389
2 0.492578 0.819444 0.057031 0.002778
2 0.472266 0.774306 0.017969 0.001389
2 0.491016 0.773611 0.017969 0.000000
1 0.320312 0.825000 0.084375 0.122222
2 0.293750 0.846528 0.020313 0.037500
2 0.292187 0.843056 0.020313 0.033333
2 0.293359 0.796528 0.021094 0.037500
2 0.353516 0.795833 0.017969 0.036111
2 0.332422 0.845139 0.058594 0.040278
2 0.308984 0.797222 0.008594 0.036111
2 0.308203 0.777778 0.010156 0.000000
2 0.335547 0.796528 0.019531 0.034722
2 0.335156 0.777778 0.017188 0.000000
1 0.491016 0.812500 0.089844 0.100000
2 0.463281 0.839583 0.021875 0.031944
2 0.458984 0.838889 0.019531 0.033333
2 0.461719 0.793056 0.025000 0.036111
2 0.519141 0.793056 0.025781 0.036111
2 0.500781 0.839583 0.062500 0.037500
2 0.483203 0.793750 0.021094 0.034722
2 0.483594 0.775000 0.004687 0.000000
2 0.502734 0.793750 0.021094 0.034722
2 0.496094 0.775000 0.018750 0.000000
2 0.944141 0.831944 0.011719 0.027778
2 0.943750 0.802778 0.012500 0.030556
2 0.946094 0.868056 0.010937 0.041667
2 0.099219 0.900000 0.082812 0.058333
2 0.106641 0.866667 0.071094 0.008333
2 0.170703 0.893750 0.027344 0.040278
2 0.197656 0.850000 0.073438 0.050000
2 0.192188 0.802083 0.081250 0.051389
2 0.194141 0.773611 0.069531 0.002778