3 0.518359 0.818750 0.950781 0.359722
4 0.277344 0.688194 0.001563 0.006944
4 0.183594 0.725000 0.009375 0.052778
4 0.074609 0.720833 0.011719 0.005556
4 0.084766 0.673611 0.000781 0.022222
5 0.536719 0.665278 0.029687 0.008333
5 0.536719 0.665278 0.029687 0.008333
5 0.536719 0.665278 0.029687 0.008333
5 0.536719 0.657639 0.029687 0.009722
5 0.536719 0.657639 0.029687 0.009722
5 0.536719 0.657639 0.029687 0.009722
5 0.536719 0.672917 0.029687 0.006944
5 0.536719 0.672917 0.029687 0.006944
5 0.536719 0.672917 0.029687 0.006944
6 0.445312 0.694444 0.045312 0.061111
6 0.489844 0.682639 0.039062 0.059722
6 0.446094 0.643056 0.046875 0.061111
6 0.469922 0.688889 0.042969 0.061111
6 0.296484 0.718750 0.046094 0.065278
6 0.264062 0.734722 0.040625 0.077778
7 0.048438 0.823611 0.010937 0.019444
7 0.208984 0.970139 0.061719 0.034722
7 0.051172 0.705556 0.016406 0.013889
7 0.209375 0.736806 0.040625 0.018056
7 0.125781 0.650000 0.009375 0.008333
7 0.154297 0.646528 0.019531 0.006944
7 0.055859 0.658333 0.025781 0.008333
7 0.083984 0.654167 0.028906 0.008333
8 0.186328 0.763889 0.017969 0.030556
5 0.184766 0.750000 0.014844 0.011111
8 0.361719 0.706250 0.017188 0.004167
5 0.357812 0.704861 0.009375 0.006944
8 0.382812 0.713194 0.018750 0.026389
5 0.371484 0.700000 0.036719 0.008333
8 0.383203 0.722917 0.046094 0.029167
5 0.382422 0.709722 0.042969 0.011111
8 0.405469 0.718056 0.045312 0.027778
5 0.405078 0.704861 0.041406 0.009722
8 0.372656 0.728472 0.031250 0.029167
5 0.369531 0.714583 0.031250 0.012500
8 0.359766 0.725694 0.008594 0.012500
5 0.357812 0.720139 0.006250 0.006944
8 0.782813 0.736111 0.045312 0.030556
5 0.780078 0.721528 0.044531 0.012500
8 0.788672 0.729861 0.038281 0.029167
5 0.789453 0.716667 0.036719 0.011111
8 0.770312 0.742361 0.051562 0.031944
5 0.769531 0.727778 0.046875 0.013889
8 0.756641 0.748611 0.050781 0.033333
5 0.754687 0.733333 0.046875 0.013889
8 0.769531 0.714583 0.001563 0.001389
8 0.754687 0.720833 0.000000 0.000000
8 0.744141 0.725694 0.002344 0.001389
8 0.719922 0.737500 0.005469 0.002778
8 0.668359 0.781250 0.049219 0.040278
5 0.667188 0.765278 0.045312 0.016667
8 0.706250 0.787500 0.054688 0.041667
5 0.706250 0.770139 0.048438 0.018056
8 0.627344 0.785417 0.039062 0.020833
8 0.722656 0.760417 0.053125 0.034722
5 0.723828 0.745833 0.044531 0.013889
8 0.708594 0.766667 0.056250 0.030556
5 0.707422 0.753472 0.050781 0.015278
8 0.668750 0.767361 0.021875 0.026389
8 0.537891 0.838889 0.032031 0.025000
5 0.537891 0.821528 0.032031 0.020833
8 0.579688 0.823611 0.064062 0.033333
5 0.553125 0.810417 0.001563 0.001389
0 0.841797 0.913889 0.161719 0.169444
0 0.312109 0.752083 0.121094 0.204167
0 0.514844 0.701389 0.078125 0.158333
0 0.619531 0.644444 0.023438 0.102778
1 0.304297 0.625000 0.030469 0.055556
1 0.296875 0.629167 0.045312 0.061111
1 0.275391 0.628472 0.050781 0.062500
1 0.257422 0.629861 0.052344 0.065278
1 0.234766 0.624306 0.042969 0.062500
1 0.214062 0.627778 0.039062 0.066667
1 0.185156 0.616667 0.046875 0.061111
1 0.103516 0.652778 0.064844 0.075000
1 0.074609 0.651389 0.052344 0.077778
1 0.944141 0.696528 0.053906 0.095833
2 0.965234 0.715278 0.007031 0.030556
2 0.959375 0.674306 0.018750 0.031944
2 0.939063 0.680556 0.039062 0.033333
2 0.957812 0.721528 0.015625 0.037500
2 0.957812 0.677083 0.015625 0.031944
2 0.924609 0.662500 0.002344 0.000000
2 0.955859 0.679167 0.011719 0.030556
1 0.903906 0.725000 0.043750 0.125000
2 0.912500 0.677083 0.023438 0.004167
2 0.904687 0.702778 0.039062 0.038889
2 0.904687 0.748611 0.039062 0.044444
2 0.906641 0.679167 0.022656 0.002778
2 0.920312 0.680556 0.007812 0.002778
2 0.900391 0.681944 0.019531 0.002778
2 0.917578 0.683333 0.013281 0.002778
1 0.897266 0.661111 0.053906 0.027778
2 0.912891 0.659722 0.019531 0.008333
2 0.891797 0.670139 0.038281 0.018056
2 0.899609 0.657639 0.002344 0.001389
2 0.907813 0.665972 0.017188 0.018056
2 0.894141 0.659722 0.000781 0.000000
2 0.905078 0.667361 0.019531 0.015278
1 0.867188 0.723611 0.051562 0.122222
2 0.885547 0.725000 0.010156 0.011111
2 0.876172 0.677778 0.028906 0.011111
2 0.858984 0.698611 0.035156 0.038889
2 0.863672 0.743056 0.044531 0.044444
2 0.861328 0.675694 0.011719 0.001389
2 0.875391 0.693056 0.021094 0.036111
2 0.855078 0.679167 0.005469 0.000000
2 0.869922 0.695833 0.022656 0.036111
2 0.785547 0.991667 0.013281 0.013889
2 0.664453 0.953472 0.113281 0.090278
2 0.716406 0.894444 0.123438 0.069444
2 0.497656 0.869444 0.053125 0.080556
2 0.405469 0.914583 0.064062 0.095833
2 0.411719 0.968750 0.051562 0.059722
2 0.504297 0.931944 0.039844 0.080556
2 0.454297 0.890972 0.058594 0.087500
2 0.312891 0.942361 0.146094 0.104167
2 0.312500 0.981944 0.145313 0.033333
2 0.460938 0.956250 0.045312 0.084722
2 0.523438 0.826389 0.000000 0.000000
2 0.420703 0.800694 0.071094 0.029167
2 0.781641 0.709028 0.010156 0.004167
2 0.797656 0.705556 0.020313 0.013889
2 0.768359 0.671528 0.036719 0.023611
2 0.793359 0.665972 0.011719 0.006944
2 0.769531 0.643750 0.039062 0.034722
2 0.797656 0.645833 0.020313 0.033333
5 0.074609 0.731944 0.058594 0.016667
5 0.066406 0.741667 0.043750 0.016667
5 0.066406 0.750000 0.043750 0.013889
5 0.066406 0.759028 0.043750 0.015278
5 0.066016 0.775694 0.042969 0.015278
5 0.066406 0.767361 0.043750 0.015278
5 0.066016 0.792361 0.042969 0.015278
5 0.066406 0.784722 0.043750 0.013889
5 0.052734 0.692361 0.019531 0.009722
5 0.047266 0.696528 0.008594 0.004167
5 0.106250 0.756250 0.050000 0.015278
5 0.106250 0.765278 0.050000 0.016667
5 0.105469 0.784028 0.048438 0.015278
5 0.106250 0.774306 0.050000 0.018056
5 0.106250 0.800000 0.050000 0.016667
5 0.105859 0.791667 0.049219 0.016667
5 0.062891 0.695833 0.032031 0.011111
5 0.065234 0.702083 0.027344 0.009722
5 0.106250 0.748611 0.050000 0.016667
5 0.106250 0.738194 0.050000 0.018056
5 0.154688 0.765278 0.060937 0.016667
5 0.154688 0.772917 0.060937 0.018056
5 0.154688 0.792361 0.060937 0.018056
5 0.154688 0.782639 0.060937 0.018056
5 0.154688 0.809028 0.060937 0.018056
5 0.154688 0.800694 0.060937 0.018056
5 0.087891 0.700694 0.025781 0.009722
5 0.087500 0.706250 0.026562 0.009722
5 0.154688 0.756250 0.060937 0.018056
5 0.154688 0.747222 0.060937 0.016667
5 0.154688 0.694444 0.060937 0.013889
5 0.154688 0.703472 0.060937 0.015278
5 0.154688 0.721528 0.060937 0.015278
5 0.154688 0.712500 0.060937 0.016667
5 0.154688 0.738889 0.060937 0.016667
5 0.154688 0.729861 0.060937 0.015278
5 0.087891 0.695139 0.025781 0.009722
5 0.087500 0.688889 0.026562 0.011111
5 0.154688 0.686111 0.060937 0.013889
5 0.154688 0.676389 0.060937 0.016667