3 0.508203 0.722917 0.982031 0.551389
8 0.061328 0.495139 0.028906 0.031944
5 0.032813 0.440278 0.029687 0.013889
5 0.032813 0.440278 0.029687 0.013889
5 0.032813 0.440278 0.029687 0.013889
5 0.031250 0.430556 0.031250 0.013889
5 0.031250 0.430556 0.031250 0.013889
5 0.031250 0.430556 0.031250 0.013889
5 0.032031 0.448611 0.031250 0.013889
5 0.032031 0.448611 0.031250 0.013889
5 0.032031 0.448611 0.031250 0.013889
6 0.091797 0.397222 0.005469 0.027778
6 0.092578 0.421528 0.005469 0.048611
5 0.978906 0.928472 0.040625 0.059722
5 0.978906 0.928472 0.040625 0.059722
5 0.978906 0.928472 0.040625 0.059722
5 0.979297 0.898611 0.039844 0.066667
5 0.979297 0.898611 0.039844 0.066667
5 0.979297 0.898611 0.039844 0.066667
5 0.978516 0.954167 0.041406 0.058333
5 0.978516 0.954167 0.041406 0.058333
5 0.978516 0.954167 0.041406 0.058333
7 0.347656 0.529861 0.029687 0.023611
7 0.406250 0.525694 0.031250 0.023611
7 0.203516 0.543056 0.025781 0.025000
7 0.266797 0.537500 0.027344 0.025000
1 0.567578 0.600000 0.088281 0.186111
1 0.514453 0.606250 0.091406 0.190278
1 0.526563 0.554167 0.082812 0.150000
1 0.475000 0.568056 0.081250 0.169444
1 0.491016 0.525694 0.074219 0.134722
1 0.442969 0.538194 0.071875 0.154167
1 0.494141 0.461111 0.082031 0.094444
1 0.039844 0.633333 0.037500 0.177778
1 0.041797 0.607639 0.042969 0.165278