3 0.499609 0.908333 0.999219 0.180556
5 0.320312 0.813194 0.073438 0.029167
5 0.320312 0.813194 0.073438 0.029167
5 0.320312 0.813194 0.073438 0.029167
5 0.315625 0.796528 0.064062 0.029167
5 0.315625 0.796528 0.064062 0.029167
5 0.315625 0.796528 0.064062 0.029167
5 0.320703 0.827778 0.072656 0.027778
5 0.320703 0.827778 0.072656 0.027778
5 0.320703 0.827778 0.072656 0.027778
5 0.428906 0.826389 0.071875 0.027778
5 0.428906 0.826389 0.071875 0.027778
5 0.428906 0.826389 0.071875 0.027778
5 0.428906 0.811806 0.071875 0.029167
5 0.428906 0.811806 0.071875 0.029167
5 0.428906 0.811806 0.071875 0.029167
5 0.428906 0.796528 0.071875 0.029167
5 0.428906 0.796528 0.071875 0.029167
5 0.428906 0.796528 0.071875 0.029167
5 0.428906 0.779861 0.071875 0.029167
5 0.428906 0.779861 0.071875 0.029167
5 0.428906 0.779861 0.071875 0.029167
6 0.505078 0.997917 0.000781 0.001389
6 0.464844 0.904861 0.064062 0.076389
6 0.469531 0.906944 0.089063 0.183333
6 0.464844 0.923611 0.064062 0.038889
0 0.576953 0.793056 0.069531 0.244444
2 0.876172 0.829167 0.028906 0.075000
2 0.938281 0.861806 0.093750 0.084722
2 0.992578 0.871528 0.013281 0.065278
2 0.938672 0.809028 0.094531 0.079167
2 0.992578 0.817361 0.013281 0.062500
2 0.938672 0.756250 0.094531 0.076389
2 0.980078 0.756250 0.038281 0.076389