3 0.492188 0.838194 0.984375 0.320833
4 0.232813 0.738194 0.014063 0.031944
4 0.198828 0.744444 0.000781 0.013889
4 0.148438 0.786806 0.015625 0.079167
4 0.102344 0.809028 0.010937 0.081944
4 0.035547 0.827083 0.017969 0.076389
4 0.002344 0.718056 0.001563 0.047222
8 0.114844 0.837500 0.084375 0.063889
8 0.769531 0.795833 0.070312 0.047222
5 0.462891 0.684028 0.035156 0.006944
5 0.462891 0.684028 0.035156 0.006944
5 0.462891 0.684028 0.035156 0.006944
5 0.464453 0.674306 0.038281 0.009722
5 0.464453 0.674306 0.038281 0.009722
5 0.464453 0.674306 0.038281 0.009722
5 0.462891 0.692361 0.035156 0.006944
5 0.462891 0.692361 0.035156 0.006944
5 0.462891 0.692361 0.035156 0.006944
5 0.518359 0.693056 0.038281 0.008333
5 0.518359 0.693056 0.038281 0.008333
5 0.518359 0.693056 0.038281 0.008333
5 0.518359 0.685417 0.038281 0.009722
5 0.518359 0.685417 0.038281 0.009722
5 0.518359 0.685417 0.038281 0.009722
5 0.517969 0.677083 0.039062 0.009722
5 0.517969 0.677083 0.039062 0.009722
5 0.517969 0.677083 0.039062 0.009722
5 0.517969 0.667361 0.039062 0.009722
5 0.517969 0.667361 0.039062 0.009722
5 0.517969 0.667361 0.039062 0.009722
6 0.463281 0.709722 0.040625 0.066667
6 0.487500 0.697222 0.035937 0.061111
6 0.464453 0.653472 0.042969 0.065278
6 0.476172 0.703472 0.038281 0.065278
6 0.372266 0.742361 0.055469 0.081944
6 0.364453 0.756250 0.041406 0.090278
7 0.193359 0.872917 0.088281 0.031944
7 0.141406 0.900694 0.096875 0.037500
7 0.718359 0.984028 0.113281 0.029167
7 0.725781 0.950694 0.103125 0.043056
7 0.116406 0.789583 0.053125 0.026389
8 0.045703 0.908333 0.091406 0.075000
5 0.043359 0.883333 0.086719 0.033333
8 0.014453 0.890278 0.028906 0.047222
5 0.011719 0.873611 0.023438 0.022222
8 0.280078 0.799306 0.021094 0.034722
5 0.275391 0.781944 0.011719 0.016667
8 0.405469 0.720833 0.010937 0.005556
5 0.403906 0.719444 0.007812 0.005556
8 0.424219 0.741667 0.045312 0.033333
5 0.421875 0.727083 0.043750 0.009722
8 0.440625 0.735417 0.037500 0.031944
5 0.433984 0.722222 0.044531 0.011111
8 0.419141 0.747222 0.038281 0.033333
5 0.417578 0.733333 0.035156 0.011111
8 0.412109 0.754861 0.024219 0.034722
5 0.410547 0.740278 0.021094 0.011111
8 0.808594 0.722222 0.001563 0.016667
5 0.823438 0.716667 0.029687 0.008333
8 0.808984 0.711111 0.000781 0.002778
5 0.823828 0.710417 0.028906 0.004167
8 0.810156 0.720139 0.000000 0.004167
5 0.824609 0.720139 0.027344 0.004167
8 0.809375 0.727778 0.003125 0.008333
5 0.824219 0.727083 0.028125 0.006944
8 0.779687 0.713889 0.040625 0.013889
5 0.778125 0.708333 0.037500 0.005556
8 0.776953 0.717361 0.042969 0.006944
5 0.776172 0.713194 0.039844 0.004167
8 0.778516 0.731944 0.042969 0.030556
5 0.777344 0.720139 0.040625 0.009722
8 0.776172 0.737500 0.046094 0.030556
5 0.775391 0.726389 0.041406 0.011111
8 0.812500 0.772222 0.031250 0.041667
5 0.813281 0.757639 0.029687 0.015278
8 0.864844 0.776389 0.037500 0.044444
5 0.872266 0.761111 0.016406 0.016667
8 0.774609 0.769444 0.039844 0.038889
5 0.774219 0.756250 0.034375 0.015278
8 0.728125 0.768056 0.040625 0.041667
5 0.728125 0.754167 0.035937 0.016667
8 0.804297 0.750000 0.005469 0.030556
5 0.824609 0.736806 0.042969 0.006944
8 0.825000 0.757639 0.042188 0.031944
5 0.825781 0.746528 0.040625 0.012500
8 0.779687 0.759722 0.035937 0.038889
5 0.778125 0.745833 0.032813 0.013889
8 0.735156 0.759028 0.037500 0.037500
5 0.734375 0.743750 0.034375 0.012500
8 0.817187 0.820833 0.043750 0.030556
5 0.818359 0.813889 0.041406 0.019444
8 0.818359 0.813194 0.041406 0.037500
5 0.819141 0.799306 0.039844 0.012500
8 0.828516 0.886111 0.083594 0.063889
5 0.827344 0.865972 0.075000 0.026389
8 0.829297 0.862500 0.078906 0.050000
5 0.819141 0.845833 0.053906 0.019444
8 0.722266 0.880556 0.082031 0.066667
5 0.721094 0.859028 0.075000 0.026389
8 0.728125 0.863194 0.078125 0.062500
5 0.727344 0.840278 0.070312 0.022222
0 0.555078 0.759722 0.075781 0.233333
0 0.637109 0.706250 0.052344 0.170833
0 0.571875 0.656250 0.040625 0.109722
1 0.203906 0.656250 0.062500 0.073611
1 0.185938 0.659028 0.057813 0.076389
1 0.149609 0.656250 0.063281 0.073611
1 0.133594 0.659028 0.064062 0.076389
1 0.098047 0.654861 0.063281 0.073611
1 0.088281 0.657639 0.050000 0.076389
1 0.013281 0.647917 0.026562 0.070833
1 0.014063 0.679861 0.028125 0.084722
1 0.002734 0.682639 0.005469 0.090278
1 0.963281 0.652778 0.040625 0.027778
2 0.962109 0.655556 0.033594 0.011111
2 0.967969 0.661111 0.031250 0.013889
2 0.969141 0.707639 0.013281 0.006944
2 0.950391 0.656250 0.005469 0.009722
2 0.958594 0.656944 0.017188 0.008333
2 0.975781 0.652778 0.015625 0.000000
1 0.976562 0.710417 0.015625 0.118056
2 0.978906 0.722222 0.010937 0.030556
2 0.976953 0.679167 0.008594 0.033333
2 0.982422 0.685417 0.003906 0.034722
2 0.979297 0.729167 0.010156 0.038889
2 0.977734 0.680556 0.007031 0.030556
2 0.978906 0.683333 0.004687 0.033333
1 0.922656 0.650694 0.043750 0.020833
2 0.939063 0.657639 0.006250 0.006944
2 0.936719 0.651389 0.001563 0.000000
2 0.937891 0.652778 0.003906 0.000000
1 0.954688 0.709722 0.037500 0.116667
2 0.938672 0.706944 0.005469 0.000000
2 0.943750 0.706944 0.003125 0.000000
2 0.947266 0.662500 0.022656 0.000000
2 0.952734 0.685417 0.033594 0.034722
2 0.953125 0.728472 0.034375 0.040278
2 0.953516 0.664583 0.013281 0.001389
2 0.940625 0.665972 0.009375 0.001389
2 0.954688 0.665972 0.020313 0.001389
2 0.886328 0.845139 0.030469 0.081944
2 0.933984 0.886111 0.102344 0.086111
2 0.884766 0.946528 0.002344 0.051389
2 0.874219 0.913889 0.004687 0.083333
2 0.931250 0.872917 0.107813 0.079167
2 0.944141 0.927083 0.083594 0.112500
2 0.961719 0.989583 0.048438 0.018056
2 0.880078 0.933333 0.005469 0.077778
2 0.753516 0.831944 0.063281 0.075000
2 0.682422 0.826389 0.066406 0.072222
2 0.780859 0.693056 0.000781 0.025000
2 0.762500 0.702778 0.034375 0.033333
2 0.797266 0.706250 0.022656 0.029167
2 0.762500 0.674306 0.034375 0.031944
2 0.797266 0.677778 0.022656 0.027778
2 0.762500 0.646528 0.034375 0.031944
2 0.796875 0.646528 0.023438 0.031944
5 0.178906 0.761111 0.071875 0.019444
5 0.175000 0.772917 0.064062 0.018056
5 0.175000 0.782639 0.064062 0.018056
5 0.175000 0.793056 0.064062 0.019444
5 0.175000 0.815278 0.064062 0.019444
5 0.175000 0.804861 0.064062 0.018056
5 0.175000 0.836111 0.064062 0.019444
5 0.175391 0.824306 0.063281 0.020833
5 0.242969 0.786111 0.070312 0.019444
5 0.242969 0.797222 0.070312 0.019444
5 0.242969 0.818750 0.070312 0.020833
5 0.242969 0.807639 0.070312 0.020833
5 0.242969 0.839583 0.070312 0.020833
5 0.242969 0.828472 0.070312 0.020833
5 0.242969 0.776389 0.070312 0.019444
5 0.242969 0.764583 0.070312 0.020833
5 0.316797 0.790278 0.069531 0.019444
5 0.316797 0.800694 0.069531 0.020833
5 0.316797 0.824306 0.069531 0.020833
5 0.316797 0.812500 0.069531 0.022222
5 0.316797 0.844444 0.069531 0.022222
5 0.316797 0.833333 0.069531 0.022222
5 0.023047 0.740278 0.046094 0.011111
5 0.023047 0.747222 0.046094 0.011111
5 0.316797 0.780556 0.069531 0.019444
5 0.316797 0.769444 0.069531 0.019444
5 0.317188 0.705556 0.068750 0.016667
5 0.316797 0.715972 0.069531 0.018056
5 0.316797 0.738194 0.069531 0.018056
5 0.316797 0.727083 0.069531 0.018056
5 0.316797 0.759722 0.069531 0.019444
5 0.316797 0.749306 0.069531 0.018056
5 0.023047 0.733333 0.046094 0.011111
5 0.023047 0.725694 0.046094 0.012500
5 0.317188 0.695833 0.068750 0.016667
5 0.317188 0.684028 0.068750 0.015278