3 0.543750 0.952778 0.910937 0.091667
6 0.720703 0.983333 0.125781 0.030556
6 0.471484 0.975000 0.127344 0.047222
6 0.718750 0.899306 0.126562 0.176389
6 0.591797 0.976389 0.122656 0.044444
7 0.981250 0.915278 0.032813 0.013889
7 0.897266 0.915278 0.032031 0.016667
7 0.842187 0.915972 0.018750 0.015278
8 0.594531 0.954167 0.046875 0.047222
5 0.595703 0.936111 0.041406 0.013889
8 0.542188 0.951389 0.048438 0.044444
5 0.542578 0.934028 0.042969 0.012500
8 0.637109 0.954861 0.035156 0.045833
5 0.639453 0.936806 0.033594 0.015278
8 0.700000 0.954861 0.035937 0.043056
5 0.697656 0.934028 0.035937 0.006944
8 0.530859 0.964583 0.052344 0.048611
5 0.531641 0.945833 0.046094 0.016667
8 0.587109 0.965278 0.050781 0.050000
5 0.587891 0.947222 0.044531 0.016667
8 0.635156 0.966667 0.043750 0.052778
5 0.636719 0.947222 0.039062 0.016667
8 0.699219 0.981250 0.035937 0.026389
8 0.914453 0.947222 0.002344 0.011111
5 0.916406 0.940972 0.000000 0.004167
8 0.910547 0.943750 0.010156 0.018056
5 0.912891 0.937500 0.010156 0.011111
8 0.788281 0.964583 0.023438 0.040278
5 0.787500 0.941667 0.023438 0.016667
8 0.855859 0.964583 0.044531 0.043056
5 0.856250 0.942361 0.045312 0.015278
8 0.877344 0.971528 0.068750 0.051389
5 0.878906 0.948611 0.067187 0.008333
8 0.883984 0.976389 0.071094 0.044444
5 0.883594 0.960417 0.065625 0.018056
0 0.957422 0.889583 0.083594 0.218056
0 0.178906 0.889583 0.135937 0.218056
1 0.540234 0.866667 0.075781 0.100000
2 0.515234 0.828472 0.019531 0.004167
2 0.566406 0.843056 0.015625 0.030556
2 0.565625 0.884028 0.015625 0.031944
2 0.530469 0.828472 0.015625 0.001389
2 0.527344 0.826389 0.001563 0.000000
2 0.546484 0.829167 0.014844 0.002778
1 0.687109 0.836806 0.075781 0.040278
2 0.660937 0.841667 0.017188 0.027778
2 0.713281 0.829167 0.017188 0.002778
2 0.678125 0.829167 0.017188 0.002778
2 0.695312 0.829167 0.017188 0.002778
2 0.703516 0.827778 0.000781 0.000000
1 0.527734 0.875000 0.083594 0.111111
2 0.500000 0.832639 0.021875 0.004167
2 0.555078 0.848611 0.019531 0.033333
2 0.557422 0.893750 0.017969 0.034722
2 0.516797 0.833333 0.017969 0.002778
2 0.521094 0.830556 0.017188 0.000000
2 0.535937 0.833333 0.018750 0.002778
2 0.537500 0.830556 0.014063 0.000000
1 0.689063 0.827778 0.082812 0.016667
2 0.660156 0.845139 0.018750 0.026389
2 0.717578 0.834028 0.019531 0.004167
2 0.678906 0.834028 0.018750 0.004167
2 0.688281 0.831944 0.000000 0.000000
2 0.698438 0.834722 0.018750 0.002778
2 0.698047 0.831944 0.017969 0.000000
1 0.555469 0.876389 0.006250 0.105556
2 0.484375 0.888194 0.012500 0.001389
2 0.485547 0.836806 0.014844 0.001389
2 0.542969 0.855556 0.021875 0.038889
2 0.523047 0.906944 0.064844 0.038889
2 0.499219 0.837500 0.020313 0.000000
2 0.503516 0.836111 0.019531 0.000000
2 0.520703 0.837500 0.021094 0.000000
2 0.524219 0.836111 0.020313 0.000000
1 0.646875 0.875694 0.003125 0.104167
2 0.652734 0.889583 0.007031 0.001389
2 0.658984 0.847917 0.021094 0.023611
2 0.722266 0.838889 0.017969 0.000000
2 0.680078 0.838194 0.021094 0.001389
2 0.688281 0.837500 0.000000 0.000000
2 0.701562 0.838889 0.020313 0.000000
1 0.503906 0.889583 0.098437 0.129167
2 0.470703 0.911806 0.024219 0.040278
2 0.482031 0.890972 0.007812 0.001389
2 0.471484 0.859028 0.025781 0.040278
2 0.536328 0.859028 0.024219 0.040278
2 0.514844 0.911806 0.067187 0.043056
2 0.491016 0.859722 0.021094 0.038889
2 0.495312 0.838889 0.020313 0.000000
2 0.513281 0.859722 0.021875 0.038889
2 0.516797 0.838889 0.021094 0.000000
1 0.688281 0.890278 0.089063 0.130556
2 0.659375 0.914583 0.021875 0.040278
2 0.652344 0.892361 0.007812 0.001389
2 0.658594 0.859722 0.021875 0.041667
2 0.723047 0.860417 0.016406 0.040278
2 0.702344 0.914583 0.060937 0.043056
2 0.680859 0.860417 0.022656 0.040278
2 0.680859 0.839583 0.021094 0.001389
2 0.703516 0.860417 0.022656 0.040278
2 0.707031 0.840278 0.014063 0.000000
2 0.326953 0.961806 0.086719 0.059722
2 0.378906 0.951389 0.017188 0.055556
2 0.327344 0.910417 0.085938 0.054167
2 0.379297 0.903472 0.016406 0.051389
2 0.328125 0.859028 0.085938 0.054167
2 0.342578 0.855556 0.091406 0.050000