3 0.505469 0.887500 0.987500 0.222222
4 0.178125 0.802083 0.001563 0.040278
4 0.017578 0.797917 0.005469 0.001389
8 0.929688 0.932639 0.139063 0.106944
5 0.473047 0.774306 0.044531 0.009722
5 0.473047 0.774306 0.044531 0.009722
5 0.473047 0.774306 0.044531 0.009722
5 0.471875 0.767361 0.042188 0.001389
5 0.471875 0.767361 0.042188 0.001389
5 0.471875 0.767361 0.042188 0.001389
5 0.457813 0.784722 0.014063 0.008333
5 0.457813 0.784722 0.014063 0.008333
5 0.457813 0.784722 0.014063 0.008333
5 0.561328 0.786806 0.014844 0.009722
5 0.561328 0.786806 0.014844 0.009722
5 0.561328 0.786806 0.014844 0.009722
5 0.560937 0.776389 0.015625 0.011111
5 0.560937 0.776389 0.015625 0.011111
5 0.560937 0.776389 0.015625 0.011111
5 0.560156 0.765278 0.017188 0.011111
5 0.560156 0.765278 0.017188 0.011111
5 0.560156 0.765278 0.017188 0.011111
5 0.558594 0.752778 0.018750 0.011111
5 0.558594 0.752778 0.018750 0.011111
5 0.558594 0.752778 0.018750 0.011111
6 0.438281 0.795139 0.064062 0.093056
6 0.483594 0.775694 0.054688 0.073611
6 0.439453 0.711111 0.066406 0.091667
6 0.470703 0.790278 0.042969 0.047222
6 0.252734 0.830556 0.107031 0.130556
6 0.210547 0.850000 0.083594 0.150000
7 0.198828 0.819444 0.000781 0.000000
7 0.082422 0.868056 0.036719 0.022222
8 0.068359 0.918056 0.008594 0.044444
5 0.071094 0.877083 0.004687 0.001389
8 0.197266 0.850694 0.003906 0.040278
5 0.197266 0.826389 0.003906 0.011111
8 0.307031 0.815278 0.003125 0.000000
8 0.318359 0.829167 0.025781 0.041667
5 0.315625 0.810417 0.020313 0.009722
8 0.335938 0.822222 0.043750 0.038889
5 0.329297 0.804167 0.047656 0.011111
8 0.366016 0.836806 0.072656 0.048611
5 0.361328 0.815278 0.072656 0.013889
8 0.391797 0.829167 0.069531 0.047222
5 0.387500 0.809028 0.068750 0.015278
8 0.344141 0.843750 0.077344 0.051389
5 0.341797 0.822222 0.072656 0.016667
8 0.329688 0.852778 0.048438 0.055556
5 0.326953 0.829861 0.042969 0.018056
8 0.958984 0.815972 0.005469 0.023611
5 0.974609 0.806944 0.032031 0.011111
8 0.958594 0.810417 0.006250 0.023611
5 0.973828 0.799306 0.033594 0.004167
8 0.976562 0.816667 0.029687 0.016667
5 0.977734 0.813889 0.027344 0.013889
8 0.976953 0.820139 0.028906 0.009722
5 0.978516 0.820139 0.025781 0.012500
8 0.909375 0.800000 0.064062 0.008333
5 0.908594 0.797222 0.057813 0.005556
8 0.908203 0.822917 0.066406 0.043056
5 0.907813 0.803472 0.060937 0.009722
8 0.911719 0.829167 0.070312 0.047222
5 0.910547 0.811111 0.063281 0.013889
8 0.910937 0.836806 0.073438 0.048611
5 0.909766 0.818056 0.066406 0.016667
8 0.980859 0.881250 0.036719 0.062500
5 0.982422 0.861111 0.033594 0.025000
8 0.921094 0.879167 0.067187 0.063889
5 0.920312 0.857639 0.059375 0.026389
8 0.840234 0.879861 0.069531 0.070833
5 0.839844 0.854167 0.060937 0.025000
8 0.978125 0.856250 0.042188 0.056944
5 0.979297 0.832639 0.039844 0.012500
8 0.982031 0.867361 0.034375 0.059722
5 0.983594 0.843056 0.031250 0.016667
8 0.923828 0.863889 0.061719 0.058333
5 0.923047 0.843056 0.053906 0.022222
8 0.848828 0.863194 0.063281 0.059722
5 0.848437 0.839583 0.056250 0.020833
8 0.997656 0.964583 0.003125 0.045833
8 0.994922 0.949306 0.008594 0.059722
5 0.997266 0.926389 0.003906 0.019444
8 0.785547 0.997222 0.003906 0.002778
5 0.824609 0.995833 0.074219 0.005556
0 0.492578 0.804861 0.174219 0.387500
0 0.686328 0.775694 0.091406 0.276389
0 0.610156 0.731250 0.059375 0.156944
1 0.140234 0.738194 0.082031 0.095833
1 0.116406 0.740278 0.085938 0.100000
1 0.078516 0.736111 0.072656 0.091667
1 0.042188 0.735417 0.064062 0.087500
1 0.044141 0.745833 0.003906 0.022222
1 0.015234 0.736806 0.003906 0.040278
2 0.913281 0.957639 0.140625 0.081944
2 0.757422 0.952778 0.141406 0.091667
2 0.904687 0.790972 0.000000 0.004167
2 0.914062 0.781250 0.000000 0.009722
2 0.879687 0.797222 0.048438 0.041667
2 0.939453 0.797222 0.050781 0.047222
2 0.879297 0.756250 0.049219 0.040278
2 0.939063 0.756250 0.051562 0.043056
2 0.878516 0.715278 0.049219 0.041667
2 0.938672 0.715278 0.050781 0.041667
5 0.057813 0.897222 0.115625 0.038889
5 0.057422 0.919444 0.114844 0.041667
5 0.057031 0.963889 0.114062 0.044444
5 0.057422 0.941667 0.114844 0.044444
5 0.057422 0.990278 0.113281 0.016667
5 0.057031 0.979861 0.114062 0.037500
5 0.057813 0.878472 0.115625 0.037500
5 0.058203 0.856250 0.116406 0.037500
5 0.058984 0.731944 0.117969 0.022222
5 0.058984 0.753472 0.117969 0.026389
5 0.058594 0.797222 0.117188 0.027778
5 0.058594 0.775694 0.117188 0.026389
5 0.058203 0.837500 0.116406 0.033333
5 0.058203 0.815278 0.116406 0.033333
5 0.058984 0.712500 0.117969 0.022222
5 0.059375 0.690972 0.118750 0.020833