3 0.499609 0.897222 0.999219 0.202778
4 0.926953 0.949306 0.007031 0.098611
5 0.024219 0.900694 0.048438 0.031944
5 0.024219 0.900694 0.048438 0.031944
5 0.024219 0.900694 0.048438 0.031944
5 0.024609 0.881250 0.049219 0.031944
5 0.024609 0.881250 0.049219 0.031944
5 0.024609 0.881250 0.049219 0.031944
5 0.024219 0.919444 0.048438 0.030556
5 0.024219 0.919444 0.048438 0.030556
5 0.024219 0.919444 0.048438 0.030556
5 0.090625 0.897917 0.084375 0.029167
5 0.090625 0.897917 0.084375 0.029167
5 0.090625 0.897917 0.084375 0.029167
5 0.090625 0.882639 0.084375 0.029167
5 0.090625 0.882639 0.084375 0.029167
5 0.090625 0.882639 0.084375 0.029167
5 0.087500 0.865278 0.092188 0.027778
5 0.087500 0.865278 0.092188 0.027778
5 0.087500 0.865278 0.092188 0.027778
5 0.087891 0.845833 0.091406 0.027778
5 0.087891 0.845833 0.091406 0.027778
5 0.087891 0.845833 0.091406 0.027778
6 0.635156 0.888889 0.096875 0.127778
6 0.475391 0.875694 0.094531 0.123611
6 0.634375 0.777778 0.096875 0.119444
6 0.553125 0.880556 0.095312 0.127778
7 0.632812 0.988194 0.070312 0.020833
7 0.998437 0.813889 0.001563 0.013889
7 0.949219 0.813194 0.012500 0.015278
8 0.951562 0.964583 0.076563 0.068056
5 0.952734 0.947222 0.067969 0.036111
8 0.862891 0.961111 0.078906 0.075000
5 0.864453 0.938889 0.069531 0.033333
8 0.788672 0.959028 0.080469 0.079167
5 0.789453 0.933333 0.071094 0.033333
8 0.709375 0.954861 0.081250 0.076389
5 0.709766 0.926389 0.072656 0.030556
8 0.807813 0.938194 0.073438 0.073611
5 0.808984 0.910417 0.064844 0.023611
8 0.734375 0.931944 0.075000 0.072222
5 0.735156 0.907639 0.065625 0.026389
8 0.876563 0.943750 0.071875 0.076389
5 0.877734 0.915278 0.063281 0.025000
8 0.957812 0.944444 0.070312 0.066667
5 0.959766 0.922222 0.060156 0.025000
8 0.683203 0.831944 0.025781 0.033333
5 0.687891 0.816667 0.010156 0.005556
8 0.632422 0.840972 0.016406 0.012500
8 0.712109 0.835417 0.042969 0.037500
5 0.711328 0.820139 0.039844 0.012500
8 0.755078 0.838194 0.044531 0.037500
5 0.755078 0.822917 0.039844 0.012500
8 0.612891 0.842361 0.046094 0.029167
5 0.622656 0.827778 0.007812 0.000000
8 0.653125 0.847222 0.042188 0.025000
8 0.696484 0.843056 0.046094 0.038889
5 0.700000 0.827083 0.034375 0.012500
8 0.741016 0.845833 0.047656 0.038889
5 0.741406 0.829167 0.042188 0.013889
5 0.971484 0.831250 0.032031 0.004167
8 0.998437 0.836806 0.000000 0.018056
5 0.970703 0.826389 0.032031 0.005556
8 0.998437 0.843056 0.000000 0.011111
5 0.971875 0.836806 0.031250 0.006944
5 0.986328 0.847222 0.002344 0.011111
8 0.836328 0.842361 0.039844 0.040278
5 0.837109 0.827083 0.035156 0.012500
8 0.866797 0.827778 0.003906 0.008333
5 0.876172 0.825694 0.016406 0.006944
8 0.874609 0.856250 0.019531 0.029167
5 0.874219 0.831944 0.017188 0.005556
8 0.870313 0.859028 0.029687 0.037500
5 0.870703 0.840972 0.025781 0.012500
0 0.941016 0.801389 0.116406 0.211111
0 0.304688 0.795833 0.146875 0.200000
1 0.316797 0.968056 0.494531 0.061111
1 0.705469 0.764583 0.023438 0.087500
2 0.703906 0.743750 0.020313 0.026389
2 0.692969 0.779167 0.043750 0.027778
2 0.673047 0.731250 0.002344 0.001389
2 0.687891 0.743056 0.011719 0.025000
1 0.811719 0.768056 0.071875 0.091667
2 0.786719 0.732639 0.015625 0.001389
2 0.834766 0.745833 0.017969 0.027778
2 0.834766 0.783333 0.021094 0.027778
2 0.801953 0.733333 0.014844 0.002778
2 0.818359 0.733333 0.013281 0.002778
2 0.820703 0.731944 0.013281 0.000000
1 0.659375 0.770833 0.075000 0.094444
2 0.632812 0.734722 0.015625 0.002778
2 0.682422 0.747917 0.021094 0.029167
2 0.688672 0.786806 0.011719 0.029167
2 0.640234 0.735417 0.000781 0.001389
2 0.671094 0.761111 0.000000 0.000000
2 0.673047 0.733333 0.002344 0.000000
1 0.798438 0.772917 0.078125 0.095833
2 0.771094 0.736806 0.017188 0.004167
2 0.823438 0.750694 0.020313 0.029167
2 0.824219 0.790972 0.020313 0.031944
2 0.787500 0.737500 0.017188 0.002778
2 0.805078 0.737500 0.017969 0.002778
1 0.630469 0.752778 0.081250 0.052778
2 0.598047 0.779861 0.007031 0.001389
2 0.601172 0.777778 0.000781 0.000000
2 0.603516 0.737500 0.017969 0.000000
2 0.633203 0.779861 0.016406 0.001389
2 0.617578 0.737500 0.007031 0.000000
2 0.624219 0.737500 0.004687 0.000000
2 0.633984 0.738889 0.013281 0.000000
1 0.781641 0.782639 0.085156 0.109722
2 0.752734 0.784028 0.019531 0.001389
2 0.763281 0.783333 0.000000 0.000000
2 0.753516 0.739583 0.022656 0.001389
2 0.808594 0.756944 0.021875 0.033333
2 0.791406 0.800694 0.059375 0.034722
2 0.770312 0.740278 0.018750 0.000000
2 0.796094 0.741667 0.001563 0.000000
2 0.797266 0.740278 0.005469 0.000000
1 0.610938 0.779167 0.060937 0.088889
2 0.588281 0.798611 0.015625 0.033333
2 0.593750 0.781250 0.009375 0.001389
2 0.591016 0.754861 0.021094 0.031944
2 0.636328 0.754861 0.010156 0.029167
2 0.619141 0.798611 0.044531 0.033333
2 0.604688 0.755556 0.017188 0.030556
2 0.613672 0.738889 0.016406 0.000000
2 0.623047 0.754861 0.019531 0.029167
2 0.624609 0.738889 0.003906 0.000000
1 0.773828 0.786111 0.088281 0.113889
2 0.743750 0.804167 0.020313 0.033333
2 0.746875 0.786111 0.018750 0.000000
2 0.744141 0.758333 0.022656 0.033333
2 0.804297 0.759722 0.019531 0.033333
2 0.783984 0.804861 0.061719 0.037500
2 0.760938 0.759722 0.018750 0.033333
2 0.765625 0.741667 0.018750 0.000000
2 0.775781 0.759722 0.009375 0.033333
2 0.785156 0.741667 0.018750 0.000000
2 0.394531 0.826389 0.037500 0.044444
2 0.397266 0.802083 0.032031 0.004167
2 0.452344 0.831250 0.076563 0.043056
2 0.501172 0.825694 0.019531 0.040278
2 0.452344 0.792361 0.076563 0.040278
2 0.501172 0.788194 0.019531 0.037500
2 0.452344 0.752778 0.076563 0.041667
2 0.475391 0.750694 0.071094 0.040278