3 0.499609 0.840278 0.999219 0.316667
4 0.416406 0.814583 0.009375 0.073611
4 0.440625 0.870139 0.037500 0.090278
4 0.477344 0.909722 0.012500 0.094444
4 0.487891 0.946528 0.042969 0.104167
4 0.541016 0.975000 0.003906 0.047222
8 0.627734 0.997222 0.008594 0.002778
8 0.994922 0.820139 0.008594 0.018056
5 0.342187 0.699306 0.046875 0.012500
5 0.342187 0.699306 0.046875 0.012500
5 0.342187 0.699306 0.046875 0.012500
5 0.342187 0.688194 0.046875 0.015278
5 0.342187 0.688194 0.046875 0.015278
5 0.342187 0.688194 0.046875 0.015278
5 0.342187 0.707639 0.046875 0.012500
5 0.342187 0.707639 0.046875 0.012500
5 0.342187 0.707639 0.046875 0.012500
5 0.406250 0.704861 0.046875 0.012500
5 0.406250 0.704861 0.046875 0.012500
5 0.406250 0.704861 0.046875 0.012500
5 0.406250 0.695139 0.046875 0.012500
5 0.406250 0.695139 0.046875 0.012500
5 0.406250 0.695139 0.046875 0.012500
5 0.406250 0.686806 0.046875 0.012500
5 0.406250 0.686806 0.046875 0.012500
5 0.406250 0.686806 0.046875 0.012500
5 0.406250 0.675000 0.046875 0.013889
5 0.406250 0.675000 0.046875 0.013889
5 0.406250 0.675000 0.046875 0.013889
6 0.511328 0.740972 0.039844 0.051389
6 0.479297 0.727083 0.038281 0.076389
6 0.512500 0.684722 0.042188 0.080556
6 0.493750 0.736111 0.042188 0.077778
6 0.551172 0.821528 0.069531 0.106944
6 0.602734 0.845833 0.085156 0.113889
7 0.339844 0.951389 0.046875 0.052778
7 0.353125 0.800000 0.059375 0.022222
7 0.389453 0.878472 0.071094 0.029167
8 0.593359 0.927083 0.058594 0.068056
5 0.604688 0.905556 0.051562 0.027778
8 0.525781 0.944444 0.034375 0.069444
5 0.535156 0.918750 0.053125 0.040278
8 0.478906 0.831944 0.064062 0.047222
5 0.478125 0.813889 0.057813 0.019444
8 0.468750 0.815278 0.059375 0.047222
5 0.468359 0.798611 0.055469 0.016667
8 0.454688 0.803472 0.051562 0.045833
5 0.456641 0.788194 0.050781 0.018056
8 0.449609 0.790972 0.055469 0.043056
5 0.448828 0.775000 0.050781 0.013889
8 0.516797 0.790278 0.049219 0.027778
5 0.516797 0.783333 0.046094 0.013889
8 0.510156 0.779167 0.056250 0.027778
5 0.513281 0.770139 0.043750 0.012500
8 0.511719 0.816667 0.009375 0.036111
5 0.511719 0.795833 0.009375 0.013889
8 0.515234 0.813194 0.002344 0.018056
5 0.516406 0.804167 0.000000 0.002778
8 0.821094 0.721528 0.006250 0.004167
5 0.835547 0.716667 0.036719 0.011111
8 0.819922 0.711806 0.036719 0.004167
5 0.818750 0.707639 0.034375 0.006944
8 0.850391 0.736806 0.052344 0.031944
5 0.849609 0.723611 0.035156 0.011111
8 0.870313 0.742361 0.054688 0.029167
5 0.869922 0.732639 0.049219 0.012500
8 0.746094 0.716667 0.003125 0.016667
5 0.764453 0.710417 0.035156 0.006944
5 0.785547 0.717361 0.033594 0.006944
5 0.813672 0.724306 0.024219 0.006944
8 0.840625 0.745833 0.017188 0.022222
5 0.832422 0.734028 0.027344 0.012500
8 0.966406 0.790972 0.059375 0.043056
5 0.964844 0.775694 0.054688 0.018056
8 0.987500 0.783333 0.023438 0.033333
5 0.991406 0.772917 0.015625 0.015278
8 0.930859 0.791667 0.060156 0.038889
5 0.930469 0.779167 0.054688 0.019444
8 0.889844 0.797917 0.059375 0.045833
5 0.889062 0.781944 0.053125 0.019444
8 0.902734 0.755556 0.052344 0.022222
5 0.904687 0.747917 0.051562 0.015278
8 0.933203 0.772917 0.061719 0.037500
5 0.932813 0.757639 0.054688 0.015278
8 0.897266 0.778472 0.057031 0.043056
5 0.896484 0.763889 0.050781 0.019444
8 0.859766 0.784028 0.050781 0.037500
5 0.857422 0.765972 0.047656 0.018056
0 0.960938 0.835417 0.076563 0.256944
0 0.812500 0.742361 0.087500 0.193056
0 0.512109 0.665278 0.041406 0.127778
1 0.026172 0.693750 0.052344 0.101389
1 0.023438 0.701389 0.046875 0.105556
1 0.978125 0.640278 0.042188 0.033333
2 0.974609 0.644444 0.030469 0.022222
2 0.994141 0.647917 0.008594 0.015278
2 0.978516 0.645833 0.017969 0.019444
2 0.991406 0.635417 0.014063 0.001389
2 0.988672 0.645833 0.019531 0.016667
2 0.996484 0.637500 0.003906 0.000000
1 0.908984 0.676389 0.064844 0.100000
2 0.893750 0.637500 0.031250 0.002778
2 0.920703 0.657639 0.035156 0.029167
2 0.911719 0.693750 0.046875 0.034722
2 0.895312 0.640278 0.015625 0.002778
2 0.908203 0.639583 0.014844 0.001389
2 0.902344 0.643056 0.017188 0.002778
2 0.915625 0.640278 0.010937 0.000000
1 0.978906 0.670833 0.039062 0.052778
2 0.980859 0.658333 0.036719 0.005556
2 0.998047 0.680556 0.002344 0.030556
2 0.989453 0.706944 0.017969 0.005556
2 0.985156 0.661111 0.023438 0.005556
2 0.994141 0.659028 0.010156 0.001389
2 0.992188 0.663889 0.014063 0.005556
1 0.871875 0.677083 0.067187 0.098611
2 0.851172 0.688889 0.021094 0.027778
2 0.853906 0.652083 0.026562 0.029167
2 0.884766 0.659028 0.035156 0.029167
2 0.876563 0.695139 0.053125 0.034722
2 0.858203 0.654861 0.017969 0.029167
2 0.871484 0.640278 0.013281 0.000000
2 0.862500 0.657639 0.009375 0.029167
2 0.878125 0.641667 0.000000 0.000000
1 0.960156 0.704167 0.078125 0.116667
2 0.935937 0.713889 0.023438 0.030556
2 0.941797 0.673611 0.035156 0.033333
2 0.978125 0.682639 0.040625 0.034722
2 0.966797 0.722222 0.063281 0.041667
2 0.946875 0.677083 0.023438 0.031944
2 0.960547 0.661111 0.014844 0.002778
2 0.957031 0.680556 0.021875 0.033333
2 0.973437 0.663194 0.017188 0.001389
2 0.662891 0.688194 0.017969 0.034722
2 0.696094 0.698611 0.048438 0.036111
2 0.744141 0.700000 0.007031 0.027778
2 0.696484 0.669444 0.047656 0.036111
2 0.744141 0.675694 0.007031 0.018056
2 0.696484 0.640972 0.047656 0.034722
2 0.727734 0.634722 0.039844 0.025000
5 0.587500 0.917361 0.087500 0.043056
5 0.587500 0.935417 0.087500 0.037500
5 0.587500 0.947917 0.087500 0.037500
5 0.587500 0.962500 0.087500 0.038889
5 0.587500 0.984722 0.087500 0.027778
5 0.587500 0.977083 0.087500 0.040278
5 0.573438 0.994444 0.059375 0.008333
5 0.581641 0.990972 0.075781 0.015278
5 0.675781 0.938194 0.087500 0.037500
5 0.675781 0.952083 0.087500 0.037500
5 0.675781 0.979167 0.087500 0.038889
5 0.675781 0.965972 0.087500 0.040278
5 0.669531 0.992361 0.075000 0.012500
5 0.675781 0.986806 0.087500 0.023611
5 0.675391 0.925000 0.088281 0.036111
5 0.675391 0.908333 0.088281 0.041667
5 0.777734 0.927083 0.074219 0.031944
5 0.777734 0.940972 0.074219 0.031944
5 0.777734 0.968750 0.074219 0.034722
5 0.777734 0.954861 0.074219 0.034722
5 0.777344 0.988194 0.075000 0.020833
5 0.777734 0.981250 0.074219 0.034722
5 0.007812 0.873611 0.015625 0.025000
5 0.008594 0.884028 0.017188 0.026389
5 0.777734 0.915278 0.074219 0.030556
5 0.780078 0.901389 0.069531 0.030556
5 0.777734 0.822917 0.074219 0.023611
5 0.777734 0.836806 0.074219 0.026389
5 0.777734 0.861806 0.074219 0.031944
5 0.777734 0.850000 0.074219 0.027778
5 0.777734 0.890972 0.074219 0.026389
5 0.777734 0.875000 0.074219 0.030556
5 0.007812 0.865278 0.015625 0.022222
5 0.008594 0.854167 0.017188 0.025000
5 0.777734 0.809722 0.074219 0.025000
5 0.777734 0.793056 0.074219 0.030556