3 0.499609 0.893056 0.999219 0.211111
5 0.678125 0.859028 0.048438 0.020833
5 0.678125 0.859028 0.048438 0.020833
5 0.678125 0.859028 0.048438 0.020833
5 0.678906 0.843056 0.050000 0.025000
5 0.678906 0.843056 0.050000 0.025000
5 0.678906 0.843056 0.050000 0.025000
5 0.677344 0.872917 0.046875 0.023611
5 0.677344 0.872917 0.046875 0.023611
5 0.677344 0.872917 0.046875 0.023611
6 0.341797 0.925694 0.110156 0.137500
6 0.494141 0.900694 0.099219 0.134722
6 0.342578 0.806944 0.110156 0.136111
6 0.422656 0.911806 0.104688 0.140278
7 0.140234 0.918056 0.002344 0.008333
7 0.049219 0.806944 0.017188 0.013889
7 0.091797 0.801389 0.025781 0.008333
8 0.004297 0.967361 0.008594 0.026389
5 0.001172 0.953472 0.002344 0.009722
8 0.042969 0.963194 0.068750 0.070833
5 0.045312 0.942361 0.065625 0.031944
8 0.089063 0.959722 0.025000 0.066667
5 0.121094 0.934722 0.040625 0.025000
8 0.132422 0.977083 0.013281 0.023611
5 0.134766 0.954861 0.011719 0.031944
8 0.241016 0.961806 0.011719 0.020833
5 0.242969 0.941667 0.015625 0.030556
8 0.066406 0.977778 0.068750 0.041667
5 0.068750 0.966667 0.065625 0.036111
8 0.016797 0.979167 0.033594 0.038889
5 0.013281 0.976389 0.026562 0.036111
0 0.203516 0.875000 0.252344 0.247222
0 0.778125 0.831250 0.154688 0.240278
1 0.378516 0.780556 0.074219 0.108333
1 0.341797 0.784722 0.074219 0.113889
1 0.335156 0.768056 0.068750 0.088889
1 0.299609 0.774306 0.069531 0.098611
1 0.297656 0.761806 0.064062 0.081944
1 0.273438 0.771528 0.043750 0.098611
1 0.279297 0.750694 0.055469 0.073611
1 0.007812 0.801389 0.015625 0.125000
1 0.001172 0.786806 0.002344 0.098611