3 0.499609 0.866667 0.999219 0.263889
4 0.010937 0.725000 0.014063 0.025000
7 0.055469 0.745833 0.082812 0.030556
7 0.040625 0.727083 0.037500 0.004167
7 0.003516 0.723611 0.002344 0.008333
7 0.912891 0.773611 0.172656 0.025000
7 0.798828 0.863194 0.400781 0.165278
7 0.499609 0.930556 0.999219 0.136111
8 0.087500 0.718056 0.018750 0.022222
5 0.091797 0.707639 0.008594 0.001389
8 0.072656 0.718056 0.028125 0.022222
5 0.064062 0.707639 0.009375 0.001389
8 0.495312 0.727778 0.001563 0.038889
5 0.495312 0.702778 0.001563 0.008333
0 0.820703 0.460417 0.357031 0.656944
0 0.295312 0.563194 0.057813 0.054167
0 0.495312 0.632639 0.001563 0.115278
1 0.077734 0.681250 0.036719 0.070833
1 0.053125 0.681944 0.070312 0.072222
2 0.731250 0.725000 0.014063 0.091667
2 0.617188 0.724306 0.215625 0.115278
2 0.616406 0.613889 0.214062 0.119444
2 0.737891 0.629861 0.028906 0.095833
2 0.453516 0.644444 0.055469 0.080556
2 0.322266 0.633333 0.075781 0.094444
2 0.321484 0.722917 0.075781 0.093056
2 0.453125 0.721528 0.056250 0.079167
2 0.392578 0.639583 0.064844 0.087500
2 0.191797 0.627083 0.186719 0.101389
2 0.190234 0.723611 0.186719 0.100000
2 0.392188 0.722222 0.065625 0.086111
2 0.495312 0.705556 0.001563 0.027778
5 0.017188 0.668750 0.034375 0.009722
5 0.017188 0.678472 0.034375 0.006944
5 0.016797 0.687500 0.033594 0.008333
5 0.016797 0.697222 0.033594 0.008333
5 0.016797 0.717361 0.033594 0.006944
5 0.016797 0.706944 0.033594 0.008333
5 0.007422 0.736111 0.014844 0.008333
5 0.016406 0.726389 0.032813 0.008333
5 0.039453 0.686806 0.061719 0.009722
5 0.038672 0.697222 0.061719 0.008333
5 0.038672 0.718056 0.061719 0.008333
5 0.038672 0.706944 0.061719 0.008333
5 0.013281 0.736111 0.012500 0.008333
5 0.037109 0.726389 0.060156 0.008333
5 0.022656 0.719444 0.000000 0.000000
5 0.039453 0.677778 0.061719 0.008333
5 0.039453 0.667361 0.061719 0.009722
5 0.075000 0.685417 0.045312 0.009722
5 0.075000 0.696528 0.045312 0.009722
5 0.074219 0.718056 0.045312 0.008333
5 0.074609 0.706944 0.046094 0.008333
5 0.074219 0.726389 0.045312 0.008333
5 0.068359 0.727083 0.000781 0.001389
5 0.075000 0.676389 0.045312 0.008333
5 0.075781 0.665972 0.045312 0.009722
5 0.076563 0.605556 0.045312 0.011111
5 0.076563 0.615972 0.045312 0.012500
5 0.076172 0.636806 0.046094 0.009722
5 0.076563 0.626389 0.045312 0.011111
5 0.075781 0.656250 0.045312 0.009722
5 0.075781 0.646528 0.045312 0.009722
5 0.063672 0.717361 0.010156 0.001389
5 0.077344 0.595833 0.045312 0.011111
5 0.089453 0.585417 0.069531 0.012500