3 0.418750 0.928472 0.837500 0.140278
4 0.041406 0.973611 0.004687 0.047222
8 0.282422 0.881944 0.025781 0.027778
5 0.240234 0.848611 0.025781 0.008333
5 0.240234 0.848611 0.025781 0.008333
5 0.240234 0.848611 0.025781 0.008333
5 0.240234 0.838194 0.025781 0.009722
5 0.240234 0.838194 0.025781 0.009722
5 0.240234 0.838194 0.025781 0.009722
5 0.240234 0.857639 0.025781 0.006944
5 0.240234 0.857639 0.025781 0.006944
5 0.240234 0.857639 0.025781 0.006944
5 0.207031 0.859028 0.039062 0.006944
5 0.207031 0.859028 0.039062 0.006944
5 0.207031 0.859028 0.039062 0.006944
5 0.207031 0.850694 0.039062 0.006944
5 0.207031 0.850694 0.039062 0.006944
5 0.207031 0.850694 0.039062 0.006944
5 0.207422 0.841667 0.038281 0.008333
5 0.207422 0.841667 0.038281 0.008333
5 0.207422 0.841667 0.038281 0.008333
5 0.209375 0.831250 0.042188 0.009722
5 0.209375 0.831250 0.042188 0.009722
5 0.209375 0.831250 0.042188 0.009722
6 0.297656 0.802083 0.007812 0.048611
6 0.297266 0.836111 0.007031 0.047222
6 0.141797 0.842361 0.003906 0.051389
6 0.159375 0.839583 0.039062 0.054167
7 0.524609 0.913194 0.013281 0.018056
7 0.588281 0.913889 0.025000 0.019444
7 0.391016 0.915278 0.022656 0.019444
7 0.451562 0.914583 0.023438 0.018056
1 0.748828 0.925694 0.063281 0.145833
1 0.673828 0.926389 0.088281 0.144444
1 0.696094 0.908333 0.081250 0.136111
1 0.640625 0.919444 0.075000 0.158333
1 0.653125 0.890972 0.046875 0.123611
1 0.615234 0.901389 0.067969 0.144444
1 0.682031 0.864583 0.084375 0.109722
1 0.176172 0.927083 0.117969 0.143056
1 0.183984 0.923611 0.119531 0.150000
5 0.073047 0.911111 0.005469 0.005556
5 0.073438 0.902778 0.006250 0.008333
5 0.073828 0.887500 0.005469 0.008333
5 0.073828 0.896528 0.005469 0.006944
5 0.052344 0.990278 0.043750 0.016667
5 0.058594 0.997222 0.029687 0.000000
5 0.060156 0.998611 0.026562 0.000000
5 0.041797 0.998611 0.008594 0.000000