3 0.588281 0.856250 0.812500 0.284722
5 0.460938 0.704861 0.031250 0.006944
5 0.460938 0.704861 0.031250 0.006944
5 0.460938 0.704861 0.031250 0.006944
5 0.460156 0.696528 0.029687 0.006944
5 0.460156 0.696528 0.029687 0.006944
5 0.460156 0.696528 0.029687 0.006944
5 0.460938 0.712500 0.031250 0.005556
5 0.460938 0.712500 0.031250 0.005556
5 0.460938 0.712500 0.031250 0.005556
5 0.508203 0.711806 0.017969 0.004167
5 0.508203 0.711806 0.017969 0.004167
5 0.508203 0.711806 0.017969 0.004167
5 0.508203 0.704861 0.017969 0.006944
5 0.508203 0.704861 0.017969 0.006944
5 0.508203 0.704861 0.017969 0.006944
5 0.508594 0.696528 0.018750 0.006944
5 0.508594 0.696528 0.018750 0.006944
5 0.508594 0.696528 0.018750 0.006944
5 0.508984 0.688194 0.019531 0.006944
5 0.508984 0.688194 0.019531 0.006944
5 0.508984 0.688194 0.019531 0.006944
6 0.463281 0.699306 0.040625 0.062500
6 0.489453 0.696528 0.028906 0.056944
6 0.464453 0.641667 0.042969 0.061111
6 0.476172 0.697917 0.038281 0.059722
6 0.371484 0.703472 0.057031 0.073611
6 0.361719 0.706944 0.035937 0.080556
7 0.210938 0.761806 0.051562 0.023611
7 0.187891 0.774306 0.007031 0.006944
7 0.678125 0.788194 0.020313 0.009722
7 0.644922 0.831250 0.085156 0.037500
7 0.677734 0.803472 0.019531 0.015278
7 0.585938 0.925694 0.204687 0.073611
7 0.617188 0.875694 0.143750 0.048611
6 0.401953 0.499306 0.803906 0.998611
6 0.626563 0.793750 0.125000 0.312500
6 0.993750 0.820833 0.010937 0.355556
8 0.281641 0.737500 0.019531 0.033333
5 0.282031 0.715278 0.018750 0.005556
8 0.212500 0.730556 0.034375 0.030556
5 0.229687 0.713889 0.000000 0.002778
8 0.321094 0.720833 0.000000 0.013889
5 0.321094 0.705556 0.000000 0.000000
8 0.403516 0.723611 0.007031 0.013889
5 0.403125 0.702778 0.006250 0.000000
8 0.424219 0.720139 0.045312 0.029167
5 0.423438 0.706250 0.040625 0.006944
8 0.436719 0.718056 0.045312 0.027778
5 0.433984 0.705556 0.044531 0.005556
8 0.418359 0.721528 0.038281 0.029167
5 0.417187 0.707639 0.034375 0.006944
8 0.412109 0.722917 0.024219 0.031944
5 0.410547 0.709028 0.021094 0.006944
8 0.805078 0.703472 0.000781 0.001389
5 0.824219 0.702083 0.035937 0.001389
8 0.806250 0.704167 0.000000 0.000000
5 0.825000 0.702778 0.034375 0.000000
5 0.824609 0.704167 0.035156 0.000000
8 0.810156 0.715278 0.000000 0.000000
5 0.805469 0.711111 0.009375 0.005556
8 0.841797 0.722222 0.002344 0.022222
5 0.848047 0.712500 0.011719 0.008333
8 0.821484 0.723611 0.041406 0.019444
5 0.821484 0.708333 0.041406 0.005556
8 0.821094 0.723611 0.039062 0.019444
5 0.822266 0.707639 0.039844 0.001389
8 0.827734 0.726389 0.052344 0.011111
5 0.826953 0.719444 0.052344 0.002778
8 0.853516 0.718750 0.000781 0.001389
5 0.826562 0.715972 0.051562 0.001389
8 0.828125 0.758333 0.053125 0.050000
5 0.827734 0.733333 0.052344 0.013889
8 0.827734 0.741667 0.052344 0.016667
5 0.827344 0.729861 0.053125 0.012500
8 0.681250 0.746528 0.014063 0.034722
5 0.682031 0.730556 0.009375 0.011111
8 0.685547 0.745139 0.002344 0.004167
5 0.686328 0.723611 0.000781 0.000000
8 0.730078 0.976389 0.403906 0.044444
5 0.697656 0.970139 0.428125 0.056944
0 0.551562 0.659028 0.075000 0.201389
0 0.608594 0.718750 0.000000 0.029167
0 0.572656 0.663889 0.039062 0.108333
1 0.211719 0.672917 0.051562 0.059722
1 0.200781 0.681250 0.029687 0.045833
1 0.977734 0.636111 0.021094 0.005556
1 0.981641 0.640972 0.035156 0.026389
2 0.967969 0.647917 0.001563 0.012500
2 0.987109 0.647222 0.024219 0.013889
2 0.970313 0.647917 0.001563 0.012500
2 0.973047 0.647222 0.002344 0.013889
1 0.905469 0.648611 0.017188 0.011111
2 0.898828 0.650000 0.000781 0.008333
2 0.909766 0.649306 0.013281 0.009722
2 0.900391 0.650000 0.000781 0.008333
2 0.901953 0.649306 0.000781 0.009722
1 0.941016 0.640972 0.052344 0.026389
2 0.917578 0.648611 0.000781 0.011111
2 0.943359 0.647222 0.041406 0.013889
2 0.919531 0.648611 0.001563 0.011111
2 0.921875 0.648611 0.001563 0.011111
2 0.941016 0.698611 0.116406 0.086111
2 0.937891 0.782639 0.107031 0.090278
2 0.677344 0.736806 0.018750 0.051389
2 0.803516 0.700000 0.005469 0.008333
2 0.803516 0.680556 0.005469 0.027778
2 0.803125 0.651389 0.006250 0.027778
5 0.197656 0.681944 0.023438 0.008333
5 0.201172 0.692361 0.030469 0.009722
5 0.201172 0.702083 0.030469 0.009722
5 0.196875 0.712500 0.023438 0.011111
5 0.196875 0.734722 0.023438 0.011111
5 0.196875 0.723611 0.023438 0.011111
5 0.198047 0.748611 0.021094 0.000000
5 0.196875 0.743056 0.023438 0.011111
5 0.244141 0.702083 0.069531 0.009722
5 0.244141 0.713194 0.069531 0.009722
5 0.244141 0.734722 0.069531 0.011111
5 0.244141 0.723611 0.069531 0.011111
5 0.255078 0.751389 0.047656 0.005556
5 0.244141 0.744444 0.069531 0.011111
5 0.244531 0.692361 0.068750 0.009722
5 0.244922 0.682639 0.069531 0.009722
5 0.317188 0.702778 0.068750 0.011111
5 0.317188 0.713889 0.068750 0.011111
5 0.317188 0.736111 0.068750 0.011111
5 0.317188 0.725000 0.068750 0.011111
5 0.316406 0.752778 0.068750 0.005556
5 0.316797 0.745139 0.067969 0.012500
5 0.317188 0.693750 0.068750 0.009722
5 0.317188 0.682639 0.068750 0.009722
5 0.317578 0.619444 0.067969 0.011111
5 0.317578 0.630556 0.067969 0.011111
5 0.317578 0.652083 0.067969 0.009722
5 0.317578 0.640972 0.067969 0.009722
5 0.317188 0.672917 0.068750 0.009722
5 0.317188 0.661806 0.068750 0.009722
5 0.317969 0.609028 0.068750 0.009722
5 0.317969 0.598611 0.068750 0.011111