3 0.460156 0.822222 0.920312 0.352778
4 0.242188 0.671528 0.001563 0.026389
4 0.201953 0.666667 0.000781 0.005556
4 0.158984 0.666667 0.000781 0.000000
4 0.109766 0.699306 0.007031 0.051389
4 0.057422 0.704861 0.013281 0.056944
4 0.001953 0.713194 0.003906 0.056944
4 0.136328 0.652083 0.000781 0.018056
4 0.053516 0.669444 0.016406 0.041667
4 0.017188 0.672222 0.004687 0.041667
8 0.106641 0.714583 0.055469 0.034722
8 0.554297 0.705556 0.008594 0.013889
5 0.557813 0.663194 0.001563 0.004167
5 0.557813 0.663194 0.001563 0.004167
5 0.557813 0.663194 0.001563 0.004167
5 0.557813 0.656944 0.001563 0.005556
5 0.557813 0.656944 0.001563 0.005556
5 0.557813 0.656944 0.001563 0.005556
5 0.557422 0.652778 0.000781 0.000000
5 0.557422 0.652778 0.000781 0.000000
5 0.557422 0.652778 0.000781 0.000000
6 0.452344 0.663889 0.032813 0.050000
6 0.452344 0.619444 0.032813 0.050000
6 0.462109 0.662500 0.011719 0.044444
6 0.357422 0.657639 0.008594 0.015278
6 0.299219 0.681944 0.006250 0.061111
7 0.131250 0.732639 0.050000 0.018056
7 0.082812 0.741667 0.053125 0.019444
7 0.291016 0.784028 0.021094 0.018056
7 0.351562 0.770833 0.006250 0.008333
7 0.175000 0.825694 0.065625 0.020833
7 0.228516 0.809028 0.050781 0.023611
7 0.049609 0.855556 0.032031 0.036111
7 0.016016 0.714583 0.017969 0.006944
7 0.156250 0.701389 0.026562 0.000000
7 0.099219 0.678472 0.034375 0.009722
7 0.263281 0.693056 0.025000 0.011111
7 0.812891 0.941667 0.119531 0.052778
7 0.773438 0.974306 0.137500 0.048611
7 0.916406 0.800000 0.006250 0.016667
7 0.892188 0.841667 0.054688 0.027778
7 0.907813 0.819444 0.023438 0.019444
7 0.151562 0.647917 0.023438 0.006944
7 0.166016 0.647222 0.008594 0.005556
7 0.092188 0.653472 0.025000 0.006944
7 0.117188 0.650694 0.026562 0.006944
6 0.010547 0.873611 0.021094 0.155556
8 0.025000 0.737500 0.050000 0.036111
5 0.023047 0.722917 0.046094 0.012500
8 0.008594 0.740278 0.017188 0.013889
5 0.008984 0.715972 0.017969 0.004167
8 0.247656 0.706250 0.010937 0.018056
5 0.246875 0.691667 0.012500 0.002778
8 0.202734 0.706250 0.000781 0.020833
5 0.203125 0.688889 0.000000 0.000000
8 0.418359 0.677083 0.011719 0.009722
5 0.412500 0.670833 0.000000 0.000000
8 0.426953 0.680556 0.028906 0.022222
5 0.425781 0.670833 0.026562 0.005556
8 0.750391 0.686806 0.019531 0.020833
5 0.738281 0.677083 0.037500 0.006944
8 0.759766 0.686806 0.011719 0.020833
5 0.749609 0.675000 0.032031 0.008333
8 0.726172 0.691667 0.032031 0.019444
5 0.726562 0.679861 0.031250 0.006944
8 0.719531 0.690972 0.042188 0.018056
5 0.717969 0.682639 0.039062 0.006944
8 0.720313 0.674306 0.003125 0.001389
5 0.710156 0.671528 0.023438 0.004167
8 0.714063 0.685417 0.007812 0.020833
5 0.703516 0.674306 0.027344 0.004167
8 0.705078 0.677778 0.011719 0.002778
5 0.699219 0.676389 0.018750 0.002778
8 0.694141 0.681250 0.008594 0.004167
5 0.691016 0.680556 0.002344 0.005556
8 0.695312 0.702083 0.010937 0.009722
5 0.694141 0.698611 0.008594 0.008333
8 0.701953 0.697917 0.024219 0.020833
5 0.700391 0.688194 0.021094 0.006944
8 0.697266 0.698611 0.011719 0.016667
5 0.694922 0.691667 0.010156 0.005556
8 0.554297 0.732639 0.008594 0.020833
5 0.554297 0.719444 0.008594 0.011111
8 0.555469 0.728472 0.006250 0.029167
5 0.555859 0.712500 0.005469 0.002778
0 0.242188 0.866667 0.353125 0.263889
0 0.778516 0.761806 0.175781 0.273611
0 0.380469 0.665972 0.064062 0.140278
0 0.547656 0.648611 0.018750 0.116667
0 0.022266 0.909028 0.044531 0.179167
1 0.294141 0.629167 0.011719 0.058333
1 0.283984 0.626389 0.032031 0.055556
1 0.275000 0.629167 0.046875 0.058333
1 0.258984 0.625694 0.038281 0.054167
1 0.248047 0.617361 0.016406 0.034722
1 0.203516 0.623611 0.010156 0.036111
1 0.148438 0.636806 0.056250 0.062500
1 0.127344 0.636806 0.056250 0.062500
1 0.012891 0.645833 0.025781 0.072222
1 0.028516 0.650694 0.057031 0.079167
1 0.878516 0.647222 0.036719 0.063889
2 0.895312 0.669444 0.000000 0.019444
2 0.869141 0.625000 0.000781 0.000000
2 0.864844 0.629861 0.009375 0.001389
2 0.864844 0.666667 0.009375 0.002778
2 0.865625 0.625000 0.004687 0.000000
2 0.864844 0.626389 0.009375 0.000000
1 0.846094 0.665278 0.050000 0.088889
2 0.839063 0.668056 0.001563 0.000000
2 0.865234 0.679861 0.010156 0.020833
2 0.864844 0.645833 0.009375 0.027778
2 0.831250 0.648611 0.015625 0.027778
2 0.844922 0.685417 0.042969 0.031944
2 0.864844 0.647222 0.003125 0.027778
2 0.861328 0.647222 0.002344 0.027778
1 0.828516 0.641667 0.030469 0.052778
2 0.832422 0.623611 0.010156 0.000000
2 0.827734 0.667361 0.017969 0.004167
2 0.842187 0.625000 0.001563 0.000000
2 0.840625 0.625000 0.000000 0.000000
1 0.808594 0.664583 0.045312 0.090278
2 0.801953 0.666667 0.010156 0.000000
2 0.823438 0.668056 0.010937 0.002778
2 0.801172 0.647917 0.030469 0.026389
2 0.805469 0.684028 0.039062 0.031944
2 0.818750 0.647222 0.003125 0.025000
2 0.712109 0.809722 0.019531 0.013889
2 0.695703 0.827083 0.011719 0.026389
2 0.695703 0.744444 0.011719 0.036111
2 0.715234 0.732639 0.050781 0.048611
2 0.504687 0.720139 0.087500 0.048611
2 0.431641 0.735417 0.074219 0.062500
2 0.464062 0.790972 0.009375 0.051389
2 0.542969 0.766667 0.010937 0.047222
2 0.448047 0.702778 0.041406 0.008333
2 0.407031 0.743750 0.103125 0.065278
2 0.407031 0.798611 0.103125 0.061111
2 0.793359 0.665972 0.008594 0.001389
2 0.728125 0.666667 0.028125 0.013889
2 0.760547 0.672222 0.010156 0.019444
2 0.725781 0.647222 0.023438 0.022222
2 0.759766 0.652083 0.011719 0.018056
2 0.733594 0.622222 0.040625 0.025000
2 0.765625 0.618750 0.040625 0.018056
5 0.161328 0.671528 0.047656 0.009722
5 0.157031 0.680556 0.039062 0.008333
5 0.157031 0.685417 0.039062 0.009722
5 0.156641 0.693750 0.039844 0.006944
5 0.156641 0.706944 0.039844 0.011111
5 0.156641 0.700000 0.039844 0.011111
5 0.156641 0.720833 0.039844 0.011111
5 0.156641 0.713194 0.039844 0.009722
5 0.097656 0.669444 0.034375 0.005556
5 0.082812 0.675694 0.006250 0.004167
5 0.189062 0.688194 0.037500 0.009722
5 0.189062 0.696528 0.037500 0.009722
5 0.189062 0.711111 0.037500 0.008333
5 0.189453 0.702778 0.038281 0.011111
5 0.189062 0.723611 0.037500 0.011111
5 0.189062 0.716667 0.037500 0.011111
5 0.118359 0.672222 0.030469 0.005556
5 0.124219 0.677778 0.017188 0.005556
5 0.189062 0.682639 0.037500 0.009722
5 0.189062 0.674306 0.037500 0.009722
5 0.233203 0.690972 0.049219 0.009722
5 0.233203 0.700000 0.049219 0.008333
5 0.233203 0.713889 0.049219 0.008333
5 0.233203 0.706250 0.049219 0.009722
5 0.233203 0.728472 0.049219 0.009722
5 0.233203 0.720139 0.049219 0.009722
5 0.135937 0.674306 0.014063 0.004167
5 0.135547 0.679861 0.014844 0.004167
5 0.233203 0.685417 0.049219 0.006944
5 0.233203 0.677778 0.049219 0.008333
5 0.233203 0.634722 0.049219 0.008333
5 0.233203 0.642361 0.049219 0.006944
5 0.233203 0.657639 0.049219 0.006944
5 0.233203 0.650000 0.049219 0.008333
5 0.233203 0.671528 0.049219 0.006944
5 0.233203 0.663889 0.049219 0.008333
5 0.135937 0.670139 0.014063 0.004167
5 0.146094 0.664583 0.035937 0.006944
5 0.233203 0.628472 0.049219 0.006944
5 0.233594 0.620833 0.050000 0.008333