3 0.499609 0.839583 0.999219 0.318056
5 0.006641 0.928472 0.013281 0.026389
5 0.006641 0.928472 0.013281 0.026389
5 0.006641 0.928472 0.013281 0.026389
5 0.006641 0.906944 0.013281 0.027778
5 0.006641 0.906944 0.013281 0.027778
5 0.006641 0.906944 0.013281 0.027778
5 0.006641 0.947222 0.013281 0.025000
5 0.006641 0.947222 0.013281 0.025000
5 0.006641 0.947222 0.013281 0.025000
5 0.059375 0.909028 0.092188 0.048611
5 0.059375 0.909028 0.092188 0.048611
5 0.059375 0.909028 0.092188 0.048611
5 0.055469 0.892361 0.100000 0.048611
5 0.055469 0.892361 0.100000 0.048611
5 0.055469 0.892361 0.100000 0.048611
5 0.055469 0.873611 0.100000 0.047222
5 0.055469 0.873611 0.100000 0.047222
5 0.055469 0.873611 0.100000 0.047222
5 0.055469 0.853472 0.100000 0.048611
5 0.055469 0.853472 0.100000 0.048611
5 0.055469 0.853472 0.100000 0.048611
6 0.647656 0.932639 0.103125 0.131944
6 0.473828 0.909722 0.100781 0.150000
6 0.647266 0.818056 0.103906 0.141667
6 0.557422 0.921528 0.100781 0.154167
7 0.998047 0.724306 0.002344 0.018056
7 0.948828 0.721528 0.021094 0.020833
8 0.712109 0.995833 0.003906 0.005556
5 0.732422 0.995833 0.041406 0.005556
8 0.836719 0.980556 0.076563 0.036111
5 0.837500 0.980556 0.067187 0.036111
8 0.755859 0.974306 0.078906 0.048611
5 0.756641 0.973611 0.069531 0.050000
8 0.914844 0.985417 0.068750 0.026389
5 0.913281 0.985417 0.064062 0.026389
8 0.973437 0.992361 0.012500 0.012500
5 0.985547 0.992361 0.027344 0.012500
8 0.673438 0.775694 0.046875 0.040278
5 0.674219 0.760417 0.042188 0.012500
8 0.630469 0.772222 0.046875 0.041667
5 0.630859 0.755556 0.041406 0.016667
8 0.714453 0.779167 0.046094 0.047222
5 0.714453 0.763889 0.041406 0.019444
8 0.759766 0.784028 0.046094 0.048611
5 0.760156 0.770139 0.040625 0.020833
8 0.610938 0.789583 0.050000 0.037500
5 0.611719 0.771528 0.045312 0.020833
8 0.645703 0.796528 0.028906 0.034722
5 0.647656 0.776389 0.025000 0.022222
8 0.705859 0.797222 0.035156 0.047222
5 0.704688 0.779861 0.032813 0.020833
8 0.747266 0.801389 0.049219 0.052778
5 0.747266 0.786111 0.042969 0.022222
5 0.977344 0.793750 0.023438 0.012500
8 0.956641 0.775694 0.000781 0.001389
5 0.976172 0.780556 0.038281 0.013889
8 0.986328 0.827778 0.000781 0.000000
5 0.980859 0.806944 0.022656 0.016667
5 0.985938 0.821528 0.015625 0.015278
8 0.846094 0.795139 0.040625 0.051389
5 0.846094 0.779861 0.035937 0.020833
8 0.896484 0.786806 0.039844 0.026389
5 0.897266 0.781944 0.035156 0.019444
8 0.887109 0.813889 0.021094 0.047222
5 0.892969 0.796528 0.029687 0.015278
8 0.885938 0.828472 0.032813 0.048611
5 0.889062 0.813194 0.034375 0.020833
0 0.950391 0.792361 0.097656 0.229167
0 0.289844 0.785417 0.156250 0.220833
1 0.678125 0.659722 0.070312 0.094444
2 0.652734 0.628472 0.014844 0.012500
2 0.700391 0.639583 0.019531 0.029167
2 0.699609 0.675694 0.022656 0.031944
2 0.660156 0.630556 0.000000 0.008333
2 0.690234 0.630556 0.003906 0.008333
2 0.691016 0.624306 0.005469 0.001389
1 0.811719 0.667361 0.073438 0.098611
2 0.783203 0.634722 0.010156 0.013889
2 0.836328 0.646528 0.017969 0.031944
2 0.840625 0.684722 0.009375 0.033333
2 0.807031 0.637500 0.007812 0.011111
2 0.808203 0.629861 0.010156 0.001389
2 0.819141 0.637500 0.016406 0.011111
2 0.821094 0.630556 0.015625 0.002778
1 0.655469 0.672222 0.076563 0.097222
2 0.631641 0.642361 0.022656 0.015278
2 0.689453 0.652083 0.002344 0.029167
2 0.689844 0.691667 0.003125 0.030556
2 0.644922 0.644444 0.017969 0.013889
2 0.650391 0.636806 0.016406 0.001389
2 0.656250 0.645139 0.007812 0.012500
2 0.658594 0.636806 0.003125 0.001389
1 0.799609 0.684722 0.078906 0.108333
2 0.773438 0.650000 0.020313 0.016667
2 0.826172 0.661806 0.019531 0.034722
2 0.830078 0.703472 0.011719 0.034722
2 0.784375 0.652083 0.007812 0.015278
2 0.786328 0.643750 0.003906 0.001389
2 0.809766 0.653472 0.013281 0.015278
2 0.810547 0.644444 0.014844 0.002778
1 0.623047 0.695139 0.074219 0.115278
2 0.601562 0.653472 0.025000 0.006944
2 0.649219 0.671528 0.015625 0.037500
2 0.653125 0.716667 0.007812 0.036111
2 0.616406 0.656250 0.020313 0.004167
2 0.621875 0.652083 0.020313 0.001389
2 0.633594 0.656250 0.020313 0.004167
2 0.639453 0.652778 0.017969 0.002778
1 0.784766 0.706250 0.086719 0.120833
2 0.755859 0.662500 0.022656 0.008333
2 0.813672 0.681250 0.021094 0.040278
2 0.821875 0.726389 0.006250 0.033333
2 0.773438 0.664583 0.020313 0.004167
2 0.776953 0.661111 0.019531 0.002778
2 0.785156 0.665278 0.004687 0.002778
2 0.795312 0.661806 0.020313 0.004167
1 0.617969 0.703472 0.081250 0.118056
2 0.586328 0.722222 0.017969 0.036111
2 0.589844 0.702778 0.018750 0.002778
2 0.588672 0.675694 0.022656 0.037500
2 0.641797 0.679167 0.025781 0.038889
2 0.624219 0.723611 0.062500 0.041667
2 0.603125 0.678472 0.021875 0.034722
2 0.608984 0.659722 0.021094 0.002778
2 0.621094 0.679861 0.021875 0.034722
2 0.626172 0.660417 0.021094 0.004167
1 0.777344 0.715972 0.090625 0.126389
2 0.746484 0.734722 0.021094 0.038889
2 0.748828 0.715278 0.019531 0.002778
2 0.747656 0.686111 0.023438 0.041667
2 0.810937 0.690278 0.015625 0.041667
2 0.787891 0.737500 0.063281 0.044444
2 0.766016 0.689583 0.021094 0.037500
2 0.769141 0.668750 0.021094 0.004167
2 0.782031 0.689583 0.012500 0.037500
2 0.783594 0.669444 0.009375 0.002778
2 0.372266 0.765972 0.061719 0.054167
2 0.385156 0.734722 0.035937 0.013889
2 0.443750 0.776389 0.079687 0.050000
2 0.494141 0.763194 0.019531 0.048611
2 0.443750 0.736111 0.079687 0.047222
2 0.494141 0.724306 0.019531 0.045833
2 0.443359 0.693056 0.080469 0.052778
2 0.466016 0.683333 0.075781 0.050000