3 0.927344 0.890972 0.143750 0.204167
7 0.887891 0.981250 0.061719 0.034722
7 0.947656 0.946528 0.103125 0.048611
7 0.983203 0.919444 0.032031 0.033333
1 0.979297 0.780556 0.039844 0.177778
2 0.981641 0.738889 0.035156 0.058333
2 0.982031 0.811111 0.034375 0.066667
2 0.992188 0.709028 0.014063 0.001389
1 0.960547 0.736111 0.077344 0.141667
2 0.982031 0.681944 0.034375 0.002778
2 0.953516 0.706250 0.055469 0.043056
2 0.962500 0.761806 0.073438 0.051389
2 0.965625 0.682639 0.028125 0.001389
2 0.987109 0.694444 0.024219 0.022222
2 0.954688 0.684028 0.025000 0.001389
2 0.976953 0.696528 0.033594 0.023611
1 0.885547 0.752083 0.060156 0.154167
2 0.878125 0.754861 0.015625 0.001389
2 0.893359 0.780556 0.035156 0.050000
2 0.882812 0.716667 0.056250 0.050000
2 0.859375 0.722917 0.009375 0.048611
2 0.875781 0.784722 0.040625 0.055556
2 0.861328 0.693750 0.013281 0.001389
2 0.879297 0.719444 0.032031 0.050000
2 0.867188 0.720833 0.025000 0.050000
1 0.916406 0.734028 0.096875 0.137500
2 0.954688 0.736111 0.007812 0.002778
2 0.939844 0.679167 0.043750 0.005556
2 0.896484 0.702083 0.049219 0.043056
2 0.918359 0.754861 0.063281 0.045833
2 0.917969 0.678472 0.006250 0.001389
2 0.945703 0.681944 0.007031 0.000000
2 0.898438 0.679861 0.021875 0.001389
2 0.918359 0.686806 0.022656 0.012500
1 0.855469 0.681944 0.001563 0.016667
2 0.874609 0.679167 0.039844 0.022222