3 0.492188 0.909028 0.984375 0.179167
8 0.330469 0.988889 0.034375 0.019444
6 0.707422 0.993750 0.071094 0.009722
6 0.901172 0.994444 0.047656 0.008333
7 0.953906 0.995833 0.048438 0.005556
7 0.960547 0.984722 0.041406 0.013889
7 0.579688 0.930556 0.012500 0.011111
7 0.566016 0.946528 0.038281 0.020833
7 0.657422 0.911111 0.046094 0.016667
7 0.701172 0.890972 0.046094 0.015278
7 0.685937 0.898611 0.043750 0.016667
7 0.426953 0.856944 0.016406 0.002778
7 0.067578 0.939583 0.057031 0.020833
7 0.116797 0.927778 0.053906 0.019444
7 0.204687 0.905556 0.026562 0.016667
7 0.176172 0.914583 0.050781 0.018056
7 0.011719 0.954861 0.023438 0.020833
6 0.733203 0.840972 0.016406 0.048611
6 0.827734 0.809722 0.003906 0.036111
6 0.827344 0.777778 0.003125 0.036111
6 0.797656 0.776389 0.021875 0.036111
6 0.798438 0.805556 0.021875 0.033333
6 0.694531 0.836111 0.031250 0.044444
6 0.790625 0.815972 0.006250 0.018056
6 0.732812 0.823611 0.017188 0.038889
6 0.696094 0.859028 0.039062 0.059722
6 0.643359 0.857639 0.035156 0.059722
8 0.365625 0.979167 0.045312 0.027778
5 0.373437 0.965972 0.051562 0.020833
8 0.343750 0.986806 0.071875 0.023611
5 0.346094 0.976389 0.065625 0.019444
8 0.480469 0.944444 0.050000 0.022222
5 0.475000 0.935417 0.056250 0.015278
8 0.449609 0.950000 0.063281 0.016667
5 0.455078 0.943056 0.047656 0.013889
8 0.535937 0.961111 0.065625 0.041667
5 0.536719 0.942361 0.059375 0.018056
8 0.512109 0.954167 0.067969 0.011111
5 0.512891 0.950000 0.061719 0.016667
8 0.719922 0.865972 0.038281 0.023611
5 0.723047 0.854167 0.028906 0.008333
8 0.682813 0.863194 0.025000 0.023611
5 0.677344 0.852083 0.032813 0.006944
8 0.664062 0.865278 0.040625 0.022222
5 0.664453 0.854861 0.036719 0.006944
8 0.708203 0.869444 0.041406 0.025000
5 0.709375 0.858333 0.035937 0.008333
8 0.721094 0.844444 0.034375 0.013889
5 0.721484 0.836111 0.032031 0.005556
8 0.711719 0.845833 0.035937 0.013889
5 0.712500 0.839583 0.032813 0.006944
8 0.737891 0.848611 0.007031 0.008333
5 0.739844 0.841667 0.003125 0.005556
0 0.486719 0.806944 0.071875 0.097222
0 0.807422 0.829167 0.041406 0.119444
0 0.892578 0.794444 0.030469 0.083333
0 0.591797 0.784722 0.030469 0.075000
0 0.303516 0.817361 0.061719 0.087500
0 0.629687 0.906944 0.089063 0.183333
0 0.385937 0.927083 0.121875 0.143056
0 0.964063 0.811111 0.020313 0.100000
0 0.917188 0.844444 0.040625 0.138889
0 0.653125 0.762500 0.026562 0.030556
0 0.513281 0.802778 0.068750 0.094444
1 0.694531 0.806944 0.029687 0.066667
2 0.690234 0.818056 0.013281 0.019444
2 0.681250 0.818056 0.009375 0.019444
2 0.686328 0.791667 0.021094 0.019444
2 0.701562 0.790278 0.012500 0.019444
2 0.695703 0.816667 0.024219 0.022222
2 0.697266 0.790972 0.005469 0.018056
2 0.699219 0.790278 0.009375 0.019444
2 0.687109 0.780556 0.010156 0.000000
1 0.658203 0.812500 0.041406 0.069444
2 0.653906 0.827083 0.007812 0.020833
2 0.645312 0.827083 0.012500 0.020833
2 0.649219 0.798611 0.020313 0.022222
2 0.676562 0.795833 0.001563 0.019444
2 0.660937 0.825000 0.032813 0.022222
2 0.662109 0.797222 0.013281 0.019444
2 0.669531 0.798611 0.000000 0.016667
2 0.653516 0.786111 0.007031 0.000000
1 0.632422 0.810417 0.035156 0.065278
2 0.628125 0.825694 0.014063 0.020833
2 0.618359 0.825694 0.007031 0.020833
2 0.624609 0.797222 0.021094 0.022222
2 0.640234 0.785417 0.016406 0.001389
2 0.635547 0.824306 0.025781 0.023611
2 0.633594 0.796528 0.010937 0.020833
2 0.621484 0.786111 0.011719 0.000000
2 0.641406 0.786806 0.004687 0.001389
1 0.662891 0.789583 0.038281 0.031944
2 0.662891 0.812500 0.011719 0.000000
2 0.652734 0.812500 0.003906 0.000000
2 0.657031 0.783333 0.023438 0.002778
2 0.673438 0.779861 0.014063 0.001389
2 0.675000 0.809028 0.010937 0.006944
2 0.667969 0.781944 0.003125 0.002778
2 0.655469 0.780556 0.009375 0.000000
2 0.676172 0.780556 0.000781 0.000000
1 0.601172 0.811806 0.041406 0.068056
2 0.599609 0.824306 0.014844 0.020833
2 0.587891 0.824306 0.011719 0.020833
2 0.594141 0.796528 0.024219 0.020833
2 0.616406 0.784722 0.000000 0.000000
2 0.607812 0.813194 0.025000 0.004167
2 0.607031 0.795833 0.000000 0.019444
2 0.592969 0.784722 0.006250 0.000000
2 0.609766 0.784722 0.011719 0.000000
2 0.596875 0.784722 0.000000 0.000000
1 0.636328 0.791667 0.038281 0.038889
2 0.625000 0.811111 0.003125 0.000000
2 0.630469 0.781944 0.023438 0.002778
2 0.650000 0.779167 0.003125 0.000000
2 0.644531 0.782639 0.003125 0.004167
2 0.644141 0.779861 0.008594 0.001389
2 0.633203 0.779167 0.008594 0.000000
1 0.521484 0.806250 0.036719 0.062500
2 0.512891 0.792361 0.019531 0.018056
2 0.536328 0.790972 0.003906 0.018056
2 0.530469 0.817361 0.015625 0.020833
2 0.510156 0.781944 0.003125 0.000000
2 0.527734 0.790972 0.011719 0.018056
1 0.556250 0.800694 0.037500 0.062500
2 0.554688 0.812500 0.012500 0.019444
2 0.545703 0.811806 0.010156 0.018056
2 0.550781 0.786806 0.020313 0.018056
2 0.567187 0.785417 0.012500 0.018056
2 0.563281 0.810417 0.021875 0.020833
2 0.563672 0.786806 0.003906 0.018056
2 0.567969 0.786111 0.003125 0.016667
2 0.555078 0.776389 0.010156 0.000000
2 0.301563 0.921528 0.075000 0.043056
2 0.364453 0.906944 0.049219 0.038889
2 0.354297 0.870139 0.069531 0.043056
2 0.300000 0.881944 0.070312 0.047222
2 0.452344 0.894444 0.067187 0.050000
2 0.490234 0.881250 0.066406 0.045833
2 0.516016 0.919444 0.014844 0.036111
2 0.452344 0.934028 0.067187 0.040278
2 0.472656 0.888194 0.070312 0.048611
2 0.514453 0.875694 0.067969 0.043056
2 0.540625 0.913194 0.015625 0.040278
2 0.497266 0.924306 0.021094 0.034722
2 0.451562 0.973611 0.079687 0.050000
2 0.505078 0.977083 0.088281 0.043056
5 0.972266 0.988194 0.025781 0.020833
5 0.974219 0.994444 0.014063 0.008333
5 0.971875 0.981250 0.026562 0.020833
5 0.971484 0.966667 0.025781 0.025000
5 0.897266 0.982639 0.039844 0.018056
5 0.897266 0.991667 0.039844 0.013889
5 0.889062 0.998611 0.023438 0.000000
5 0.896875 0.971528 0.040625 0.020833
5 0.896875 0.961111 0.040625 0.019444
5 0.895312 0.890278 0.040625 0.019444
5 0.895703 0.902083 0.039844 0.020833
5 0.896094 0.925694 0.040625 0.020833
5 0.895703 0.914583 0.039844 0.020833
5 0.896484 0.948611 0.039844 0.019444
5 0.896094 0.937500 0.040625 0.019444
5 0.895312 0.878472 0.040625 0.018056
5 0.894922 0.866667 0.039844 0.019444