3 0.498828 0.973611 0.997656 0.050000
5 0.163672 0.965972 0.089844 0.020833
5 0.163672 0.965972 0.089844 0.020833
5 0.163672 0.965972 0.089844 0.020833
5 0.164062 0.946528 0.090625 0.023611
5 0.164062 0.946528 0.090625 0.023611
5 0.164062 0.946528 0.090625 0.023611
5 0.163281 0.982639 0.090625 0.020833
5 0.163281 0.982639 0.090625 0.020833
5 0.163281 0.982639 0.090625 0.020833
5 0.283203 0.977778 0.088281 0.019444
5 0.283203 0.977778 0.088281 0.019444
5 0.283203 0.977778 0.088281 0.019444
5 0.283594 0.961111 0.087500 0.019444
5 0.283594 0.961111 0.087500 0.019444
5 0.283594 0.961111 0.087500 0.019444
5 0.283594 0.943056 0.087500 0.019444
5 0.283594 0.943056 0.087500 0.019444
5 0.283594 0.943056 0.087500 0.019444
5 0.283984 0.924306 0.086719 0.020833
5 0.283984 0.924306 0.086719 0.020833
5 0.283984 0.924306 0.086719 0.020833
6 0.550000 0.954861 0.123438 0.087500
6 0.468750 0.948611 0.079687 0.100000
6 0.551953 0.844444 0.128906 0.177778
6 0.500781 0.950694 0.106250 0.095833
6 0.872656 0.978472 0.253125 0.040278
8 0.992578 0.950000 0.000781 0.000000
5 0.996875 0.949306 0.004687 0.001389
8 0.959375 0.972917 0.079687 0.040278
5 0.961719 0.956250 0.075000 0.015278
8 0.982812 0.975000 0.032813 0.030556
5 0.985156 0.962500 0.028125 0.013889
0 0.479687 0.882639 0.101562 0.231944
2 0.701172 0.935417 0.003906 0.026389
2 0.792578 0.952778 0.094531 0.052778
2 0.867578 0.953472 0.055469 0.048611
2 0.791406 0.904861 0.095312 0.054167
2 0.866016 0.904167 0.055469 0.050000
2 0.790234 0.854861 0.094531 0.051389
2 0.864453 0.854167 0.055469 0.050000