3 0.482812 0.865972 0.965625 0.265278
4 0.086719 0.818056 0.003125 0.044444
6 0.012500 0.713889 0.006250 0.041667
6 0.016797 0.713889 0.014844 0.041667
5 0.655859 0.794444 0.021094 0.013889
5 0.655859 0.794444 0.021094 0.013889
5 0.655859 0.794444 0.021094 0.013889
5 0.656250 0.781250 0.021875 0.015278
5 0.656250 0.781250 0.021875 0.015278
5 0.656250 0.781250 0.021875 0.015278
5 0.655469 0.806944 0.020313 0.013889
5 0.655469 0.806944 0.020313 0.013889
5 0.655469 0.806944 0.020313 0.013889
5 0.771875 0.820833 0.007812 0.011111
5 0.771875 0.820833 0.007812 0.011111
5 0.771875 0.820833 0.007812 0.011111
5 0.769141 0.807639 0.013281 0.012500
5 0.769141 0.807639 0.013281 0.012500
5 0.769141 0.807639 0.013281 0.012500
5 0.768750 0.794444 0.012500 0.013889
5 0.768750 0.794444 0.012500 0.013889
5 0.768750 0.794444 0.012500 0.013889
5 0.768750 0.779861 0.012500 0.015278
5 0.768750 0.779861 0.012500 0.015278
5 0.768750 0.779861 0.012500 0.015278
6 0.373828 0.834722 0.085156 0.105556
6 0.496484 0.818750 0.078906 0.104167
6 0.373828 0.742361 0.085156 0.104167
6 0.437891 0.825694 0.082031 0.106944
6 0.028125 0.863194 0.056250 0.131944
7 0.227344 0.831944 0.015625 0.002778
7 0.236328 0.749306 0.003906 0.009722
7 0.126953 0.754167 0.025781 0.011111
7 0.171094 0.751389 0.026562 0.011111
8 0.089844 0.870139 0.062500 0.059722
5 0.089453 0.849306 0.055469 0.020833
8 0.151172 0.865278 0.063281 0.052778
5 0.150391 0.843750 0.055469 0.020833
8 0.201172 0.854167 0.063281 0.041667
5 0.200391 0.836806 0.055469 0.015278
8 0.256250 0.834028 0.062500 0.009722
5 0.232813 0.832639 0.009375 0.012500
8 0.201563 0.873611 0.001563 0.002778
5 0.218359 0.845139 0.035156 0.009722
5 0.291797 0.838194 0.008594 0.006944
8 0.171094 0.880556 0.062500 0.058333
5 0.164062 0.857639 0.043750 0.023611
8 0.108984 0.888194 0.067969 0.059722
5 0.107813 0.863889 0.059375 0.025000
8 0.919922 0.971528 0.122656 0.054167
5 0.902344 0.951389 0.078125 0.033333
8 0.939844 0.962500 0.045312 0.058333
5 0.931641 0.935417 0.019531 0.015278
8 0.869922 0.978472 0.124219 0.040278
5 0.871875 0.969444 0.118750 0.047222
8 0.814844 0.990278 0.121875 0.016667
5 0.809766 0.979167 0.113281 0.038889
8 0.884766 0.925694 0.111719 0.031944
5 0.881641 0.918056 0.097656 0.036111
8 0.829688 0.945833 0.115625 0.052778
5 0.828125 0.928472 0.103125 0.037500
8 0.804297 0.966667 0.071094 0.050000
5 0.792578 0.940278 0.078906 0.038889
8 0.716797 0.970139 0.119531 0.056944
5 0.714453 0.949306 0.107031 0.037500
8 0.382812 0.996528 0.007812 0.004167
5 0.333203 0.986111 0.096094 0.025000
8 0.597266 0.998611 0.002344 0.000000
5 0.646875 0.990972 0.095312 0.015278
8 0.423047 0.997917 0.007031 0.001389
5 0.490234 0.988194 0.125781 0.020833
8 0.442188 0.984722 0.129688 0.027778
5 0.443359 0.976389 0.116406 0.044444
0 0.267578 0.845139 0.183594 0.306944
0 0.731250 0.765972 0.131250 0.193056
1 0.416016 0.732639 0.063281 0.095833
1 0.383984 0.728472 0.063281 0.084722
1 0.379297 0.727083 0.058594 0.087500
1 0.348438 0.728472 0.059375 0.090278
1 0.347266 0.723611 0.055469 0.086111
1 0.326953 0.725694 0.035156 0.087500
1 0.331641 0.707639 0.049219 0.065278
1 0.064844 0.748611 0.090625 0.111111
1 0.054297 0.743056 0.088281 0.102778
1 0.964844 0.915278 0.068750 0.166667
2 0.969922 0.922917 0.058594 0.118056
2 0.981250 0.995833 0.035937 0.005556
2 0.989062 0.861111 0.020313 0.005556
2 0.959375 0.864583 0.004687 0.001389
2 0.977344 0.834028 0.043750 0.059722
2 0.976562 0.775000 0.043750 0.069444
5 0.013672 0.804861 0.010156 0.001389
5 0.013672 0.799306 0.010156 0.006944
5 0.012500 0.789583 0.007812 0.012500