3 0.499609 0.838889 0.999219 0.319444
4 0.507422 0.847917 0.011719 0.081944
4 0.599609 0.908333 0.049219 0.100000
4 0.686719 0.947917 0.015625 0.101389
4 0.750000 0.966667 0.046875 0.063889
4 0.875781 0.995833 0.004687 0.005556
4 0.009766 0.992361 0.010156 0.012500
5 0.277344 0.725000 0.056250 0.013889
5 0.277344 0.725000 0.056250 0.013889
5 0.277344 0.725000 0.056250 0.013889
5 0.277344 0.711806 0.056250 0.018056
5 0.277344 0.711806 0.056250 0.018056
5 0.277344 0.711806 0.056250 0.018056
5 0.277344 0.734722 0.056250 0.013889
5 0.277344 0.734722 0.056250 0.013889
5 0.277344 0.734722 0.056250 0.013889
5 0.345313 0.725694 0.054688 0.015278
5 0.345313 0.725694 0.054688 0.015278
5 0.345313 0.725694 0.054688 0.015278
5 0.345313 0.717361 0.054688 0.012500
5 0.345313 0.717361 0.054688 0.012500
5 0.345313 0.717361 0.054688 0.012500
5 0.345313 0.706944 0.054688 0.013889
5 0.345313 0.706944 0.054688 0.013889
5 0.345313 0.706944 0.054688 0.013889
5 0.345313 0.694444 0.054688 0.016667
5 0.345313 0.694444 0.054688 0.016667
5 0.345313 0.694444 0.054688 0.016667
6 0.534375 0.763889 0.060937 0.072222
6 0.479297 0.745833 0.053906 0.083333
6 0.535156 0.698611 0.062500 0.088889
6 0.505469 0.752083 0.056250 0.079167
6 0.669922 0.844444 0.080469 0.119444
6 0.749609 0.869444 0.085156 0.127778
7 0.534766 0.990972 0.061719 0.015278
7 0.005469 0.997917 0.001563 0.001389
7 0.392969 0.836806 0.068750 0.029167
7 0.520312 0.922917 0.085938 0.040278
6 0.002344 0.970833 0.004687 0.055556
8 0.790625 0.952778 0.051562 0.052778
5 0.793750 0.937500 0.045312 0.041667
8 0.761328 0.969444 0.100781 0.058333
5 0.762891 0.953472 0.089844 0.045833
8 0.567969 0.859028 0.067187 0.059722
5 0.569531 0.840972 0.064062 0.026389
8 0.545312 0.846528 0.071875 0.048611
5 0.544922 0.826389 0.064844 0.025000
8 0.519922 0.834028 0.069531 0.045833
5 0.519531 0.813889 0.062500 0.022222
8 0.497266 0.820833 0.066406 0.044444
5 0.496484 0.802083 0.060156 0.020833
8 0.574609 0.816667 0.053906 0.027778
5 0.575781 0.805556 0.051562 0.022222
8 0.556250 0.799306 0.065625 0.029167
5 0.555859 0.793750 0.058594 0.020833
8 0.586328 0.834722 0.027344 0.044444
5 0.596094 0.817361 0.040625 0.020833
8 0.608203 0.840972 0.016406 0.029167
5 0.615625 0.831944 0.001563 0.016667
8 0.790234 0.727778 0.021094 0.025000
5 0.799219 0.716667 0.034375 0.011111
8 0.780469 0.720833 0.048438 0.025000
5 0.780078 0.709722 0.044531 0.011111
8 0.828906 0.721528 0.051562 0.001389
5 0.810937 0.720833 0.010937 0.005556
8 0.871094 0.732639 0.021875 0.006944
5 0.857031 0.728472 0.007812 0.012500
8 0.741406 0.727778 0.050000 0.030556
5 0.741016 0.714583 0.044531 0.012500
8 0.763672 0.734722 0.047656 0.030556
5 0.765234 0.721528 0.046094 0.012500
8 0.782813 0.740972 0.040625 0.031944
5 0.785937 0.727083 0.040625 0.012500
8 0.796484 0.746528 0.016406 0.029167
5 0.798828 0.734722 0.016406 0.011111
8 0.977734 0.779167 0.042969 0.033333
5 0.979297 0.767361 0.039844 0.018056
8 0.989453 0.759028 0.002344 0.001389
5 0.994922 0.759028 0.008594 0.006944
8 0.963281 0.782639 0.065625 0.029167
5 0.962109 0.772917 0.058594 0.020833
8 0.929688 0.794444 0.065625 0.044444
5 0.928906 0.777778 0.059375 0.019444
8 0.913672 0.752083 0.039844 0.020833
5 0.912109 0.743056 0.036719 0.013889
8 0.940234 0.760417 0.057031 0.020833
5 0.940234 0.750694 0.050781 0.015278
8 0.919531 0.775000 0.053125 0.033333
5 0.917969 0.759028 0.048438 0.018056
8 0.903516 0.781250 0.021094 0.031944
5 0.901563 0.766667 0.017188 0.013889
0 0.866016 0.743750 0.125781 0.193056
0 0.468750 0.678472 0.065625 0.134722
1 0.970313 0.654861 0.057813 0.081944
2 0.955859 0.636806 0.024219 0.026389
2 0.989062 0.640972 0.020313 0.026389
2 0.997656 0.679861 0.000000 0.001389
2 0.964453 0.638889 0.017969 0.025000
2 0.973047 0.625694 0.011719 0.001389
2 0.975391 0.639583 0.016406 0.023611
2 0.985156 0.627083 0.010937 0.001389
1 0.916797 0.657639 0.071094 0.076389
2 0.885547 0.676389 0.000781 0.025000
2 0.898828 0.641667 0.028906 0.025000
2 0.933984 0.643056 0.030469 0.019444
2 0.905469 0.641667 0.020313 0.022222
2 0.914453 0.631250 0.014844 0.001389
2 0.916406 0.642361 0.018750 0.018056
2 0.923438 0.632639 0.012500 0.001389
1 0.993359 0.665278 0.011719 0.061111
2 0.994531 0.689583 0.006250 0.015278
2 0.995313 0.658333 0.007812 0.027778
1 0.848437 0.673611 0.071875 0.094444
2 0.816016 0.636111 0.000781 0.000000
2 0.867969 0.654167 0.026562 0.027778
2 0.867578 0.690278 0.028906 0.030556
2 0.857031 0.638194 0.004687 0.001389
1 0.958203 0.693750 0.082031 0.109722
2 0.936719 0.652083 0.032813 0.004167
2 0.979297 0.672917 0.035156 0.031944
2 0.973828 0.713194 0.047656 0.034722
2 0.944922 0.654861 0.022656 0.004167
2 0.957422 0.652778 0.017969 0.002778
2 0.956250 0.657639 0.017188 0.004167
2 0.967969 0.654861 0.014063 0.001389
1 0.819531 0.674306 0.071875 0.095833
2 0.796875 0.688194 0.020313 0.029167
2 0.804297 0.674306 0.007031 0.001389
2 0.801562 0.650694 0.029687 0.029167
2 0.825391 0.690972 0.055469 0.031944
2 0.806641 0.653472 0.019531 0.029167
2 0.812891 0.638889 0.007031 0.000000
2 0.812109 0.654861 0.008594 0.026389
1 0.928906 0.695833 0.084375 0.108333
2 0.902734 0.709722 0.017969 0.033333
2 0.908984 0.693750 0.013281 0.001389
2 0.907422 0.668750 0.035156 0.031944
2 0.949219 0.676389 0.035937 0.033333
2 0.935937 0.715972 0.064062 0.040278
2 0.913672 0.671528 0.021094 0.031944
2 0.925000 0.656250 0.018750 0.001389
2 0.928516 0.674306 0.024219 0.031944
2 0.941797 0.658333 0.017969 0.002778
2 0.604297 0.694444 0.024219 0.036111
2 0.652344 0.706250 0.045312 0.034722
2 0.691016 0.703472 0.032031 0.031944
2 0.652344 0.676389 0.045312 0.033333
2 0.691016 0.674306 0.032031 0.029167
2 0.652344 0.645139 0.045312 0.037500
2 0.679688 0.643056 0.054688 0.036111
5 0.871875 0.949306 0.109375 0.054167
5 0.871875 0.970139 0.109375 0.045833
5 0.871875 0.980556 0.109375 0.036111
5 0.871875 0.987500 0.109375 0.022222
5 0.834375 0.993750 0.034375 0.009722
5 0.962109 0.967361 0.069531 0.031944
5 0.962109 0.981944 0.069531 0.033333
5 0.957031 0.997222 0.059375 0.002778
5 0.962109 0.989583 0.069531 0.018056
5 0.950000 0.949306 0.093750 0.040278
5 0.944141 0.929167 0.105469 0.050000
5 0.998437 0.944444 0.001563 0.013889
5 0.998437 0.959722 0.001563 0.013889
5 0.998047 0.988194 0.002344 0.012500
5 0.998437 0.973611 0.001563 0.013889
5 0.998437 0.997222 0.001563 0.002778
5 0.037891 0.969444 0.066406 0.033333
5 0.039453 0.979861 0.069531 0.037500
5 0.982812 0.923611 0.032813 0.027778
5 0.982812 0.909722 0.032813 0.027778
5 0.982812 0.825694 0.032813 0.026389
5 0.982812 0.840278 0.032813 0.025000
5 0.982812 0.868750 0.032813 0.026389
5 0.982812 0.854861 0.032813 0.026389
5 0.982812 0.895833 0.032813 0.027778
5 0.982812 0.881944 0.032813 0.027778
5 0.037500 0.955556 0.065625 0.036111
5 0.037109 0.941667 0.074219 0.044444
5 0.982812 0.812500 0.032813 0.025000
5 0.982812 0.797222 0.032813 0.027778