3 0.499609 0.834028 0.999219 0.329167
4 0.198047 0.709028 0.010156 0.056944
4 0.162500 0.719444 0.007812 0.063889
4 0.107813 0.716667 0.003125 0.044444
4 0.066406 0.717361 0.003125 0.031944
4 0.014844 0.729167 0.020313 0.038889
4 0.078125 0.681944 0.003125 0.044444
4 0.002344 0.696528 0.004687 0.037500
8 0.173437 0.737500 0.064062 0.041667
8 0.698047 0.715278 0.044531 0.022222
5 0.473828 0.670139 0.033594 0.006944
5 0.473828 0.670139 0.033594 0.006944
5 0.473828 0.670139 0.033594 0.006944
5 0.473828 0.661806 0.033594 0.006944
5 0.473828 0.661806 0.033594 0.006944
5 0.473828 0.661806 0.033594 0.006944
5 0.473828 0.677083 0.033594 0.006944
5 0.473828 0.677083 0.033594 0.006944
5 0.473828 0.677083 0.033594 0.006944
5 0.517188 0.661111 0.000000 0.000000
5 0.517188 0.661111 0.000000 0.000000
5 0.517188 0.661111 0.000000 0.000000
5 0.513672 0.655556 0.007031 0.005556
5 0.513672 0.655556 0.007031 0.005556
5 0.513672 0.655556 0.007031 0.005556
6 0.465625 0.677083 0.035937 0.054167
6 0.489844 0.667361 0.031250 0.043056
6 0.466797 0.628472 0.038281 0.054167
6 0.478516 0.674306 0.033594 0.054167
6 0.379688 0.690972 0.053125 0.065278
6 0.371094 0.697222 0.039062 0.069444
7 0.212109 0.755556 0.022656 0.016667
7 0.190234 0.768056 0.064844 0.022222
7 0.603516 0.804861 0.074219 0.026389
7 0.625391 0.789583 0.067969 0.023611
7 0.548828 0.852083 0.102344 0.034722
7 0.575781 0.827778 0.089063 0.022222
7 0.451562 0.938194 0.139063 0.054167
7 0.497266 0.898611 0.121094 0.044444
7 0.037109 0.745833 0.044531 0.016667
7 0.173437 0.720833 0.037500 0.013889
7 0.039844 0.702778 0.045312 0.011111
7 0.351562 0.698611 0.000000 0.000000
7 0.025000 0.672917 0.028125 0.006944
7 0.051172 0.671528 0.027344 0.006944
6 0.155078 0.985417 0.133594 0.026389
6 0.459766 0.897917 0.141406 0.201389
6 0.656250 0.902778 0.128125 0.191667
8 0.047266 0.776389 0.008594 0.022222
5 0.028516 0.763194 0.050781 0.015278
8 0.012500 0.777083 0.025000 0.004167
5 0.012891 0.768750 0.025781 0.009722
8 0.128906 0.765278 0.056250 0.047222
5 0.126172 0.747222 0.053906 0.016667
8 0.076953 0.761111 0.066406 0.041667
5 0.076563 0.745833 0.059375 0.013889
8 0.351562 0.704861 0.000000 0.018056
5 0.351562 0.688889 0.000000 0.002778
8 0.406641 0.684722 0.000781 0.000000
8 0.419141 0.681944 0.002344 0.000000
5 0.411719 0.681944 0.010937 0.002778
8 0.429688 0.698611 0.039062 0.025000
5 0.426953 0.686806 0.038281 0.006944
8 0.441797 0.695833 0.038281 0.025000
5 0.439844 0.684722 0.035937 0.005556
8 0.423438 0.701389 0.034375 0.025000
5 0.421875 0.689583 0.031250 0.006944
8 0.416797 0.704167 0.021094 0.027778
5 0.415625 0.692361 0.018750 0.006944
8 0.799219 0.682639 0.001563 0.001389
5 0.780078 0.681250 0.035156 0.001389
8 0.801562 0.686111 0.001563 0.011111
5 0.782813 0.680556 0.034375 0.005556
8 0.792969 0.688194 0.014063 0.006944
5 0.780078 0.686111 0.035156 0.005556
8 0.795312 0.689583 0.004687 0.004167
5 0.778906 0.688194 0.032813 0.006944
8 0.754687 0.684722 0.001563 0.008333
5 0.751953 0.678472 0.007031 0.001389
8 0.754297 0.685417 0.002344 0.006944
5 0.735547 0.680556 0.035156 0.002778
8 0.744141 0.686111 0.021094 0.005556
5 0.735156 0.684722 0.034375 0.005556
8 0.730469 0.688889 0.040625 0.005556
5 0.733203 0.687500 0.030469 0.005556
8 0.716016 0.713889 0.032031 0.030556
5 0.719141 0.701389 0.024219 0.008333
8 0.675391 0.705556 0.032031 0.011111
5 0.676562 0.700000 0.029687 0.008333
8 0.787500 0.691667 0.001563 0.000000
5 0.767188 0.690972 0.037500 0.001389
8 0.728125 0.701389 0.010937 0.008333
5 0.723047 0.693750 0.028906 0.004167
8 0.702344 0.701389 0.004687 0.016667
5 0.689063 0.693056 0.026562 0.002778
8 0.708984 0.727778 0.002344 0.005556
5 0.709766 0.725000 0.000781 0.005556
8 0.695312 0.762500 0.029687 0.038889
5 0.696484 0.743750 0.027344 0.012500
8 0.705078 0.756944 0.010156 0.025000
5 0.700781 0.734722 0.018750 0.005556
8 0.633203 0.759028 0.063281 0.037500
5 0.633594 0.741667 0.059375 0.013889
8 0.645703 0.752083 0.061719 0.040278
5 0.627734 0.731944 0.024219 0.005556
8 0.553125 0.998611 0.000000 0.000000
5 0.568750 0.997222 0.029687 0.002778
8 0.497266 0.995139 0.011719 0.006944
5 0.414062 0.986111 0.153125 0.025000
0 0.072656 0.793750 0.145313 0.409722
0 0.509766 0.677083 0.053906 0.170833
0 0.609375 0.653472 0.035937 0.123611
0 0.564063 0.640278 0.017188 0.097222
1 0.247656 0.645833 0.054688 0.063889
1 0.214844 0.647222 0.017188 0.066667
1 0.198047 0.645833 0.050781 0.063889
1 0.185938 0.647222 0.056250 0.066667
1 0.158594 0.645833 0.046875 0.063889
1 0.151562 0.646528 0.032813 0.065278
1 0.076563 0.643750 0.039062 0.056944
1 0.077344 0.659722 0.062500 0.083333
1 0.046484 0.656944 0.063281 0.077778
1 0.991797 0.659028 0.014844 0.076389
2 0.992969 0.676389 0.012500 0.025000
2 0.992578 0.641667 0.013281 0.025000
2 0.995703 0.644444 0.007031 0.025000
2 0.993750 0.679167 0.010937 0.027778
2 0.989062 0.642361 0.001563 0.023611
2 0.994531 0.643056 0.009375 0.025000
1 0.905469 0.659722 0.035937 0.080556
2 0.894922 0.662500 0.002344 0.000000
2 0.889062 0.630556 0.000000 0.002778
2 0.907422 0.643056 0.028906 0.025000
2 0.905859 0.677083 0.032031 0.026389
2 0.896875 0.629167 0.014063 0.000000
2 0.908594 0.629167 0.007812 0.000000
2 0.889844 0.632639 0.000000 0.001389
1 0.917578 0.670833 0.042969 0.097222
2 0.907031 0.684028 0.015625 0.026389
2 0.923438 0.670833 0.015625 0.000000
2 0.898828 0.646528 0.000781 0.026389
2 0.919141 0.649306 0.033594 0.029167
2 0.918359 0.686806 0.036719 0.031944
2 0.907422 0.646528 0.016406 0.026389
2 0.924219 0.633333 0.015625 0.000000
2 0.904687 0.648611 0.009375 0.027778
1 0.866016 0.661806 0.033594 0.084722
2 0.866406 0.642361 0.029687 0.023611
2 0.866797 0.677083 0.028906 0.026389
2 0.858203 0.629167 0.013281 0.000000
2 0.872656 0.629167 0.014063 0.000000
1 0.873828 0.670139 0.039844 0.095833
2 0.864453 0.669444 0.013281 0.000000
2 0.873437 0.669444 0.001563 0.000000
2 0.862500 0.631944 0.009375 0.000000
2 0.874219 0.648611 0.032813 0.027778
2 0.874609 0.687500 0.033594 0.030556
2 0.872656 0.633333 0.000000 0.000000
2 0.864844 0.633333 0.014063 0.000000
2 0.881250 0.633333 0.015625 0.000000
2 0.989844 0.780556 0.015625 0.058333
2 0.998437 0.797222 0.001563 0.058333
2 0.998437 0.739583 0.001563 0.059722
2 0.990234 0.727083 0.017969 0.059722
2 0.780859 0.719444 0.089844 0.055556
2 0.773828 0.734028 0.099219 0.062500
2 0.823828 0.795833 0.000781 0.061111
2 0.826172 0.775000 0.000781 0.052778
2 0.777344 0.727083 0.095312 0.059722
2 0.769141 0.744444 0.107031 0.072222
2 0.769141 0.807639 0.107031 0.068056
2 0.824609 0.781944 0.000781 0.055556
2 0.677344 0.737500 0.051562 0.050000
2 0.615625 0.734722 0.048438 0.047222
2 0.751172 0.672222 0.000781 0.008333
2 0.785937 0.671528 0.001563 0.012500
2 0.733984 0.672917 0.032031 0.012500
2 0.768359 0.674306 0.032031 0.012500
2 0.733984 0.654861 0.032031 0.026389
2 0.768359 0.654861 0.032031 0.026389
2 0.733594 0.630556 0.031250 0.025000
2 0.767969 0.630556 0.031250 0.025000
5 0.209375 0.686111 0.028125 0.011111
5 0.209375 0.695139 0.028125 0.009722
5 0.209375 0.702083 0.028125 0.009722
5 0.208984 0.711111 0.028906 0.011111
5 0.208984 0.727778 0.028906 0.011111
5 0.208984 0.719444 0.028906 0.011111
5 0.208984 0.743056 0.028906 0.011111
5 0.208984 0.735417 0.028906 0.009722
5 0.026562 0.695139 0.031250 0.006944
5 0.014063 0.701389 0.007812 0.005556
5 0.281641 0.746528 0.016406 0.012500
5 0.282031 0.741667 0.017188 0.002778
5 0.055859 0.696528 0.033594 0.006944
5 0.065625 0.702778 0.014063 0.005556
5 0.282031 0.693750 0.017188 0.006944
5 0.282031 0.687500 0.017188 0.011111
5 0.348047 0.705556 0.019531 0.011111
5 0.348047 0.715278 0.019531 0.011111
5 0.348047 0.732639 0.019531 0.012500
5 0.348047 0.723611 0.019531 0.011111
5 0.348047 0.749306 0.019531 0.012500
5 0.348047 0.740278 0.019531 0.011111
5 0.090234 0.697222 0.033594 0.008333
5 0.091406 0.703472 0.035937 0.006944
5 0.348438 0.698611 0.020313 0.011111
5 0.348438 0.689583 0.020313 0.009722
5 0.348828 0.638889 0.019531 0.008333
5 0.348828 0.647917 0.019531 0.009722
5 0.348828 0.665278 0.019531 0.008333
5 0.348828 0.656250 0.019531 0.009722
5 0.348828 0.681250 0.019531 0.009722
5 0.348828 0.672917 0.019531 0.009722
5 0.091406 0.693056 0.035937 0.005556
5 0.091406 0.686111 0.035937 0.008333
5 0.348828 0.631944 0.019531 0.008333
5 0.348828 0.622222 0.019531 0.008333