3 0.446875 0.911111 0.893750 0.175000
4 0.748047 0.812500 0.057031 0.033333
4 0.913672 0.820833 0.007031 0.036111
4 0.011328 0.969444 0.022656 0.058333
5 0.201563 0.816667 0.071875 0.013889
5 0.201563 0.816667 0.071875 0.013889
5 0.201563 0.816667 0.071875 0.013889
5 0.201953 0.802778 0.071094 0.013889
5 0.201953 0.802778 0.071094 0.013889
5 0.201953 0.802778 0.071094 0.013889
5 0.201563 0.829167 0.071875 0.013889
5 0.201563 0.829167 0.071875 0.013889
5 0.201563 0.829167 0.071875 0.013889
5 0.284375 0.825694 0.067187 0.012500
5 0.284375 0.825694 0.067187 0.012500
5 0.284375 0.825694 0.067187 0.012500
5 0.284375 0.813889 0.067187 0.013889
5 0.284375 0.813889 0.067187 0.013889
5 0.284375 0.813889 0.067187 0.013889
5 0.284766 0.800694 0.067969 0.012500
5 0.284766 0.800694 0.067969 0.012500
5 0.284766 0.800694 0.067969 0.012500
5 0.284766 0.786806 0.067969 0.012500
5 0.284766 0.786806 0.067969 0.012500
5 0.284766 0.786806 0.067969 0.012500
6 0.598437 0.788194 0.000000 0.054167
6 0.457422 0.806250 0.038281 0.093056
6 0.598828 0.711111 0.002344 0.083333
6 0.476562 0.802083 0.000000 0.084722
6 0.796875 0.798611 0.095312 0.069444
6 0.923438 0.804861 0.117188 0.079167
7 0.391016 0.864583 0.086719 0.018056
6 0.499609 0.499306 0.999219 0.998611
8 0.857812 0.827083 0.004687 0.006944
5 0.853906 0.797222 0.017188 0.000000
8 0.868750 0.824306 0.046875 0.020833
5 0.861328 0.799306 0.032031 0.001389
8 0.883203 0.818750 0.014844 0.009722
8 0.851562 0.820833 0.012500 0.027778
5 0.850391 0.803472 0.010156 0.006944
8 0.868750 0.820833 0.046875 0.030556
5 0.867578 0.805556 0.044531 0.008333
0 0.944531 0.747222 0.109375 0.194444
0 0.436328 0.753472 0.080469 0.159722
1 0.966406 0.723611 0.001563 0.000000
1 0.926953 0.726389 0.074219 0.011111
2 0.904687 0.740278 0.001563 0.013889
2 0.911719 0.740278 0.007812 0.013889
1 0.864453 0.746528 0.085156 0.051389
2 0.835938 0.772222 0.000000 0.000000
2 0.848047 0.772222 0.007031 0.000000
2 0.889062 0.746528 0.028125 0.029167
2 0.882812 0.784722 0.018750 0.022222
1 0.966406 0.722917 0.025000 0.009722
1 0.837500 0.771528 0.081250 0.104167
2 0.802734 0.746528 0.013281 0.029167
2 0.856641 0.745833 0.036719 0.030556
2 0.852344 0.785417 0.048438 0.023611
2 0.816406 0.746528 0.014063 0.029167
2 0.831250 0.745833 0.015625 0.030556
1 0.943750 0.722917 0.012500 0.009722
2 0.942578 0.743056 0.007031 0.027778
2 0.998437 0.741667 0.001563 0.025000
2 0.954688 0.743750 0.017188 0.029167
2 0.972266 0.739583 0.016406 0.020833
2 0.602344 0.801389 0.007812 0.030556
2 0.640625 0.804167 0.067187 0.033333
2 0.691797 0.805556 0.033594 0.033333
2 0.640625 0.771528 0.067187 0.034722
2 0.691016 0.770833 0.033594 0.033333
2 0.640234 0.736806 0.066406 0.034722
2 0.691016 0.736806 0.033594 0.034722