3 0.592187 0.856250 0.814063 0.284722
4 0.528125 0.708333 0.025000 0.038889
4 0.578906 0.711806 0.001563 0.043056
4 0.600391 0.714583 0.014844 0.043056
4 0.675000 0.738889 0.010937 0.086111
4 0.716797 0.747222 0.049219 0.094444
4 0.805859 0.755556 0.016406 0.102778
4 0.862891 0.761806 0.039844 0.109722
4 0.121094 0.704167 0.006250 0.005556
4 0.188672 0.728472 0.005469 0.004167
4 0.327734 0.952083 0.007031 0.093056
4 0.474609 0.913889 0.088281 0.169444
8 0.732031 0.760417 0.078125 0.054167
5 0.319922 0.704167 0.024219 0.008333
5 0.319922 0.704167 0.024219 0.008333
5 0.319922 0.704167 0.024219 0.008333
5 0.319922 0.695833 0.024219 0.008333
5 0.319922 0.695833 0.024219 0.008333
5 0.319922 0.695833 0.024219 0.008333
5 0.319531 0.713194 0.025000 0.006944
5 0.319531 0.713194 0.025000 0.006944
5 0.319531 0.713194 0.025000 0.006944
5 0.386719 0.711806 0.043750 0.006944
5 0.386719 0.711806 0.043750 0.006944
5 0.386719 0.711806 0.043750 0.006944
5 0.386719 0.704167 0.043750 0.008333
5 0.386719 0.704167 0.043750 0.008333
5 0.386719 0.704167 0.043750 0.008333
5 0.386719 0.695139 0.043750 0.006944
5 0.386719 0.695139 0.043750 0.006944
5 0.386719 0.695139 0.043750 0.006944
5 0.391406 0.684722 0.034375 0.005556
5 0.391406 0.684722 0.034375 0.005556
5 0.391406 0.684722 0.034375 0.005556
6 0.518750 0.687500 0.043750 0.036111
6 0.493750 0.686111 0.012500 0.036111
6 0.520312 0.643056 0.046875 0.061111
6 0.503516 0.686806 0.032031 0.037500
6 0.586719 0.704861 0.042188 0.065278
6 0.675391 0.712500 0.002344 0.072222
7 0.850781 0.773611 0.062500 0.022222
7 0.297656 0.815278 0.025000 0.013889
7 0.400391 0.730556 0.052344 0.013889
7 0.452734 0.741667 0.014844 0.008333
6 0.450000 0.890278 0.442188 0.216667
6 0.450000 0.522917 0.437500 0.784722
6 0.098437 0.697917 0.057813 0.009722
6 0.099609 0.622917 0.060156 0.162500
6 0.089063 0.627778 0.039062 0.105556
6 0.073047 0.681944 0.007031 0.000000
8 0.862500 0.781250 0.042188 0.054167
5 0.866016 0.758333 0.035156 0.016667
8 0.691016 0.743056 0.030469 0.033333
5 0.689844 0.727083 0.028125 0.001389
8 0.603516 0.731250 0.008594 0.009722
5 0.605469 0.729167 0.004687 0.005556
8 0.528906 0.721528 0.053125 0.018056
5 0.528516 0.714583 0.050781 0.006944
8 0.513281 0.718056 0.051562 0.011111
5 0.512109 0.711806 0.049219 0.006944
8 0.499219 0.718056 0.023438 0.008333
5 0.501172 0.710417 0.027344 0.006944
8 0.476953 0.715278 0.038281 0.013889
5 0.479687 0.709028 0.040625 0.006944
8 0.531250 0.722917 0.012500 0.001389
5 0.539453 0.709028 0.032031 0.004167
8 0.555078 0.711111 0.000781 0.000000
5 0.532422 0.706250 0.042969 0.001389
8 0.546094 0.720139 0.017188 0.020833
5 0.547266 0.709722 0.016406 0.002778
8 0.555078 0.714583 0.000781 0.004167
5 0.733984 0.694444 0.000781 0.000000
8 0.705469 0.706944 0.001563 0.019444
5 0.704297 0.696528 0.003906 0.001389
8 0.714063 0.716667 0.000000 0.002778
5 0.724219 0.696528 0.020313 0.001389
8 0.880859 0.718750 0.002344 0.020833
5 0.881250 0.702778 0.003125 0.000000
8 0.881250 0.710417 0.003125 0.001389
5 0.881250 0.706944 0.003125 0.005556
8 0.828516 0.720139 0.027344 0.029167
5 0.833203 0.704861 0.017969 0.001389
8 0.882031 0.724306 0.003125 0.006944
5 0.881250 0.701389 0.003125 0.000000
8 0.832031 0.714583 0.015625 0.001389
5 0.840234 0.702778 0.003906 0.000000
8 0.819922 0.715278 0.016406 0.019444
5 0.819922 0.704167 0.016406 0.002778
0 0.949219 0.640972 0.089063 0.115278
0 0.775000 0.667361 0.079687 0.137500
0 0.494922 0.658333 0.032031 0.091667
0 0.908203 0.693056 0.182031 0.475000
0 0.108203 0.653472 0.216406 0.690278
0 0.062109 0.589583 0.124219 0.298611
0 0.000781 0.536806 0.001563 0.018056
0 0.000391 0.551389 0.000781 0.008333
1 0.259375 0.765278 0.146875 0.377778
1 0.389062 0.759722 0.195312 0.358333
1 0.076172 0.656250 0.005469 0.034722
1 0.075781 0.656250 0.012500 0.034722
1 0.935156 0.642361 0.042188 0.004167
1 0.998437 0.642361 0.001563 0.006944
1 0.912109 0.643750 0.003906 0.004167
2 0.880078 0.679167 0.002344 0.000000
1 0.996484 0.652778 0.005469 0.019444
2 0.986719 0.656250 0.025000 0.018056
2 0.994531 0.685417 0.000000 0.006944
2 0.957422 0.660417 0.005469 0.009722
2 0.961719 0.660417 0.001563 0.009722
1 0.821094 0.668056 0.040625 0.052778
2 0.831250 0.659722 0.020313 0.013889
2 0.831641 0.689583 0.014844 0.012500
1 0.902734 0.657639 0.047656 0.040278
2 0.880078 0.680556 0.002344 0.000000
2 0.917969 0.654861 0.017188 0.015278
1 0.782031 0.656250 0.040625 0.034722
2 0.770312 0.654861 0.003125 0.015278
2 0.796875 0.659722 0.015625 0.013889
2 0.807031 0.688889 0.012500 0.011111
2 0.775000 0.654861 0.004687 0.015278
2 0.787109 0.657639 0.002344 0.009722
1 0.860938 0.668750 0.043750 0.062500
2 0.842187 0.694444 0.000000 0.002778
2 0.843359 0.658333 0.002344 0.000000
2 0.880078 0.659028 0.002344 0.023611
2 0.880469 0.690972 0.003125 0.018056
2 0.682422 0.700694 0.016406 0.012500
2 0.684375 0.676389 0.020313 0.022222
2 0.683984 0.651389 0.021094 0.025000
5 0.698047 0.694444 0.057031 0.011111
5 0.698047 0.705556 0.057031 0.011111
5 0.698047 0.715972 0.057031 0.012500
5 0.698047 0.727083 0.057031 0.012500
5 0.697266 0.748611 0.055469 0.013889
5 0.698047 0.737500 0.057031 0.013889
5 0.697656 0.770139 0.056250 0.015278
5 0.697266 0.758333 0.055469 0.013889
5 0.750391 0.713889 0.071094 0.011111
5 0.750781 0.725000 0.071875 0.011111
5 0.750781 0.746528 0.071875 0.012500
5 0.750781 0.736111 0.071875 0.011111
5 0.750781 0.767361 0.071875 0.012500
5 0.750781 0.755556 0.071875 0.011111
5 0.750781 0.704861 0.070312 0.009722
5 0.750391 0.693056 0.071094 0.011111
5 0.811719 0.712500 0.067187 0.011111
5 0.812109 0.723611 0.067969 0.011111
5 0.812500 0.744444 0.067187 0.011111
5 0.812109 0.734028 0.067969 0.012500
5 0.811719 0.763889 0.065625 0.013889
5 0.812500 0.752778 0.067187 0.013889
5 0.811719 0.703472 0.067187 0.009722
5 0.811719 0.692361 0.067187 0.009722
5 0.810937 0.632639 0.067187 0.009722
5 0.810937 0.642361 0.067187 0.009722
5 0.811719 0.663889 0.067187 0.008333
5 0.810937 0.652778 0.067187 0.008333
5 0.811719 0.684028 0.067187 0.009722
5 0.811719 0.672917 0.067187 0.009722
5 0.810937 0.622917 0.067187 0.009722
5 0.810937 0.612500 0.067187 0.011111