3 0.503125 0.863889 0.992188 0.269444
4 0.380078 0.746528 0.007031 0.068056
4 0.373047 0.761111 0.027344 0.077778
4 0.387891 0.773611 0.007031 0.086111
4 0.379297 0.784722 0.033594 0.097222
4 0.397266 0.801389 0.010156 0.105556
4 0.388281 0.819444 0.043750 0.122222
4 0.410156 0.844444 0.010937 0.136111
4 0.421875 0.871528 0.023438 0.168056
4 0.495703 0.965972 0.011719 0.065278
8 0.453906 0.831944 0.059375 0.072222
8 0.969531 0.750694 0.059375 0.009722
5 0.373047 0.718750 0.042969 0.009722
5 0.373047 0.718750 0.042969 0.009722
5 0.373047 0.718750 0.042969 0.009722
5 0.373437 0.709722 0.043750 0.008333
5 0.373437 0.709722 0.043750 0.008333
5 0.373437 0.709722 0.043750 0.008333
5 0.373047 0.727778 0.042969 0.008333
5 0.373047 0.727778 0.042969 0.008333
5 0.373047 0.727778 0.042969 0.008333
5 0.434766 0.726389 0.041406 0.008333
5 0.434766 0.726389 0.041406 0.008333
5 0.434766 0.726389 0.041406 0.008333
5 0.434766 0.718750 0.041406 0.009722
5 0.434766 0.718750 0.041406 0.009722
5 0.434766 0.718750 0.041406 0.009722
5 0.434766 0.709722 0.041406 0.008333
5 0.434766 0.709722 0.041406 0.008333
5 0.434766 0.709722 0.041406 0.008333
5 0.434766 0.700000 0.041406 0.008333
5 0.434766 0.700000 0.041406 0.008333
5 0.434766 0.700000 0.041406 0.008333
6 0.499609 0.697917 0.030469 0.015278
6 0.481641 0.715278 0.033594 0.058333
6 0.501172 0.661806 0.033594 0.070833
6 0.484766 0.696528 0.027344 0.018056
6 0.496875 0.733333 0.057813 0.066667
6 0.532813 0.750694 0.079687 0.093056
7 0.607422 0.854861 0.069531 0.029167
7 0.644531 0.879167 0.120313 0.036111
7 0.228516 0.866667 0.055469 0.044444
7 0.260937 0.805556 0.037500 0.027778
7 0.337500 0.757639 0.050000 0.015278
7 0.337891 0.784722 0.064844 0.019444
6 0.970703 0.957639 0.057031 0.081944
6 0.893359 0.926389 0.211719 0.144444
6 0.818750 0.907639 0.221875 0.181944
8 0.619141 0.941667 0.155469 0.113889
5 0.617188 0.900000 0.140625 0.036111
8 0.651953 0.954861 0.175781 0.087500
5 0.649219 0.932639 0.159375 0.048611
8 0.594922 0.862500 0.094531 0.041667
5 0.598437 0.854861 0.087500 0.034722
8 0.501563 0.892361 0.095312 0.095833
5 0.502344 0.856944 0.084375 0.036111
8 0.498047 0.793056 0.000781 0.016667
5 0.498047 0.776389 0.000781 0.016667
8 0.440625 0.785417 0.053125 0.029167
5 0.442188 0.777083 0.048438 0.015278
8 0.438672 0.759028 0.055469 0.031944
5 0.433984 0.746528 0.042969 0.009722
8 0.432422 0.754861 0.046094 0.029167
5 0.427344 0.743056 0.031250 0.008333
8 0.409375 0.754861 0.006250 0.034722
5 0.425391 0.738889 0.035156 0.008333
8 0.429297 0.750000 0.047656 0.033333
5 0.426563 0.733333 0.039062 0.002778
8 0.467187 0.748611 0.000000 0.000000
8 0.464453 0.739583 0.000781 0.012500
5 0.466797 0.733333 0.002344 0.002778
8 0.822656 0.736111 0.009375 0.019444
5 0.823438 0.720139 0.015625 0.001389
8 0.807422 0.731250 0.013281 0.026389
5 0.816797 0.717361 0.028906 0.001389
8 0.828125 0.722222 0.001563 0.000000
5 0.830469 0.721528 0.001563 0.001389
5 0.797266 0.718056 0.002344 0.000000
8 0.806641 0.745833 0.007031 0.005556
5 0.803125 0.719444 0.012500 0.000000
8 0.813672 0.736111 0.027344 0.019444
5 0.811719 0.724306 0.029687 0.006944
8 0.814063 0.741667 0.032813 0.027778
5 0.814453 0.727083 0.035156 0.006944
8 0.950391 0.754167 0.035156 0.025000
5 0.948438 0.740972 0.032813 0.009722
8 0.977734 0.746528 0.042969 0.009722
5 0.978125 0.740972 0.042188 0.009722
8 0.944922 0.745139 0.008594 0.020833
5 0.938281 0.733333 0.014063 0.002778
8 0.820703 0.751389 0.021094 0.036111
5 0.821875 0.736806 0.020313 0.009722
0 0.897266 0.715972 0.132031 0.237500
0 0.769531 0.694444 0.082812 0.169444
0 0.529297 0.675694 0.035156 0.112500
0 0.016406 0.820139 0.032813 0.356944
1 0.061328 0.695139 0.077344 0.090278
1 0.052344 0.697222 0.079687 0.094444
1 0.016016 0.695139 0.017969 0.090278
1 0.009375 0.695833 0.010937 0.091667
1 0.995313 0.655556 0.007812 0.000000
2 0.995703 0.700694 0.007031 0.001389
2 0.994922 0.659722 0.007031 0.000000
2 0.999219 0.659722 0.000000 0.000000
1 0.928906 0.687500 0.064062 0.075000
2 0.928516 0.695833 0.000781 0.000000
2 0.928125 0.674306 0.000000 0.026389
2 0.935547 0.704167 0.049219 0.013889
2 0.910547 0.659722 0.005469 0.000000
2 0.921094 0.659722 0.014063 0.000000
2 0.941016 0.659722 0.017969 0.000000
1 0.988672 0.677778 0.021094 0.041667
2 0.988672 0.661111 0.021094 0.000000
2 0.995703 0.704167 0.007031 0.000000
1 0.889844 0.677083 0.060937 0.054167
2 0.901563 0.674306 0.035937 0.026389
2 0.907813 0.701389 0.025000 0.005556
2 0.876953 0.663194 0.014844 0.006944
2 0.882031 0.664583 0.001563 0.006944
2 0.902344 0.673611 0.015625 0.027778
1 0.964063 0.693056 0.070312 0.086111
2 0.942187 0.716667 0.018750 0.027778
2 0.959766 0.702778 0.014844 0.000000
2 0.949219 0.676389 0.034375 0.030556
2 0.979297 0.677778 0.039844 0.030556
2 0.970313 0.720139 0.057813 0.031944
2 0.945312 0.677083 0.009375 0.029167
2 0.954688 0.677778 0.009375 0.030556
2 0.967969 0.788194 0.062500 0.065278
2 0.687891 0.717361 0.013281 0.029167
2 0.711328 0.720833 0.033594 0.030556
2 0.716797 0.692361 0.044531 0.029167
2 0.744141 0.681250 0.008594 0.006944
2 0.716797 0.663889 0.044531 0.027778
2 0.758594 0.663889 0.037500 0.027778
5 0.461328 0.743056 0.071094 0.016667
5 0.461328 0.756250 0.071094 0.018056
5 0.461328 0.768056 0.071094 0.019444
5 0.461328 0.781944 0.071094 0.019444
5 0.462500 0.808333 0.068750 0.019444
5 0.461328 0.794444 0.071094 0.019444
5 0.466797 0.834722 0.060156 0.022222
5 0.465625 0.820833 0.062500 0.019444
5 0.548828 0.767361 0.074219 0.018056
5 0.548828 0.780556 0.074219 0.019444
5 0.548828 0.807639 0.074219 0.020833
5 0.548828 0.793750 0.074219 0.020833
5 0.548828 0.831944 0.074219 0.022222
5 0.548828 0.819444 0.074219 0.019444
5 0.548828 0.754861 0.074219 0.018056
5 0.551562 0.741667 0.068750 0.016667
5 0.651563 0.766667 0.060937 0.016667
5 0.651953 0.779167 0.061719 0.016667
5 0.674609 0.805556 0.016406 0.016667
5 0.653906 0.792361 0.057813 0.018056
5 0.651953 0.830556 0.061719 0.019444
5 0.651953 0.819444 0.061719 0.016667
5 0.010547 0.771528 0.003906 0.009722
5 0.011328 0.781250 0.003906 0.009722
5 0.651563 0.754167 0.060937 0.016667
5 0.651563 0.740972 0.060937 0.015278
5 0.651172 0.664583 0.061719 0.012500
5 0.651172 0.677778 0.061719 0.013889
5 0.651563 0.704167 0.060937 0.013889
5 0.651563 0.691667 0.060937 0.013889
5 0.651563 0.729861 0.060937 0.015278
5 0.651563 0.716667 0.060937 0.013889
5 0.010547 0.763194 0.003906 0.006944
5 0.010937 0.754861 0.006250 0.009722
5 0.651172 0.653472 0.061719 0.012500
5 0.650781 0.639583 0.060937 0.012500