3 0.505078 0.940278 0.988281 0.116667
6 0.727344 0.981250 0.134375 0.034722
6 0.477344 0.981250 0.123438 0.034722
6 0.726172 0.906944 0.135156 0.177778
6 0.602734 0.981250 0.125781 0.034722
7 0.988672 0.885417 0.021094 0.015278
7 0.877734 0.880556 0.007031 0.002778
7 0.916406 0.884722 0.025000 0.016667
7 0.790234 0.884722 0.030469 0.016667
7 0.732422 0.883333 0.028906 0.011111
8 0.525781 0.932639 0.042188 0.040278
5 0.526172 0.919444 0.036719 0.016667
8 0.472656 0.936111 0.045312 0.047222
5 0.473047 0.917361 0.039844 0.012500
8 0.573047 0.932639 0.042969 0.040278
5 0.574219 0.919444 0.037500 0.016667
8 0.626953 0.936806 0.046094 0.048611
5 0.627344 0.918750 0.040625 0.015278
8 0.467187 0.950000 0.048438 0.050000
5 0.467969 0.931944 0.042188 0.019444
8 0.524219 0.951389 0.045312 0.052778
5 0.525000 0.932639 0.039062 0.018056
8 0.575391 0.950000 0.046094 0.050000
5 0.575781 0.931944 0.040625 0.019444
8 0.632422 0.950000 0.049219 0.050000
5 0.633203 0.932639 0.042969 0.018056
8 0.825391 0.915972 0.008594 0.012500
5 0.826562 0.913889 0.006250 0.011111
8 0.721875 0.929167 0.051562 0.027778
5 0.723437 0.920833 0.046875 0.013889
8 0.788672 0.945833 0.025781 0.027778
5 0.789062 0.917361 0.028125 0.009722
8 0.803125 0.950694 0.054688 0.034722
5 0.802734 0.929167 0.053906 0.011111
8 0.805859 0.961111 0.049219 0.052778
5 0.807031 0.941667 0.046875 0.016667
0 0.933984 0.885417 0.130469 0.226389
0 0.160156 0.889583 0.168750 0.218056
1 0.443750 0.839583 0.070312 0.101389
2 0.417187 0.802778 0.017188 0.005556
2 0.467187 0.815278 0.015625 0.030556
2 0.475000 0.865278 0.000000 0.013889
2 0.433203 0.803472 0.016406 0.004167
2 0.434766 0.800000 0.016406 0.000000
2 0.450781 0.803472 0.017188 0.004167
2 0.451562 0.802778 0.015625 0.005556
1 0.588281 0.839583 0.075000 0.101389
2 0.557813 0.858333 0.004687 0.027778
2 0.553906 0.859028 0.000000 0.023611
2 0.562500 0.815278 0.017188 0.030556
2 0.613672 0.802778 0.017969 0.005556
2 0.580078 0.803472 0.016406 0.004167
2 0.578906 0.800000 0.017188 0.000000
2 0.597266 0.802778 0.016406 0.002778
2 0.596094 0.800000 0.015625 0.000000
1 0.475391 0.850694 0.002344 0.112500
2 0.412500 0.809722 0.009375 0.008333
2 0.462109 0.810417 0.013281 0.006944
2 0.426563 0.810417 0.018750 0.006944
2 0.436719 0.806944 0.000000 0.000000
2 0.445312 0.811111 0.018750 0.005556
2 0.446094 0.806944 0.017188 0.000000
1 0.596484 0.850000 0.083594 0.111111
2 0.563672 0.870139 0.007031 0.034722
2 0.560156 0.851389 0.000000 0.000000
2 0.567969 0.822917 0.020313 0.034722
2 0.624219 0.809028 0.020313 0.006944
2 0.587109 0.810417 0.019531 0.006944
2 0.585156 0.805556 0.017188 0.000000
2 0.605859 0.809722 0.019531 0.005556
2 0.603516 0.805556 0.017969 0.000000
1 0.427734 0.864583 0.091406 0.126389
2 0.388672 0.868750 0.007031 0.001389
2 0.396484 0.815278 0.022656 0.002778
2 0.458984 0.834722 0.019531 0.038889
2 0.437891 0.868750 0.060156 0.001389
2 0.417578 0.816667 0.019531 0.000000
2 0.418750 0.815278 0.020313 0.000000
2 0.438281 0.816667 0.020313 0.000000
2 0.439453 0.814583 0.019531 0.001389
1 0.607422 0.863889 0.094531 0.125000
2 0.576953 0.868750 0.019531 0.001389
2 0.567187 0.863889 0.000000 0.000000
2 0.577344 0.815278 0.018750 0.002778
2 0.637891 0.815278 0.024219 0.002778
2 0.619141 0.868750 0.063281 0.001389
2 0.596875 0.815972 0.021875 0.001389
2 0.594922 0.813889 0.019531 0.000000
2 0.617969 0.815972 0.021875 0.001389
2 0.615234 0.813889 0.019531 0.000000
1 0.423438 0.870833 0.096875 0.133333
2 0.385547 0.894444 0.013281 0.041667
2 0.387109 0.871528 0.010156 0.001389
2 0.385937 0.838889 0.014063 0.041667
2 0.457031 0.838889 0.021875 0.041667
2 0.437891 0.893056 0.060156 0.044444
2 0.416016 0.839583 0.016406 0.040278
2 0.416797 0.818056 0.017969 0.000000
2 0.435156 0.839583 0.021875 0.040278
2 0.436719 0.818056 0.020313 0.000000
1 0.612109 0.870139 0.097656 0.131944
2 0.580469 0.892361 0.021875 0.040278
2 0.577734 0.886111 0.021094 0.030556
2 0.578516 0.838889 0.024219 0.041667
2 0.644922 0.838889 0.025781 0.041667
2 0.623828 0.891667 0.069531 0.044444
2 0.601953 0.839583 0.022656 0.040278
2 0.599219 0.818056 0.021875 0.000000
2 0.623437 0.839583 0.023438 0.040278
2 0.621094 0.818056 0.020313 0.000000
2 0.142187 0.942361 0.059375 0.043056
2 0.159766 0.915278 0.049219 0.008333
2 0.251172 0.956250 0.032031 0.056944
2 0.308203 0.940278 0.010156 0.058333
2 0.234375 0.902083 0.067187 0.054167
2 0.308984 0.890972 0.010156 0.054167
2 0.238281 0.847917 0.060937 0.056944
2 0.270703 0.841667 0.086719 0.052778