3 0.499609 0.910417 0.999219 0.176389
4 0.983594 0.952083 0.007812 0.093056
5 0.003906 0.922917 0.007812 0.020833
5 0.003906 0.922917 0.007812 0.020833
5 0.003906 0.922917 0.007812 0.020833
5 0.004297 0.902778 0.008594 0.022222
5 0.004297 0.902778 0.008594 0.022222
5 0.004297 0.902778 0.008594 0.022222
5 0.003906 0.943056 0.007812 0.019444
5 0.003906 0.943056 0.007812 0.019444
5 0.003906 0.943056 0.007812 0.019444
5 0.004687 0.886806 0.007812 0.006944
5 0.004687 0.886806 0.007812 0.006944
5 0.004687 0.886806 0.007812 0.006944
5 0.005078 0.872222 0.008594 0.019444
5 0.005078 0.872222 0.008594 0.019444
5 0.005078 0.872222 0.008594 0.019444
6 0.647656 0.902083 0.098437 0.129167
6 0.475391 0.895139 0.097656 0.129167
6 0.646484 0.790278 0.097656 0.125000
6 0.559375 0.898611 0.098437 0.133333
7 0.675000 0.996528 0.039062 0.004167
7 0.959375 0.834722 0.014063 0.013889
8 0.979297 0.970139 0.039844 0.056944
5 0.982031 0.954861 0.034375 0.031944
8 0.904297 0.967361 0.074219 0.062500
5 0.905078 0.950694 0.064844 0.031944
8 0.825000 0.965278 0.076563 0.066667
5 0.825781 0.946528 0.067187 0.031944
8 0.739453 0.963194 0.078906 0.070833
5 0.740234 0.940972 0.069531 0.031944
8 0.833984 0.952083 0.069531 0.073611
5 0.834766 0.927083 0.060156 0.026389
8 0.755859 0.947917 0.071094 0.073611
5 0.756641 0.921528 0.063281 0.023611
8 0.906250 0.953472 0.067187 0.070833
5 0.907031 0.929167 0.059375 0.025000
8 0.978125 0.956944 0.042188 0.066667
5 0.980469 0.932639 0.037500 0.023611
8 0.650000 0.857639 0.035937 0.031944
5 0.660156 0.841667 0.006250 0.000000
8 0.598437 0.863194 0.025000 0.018056
5 0.592187 0.836111 0.010937 0.005556
8 0.689453 0.857639 0.041406 0.037500
5 0.701953 0.840972 0.013281 0.009722
8 0.734766 0.859028 0.041406 0.037500
5 0.733984 0.842361 0.038281 0.009722
8 0.588281 0.863194 0.045312 0.031944
5 0.582812 0.845139 0.026562 0.012500
8 0.637891 0.865972 0.039844 0.031944
5 0.636328 0.847222 0.039844 0.011111
8 0.676172 0.863194 0.046094 0.037500
5 0.676172 0.847222 0.041406 0.011111
8 0.723047 0.865972 0.046094 0.040278
5 0.723437 0.849306 0.040625 0.012500
5 0.961328 0.849306 0.013281 0.004167
5 0.960938 0.845139 0.012500 0.004167
5 0.958203 0.852083 0.005469 0.001389
8 0.817578 0.862500 0.038281 0.041667
5 0.818359 0.846528 0.033594 0.012500
8 0.864062 0.863889 0.034375 0.041667
5 0.865234 0.846528 0.030469 0.009722
8 0.865234 0.871528 0.032031 0.037500
5 0.865625 0.854167 0.028125 0.011111
8 0.863672 0.877778 0.038281 0.038889
5 0.863672 0.859028 0.033594 0.012500
0 0.939063 0.815278 0.120313 0.213889
0 0.280859 0.814583 0.158594 0.212500
1 0.536719 0.955556 0.782813 0.086111
1 0.089063 0.993750 0.031250 0.009722
1 0.641016 0.783333 0.055469 0.077778
2 0.619531 0.754861 0.010937 0.001389
2 0.661328 0.767361 0.013281 0.026389
2 0.654297 0.804167 0.028906 0.027778
2 0.633203 0.754861 0.016406 0.001389
2 0.645703 0.754861 0.011719 0.001389
2 0.651172 0.754167 0.011719 0.000000
1 0.773047 0.790972 0.071094 0.090278
2 0.747266 0.756250 0.014844 0.001389
2 0.796094 0.769444 0.017188 0.027778
2 0.799219 0.806944 0.012500 0.027778
2 0.758203 0.756250 0.005469 0.001389
2 0.778906 0.756250 0.009375 0.001389
1 0.622656 0.784028 0.075000 0.076389
2 0.594922 0.757639 0.014844 0.001389
2 0.646094 0.770139 0.020313 0.026389
2 0.645312 0.808333 0.023438 0.025000
2 0.616406 0.757639 0.004687 0.001389
2 0.629297 0.757639 0.013281 0.001389
1 0.763672 0.796528 0.077344 0.098611
2 0.737109 0.758333 0.017969 0.002778
2 0.788672 0.772917 0.017969 0.029167
2 0.794922 0.813889 0.007031 0.030556
2 0.753125 0.759028 0.015625 0.001389
2 0.776563 0.759028 0.004687 0.001389
1 0.598047 0.800000 0.082031 0.102778
2 0.569141 0.802778 0.017969 0.000000
2 0.574219 0.801389 0.017188 0.000000
2 0.569531 0.759722 0.018750 0.000000
2 0.626172 0.775000 0.017969 0.030556
2 0.607422 0.811111 0.057031 0.019444
2 0.588281 0.759722 0.017188 0.000000
2 0.608203 0.759722 0.014844 0.000000
1 0.752344 0.803472 0.084375 0.109722
2 0.723437 0.806250 0.018750 0.001389
2 0.725781 0.804167 0.018750 0.000000
2 0.722656 0.761111 0.018750 0.000000
2 0.781641 0.776389 0.014844 0.030556
2 0.761719 0.822222 0.056250 0.036111
2 0.741797 0.761111 0.017969 0.000000
2 0.751563 0.761111 0.000000 0.000000
2 0.756641 0.761111 0.008594 0.000000
1 0.591406 0.800694 0.076563 0.104167
2 0.560156 0.821528 0.014063 0.031944
2 0.563281 0.804167 0.017188 0.000000
2 0.560156 0.777083 0.014063 0.031944
2 0.613672 0.777778 0.024219 0.033333
2 0.596484 0.820833 0.060156 0.033333
2 0.575391 0.777778 0.021094 0.033333
2 0.579297 0.777083 0.014844 0.031944
2 0.591797 0.778472 0.017969 0.031944
2 0.594531 0.761111 0.014063 0.000000
1 0.746484 0.807639 0.088281 0.115278
2 0.716406 0.825000 0.020313 0.033333
2 0.719141 0.807639 0.016406 0.001389
2 0.716406 0.779167 0.020313 0.033333
2 0.779687 0.779861 0.010937 0.034722
2 0.757031 0.825694 0.060937 0.037500
2 0.734766 0.779861 0.019531 0.034722
2 0.738672 0.779167 0.016406 0.033333
2 0.752734 0.780556 0.016406 0.033333
2 0.754297 0.762500 0.013281 0.000000
2 0.369922 0.851389 0.024219 0.044444
2 0.370312 0.826389 0.025000 0.005556
2 0.422266 0.855556 0.078906 0.044444
2 0.471484 0.849306 0.017969 0.043056
2 0.422266 0.813889 0.078906 0.041667
2 0.471484 0.810417 0.017969 0.040278
2 0.422656 0.773611 0.078125 0.041667
2 0.448047 0.771528 0.064844 0.040278