3 0.468750 0.847917 0.937500 0.301389
4 0.601562 0.808333 0.003125 0.063889
4 0.743750 0.852083 0.037500 0.093056
4 0.858594 0.874306 0.015625 0.101389
4 0.930469 0.897917 0.012500 0.106944
4 0.138281 0.906250 0.004687 0.093056
4 0.290234 0.959722 0.030469 0.077778
5 0.230859 0.743750 0.060156 0.015278
5 0.230859 0.743750 0.060156 0.015278
5 0.230859 0.743750 0.060156 0.015278
5 0.230859 0.731250 0.060156 0.018056
5 0.230859 0.731250 0.060156 0.018056
5 0.230859 0.731250 0.060156 0.018056
5 0.230859 0.754861 0.060156 0.015278
5 0.230859 0.754861 0.060156 0.015278
5 0.230859 0.754861 0.060156 0.015278
5 0.286719 0.747917 0.039062 0.012500
5 0.286719 0.747917 0.039062 0.012500
5 0.286719 0.747917 0.039062 0.012500
5 0.286719 0.738194 0.039062 0.012500
5 0.286719 0.738194 0.039062 0.012500
5 0.286719 0.738194 0.039062 0.012500
5 0.286719 0.726389 0.039062 0.013889
5 0.286719 0.726389 0.039062 0.013889
5 0.286719 0.726389 0.039062 0.013889
5 0.286719 0.713194 0.039062 0.015278
5 0.286719 0.713194 0.039062 0.015278
5 0.286719 0.713194 0.039062 0.015278
6 0.560547 0.750000 0.057031 0.058333
6 0.479687 0.747222 0.059375 0.080556
6 0.560937 0.690278 0.057813 0.083333
6 0.516797 0.750000 0.061719 0.077778
6 0.760156 0.803472 0.060937 0.106944
6 0.848828 0.816667 0.080469 0.111111
7 0.756250 0.938194 0.101562 0.048611
7 0.181250 0.982639 0.115625 0.031944
7 0.454688 0.831944 0.040625 0.011111
7 0.648047 0.880556 0.067969 0.027778
6 0.924609 0.972222 0.025781 0.052778
6 0.421875 0.891667 0.173437 0.213889
6 0.241406 0.905556 0.190625 0.186111
6 0.338672 0.992361 0.000781 0.006944
8 0.921094 0.874306 0.029687 0.056944
5 0.924609 0.852778 0.024219 0.016667
8 0.905469 0.891667 0.062500 0.052778
5 0.908594 0.870833 0.056250 0.030556
8 0.655469 0.828472 0.073438 0.045833
5 0.655078 0.809028 0.064844 0.020833
8 0.616406 0.818056 0.070312 0.041667
5 0.616016 0.800000 0.063281 0.019444
8 0.580859 0.809722 0.067969 0.038889
5 0.580859 0.793750 0.061719 0.018056
8 0.546875 0.802083 0.067187 0.037500
5 0.546484 0.786111 0.060156 0.016667
8 0.629297 0.799306 0.064844 0.034722
5 0.631250 0.784028 0.056250 0.015278
8 0.595313 0.790972 0.064062 0.031944
5 0.594922 0.777083 0.057031 0.015278
8 0.664844 0.808333 0.067187 0.038889
5 0.664453 0.790278 0.060156 0.016667
8 0.686719 0.819444 0.034375 0.044444
5 0.688672 0.799306 0.030469 0.018056
8 0.748047 0.736111 0.036719 0.011111
5 0.749219 0.716667 0.039062 0.005556
8 0.719531 0.725694 0.039062 0.023611
5 0.721094 0.712500 0.039062 0.002778
8 0.777344 0.733333 0.040625 0.027778
5 0.774609 0.720833 0.041406 0.008333
8 0.792969 0.738194 0.025000 0.029167
5 0.794922 0.724306 0.022656 0.009722
8 0.685937 0.731250 0.035937 0.026389
5 0.687109 0.718750 0.033594 0.009722
8 0.716016 0.734722 0.042969 0.025000
5 0.717578 0.722222 0.041406 0.008333
8 0.748828 0.738194 0.038281 0.029167
5 0.747656 0.725694 0.035937 0.009722
8 0.774219 0.742361 0.048438 0.029167
5 0.774219 0.729167 0.043750 0.011111
8 0.930078 0.767361 0.011719 0.009722
5 0.928516 0.740972 0.014844 0.004167
8 0.919531 0.761111 0.032813 0.030556
5 0.919922 0.746528 0.032031 0.006944
8 0.910937 0.772222 0.050000 0.030556
5 0.914844 0.752778 0.042188 0.013889
8 0.908594 0.738889 0.020313 0.008333
5 0.905078 0.735417 0.022656 0.009722
8 0.901563 0.756250 0.015625 0.029167
5 0.900000 0.742361 0.012500 0.006944
0 0.868359 0.718056 0.127344 0.169444
0 0.430859 0.689583 0.080469 0.134722
0 0.625000 0.914583 0.310937 0.168056
0 0.449219 0.896528 0.271875 0.204167
1 0.023047 0.866667 0.046094 0.211111
1 0.083594 0.911111 0.167187 0.175000
1 0.192188 0.902083 0.198437 0.193056
1 0.865625 0.634722 0.050000 0.005556
2 0.841406 0.643056 0.021875 0.005556
2 0.875000 0.647222 0.021875 0.008333
2 0.846094 0.647917 0.010937 0.012500
2 0.858203 0.649306 0.011719 0.009722
1 0.933594 0.661806 0.003125 0.045833
2 0.935156 0.684722 0.000000 0.000000
2 0.935156 0.648611 0.000000 0.002778
1 0.815234 0.671528 0.066406 0.070833
2 0.790625 0.682639 0.010937 0.004167
2 0.803125 0.676389 0.006250 0.000000
2 0.796094 0.647222 0.021875 0.005556
2 0.837891 0.650694 0.014844 0.009722
2 0.819141 0.688889 0.044531 0.025000
2 0.803125 0.657639 0.014063 0.023611
2 0.810547 0.644444 0.005469 0.000000
2 0.810547 0.657639 0.005469 0.023611
2 0.830469 0.645833 0.000000 0.000000
1 0.914453 0.679861 0.042969 0.079167
2 0.900781 0.691667 0.009375 0.002778
2 0.915234 0.684722 0.003906 0.000000
2 0.906641 0.653472 0.021094 0.006944
2 0.934375 0.666667 0.001563 0.025000
2 0.921094 0.699306 0.029687 0.029167
2 0.912109 0.664583 0.013281 0.026389
2 0.924219 0.651389 0.010937 0.000000
2 0.927344 0.665972 0.015625 0.026389
2 0.932813 0.651389 0.004687 0.000000
1 0.764844 0.679861 0.068750 0.081944
2 0.738672 0.684028 0.011719 0.001389
2 0.746484 0.649306 0.021094 0.001389
2 0.782422 0.663194 0.027344 0.026389
2 0.771094 0.697917 0.051562 0.029167
2 0.752734 0.650000 0.016406 0.000000
2 0.760938 0.648611 0.006250 0.000000
2 0.762500 0.651389 0.010937 0.000000
2 0.778125 0.650000 0.010937 0.000000
1 0.877734 0.688889 0.077344 0.086111
2 0.848437 0.693750 0.012500 0.001389
2 0.854297 0.656250 0.019531 0.001389
2 0.902734 0.672222 0.019531 0.027778
2 0.892188 0.709028 0.042188 0.031944
2 0.860156 0.657639 0.009375 0.001389
2 0.896875 0.656944 0.001563 0.000000
1 0.753516 0.679861 0.047656 0.070833
2 0.732422 0.684722 0.005469 0.000000
2 0.733203 0.650000 0.007031 0.000000
2 0.760156 0.665972 0.028125 0.026389
2 0.752344 0.699306 0.045312 0.029167
2 0.733203 0.664583 0.007031 0.026389
2 0.741406 0.651389 0.007812 0.000000
2 0.742969 0.665972 0.018750 0.026389
2 0.751172 0.651389 0.010156 0.000000
1 0.862891 0.688194 0.064844 0.081944
2 0.845313 0.694444 0.007812 0.000000
2 0.837500 0.668750 0.014063 0.023611
2 0.873828 0.675000 0.022656 0.027778
2 0.863672 0.710417 0.044531 0.031944
2 0.842969 0.672917 0.010937 0.029167
2 0.853516 0.658333 0.019531 0.000000
2 0.855078 0.674306 0.014844 0.029167
2 0.864453 0.659028 0.002344 0.001389
2 0.542188 0.711111 0.020313 0.033333
2 0.585938 0.718750 0.056250 0.031944
2 0.627344 0.715278 0.026562 0.030556
2 0.585547 0.688889 0.057031 0.030556
2 0.626953 0.686806 0.025781 0.029167
2 0.585547 0.659722 0.057031 0.033333
2 0.612109 0.657639 0.055469 0.031944
5 0.020313 0.981944 0.040625 0.033333
5 0.023828 0.994444 0.036719 0.008333
5 0.094141 0.966667 0.103906 0.038889
5 0.112109 0.980556 0.067969 0.036111
5 0.205469 0.945833 0.076563 0.019444
5 0.211328 0.959028 0.088281 0.026389
5 0.200391 0.933333 0.086719 0.025000
5 0.229687 0.924306 0.050000 0.012500