3 0.499609 0.827083 0.999219 0.343056
4 0.511719 0.727083 0.025000 0.056944
4 0.583594 0.752083 0.004687 0.062500
4 0.616406 0.767361 0.009375 0.068056
4 0.643750 0.782639 0.035937 0.073611
4 0.697266 0.839583 0.002344 0.004167
4 0.739453 0.790972 0.021094 0.031944
4 0.978516 0.919444 0.017969 0.111111
4 0.171875 0.754167 0.001563 0.019444
4 0.203906 0.755556 0.001563 0.005556
4 0.215625 0.824306 0.000000 0.026389
4 0.253906 0.836111 0.000000 0.002778
4 0.339062 0.978472 0.004687 0.040278
8 0.660156 0.785417 0.056250 0.048611
8 0.901172 0.700694 0.021094 0.012500
5 0.355469 0.663889 0.039062 0.008333
5 0.355469 0.663889 0.039062 0.008333
5 0.355469 0.663889 0.039062 0.008333
5 0.355469 0.655556 0.039062 0.011111
5 0.355469 0.655556 0.039062 0.011111
5 0.355469 0.655556 0.039062 0.011111
5 0.355469 0.670833 0.039062 0.008333
5 0.355469 0.670833 0.039062 0.008333
5 0.355469 0.670833 0.039062 0.008333
5 0.404297 0.668750 0.036719 0.006944
5 0.404297 0.668750 0.036719 0.006944
5 0.404297 0.668750 0.036719 0.006944
5 0.404297 0.661111 0.036719 0.008333
5 0.404297 0.661111 0.036719 0.008333
5 0.404297 0.661111 0.036719 0.008333
5 0.404297 0.654167 0.036719 0.008333
5 0.404297 0.654167 0.036719 0.008333
5 0.404297 0.654167 0.036719 0.008333
5 0.404297 0.645833 0.036719 0.008333
5 0.404297 0.645833 0.036719 0.008333
5 0.404297 0.645833 0.036719 0.008333
6 0.510156 0.677778 0.028125 0.027778
6 0.500000 0.676389 0.004687 0.022222
6 0.510156 0.608333 0.028125 0.008333
6 0.507422 0.677778 0.019531 0.027778
6 0.590234 0.702778 0.017969 0.061111
6 0.614062 0.713194 0.054688 0.068056
7 0.757812 0.793056 0.059375 0.016667
7 0.814453 0.815972 0.049219 0.018056
7 0.583203 0.823611 0.003906 0.016667
7 0.339062 0.872917 0.048438 0.040278
7 0.169141 0.758333 0.003906 0.013889
7 0.412891 0.711806 0.044531 0.012500
7 0.496484 0.744444 0.000781 0.002778
6 0.141406 0.935417 0.137500 0.126389
6 0.367578 0.923611 0.149219 0.150000
6 0.075391 0.863889 0.060156 0.136111
6 0.191016 0.832639 0.053906 0.065278
6 0.191406 0.750694 0.054688 0.126389
6 0.076172 0.759028 0.060156 0.131944
6 0.157031 0.700694 0.045312 0.093056
6 0.070312 0.706944 0.046875 0.100000
6 0.157422 0.783333 0.044531 0.086111
6 0.072266 0.765278 0.041406 0.030556
6 0.989844 0.863194 0.018750 0.120833
8 0.874219 0.857639 0.084375 0.054167
5 0.873828 0.834722 0.075781 0.025000
8 0.916797 0.874306 0.089844 0.056944
5 0.900391 0.850000 0.047656 0.025000
8 0.808984 0.822917 0.072656 0.051389
5 0.809766 0.802778 0.064844 0.022222
8 0.772266 0.829861 0.057031 0.043056
5 0.766016 0.808333 0.064844 0.022222
8 0.607031 0.747917 0.009375 0.026389
5 0.609375 0.735417 0.007812 0.006944
8 0.598047 0.759028 0.030469 0.031944
5 0.598047 0.740972 0.030469 0.015278
8 0.510156 0.720139 0.028125 0.026389
5 0.510156 0.706250 0.028125 0.009722
8 0.510156 0.713194 0.028125 0.020833
5 0.510156 0.700000 0.028125 0.005556
8 0.509766 0.718056 0.002344 0.000000
5 0.504297 0.695139 0.016406 0.004167
8 0.496875 0.712500 0.000000 0.000000
5 0.498437 0.690278 0.004687 0.002778
8 0.519141 0.695833 0.010156 0.005556
5 0.519922 0.695139 0.008594 0.006944
8 0.508594 0.692361 0.012500 0.006944
5 0.514062 0.690278 0.020313 0.008333
8 0.764453 0.677778 0.000781 0.000000
5 0.764453 0.664583 0.000781 0.001389
8 0.774609 0.672917 0.021094 0.006944
5 0.773438 0.668750 0.018750 0.006944
8 0.683984 0.670139 0.024219 0.020833
5 0.685156 0.661111 0.023438 0.005556
8 0.691406 0.674306 0.012500 0.020833
5 0.691797 0.664583 0.010156 0.004167
8 0.818750 0.700694 0.001563 0.006944
5 0.819141 0.682639 0.003906 0.001389
5 0.868359 0.681944 0.022656 0.002778
8 0.806250 0.697917 0.026562 0.026389
5 0.807422 0.687500 0.025781 0.008333
8 0.786719 0.697917 0.040625 0.023611
5 0.785937 0.688889 0.035937 0.008333
8 0.782813 0.675000 0.020313 0.002778
5 0.792969 0.674306 0.035937 0.004167
8 0.811719 0.690972 0.010937 0.020833
5 0.811328 0.678472 0.035156 0.006944
8 0.788672 0.692361 0.038281 0.026389
5 0.788672 0.681944 0.035156 0.008333
8 0.771875 0.697917 0.015625 0.018056
5 0.771875 0.683333 0.015625 0.008333
8 0.980859 0.724306 0.007031 0.020833
5 0.970703 0.711111 0.027344 0.008333
8 0.941406 0.704861 0.050000 0.001389
5 0.941406 0.704167 0.045312 0.002778
8 0.993750 0.748611 0.010937 0.030556
5 0.995313 0.736111 0.007812 0.008333
8 0.979297 0.743750 0.039844 0.031944
5 0.980469 0.729861 0.037500 0.012500
0 0.867578 0.690278 0.097656 0.155556
0 0.723047 0.651389 0.052344 0.108333
0 0.503125 0.631944 0.014063 0.094444
0 0.747656 0.850000 0.165625 0.297222
0 0.165234 0.879861 0.188281 0.237500
0 0.136719 0.854167 0.162500 0.288889
0 0.086328 0.772917 0.172656 0.229167
0 0.070703 0.756944 0.141406 0.213889
1 0.300781 0.877778 0.115625 0.241667
1 0.379688 0.875000 0.120313 0.247222
1 0.110547 0.648611 0.061719 0.066667
1 0.110547 0.654861 0.061719 0.073611
1 0.042578 0.652778 0.064844 0.069444
1 0.042188 0.663194 0.065625 0.087500
1 0.003906 0.654167 0.007812 0.069444
1 0.003516 0.664583 0.007031 0.084722
1 0.096875 0.689583 0.043750 0.093056
1 0.046875 0.702083 0.043750 0.115278
1 0.055469 0.740972 0.053125 0.143056
1 0.114062 0.717361 0.039062 0.090278
1 0.900000 0.622917 0.046875 0.048611
2 0.879297 0.643750 0.003906 0.006944
2 0.887500 0.615278 0.020313 0.019444
2 0.911719 0.611806 0.023438 0.006944
2 0.904297 0.641667 0.025781 0.002778
2 0.892578 0.615972 0.014844 0.018056
2 0.900781 0.606944 0.000000 0.000000
2 0.896094 0.611111 0.007812 0.005556
2 0.906641 0.606944 0.010156 0.000000
1 0.970703 0.640972 0.027344 0.073611
2 0.957422 0.650694 0.000781 0.020833
2 0.964453 0.640278 0.011719 0.000000
2 0.965234 0.612500 0.016406 0.000000
2 0.979688 0.625694 0.007812 0.020833
2 0.970703 0.653472 0.025781 0.023611
2 0.964844 0.624306 0.015625 0.020833
2 0.970703 0.625000 0.008594 0.022222
2 0.979297 0.613889 0.008594 0.000000
1 0.839063 0.608333 0.035937 0.016667
2 0.831641 0.611806 0.016406 0.009722
2 0.852734 0.611111 0.014844 0.002778
2 0.835547 0.610417 0.010156 0.004167
2 0.846484 0.608333 0.010156 0.000000
2 0.844531 0.611111 0.014063 0.002778
1 0.906641 0.640972 0.035156 0.068056
2 0.896094 0.654167 0.009375 0.022222
2 0.907813 0.643056 0.012500 0.000000
2 0.900781 0.625000 0.018750 0.022222
2 0.921094 0.628472 0.006250 0.020833
2 0.912500 0.656250 0.023438 0.023611
2 0.905078 0.626389 0.010156 0.022222
2 0.916797 0.615278 0.011719 0.000000
2 0.915625 0.627778 0.014063 0.022222
2 0.923438 0.616667 0.000000 0.000000
1 0.786719 0.636806 0.050000 0.068056
2 0.771875 0.637500 0.000000 0.000000
2 0.778906 0.637500 0.000000 0.000000
2 0.775391 0.609722 0.024219 0.000000
2 0.796875 0.622917 0.025000 0.020833
2 0.794531 0.649306 0.031250 0.023611
2 0.780859 0.611111 0.003906 0.000000
2 0.781641 0.611806 0.005469 0.001389
2 0.793359 0.611111 0.011719 0.000000
1 0.854688 0.645833 0.057813 0.075000
2 0.840625 0.647917 0.009375 0.001389
2 0.846094 0.647222 0.000000 0.000000
2 0.848828 0.616667 0.005469 0.000000
2 0.868750 0.631944 0.023438 0.022222
2 0.858984 0.659722 0.044531 0.025000
2 0.859375 0.619444 0.001563 0.000000
1 0.761328 0.638194 0.050781 0.065278
2 0.773047 0.623611 0.022656 0.019444
2 0.773047 0.650694 0.022656 0.023611
2 0.763281 0.611111 0.003125 0.000000
2 0.763281 0.612500 0.003125 0.000000
2 0.771875 0.612500 0.000000 0.000000
1 0.828516 0.644444 0.057031 0.069444
2 0.810547 0.659722 0.016406 0.022222
2 0.819141 0.647222 0.007031 0.000000
2 0.813672 0.629167 0.022656 0.022222
2 0.839844 0.633333 0.023438 0.022222
2 0.832422 0.661806 0.044531 0.026389
2 0.817578 0.630556 0.014844 0.022222
2 0.821484 0.631250 0.007031 0.020833
2 0.942187 0.726389 0.068750 0.041667
2 0.907422 0.729167 0.033594 0.044444
2 0.601953 0.654167 0.016406 0.025000
2 0.630078 0.658333 0.038281 0.025000
2 0.662891 0.658333 0.025781 0.022222
2 0.630078 0.636806 0.038281 0.023611
2 0.662891 0.636111 0.025781 0.022222
2 0.630078 0.614583 0.038281 0.023611
2 0.658203 0.613194 0.035156 0.023611
5 0.633594 0.724306 0.056250 0.015278
5 0.633594 0.734028 0.056250 0.015278
5 0.633594 0.741667 0.056250 0.013889
5 0.633594 0.750694 0.056250 0.015278
5 0.633594 0.768056 0.056250 0.013889
5 0.633594 0.759028 0.056250 0.015278
5 0.633594 0.784722 0.056250 0.013889
5 0.633594 0.775694 0.056250 0.015278
5 0.096094 0.756944 0.000000 0.000000
5 0.096875 0.761806 0.001563 0.004167
5 0.676953 0.737500 0.042969 0.013889
5 0.676953 0.745833 0.042969 0.013889
5 0.685937 0.763194 0.046875 0.015278
5 0.685937 0.754861 0.048438 0.015278
5 0.680469 0.779167 0.035937 0.013889
5 0.680469 0.770833 0.035937 0.013889
5 0.676953 0.729861 0.042969 0.015278
5 0.682031 0.720139 0.053125 0.015278
5 0.741016 0.733333 0.044531 0.013889
5 0.740625 0.742361 0.045312 0.012500
5 0.739453 0.758333 0.047656 0.013889
5 0.739844 0.750694 0.046875 0.012500
5 0.738281 0.773611 0.050000 0.013889
5 0.739062 0.765972 0.048438 0.015278
5 0.189844 0.743750 0.042188 0.012500
5 0.207813 0.751389 0.010937 0.011111
5 0.739062 0.726389 0.048438 0.011111
5 0.735938 0.718750 0.054688 0.009722
5 0.735938 0.668750 0.054688 0.012500
5 0.735938 0.677083 0.054688 0.012500
5 0.735938 0.693750 0.054688 0.012500
5 0.735938 0.685417 0.054688 0.012500
5 0.735938 0.709028 0.054688 0.009722
5 0.735938 0.700000 0.054688 0.011111
5 0.187109 0.736806 0.035156 0.006944
5 0.206641 0.730556 0.011719 0.011111
5 0.735938 0.661806 0.054688 0.012500
5 0.735938 0.653472 0.054688 0.012500