3 0.499609 0.850694 0.999219 0.295833
4 0.027344 0.704167 0.003125 0.063889
4 0.056250 0.681944 0.001563 0.022222
8 0.030469 0.719444 0.060937 0.030556
6 0.446484 0.626389 0.032031 0.038889
6 0.317188 0.694444 0.059375 0.069444
6 0.287891 0.695833 0.039844 0.072222
7 0.060156 0.740278 0.068750 0.019444
7 0.014063 0.744444 0.028125 0.019444
7 0.335547 0.772917 0.100781 0.029167
7 0.384375 0.763194 0.067187 0.026389
7 0.134375 0.800000 0.129688 0.038889
7 0.232813 0.786806 0.114062 0.031944
7 0.002734 0.827083 0.005469 0.034722
7 0.069922 0.722917 0.002344 0.009722
7 0.016016 0.711111 0.032031 0.011111
7 0.217578 0.718750 0.027344 0.012500
7 0.007031 0.700000 0.014063 0.005556
7 0.030078 0.697222 0.030469 0.002778
8 0.186328 0.720833 0.039844 0.019444
5 0.193359 0.701389 0.025781 0.002778
8 0.166016 0.715972 0.028906 0.026389
5 0.152344 0.700694 0.001563 0.001389
8 0.308984 0.711111 0.044531 0.027778
8 0.316016 0.722222 0.000781 0.000000
5 0.347266 0.694444 0.000781 0.000000
5 0.347656 0.693056 0.000000 0.000000
8 0.333984 0.723611 0.003906 0.002778
5 0.347266 0.697222 0.000781 0.002778
8 0.785547 0.714583 0.005469 0.015278
5 0.787109 0.694444 0.017969 0.000000
8 0.791797 0.714583 0.010156 0.015278
8 0.789453 0.712500 0.014844 0.008333
5 0.792188 0.698611 0.007812 0.005556
8 0.779687 0.714583 0.034375 0.023611
5 0.778906 0.699306 0.034375 0.006944
8 0.778125 0.716667 0.000000 0.000000
5 0.758984 0.693750 0.036719 0.001389
8 0.732031 0.721528 0.000000 0.001389
5 0.760547 0.694444 0.011719 0.000000
8 0.740625 0.710417 0.042188 0.026389
5 0.741797 0.696528 0.041406 0.004167
8 0.730078 0.711806 0.049219 0.029167
5 0.730078 0.697222 0.046094 0.002778
8 0.715234 0.720139 0.049219 0.034722
5 0.715234 0.704167 0.044531 0.008333
8 0.759766 0.720833 0.050781 0.036111
5 0.759766 0.705556 0.044531 0.008333
8 0.681250 0.719444 0.023438 0.033333
5 0.679297 0.703472 0.027344 0.006944
8 0.758984 0.714583 0.052344 0.029167
5 0.760938 0.699306 0.042188 0.004167
8 0.751172 0.718750 0.052344 0.026389
5 0.750391 0.702083 0.047656 0.006944
8 0.700000 0.716667 0.045312 0.033333
5 0.699609 0.702083 0.039844 0.006944
8 0.672266 0.714583 0.013281 0.020833
5 0.672266 0.698611 0.013281 0.000000
8 0.669141 0.731250 0.007031 0.040278
5 0.666797 0.713889 0.002344 0.008333
8 0.678516 0.729861 0.025781 0.040278
5 0.676172 0.711806 0.021094 0.009722
0 0.985547 0.826389 0.027344 0.013889
0 0.376953 0.654167 0.110156 0.191667
0 0.562109 0.614583 0.057031 0.065278
0 0.588281 0.625694 0.029687 0.043056
1 0.283203 0.670833 0.052344 0.066667
1 0.275000 0.670139 0.035937 0.065278
1 0.260547 0.671528 0.007031 0.065278
1 0.211719 0.659722 0.040625 0.019444
1 0.176953 0.665278 0.016406 0.052778
1 0.172656 0.665972 0.045312 0.054167
1 0.134766 0.667361 0.044531 0.051389
1 0.071094 0.666667 0.070312 0.072222
1 0.044531 0.667361 0.070312 0.070833
1 0.957812 0.674306 0.046875 0.101389
2 0.978516 0.691667 0.000781 0.027778
2 0.977734 0.650694 0.000781 0.029167
2 0.972656 0.640972 0.000000 0.012500
2 0.976953 0.691667 0.002344 0.030556
2 0.976562 0.650694 0.001563 0.029167
2 0.975391 0.650694 0.000781 0.029167
1 0.946094 0.632639 0.051562 0.029167
2 0.969922 0.639583 0.000781 0.015278
2 0.942969 0.638889 0.040625 0.016667
2 0.967969 0.639583 0.001563 0.015278
2 0.966406 0.639583 0.000000 0.015278
1 0.909766 0.627083 0.046094 0.006944
1 0.893359 0.631250 0.052344 0.026389
2 0.917188 0.638889 0.001563 0.011111
2 0.890234 0.638194 0.041406 0.012500
2 0.914844 0.638889 0.001563 0.011111
2 0.912500 0.638194 0.001563 0.012500
2 0.966406 0.759028 0.018750 0.076389
2 0.877734 0.772917 0.160156 0.093056
2 0.876563 0.688889 0.159375 0.088889
2 0.964844 0.685417 0.018750 0.076389
2 0.651563 0.683333 0.026562 0.066667
2 0.590625 0.686111 0.034375 0.075000
2 0.590625 0.759722 0.034375 0.077778
2 0.652344 0.748611 0.026562 0.066667
2 0.623437 0.684028 0.029687 0.070833
2 0.495703 0.686806 0.153906 0.081944
2 0.496094 0.765972 0.154688 0.084722
2 0.623828 0.753472 0.030469 0.070833
2 0.770703 0.702083 0.038281 0.029167
2 0.793359 0.702778 0.005469 0.027778
2 0.770703 0.672222 0.038281 0.027778
2 0.793359 0.673611 0.005469 0.027778
2 0.770312 0.644444 0.039062 0.027778
2 0.811719 0.643750 0.043750 0.029167
5 0.090625 0.672917 0.053125 0.006944
5 0.092969 0.681944 0.059375 0.008333
5 0.090234 0.690278 0.053906 0.008333
5 0.090234 0.700000 0.053906 0.008333
5 0.089844 0.718056 0.053125 0.008333
5 0.090234 0.709028 0.053906 0.009722
5 0.104297 0.736111 0.024219 0.008333
5 0.089453 0.725694 0.053906 0.009722
5 0.011719 0.704861 0.023438 0.001389
5 0.139453 0.691667 0.061719 0.008333
5 0.139063 0.700694 0.062500 0.009722
5 0.138672 0.720139 0.061719 0.009722
5 0.138672 0.710417 0.061719 0.009722
5 0.138672 0.737500 0.061719 0.011111
5 0.138672 0.728472 0.061719 0.009722
5 0.033594 0.706250 0.039062 0.004167
5 0.041797 0.715278 0.019531 0.002778
5 0.139453 0.681944 0.061719 0.008333
5 0.139453 0.672917 0.061719 0.006944
5 0.183594 0.691667 0.045312 0.008333
5 0.183594 0.701389 0.045312 0.008333
5 0.183203 0.721528 0.046094 0.009722
5 0.183203 0.711806 0.046094 0.009722
5 0.182812 0.739583 0.045312 0.009722
5 0.183203 0.729167 0.046094 0.011111
5 0.059375 0.708333 0.025000 0.005556
5 0.054688 0.715278 0.015625 0.005556
5 0.183594 0.683333 0.045312 0.008333
5 0.183594 0.673611 0.045312 0.008333
5 0.184375 0.616667 0.045312 0.008333
5 0.184375 0.626389 0.045312 0.008333
5 0.183984 0.645833 0.046094 0.008333
5 0.184375 0.636111 0.045312 0.008333
5 0.183984 0.664583 0.046094 0.006944
5 0.183984 0.654167 0.046094 0.008333
5 0.059766 0.702778 0.024219 0.005556
5 0.059375 0.696528 0.025000 0.006944
5 0.184375 0.607639 0.045312 0.009722
5 0.184766 0.597917 0.046094 0.009722