3 0.499609 0.853472 0.999219 0.290278
8 0.805469 0.879167 0.075000 0.069444
6 0.803125 0.966667 0.203125 0.063889
7 0.931250 0.727778 0.023438 0.013889
7 0.987109 0.718056 0.024219 0.013889
7 0.965625 0.721528 0.043750 0.015278
7 0.608984 0.765972 0.042969 0.020833
7 0.643750 0.759028 0.020313 0.018056
7 0.753906 0.745139 0.039062 0.012500
7 0.712109 0.752083 0.036719 0.018056
7 0.491016 0.779861 0.042969 0.020833
7 0.542578 0.772917 0.042969 0.020833
7 0.424219 0.788889 0.028125 0.022222
8 0.216797 0.958333 0.072656 0.080556
5 0.217188 0.936806 0.064062 0.040278
8 0.143750 0.963889 0.071875 0.069444
5 0.144141 0.948611 0.063281 0.041667
8 0.276172 0.948611 0.072656 0.080556
5 0.276953 0.925694 0.064844 0.037500
8 0.311719 0.920833 0.012500 0.030556
5 0.314063 0.912500 0.007812 0.019444
8 0.161328 0.979861 0.078906 0.037500
5 0.162109 0.979861 0.069531 0.037500
8 0.239844 0.973611 0.079687 0.050000
5 0.240625 0.972222 0.070312 0.047222
8 0.291016 0.968056 0.053906 0.061111
5 0.293750 0.959028 0.048438 0.045833
8 0.408984 0.974306 0.010156 0.048611
5 0.407031 0.952083 0.006250 0.018056
8 0.604688 0.893750 0.082812 0.037500
5 0.604297 0.880556 0.074219 0.027778
8 0.575391 0.877778 0.078906 0.036111
5 0.574609 0.863889 0.071094 0.025000
8 0.632031 0.919444 0.076563 0.058333
5 0.636328 0.895833 0.077344 0.030556
8 0.649219 0.941667 0.045312 0.063889
5 0.652734 0.916667 0.044531 0.030556
8 0.453906 0.925000 0.078125 0.066667
5 0.455078 0.900694 0.069531 0.034722
8 0.508984 0.913194 0.077344 0.065278
5 0.509766 0.889583 0.069531 0.031944
8 0.560156 0.929167 0.089063 0.072222
5 0.559375 0.908333 0.079687 0.033333
8 0.592969 0.951389 0.093750 0.077778
5 0.592187 0.929167 0.084375 0.036111
8 0.835547 0.857639 0.046094 0.048611
5 0.842187 0.835417 0.059375 0.023611
8 0.801953 0.856944 0.072656 0.044444
5 0.802344 0.843750 0.065625 0.020833
8 0.967187 0.827083 0.064062 0.034722
5 0.969531 0.815278 0.059375 0.022222
8 0.934766 0.829861 0.072656 0.029167
5 0.935937 0.820833 0.065625 0.022222
8 0.997656 0.836806 0.003125 0.020833
8 0.978125 0.841667 0.039062 0.016667
5 0.981641 0.838889 0.035156 0.022222
0 0.840625 0.672222 0.048438 0.091667
0 0.766797 0.870833 0.191406 0.255556
2 0.024219 0.731944 0.010937 0.022222
2 0.011328 0.735417 0.022656 0.020833
2 0.009766 0.722917 0.019531 0.004167
1 0.187500 0.759028 0.100000 0.134722
2 0.158594 0.783333 0.025000 0.041667
2 0.153516 0.779861 0.024219 0.040278
2 0.156250 0.731250 0.029687 0.043056
2 0.218750 0.715278 0.029687 0.022222
2 0.172266 0.772917 0.010156 0.023611
2 0.180078 0.720139 0.024219 0.018056
2 0.175781 0.709722 0.023438 0.002778
2 0.201563 0.718750 0.023438 0.018056
2 0.196094 0.707639 0.023438 0.004167
1 0.064844 0.747917 0.010937 0.045833
2 0.059766 0.756944 0.011719 0.030556
2 0.005859 0.763889 0.011719 0.027778
2 0.004297 0.747917 0.008594 0.004167
2 0.019922 0.762500 0.019531 0.027778
2 0.018750 0.746528 0.021875 0.004167
1 0.220312 0.784028 0.110937 0.151389
2 0.187109 0.812500 0.025781 0.047222
2 0.183203 0.806944 0.027344 0.044444
2 0.185547 0.754167 0.033594 0.050000
2 0.254297 0.737500 0.033594 0.027778
2 0.205469 0.809722 0.018750 0.047222
2 0.212109 0.752778 0.027344 0.044444
2 0.205859 0.729861 0.025781 0.004167
2 0.234766 0.741667 0.027344 0.025000
2 0.228906 0.727083 0.026562 0.004167
1 0.090234 0.768750 0.013281 0.031944
2 0.073047 0.779167 0.036719 0.016667
2 0.014844 0.788889 0.029687 0.013889
2 0.013672 0.779861 0.027344 0.006944
2 0.044922 0.783333 0.033594 0.008333
2 0.041016 0.777083 0.032031 0.006944
1 0.258984 0.818056 0.116406 0.175000
2 0.224219 0.851389 0.023438 0.052778
2 0.211328 0.843750 0.010156 0.051389
2 0.225000 0.784028 0.039062 0.056944
2 0.299219 0.754861 0.035937 0.012500
2 0.254688 0.761806 0.031250 0.009722
2 0.247266 0.755556 0.028906 0.005556
2 0.280078 0.759028 0.032031 0.009722
2 0.273047 0.752778 0.030469 0.005556
1 0.055078 0.858333 0.110156 0.186111
2 0.003125 0.906250 0.006250 0.062500
2 0.000000 0.875000 0.000000 0.000000
2 0.003125 0.829167 0.006250 0.066667
2 0.084375 0.819444 0.039062 0.066667
2 0.053906 0.899306 0.101562 0.076389
2 0.016797 0.829861 0.025781 0.062500
2 0.015234 0.795833 0.027344 0.008333
2 0.063281 0.824306 0.018750 0.059722
2 0.060547 0.791667 0.013281 0.005556
1 0.268359 0.838194 0.100781 0.170833
2 0.248438 0.868056 0.034375 0.058333
2 0.239844 0.862500 0.032813 0.055556
2 0.244141 0.798611 0.041406 0.061111
2 0.310937 0.765972 0.015625 0.009722
2 0.287500 0.861111 0.060937 0.063889
2 0.275000 0.797917 0.034375 0.056944
2 0.266797 0.768056 0.030469 0.005556
2 0.301953 0.794444 0.033594 0.055556
2 0.292969 0.765972 0.029687 0.006944
2 0.820312 0.777083 0.071875 0.040278
2 0.883203 0.765972 0.053906 0.043056
2 0.882812 0.729861 0.071875 0.045833
2 0.819531 0.736806 0.073438 0.048611
2 0.955078 0.768056 0.088281 0.058333
2 0.989453 0.734722 0.019531 0.005556
2 0.955078 0.806250 0.088281 0.045833
2 0.973047 0.741667 0.052344 0.013889
2 0.910547 0.865278 0.102344 0.075000
2 0.955078 0.884028 0.088281 0.079167