3 0.499609 0.985417 0.999219 0.026389
5 0.146094 0.962500 0.160938 0.072222
5 0.146094 0.962500 0.160938 0.072222
5 0.146094 0.962500 0.160938 0.072222
5 0.130859 0.945833 0.189844 0.105556
5 0.130859 0.945833 0.189844 0.105556
5 0.130859 0.945833 0.189844 0.105556
5 0.221875 0.978472 0.010937 0.040278
5 0.221875 0.978472 0.010937 0.040278
5 0.221875 0.978472 0.010937 0.040278
5 0.388672 0.985417 0.142969 0.026389
5 0.388672 0.985417 0.142969 0.026389
5 0.388672 0.985417 0.142969 0.026389
5 0.376563 0.967361 0.167187 0.062500
5 0.376563 0.967361 0.167187 0.062500
5 0.376563 0.967361 0.167187 0.062500
5 0.376172 0.913889 0.167969 0.105556
5 0.376172 0.913889 0.167969 0.105556
5 0.376172 0.913889 0.167969 0.105556
0 0.780469 0.883333 0.221875 0.230556