3 0.499609 0.864583 0.999219 0.268056
4 0.721094 0.901389 0.015625 0.108333
4 0.959766 0.941667 0.049219 0.113889
5 0.132812 0.810417 0.070312 0.020833
5 0.132812 0.810417 0.070312 0.020833
5 0.132812 0.810417 0.070312 0.020833
5 0.132812 0.795139 0.070312 0.023611
5 0.132812 0.795139 0.070312 0.023611
5 0.132812 0.795139 0.070312 0.023611
5 0.132422 0.825000 0.071094 0.019444
5 0.132422 0.825000 0.071094 0.019444
5 0.132422 0.825000 0.071094 0.019444
5 0.228516 0.809722 0.042969 0.019444
5 0.228516 0.809722 0.042969 0.019444
5 0.228516 0.809722 0.042969 0.019444
5 0.228906 0.797222 0.042188 0.019444
5 0.228906 0.797222 0.042188 0.019444
5 0.228906 0.797222 0.042188 0.019444
5 0.228906 0.783333 0.042188 0.019444
5 0.228906 0.783333 0.042188 0.019444
5 0.228906 0.783333 0.042188 0.019444
5 0.228906 0.768750 0.042188 0.020833
5 0.228906 0.768750 0.042188 0.020833
5 0.228906 0.768750 0.042188 0.020833
6 0.588672 0.825694 0.083594 0.104167
6 0.476172 0.806250 0.075781 0.101389
6 0.588281 0.736111 0.084375 0.102778
6 0.521484 0.813889 0.061719 0.105556
6 0.892578 0.877083 0.091406 0.143056
6 0.985156 0.888889 0.028125 0.138889
7 0.501172 0.914583 0.082031 0.040278
7 0.831250 0.978472 0.087500 0.040278
6 0.980859 0.981944 0.036719 0.033333
8 0.774219 0.913889 0.085938 0.066667
5 0.774219 0.886111 0.076563 0.030556
8 0.712109 0.901389 0.083594 0.063889
5 0.712500 0.875694 0.075000 0.029167
8 0.659375 0.892361 0.082812 0.062500
5 0.658984 0.867361 0.074219 0.026389
8 0.605078 0.881944 0.080469 0.058333
5 0.604688 0.858333 0.071875 0.025000
8 0.705078 0.874306 0.077344 0.054167
5 0.704688 0.852083 0.068750 0.023611
8 0.652344 0.865972 0.075000 0.054167
5 0.652344 0.843750 0.067187 0.023611
8 0.756250 0.883333 0.078125 0.058333
5 0.757031 0.859722 0.068750 0.025000
8 0.811328 0.896528 0.071094 0.056944
5 0.814453 0.869444 0.067969 0.027778
8 0.738281 0.774306 0.046875 0.031944
5 0.739453 0.759722 0.042969 0.011111
8 0.705078 0.770139 0.047656 0.031944
5 0.704688 0.756250 0.042188 0.009722
8 0.772266 0.777778 0.049219 0.033333
5 0.772266 0.762500 0.042969 0.011111
8 0.806641 0.782639 0.041406 0.031944
5 0.807813 0.767361 0.039062 0.012500
8 0.676953 0.776389 0.049219 0.033333
5 0.677344 0.762500 0.043750 0.011111
8 0.712109 0.781250 0.049219 0.034722
5 0.712109 0.765972 0.044531 0.012500
8 0.745703 0.784028 0.050781 0.034722
5 0.746094 0.769444 0.045312 0.013889
8 0.784375 0.788889 0.051562 0.036111
5 0.784375 0.773611 0.045312 0.013889
8 0.985547 0.804861 0.016406 0.020833
5 0.985156 0.784028 0.028125 0.006944
8 0.978125 0.779167 0.000000 0.000000
5 0.989453 0.777778 0.019531 0.005556
8 0.994922 0.808333 0.008594 0.027778
5 0.985156 0.793056 0.028125 0.013889
8 0.987109 0.817361 0.024219 0.040278
5 0.984375 0.800000 0.026562 0.013889
8 0.856250 0.782639 0.001563 0.015278
0 0.940625 0.759028 0.112500 0.198611
0 0.383984 0.734722 0.107031 0.163889
1 0.015625 0.937500 0.031250 0.122222
1 0.400000 0.986806 0.012500 0.023611
1 0.812500 0.697222 0.068750 0.069444
2 0.787500 0.711111 0.012500 0.000000
2 0.790625 0.674306 0.020313 0.004167
2 0.832422 0.680556 0.022656 0.013889
2 0.809375 0.719444 0.029687 0.022222
2 0.800000 0.675000 0.012500 0.002778
2 0.808984 0.672222 0.014844 0.000000
2 0.815625 0.681944 0.017188 0.016667
1 0.935547 0.711806 0.075781 0.084722
2 0.911719 0.718750 0.009375 0.001389
2 0.909375 0.679167 0.017188 0.005556
2 0.949609 0.692361 0.005469 0.026389
2 0.943359 0.727083 0.053906 0.029167
2 0.923438 0.679861 0.015625 0.004167
2 0.925781 0.676389 0.003125 0.000000
2 0.938672 0.691667 0.014844 0.025000
2 0.944141 0.677778 0.010156 0.000000
1 0.776172 0.711806 0.072656 0.090278
2 0.748828 0.719444 0.011719 0.000000
2 0.754297 0.679167 0.022656 0.005556
2 0.796875 0.691667 0.025000 0.027778
2 0.783984 0.726389 0.052344 0.030556
2 0.764453 0.690972 0.016406 0.026389
2 0.771484 0.676389 0.010156 0.000000
2 0.778125 0.690972 0.012500 0.026389
2 0.788281 0.677778 0.006250 0.000000
1 0.925781 0.715972 0.037500 0.081944
2 0.886719 0.681944 0.004687 0.000000
2 0.928125 0.697917 0.025000 0.029167
2 0.921094 0.736111 0.040625 0.033333
2 0.892578 0.686111 0.014844 0.005556
2 0.898438 0.681944 0.017188 0.000000
2 0.908984 0.697917 0.019531 0.029167
2 0.915234 0.682639 0.010156 0.001389
1 0.732422 0.715278 0.077344 0.088889
2 0.704688 0.720833 0.014063 0.000000
2 0.708203 0.681944 0.021094 0.002778
2 0.754297 0.697917 0.027344 0.029167
2 0.740625 0.736806 0.056250 0.031944
2 0.718750 0.682639 0.015625 0.001389
2 0.727344 0.681944 0.015625 0.000000
2 0.736328 0.684028 0.017969 0.001389
2 0.742969 0.682639 0.009375 0.001389
1 0.867578 0.726389 0.085156 0.097222
2 0.844531 0.730556 0.001563 0.000000
2 0.848437 0.688194 0.009375 0.001389
2 0.895703 0.705556 0.021094 0.030556
2 0.876563 0.734722 0.060937 0.011111
2 0.850781 0.689583 0.010937 0.001389
2 0.855078 0.687500 0.002344 0.000000
1 0.713281 0.720833 0.079687 0.094444
2 0.686328 0.737500 0.019531 0.030556
2 0.694141 0.722222 0.017969 0.000000
2 0.690625 0.698611 0.028125 0.030556
2 0.735156 0.701389 0.028125 0.030556
2 0.721094 0.738194 0.057813 0.031944
2 0.698828 0.699306 0.014844 0.029167
2 0.710938 0.684722 0.007812 0.000000
2 0.715625 0.700694 0.020313 0.029167
2 0.724219 0.684722 0.017188 0.000000
1 0.850781 0.729167 0.087500 0.102778
2 0.819141 0.746528 0.016406 0.029167
2 0.824219 0.731250 0.006250 0.001389
2 0.818359 0.705556 0.016406 0.033333
2 0.887109 0.708333 0.003906 0.030556
2 0.864844 0.749306 0.042188 0.034722
2 0.838281 0.707639 0.021875 0.031944
2 0.848437 0.690278 0.009375 0.000000
2 0.850391 0.707639 0.011719 0.031944
2 0.854688 0.691667 0.003125 0.000000
2 0.489844 0.757639 0.043750 0.040278
2 0.503516 0.736806 0.016406 0.004167
2 0.532422 0.763194 0.039844 0.037500
2 0.593359 0.750000 0.016406 0.013889
2 0.532422 0.729861 0.039844 0.034722
2 0.590625 0.727083 0.021875 0.031944
2 0.532422 0.695833 0.039844 0.036111
2 0.573828 0.694444 0.060156 0.036111