3 0.499609 0.815278 0.999219 0.366667
4 0.311328 0.696528 0.000781 0.043056
4 0.235156 0.692361 0.001563 0.001389
4 0.155469 0.710417 0.009375 0.006944
4 0.111328 0.752778 0.007031 0.058333
4 0.101172 0.665972 0.000781 0.020833
4 0.015625 0.693750 0.017188 0.048611
8 0.121094 0.774306 0.042188 0.045833
8 0.619531 0.761111 0.062500 0.033333
5 0.504297 0.650000 0.036719 0.008333
5 0.504297 0.650000 0.036719 0.008333
5 0.504297 0.650000 0.036719 0.008333
5 0.504297 0.642361 0.036719 0.009722
5 0.504297 0.642361 0.036719 0.009722
5 0.504297 0.642361 0.036719 0.009722
5 0.504297 0.656944 0.030469 0.005556
5 0.504297 0.656944 0.030469 0.005556
5 0.504297 0.656944 0.030469 0.005556
5 0.537109 0.659722 0.003906 0.005556
5 0.537109 0.659722 0.003906 0.005556
5 0.537109 0.659722 0.003906 0.005556
5 0.546094 0.653472 0.021875 0.006944
5 0.546094 0.653472 0.021875 0.006944
5 0.546094 0.653472 0.021875 0.006944
5 0.546094 0.646528 0.021875 0.006944
5 0.546094 0.646528 0.021875 0.006944
5 0.546094 0.646528 0.021875 0.006944
5 0.546094 0.637500 0.021875 0.008333
5 0.546094 0.637500 0.021875 0.008333
5 0.546094 0.637500 0.021875 0.008333
6 0.457813 0.678472 0.037500 0.056944
6 0.490625 0.667361 0.032813 0.054167
6 0.458594 0.631250 0.040625 0.056944
6 0.476172 0.672222 0.035156 0.055556
6 0.343750 0.702778 0.043750 0.061111
6 0.325391 0.718056 0.036719 0.072222
7 0.150000 0.802083 0.060937 0.023611
7 0.116016 0.820833 0.032031 0.025000
7 0.416797 0.905556 0.067969 0.036111
7 0.449219 0.878472 0.070312 0.031944
7 0.284375 0.981250 0.096875 0.034722
7 0.343359 0.949306 0.089844 0.043056
7 0.013281 0.776389 0.026562 0.019444
7 0.138281 0.737500 0.020313 0.016667
7 0.235156 0.716667 0.001563 0.000000
7 0.103906 0.642361 0.009375 0.006944
7 0.117969 0.638889 0.026562 0.008333
7 0.019922 0.652083 0.007031 0.006944
8 0.023438 0.824306 0.046875 0.043056
5 0.023438 0.804167 0.046875 0.022222
8 0.013281 0.809028 0.026562 0.031944
5 0.011328 0.795833 0.022656 0.013889
8 0.231641 0.755556 0.010156 0.016667
5 0.228125 0.740278 0.000000 0.002778
8 0.187500 0.734722 0.000000 0.000000
5 0.228125 0.732639 0.000000 0.001389
8 0.320703 0.713194 0.000781 0.018056
5 0.320703 0.700000 0.000781 0.005556
8 0.389062 0.690278 0.009375 0.002778
5 0.387109 0.690278 0.008594 0.005556
8 0.403125 0.686806 0.014063 0.004167
5 0.395313 0.684722 0.025000 0.008333
8 0.416016 0.701389 0.028906 0.016667
5 0.408594 0.692361 0.039062 0.006944
8 0.438281 0.695139 0.017188 0.015278
5 0.425391 0.688194 0.038281 0.009722
8 0.402344 0.713194 0.029687 0.015278
5 0.398828 0.696528 0.032031 0.006944
8 0.389453 0.718750 0.013281 0.023611
5 0.389453 0.704861 0.013281 0.009722
8 0.782422 0.707639 0.008594 0.026389
5 0.765234 0.694444 0.038281 0.008333
8 0.773828 0.702083 0.039844 0.026389
5 0.773047 0.690972 0.036719 0.009722
8 0.766797 0.713194 0.030469 0.026389
5 0.761328 0.700694 0.035156 0.009722
8 0.753125 0.719444 0.040625 0.027778
5 0.751953 0.706944 0.038281 0.011111
8 0.736328 0.690972 0.030469 0.009722
5 0.730859 0.687500 0.036719 0.008333
8 0.719531 0.702083 0.035937 0.020833
5 0.720313 0.690972 0.034375 0.006944
8 0.717969 0.707639 0.039062 0.023611
5 0.715234 0.697222 0.038281 0.011111
8 0.705859 0.708333 0.041406 0.013889
5 0.710547 0.702778 0.028906 0.011111
8 0.695312 0.747917 0.042188 0.034722
5 0.694922 0.734028 0.036719 0.015278
8 0.732812 0.752083 0.042188 0.034722
5 0.732422 0.738194 0.036719 0.015278
8 0.658984 0.747222 0.035156 0.030556
5 0.660156 0.731250 0.032813 0.015278
8 0.627344 0.740972 0.042188 0.034722
5 0.631641 0.727083 0.028906 0.012500
8 0.730859 0.726389 0.044531 0.022222
5 0.730469 0.716667 0.040625 0.011111
8 0.723828 0.737500 0.046094 0.030556
5 0.723437 0.724306 0.042188 0.012500
8 0.680078 0.732639 0.039844 0.029167
5 0.679688 0.721528 0.035937 0.012500
8 0.648047 0.729861 0.035156 0.029167
5 0.646875 0.718056 0.032813 0.013889
8 0.661719 0.783333 0.003125 0.005556
5 0.632812 0.779861 0.053125 0.012500
8 0.648828 0.789583 0.058594 0.037500
5 0.647656 0.772917 0.053125 0.018056
8 0.492578 0.830556 0.052344 0.036111
5 0.496094 0.812500 0.054688 0.022222
8 0.521875 0.813889 0.064062 0.033333
5 0.521484 0.800000 0.058594 0.019444
0 0.976562 0.883333 0.045312 0.230556
0 0.422656 0.729861 0.079687 0.179167
0 0.561328 0.684028 0.052344 0.143056
0 0.582031 0.630556 0.043750 0.094444
1 0.289062 0.620139 0.045312 0.062500
1 0.276953 0.624306 0.052344 0.065278
1 0.252734 0.619444 0.044531 0.063889
1 0.234375 0.622917 0.051562 0.062500
1 0.210547 0.616667 0.049219 0.058333
1 0.194141 0.619444 0.049219 0.063889
1 0.147656 0.606944 0.045312 0.055556
1 0.119531 0.645139 0.040625 0.073611
1 0.107031 0.639583 0.015625 0.062500
1 0.007812 0.667361 0.015625 0.081944
1 0.993750 0.645833 0.010937 0.027778
2 0.995313 0.643056 0.007812 0.000000
2 0.994922 0.654167 0.008594 0.011111
2 0.995313 0.645139 0.007812 0.001389
2 0.994922 0.647222 0.008594 0.000000
1 0.992969 0.704167 0.012500 0.111111
2 0.994922 0.660417 0.008594 0.001389
2 0.994141 0.683333 0.010156 0.033333
2 0.994141 0.723611 0.010156 0.038889
2 0.994531 0.663194 0.009375 0.001389
2 0.994531 0.666667 0.009375 0.000000
1 0.901953 0.675694 0.039844 0.095833
2 0.918750 0.686111 0.001563 0.025000
2 0.904297 0.650694 0.030469 0.026389
2 0.899219 0.656944 0.031250 0.027778
2 0.914844 0.692361 0.007812 0.031944
2 0.895312 0.639583 0.014063 0.001389
2 0.910937 0.652778 0.015625 0.025000
2 0.893359 0.641667 0.014844 0.000000
2 0.909375 0.654167 0.015625 0.025000
1 0.891016 0.697222 0.044531 0.108333
2 0.910547 0.709722 0.002344 0.030556
2 0.894531 0.668056 0.034375 0.030556
2 0.887891 0.676389 0.033594 0.033333
2 0.890625 0.715278 0.039062 0.038889
2 0.883594 0.656250 0.017188 0.001389
2 0.901563 0.672222 0.017188 0.030556
2 0.884375 0.659028 0.012500 0.001389
2 0.899219 0.672917 0.017188 0.029167
1 0.861328 0.661111 0.039844 0.072222
2 0.865234 0.643056 0.028906 0.016667
2 0.858984 0.650000 0.032031 0.019444
2 0.869531 0.693750 0.006250 0.009722
2 0.855469 0.636806 0.015625 0.001389
2 0.871094 0.639583 0.014063 0.004167
2 0.853125 0.639583 0.014063 0.001389
2 0.868750 0.647917 0.015625 0.015278
1 0.846094 0.693750 0.045312 0.106944
2 0.866016 0.705556 0.002344 0.030556
2 0.850781 0.665972 0.032813 0.029167
2 0.842187 0.672917 0.032813 0.031944
2 0.845703 0.711806 0.039844 0.037500
2 0.839844 0.653472 0.017188 0.001389
2 0.857422 0.668750 0.016406 0.029167
2 0.839453 0.656250 0.013281 0.001389
2 0.854688 0.670139 0.017188 0.029167
2 0.893750 0.906944 0.015625 0.072222
2 0.826953 0.956944 0.116406 0.083333
2 0.826953 0.888194 0.116406 0.095833
2 0.850000 0.845833 0.103125 0.083333
2 0.614453 0.815278 0.097656 0.072222
2 0.569141 0.850694 0.108594 0.084722
2 0.612109 0.911806 0.022656 0.073611
2 0.654297 0.870139 0.017969 0.065278
2 0.592969 0.831944 0.103125 0.077778
2 0.542188 0.870833 0.115625 0.091667
2 0.542188 0.936111 0.115625 0.080556
2 0.634375 0.890278 0.020313 0.069444
2 0.571875 0.779861 0.067187 0.034722
2 0.522266 0.781250 0.067969 0.045833
2 0.800391 0.673611 0.008594 0.030556
2 0.739453 0.677083 0.033594 0.023611
2 0.776172 0.677778 0.038281 0.025000
2 0.739453 0.654167 0.033594 0.027778
2 0.776172 0.654861 0.038281 0.029167
2 0.741797 0.627083 0.038281 0.029167
2 0.776172 0.629167 0.038281 0.030556
5 0.167578 0.720139 0.053906 0.015278
5 0.165234 0.728472 0.049219 0.015278
5 0.160938 0.736111 0.040625 0.013889
5 0.160938 0.743750 0.040625 0.015278
5 0.160938 0.760417 0.040625 0.012500
5 0.160938 0.752778 0.040625 0.013889
5 0.160938 0.775000 0.040625 0.013889
5 0.160938 0.767361 0.040625 0.012500
5 0.208984 0.740972 0.053906 0.015278
5 0.208984 0.749306 0.053906 0.015278
5 0.208984 0.765278 0.053906 0.013889
5 0.208984 0.757639 0.053906 0.015278
5 0.208984 0.780556 0.053906 0.016667
5 0.208984 0.772917 0.053906 0.015278
5 0.100000 0.687500 0.000000 0.000000
5 0.208984 0.734028 0.053906 0.015278
5 0.208984 0.725000 0.053906 0.016667
5 0.256250 0.746528 0.054688 0.015278
5 0.256641 0.754861 0.055469 0.015278
5 0.256641 0.771528 0.055469 0.015278
5 0.256641 0.763194 0.055469 0.015278
5 0.256641 0.787500 0.055469 0.016667
5 0.256641 0.779167 0.055469 0.016667
5 0.117188 0.691667 0.034375 0.008333
5 0.116797 0.697917 0.033594 0.009722
5 0.256250 0.739583 0.054688 0.015278
5 0.256250 0.731250 0.054688 0.015278
5 0.256250 0.683333 0.054688 0.013889
5 0.256250 0.691667 0.054688 0.013889
5 0.256250 0.708333 0.054688 0.013889
5 0.256250 0.700000 0.054688 0.013889
5 0.256250 0.723611 0.054688 0.013889
5 0.256250 0.715278 0.054688 0.013889
5 0.117188 0.686806 0.034375 0.009722
5 0.116797 0.681250 0.033594 0.009722
5 0.256250 0.676389 0.054688 0.013889
5 0.256250 0.667361 0.054688 0.015278