3 0.499609 0.881250 0.999219 0.234722
4 0.218750 0.897917 0.014063 0.101389
4 0.115234 0.959028 0.008594 0.079167
4 0.043750 0.985417 0.006250 0.026389
5 0.405078 0.757639 0.053906 0.015278
5 0.405078 0.757639 0.053906 0.015278
5 0.405078 0.757639 0.053906 0.015278
5 0.405078 0.745139 0.053906 0.015278
5 0.405078 0.745139 0.053906 0.015278
5 0.405078 0.745139 0.053906 0.015278
5 0.405078 0.768056 0.053906 0.013889
5 0.405078 0.768056 0.053906 0.013889
5 0.405078 0.768056 0.053906 0.013889
5 0.499609 0.769444 0.019531 0.013889
5 0.499609 0.769444 0.019531 0.013889
5 0.499609 0.769444 0.019531 0.013889
5 0.483984 0.759028 0.050781 0.015278
5 0.483984 0.759028 0.050781 0.015278
5 0.483984 0.759028 0.050781 0.015278
5 0.483203 0.747222 0.052344 0.013889
5 0.483203 0.747222 0.052344 0.013889
5 0.483203 0.747222 0.052344 0.013889
5 0.483203 0.735417 0.052344 0.015278
5 0.483203 0.735417 0.052344 0.015278
5 0.483203 0.735417 0.052344 0.015278
6 0.461328 0.827778 0.055469 0.111111
6 0.478516 0.791667 0.047656 0.086111
6 0.463281 0.738194 0.059375 0.106944
6 0.471875 0.811111 0.050000 0.105556
6 0.353125 0.895833 0.110937 0.094444
6 0.353125 0.936806 0.076563 0.112500
7 0.229687 0.875000 0.075000 0.027778
7 0.104297 0.979861 0.113281 0.037500
8 0.262500 0.927778 0.009375 0.030556
5 0.273047 0.904167 0.030469 0.025000
5 0.289062 0.881944 0.015625 0.019444
8 0.288281 0.872222 0.003125 0.002778
5 0.327734 0.865278 0.075781 0.013889
8 0.345703 0.852778 0.078906 0.013889
5 0.344922 0.851389 0.071094 0.016667
8 0.446875 0.889583 0.018750 0.048611
5 0.419922 0.869444 0.061719 0.016667
8 0.428125 0.876389 0.076563 0.058333
5 0.426953 0.856250 0.069531 0.020833
8 0.441016 0.912500 0.017969 0.063889
5 0.426953 0.888194 0.036719 0.020833
8 0.429297 0.933333 0.016406 0.066667
5 0.426953 0.909722 0.010156 0.025000
8 0.976172 0.839583 0.024219 0.048611
5 0.982812 0.822222 0.032813 0.016667
8 0.966406 0.816667 0.032813 0.025000
5 0.976172 0.810417 0.046094 0.015278
8 0.989844 0.852083 0.018750 0.051389
5 0.991406 0.833333 0.015625 0.016667
8 0.998047 0.851389 0.002344 0.022222
8 0.886328 0.822222 0.014844 0.013889
8 0.896875 0.838194 0.017188 0.045833
5 0.923438 0.821528 0.065625 0.012500
8 0.939844 0.850000 0.076563 0.052778
5 0.938672 0.829167 0.069531 0.013889
8 0.955078 0.865972 0.080469 0.054167
5 0.955469 0.846528 0.068750 0.018056
8 0.967578 0.939583 0.063281 0.059722
5 0.969531 0.926389 0.059375 0.038889
8 0.992578 0.900000 0.013281 0.030556
5 0.994531 0.893056 0.009375 0.019444
8 0.953125 0.919444 0.075000 0.075000
5 0.951953 0.895833 0.066406 0.030556
0 0.892578 0.893750 0.163281 0.209722
0 0.817969 0.847917 0.100000 0.301389
0 0.576562 0.727083 0.048438 0.162500
1 0.026172 0.719444 0.052344 0.094444
1 0.026562 0.735417 0.053125 0.115278
2 0.812500 0.763889 0.009375 0.030556
2 0.846484 0.779861 0.057031 0.040278
2 0.903516 0.781250 0.057031 0.037500
2 0.846094 0.746528 0.056250 0.048611
2 0.903516 0.748611 0.057031 0.047222
2 0.845703 0.706944 0.057031 0.047222
2 0.901172 0.708333 0.060156 0.047222
5 0.345313 0.963194 0.151562 0.062500
5 0.345313 0.977083 0.151562 0.043056
5 0.361328 0.989583 0.119531 0.018056
5 0.345313 0.938194 0.151562 0.062500
5 0.345313 0.911806 0.151562 0.062500