3 0.494922 0.835417 0.989844 0.326389
4 0.430078 0.784722 0.008594 0.066667
4 0.456641 0.829861 0.033594 0.079167
4 0.492188 0.861111 0.010937 0.083333
4 0.506250 0.892361 0.040625 0.095833
4 0.553906 0.936111 0.014063 0.100000
4 0.576172 0.960417 0.039844 0.076389
4 0.644922 0.991667 0.003906 0.013889
4 0.003125 0.817361 0.006250 0.073611
8 0.614844 0.961806 0.075000 0.073611
8 0.967969 0.793750 0.042188 0.029167
5 0.348047 0.687500 0.044531 0.011111
5 0.348047 0.687500 0.044531 0.011111
5 0.348047 0.687500 0.044531 0.011111
5 0.348047 0.677083 0.044531 0.015278
5 0.348047 0.677083 0.044531 0.015278
5 0.348047 0.677083 0.044531 0.015278
5 0.348047 0.695833 0.044531 0.011111
5 0.348047 0.695833 0.044531 0.011111
5 0.348047 0.695833 0.044531 0.011111
5 0.408984 0.693056 0.044531 0.011111
5 0.408984 0.693056 0.044531 0.011111
5 0.408984 0.693056 0.044531 0.011111
5 0.408984 0.684028 0.044531 0.012500
5 0.408984 0.684028 0.044531 0.012500
5 0.408984 0.684028 0.044531 0.012500
5 0.408984 0.675000 0.044531 0.011111
5 0.408984 0.675000 0.044531 0.011111
5 0.408984 0.675000 0.044531 0.011111
5 0.408984 0.665278 0.044531 0.013889
5 0.408984 0.665278 0.044531 0.013889
5 0.408984 0.665278 0.044531 0.013889
6 0.508594 0.725694 0.043750 0.062500
6 0.482031 0.709722 0.039062 0.069444
6 0.509766 0.669444 0.046094 0.075000
6 0.494531 0.718750 0.039062 0.073611
6 0.554688 0.790972 0.067187 0.090278
6 0.600391 0.806250 0.075781 0.095833
7 0.769531 0.985417 0.087500 0.026389
7 0.371094 0.897917 0.043750 0.043056
7 0.007812 0.867361 0.015625 0.023611
7 0.368750 0.775000 0.054688 0.019444
7 0.410156 0.839583 0.065625 0.026389
8 0.621875 0.890972 0.000000 0.012500
5 0.602734 0.861806 0.038281 0.023611
8 0.538281 0.886111 0.045312 0.066667
5 0.541797 0.867361 0.038281 0.031944
8 0.486719 0.800000 0.057813 0.041667
5 0.482422 0.783333 0.046094 0.016667
8 0.476562 0.787500 0.056250 0.038889
5 0.476172 0.771528 0.050781 0.015278
8 0.462500 0.775000 0.046875 0.038889
5 0.464844 0.762500 0.048438 0.013889
8 0.457031 0.765278 0.051562 0.038889
5 0.456250 0.752083 0.046875 0.012500
8 0.502734 0.767361 0.005469 0.009722
5 0.510547 0.759028 0.021094 0.012500
8 0.508203 0.752778 0.044531 0.019444
5 0.511719 0.747917 0.046875 0.009722
8 0.517578 0.787500 0.007031 0.030556
5 0.517578 0.768750 0.007031 0.012500
8 0.519531 0.784722 0.003125 0.019444
5 0.520703 0.777083 0.000781 0.006944
8 0.795703 0.704167 0.003906 0.002778
5 0.808984 0.700694 0.035156 0.009722
8 0.794922 0.696528 0.033594 0.004167
5 0.793750 0.693056 0.031250 0.005556
8 0.823047 0.718750 0.047656 0.029167
5 0.821875 0.706250 0.032813 0.009722
8 0.841406 0.722917 0.050000 0.023611
5 0.840625 0.713889 0.045312 0.011111
8 0.740234 0.706250 0.028906 0.023611
5 0.743750 0.695139 0.032813 0.006944
5 0.763672 0.700694 0.030469 0.004167
5 0.788672 0.706944 0.021094 0.005556
8 0.813672 0.725694 0.016406 0.018056
5 0.806250 0.715278 0.025000 0.011111
8 0.924609 0.763889 0.050781 0.038889
5 0.925391 0.750694 0.049219 0.015278
8 0.962891 0.763194 0.052344 0.034722
5 0.961719 0.749306 0.050000 0.015278
8 0.891406 0.762500 0.046875 0.030556
5 0.892969 0.753472 0.045312 0.018056
8 0.857422 0.770139 0.053906 0.040278
5 0.856641 0.755556 0.047656 0.016667
8 0.873437 0.733333 0.053125 0.016667
5 0.873047 0.727083 0.047656 0.012500
8 0.897656 0.740278 0.054688 0.016667
5 0.897266 0.735417 0.049219 0.012500
8 0.863672 0.753472 0.049219 0.037500
5 0.864062 0.740278 0.045312 0.016667
8 0.830859 0.758333 0.046094 0.033333
5 0.828516 0.742361 0.042969 0.015278
0 0.936328 0.802778 0.105469 0.241667
0 0.787891 0.719444 0.078906 0.172222
0 0.505859 0.654167 0.044531 0.116667
1 0.040625 0.683333 0.075000 0.100000
1 0.037500 0.690278 0.075000 0.102778
1 0.000000 0.641667 0.000000 0.008333
1 0.955078 0.651389 0.064844 0.072222
2 0.940234 0.634722 0.030469 0.022222
2 0.968359 0.639583 0.032031 0.020833
2 0.982031 0.686806 0.004687 0.001389
2 0.941406 0.634722 0.015625 0.016667
2 0.953906 0.625694 0.007812 0.001389
2 0.950391 0.635417 0.014844 0.015278
2 0.957422 0.627778 0.000781 0.000000
1 0.877344 0.663889 0.060937 0.091667
2 0.867188 0.627083 0.020313 0.001389
2 0.888281 0.646528 0.032813 0.026389
2 0.878906 0.679861 0.045312 0.031944
2 0.866016 0.630556 0.017969 0.002778
2 0.876563 0.629861 0.014063 0.001389
2 0.871875 0.637500 0.015625 0.011111
2 0.886328 0.631250 0.019531 0.001389
1 0.956641 0.681944 0.066406 0.097222
2 0.942187 0.645833 0.031250 0.005556
2 0.973437 0.665278 0.032813 0.030556
2 0.972656 0.703472 0.034375 0.031944
2 0.945703 0.648611 0.017969 0.002778
2 0.955469 0.646528 0.004687 0.001389
2 0.952344 0.650694 0.010937 0.004167
2 0.980859 0.650000 0.002344 0.000000
1 0.843359 0.665278 0.061719 0.091667
2 0.823828 0.675694 0.017969 0.026389
2 0.831641 0.663194 0.005469 0.001389
2 0.826562 0.640972 0.023438 0.026389
2 0.864062 0.647222 0.015625 0.027778
2 0.847266 0.681250 0.049219 0.031944
2 0.830469 0.643750 0.015625 0.026389
2 0.837891 0.630556 0.000781 0.000000
2 0.834375 0.646528 0.007812 0.026389
2 0.859766 0.632639 0.005469 0.001389
1 0.923047 0.687500 0.069531 0.105556
2 0.897656 0.698611 0.014063 0.030556
2 0.905859 0.683333 0.000781 0.000000
2 0.906641 0.660417 0.032031 0.029167
2 0.939453 0.668056 0.036719 0.030556
2 0.929297 0.705556 0.057031 0.036111
2 0.911719 0.663194 0.021875 0.029167
2 0.926562 0.647917 0.015625 0.001389
2 0.919531 0.665278 0.018750 0.030556
2 0.932031 0.650694 0.015625 0.001389
2 0.986719 0.828472 0.004687 0.037500
2 0.648828 0.676389 0.016406 0.033333
2 0.680469 0.684722 0.045312 0.033333
2 0.717578 0.686111 0.027344 0.027778
2 0.680469 0.658333 0.045312 0.033333
2 0.717578 0.658333 0.027344 0.027778
2 0.680469 0.631250 0.045312 0.031944
2 0.710938 0.629861 0.040625 0.031944
5 0.592187 0.861111 0.076563 0.033333
5 0.592187 0.875694 0.076563 0.029167
5 0.592187 0.886806 0.076563 0.029167
5 0.592187 0.900000 0.076563 0.030556
5 0.593359 0.922222 0.074219 0.025000
5 0.593359 0.912500 0.074219 0.030556
5 0.595703 0.950000 0.069531 0.030556
5 0.595703 0.936806 0.069531 0.029167
5 0.669141 0.878472 0.075781 0.029167
5 0.669141 0.890972 0.075781 0.029167
5 0.669141 0.915972 0.075781 0.031944
5 0.669141 0.903472 0.075781 0.031944
5 0.669141 0.938889 0.075781 0.033333
5 0.668750 0.927083 0.076563 0.031944
5 0.668359 0.868056 0.077344 0.030556
5 0.668359 0.853472 0.077344 0.031944
5 0.757031 0.870139 0.062500 0.026389
5 0.757031 0.882639 0.062500 0.026389
5 0.757031 0.905556 0.062500 0.027778
5 0.757031 0.893056 0.062500 0.027778
5 0.757031 0.929861 0.062500 0.026389
5 0.757031 0.916667 0.062500 0.027778
5 0.041016 0.838889 0.057031 0.025000
5 0.042969 0.848611 0.056250 0.025000
5 0.757031 0.861111 0.062500 0.022222
5 0.757031 0.850694 0.062500 0.018056
5 0.757031 0.779167 0.062500 0.019444
5 0.757031 0.790278 0.062500 0.022222
5 0.757031 0.815278 0.062500 0.022222
5 0.757031 0.802778 0.062500 0.022222
5 0.757812 0.838194 0.060937 0.023611
5 0.757031 0.827083 0.062500 0.020833
5 0.041016 0.831250 0.057031 0.023611
5 0.042578 0.820833 0.057031 0.025000
5 0.757031 0.768056 0.062500 0.022222
5 0.757031 0.754167 0.062500 0.025000