3 0.252344 0.799306 0.504687 0.079167
4 0.196094 0.749306 0.001563 0.026389
4 0.051562 0.763194 0.021875 0.054167
4 0.189844 0.747222 0.001563 0.027778
4 0.060937 0.758333 0.023438 0.047222
4 0.011719 0.758333 0.003125 0.047222
5 0.191016 0.750000 0.013281 0.005556
5 0.191016 0.750000 0.013281 0.005556
5 0.191016 0.750000 0.013281 0.005556
5 0.191406 0.743750 0.012500 0.004167
5 0.191406 0.743750 0.012500 0.004167
5 0.191406 0.743750 0.012500 0.004167
5 0.192969 0.754861 0.003125 0.001389
5 0.192969 0.754861 0.003125 0.001389
5 0.192969 0.754861 0.003125 0.001389
5 0.158203 0.757639 0.016406 0.004167
5 0.158203 0.757639 0.016406 0.004167
5 0.158203 0.757639 0.016406 0.004167
5 0.159766 0.751389 0.019531 0.005556
5 0.159766 0.751389 0.019531 0.005556
5 0.159766 0.751389 0.019531 0.005556
5 0.160547 0.745139 0.021094 0.004167
5 0.160547 0.745139 0.021094 0.004167
5 0.160547 0.745139 0.021094 0.004167
5 0.160938 0.738194 0.021875 0.004167
5 0.160938 0.738194 0.021875 0.004167
5 0.160938 0.738194 0.021875 0.004167
6 0.237500 0.709722 0.021875 0.016667
5 0.746094 0.768056 0.001563 0.000000
5 0.746094 0.768056 0.001563 0.000000
5 0.746094 0.768056 0.001563 0.000000
5 0.746094 0.764583 0.001563 0.004167
5 0.746094 0.764583 0.001563 0.004167
5 0.746094 0.764583 0.001563 0.004167
5 0.757031 0.771528 0.025000 0.001389
5 0.757031 0.771528 0.025000 0.001389
5 0.757031 0.771528 0.025000 0.001389
5 0.755078 0.765278 0.028906 0.011111
5 0.755078 0.765278 0.028906 0.011111
5 0.755078 0.765278 0.028906 0.011111
6 0.392578 0.762500 0.061719 0.077778
6 0.501172 0.753472 0.050781 0.059722
6 0.393359 0.690278 0.061719 0.077778
6 0.449609 0.762500 0.061719 0.077778
6 0.122656 0.765278 0.046875 0.083333
6 0.036328 0.766667 0.072656 0.086111
7 0.007422 0.787500 0.014844 0.013889
7 0.146875 0.773611 0.001563 0.011111
7 0.334375 0.779861 0.004687 0.001389
7 0.098437 0.790972 0.001563 0.012500
7 0.416016 0.762500 0.017969 0.005556
7 0.450000 0.761111 0.003125 0.005556
7 0.330469 0.761806 0.015625 0.006944
7 0.367578 0.761806 0.017969 0.006944
7 0.000391 0.765278 0.000781 0.008333
7 0.050781 0.761806 0.014063 0.001389
8 0.280078 0.781944 0.016406 0.022222
5 0.280078 0.768056 0.014844 0.008333
8 0.315234 0.776389 0.036719 0.022222
5 0.314453 0.767361 0.032031 0.006944
8 0.283203 0.781250 0.022656 0.023611
5 0.282031 0.770139 0.018750 0.006944
8 0.321094 0.779167 0.040625 0.022222
5 0.320703 0.769444 0.035156 0.008333
8 0.166406 0.776389 0.001563 0.002778
5 0.166406 0.769444 0.000000 0.000000
8 0.495703 0.809028 0.017969 0.034722
5 0.497266 0.795139 0.014844 0.012500
8 0.490234 0.808333 0.028906 0.036111
5 0.490234 0.790278 0.028906 0.013889
8 0.192578 0.809028 0.091406 0.029167
5 0.194141 0.799306 0.082031 0.015278
8 0.189453 0.816667 0.097656 0.036111
5 0.191406 0.804167 0.087500 0.016667
8 0.189844 0.796528 0.085938 0.012500
5 0.191406 0.795139 0.078125 0.015278
8 0.192188 0.788889 0.081250 0.002778
5 0.193750 0.786111 0.073438 0.002778
8 0.394922 0.811111 0.075781 0.036111
5 0.393359 0.797222 0.066406 0.016667
8 0.321094 0.813194 0.073438 0.037500
5 0.320312 0.798611 0.064062 0.016667
8 0.301563 0.814583 0.060937 0.031944
5 0.301172 0.794444 0.058594 0.013889
8 0.295703 0.812500 0.049219 0.036111
5 0.298438 0.790278 0.053125 0.013889
0 0.183984 0.718750 0.175781 0.220833
0 0.698047 0.704167 0.091406 0.136111
1 0.539844 0.752778 0.037500 0.011111
1 0.514844 0.731944 0.046875 0.069444
1 0.521094 0.730556 0.037500 0.055556
1 0.496094 0.734028 0.040625 0.073611
1 0.498437 0.725694 0.031250 0.051389
1 0.485938 0.734722 0.020313 0.072222
1 0.493359 0.729167 0.024219 0.055556
1 0.248438 0.729167 0.065625 0.069444
1 0.245703 0.729167 0.063281 0.066667
1 0.062109 0.736111 0.069531 0.083333
1 0.047656 0.731944 0.050000 0.077778
1 0.908594 0.675000 0.181250 0.286111
2 0.923047 0.668750 0.152344 0.154167
2 0.925000 0.803472 0.148438 0.026389
1 0.776563 0.707639 0.281250 0.229167
2 0.840625 0.773611 0.054688 0.000000
2 0.877734 0.783333 0.055469 0.016667
2 0.698438 0.686111 0.103125 0.105556
2 0.750391 0.797222 0.207031 0.050000
2 0.813281 0.736806 0.004687 0.001389
2 0.814063 0.687500 0.025000 0.102778
2 0.762109 0.736806 0.007031 0.001389
2 0.775781 0.686806 0.053125 0.104167
1 0.875000 0.771528 0.050000 0.006944
2 0.925391 0.779861 0.147656 0.023611
1 0.634766 0.727778 0.210156 0.194444
2 0.684375 0.762500 0.039062 0.000000
2 0.707812 0.768056 0.046875 0.008333
2 0.572656 0.696528 0.070312 0.079167
2 0.612109 0.793750 0.150781 0.062500
2 0.620703 0.734028 0.011719 0.001389
2 0.628125 0.695833 0.039062 0.077778
1 0.794141 0.765278 0.005469 0.013889
2 0.824219 0.765278 0.053125 0.013889
1 0.593359 0.730556 0.188281 0.191667
2 0.646094 0.759722 0.035937 0.000000
2 0.664453 0.760417 0.035156 0.001389
2 0.521875 0.698611 0.031250 0.072222
2 0.571094 0.793056 0.131250 0.066667
5 0.180859 0.760417 0.027344 0.006944