3 0.503125 0.836111 0.992188 0.325000
4 0.655859 0.933333 0.014844 0.102778
4 0.857812 0.974306 0.048438 0.048611
5 0.175781 0.777083 0.071875 0.026389
5 0.175781 0.777083 0.071875 0.026389
5 0.175781 0.777083 0.071875 0.026389
5 0.175781 0.762500 0.071875 0.027778
5 0.175781 0.762500 0.071875 0.027778
5 0.175781 0.762500 0.071875 0.027778
5 0.175781 0.790278 0.071875 0.025000
5 0.175781 0.790278 0.071875 0.025000
5 0.175781 0.790278 0.071875 0.025000
5 0.251953 0.772917 0.066406 0.023611
5 0.251953 0.772917 0.066406 0.023611
5 0.251953 0.772917 0.066406 0.023611
5 0.251563 0.761111 0.067187 0.022222
5 0.251563 0.761111 0.067187 0.022222
5 0.251563 0.761111 0.067187 0.022222
5 0.251563 0.748611 0.067187 0.022222
5 0.251563 0.748611 0.067187 0.022222
5 0.251563 0.748611 0.067187 0.022222
5 0.251563 0.734722 0.067187 0.025000
5 0.251563 0.734722 0.067187 0.025000
5 0.251563 0.734722 0.067187 0.025000
6 0.582422 0.815278 0.061719 0.083333
6 0.582812 0.735417 0.062500 0.106944
6 0.556250 0.806944 0.009375 0.066667
6 0.849609 0.908333 0.064844 0.150000
6 0.954297 0.929167 0.089844 0.138889
8 0.716797 0.936111 0.088281 0.080556
5 0.717187 0.913889 0.078125 0.038889
8 0.663672 0.922222 0.085156 0.063889
5 0.663672 0.895833 0.075781 0.036111
8 0.617969 0.907639 0.082812 0.062500
5 0.617578 0.881944 0.074219 0.033333
8 0.571875 0.890972 0.079687 0.059722
5 0.571875 0.866667 0.071875 0.030556
8 0.671094 0.884028 0.078125 0.054167
5 0.671484 0.862500 0.069531 0.030556
8 0.625391 0.859028 0.075781 0.029167
5 0.625391 0.847917 0.067969 0.029167
8 0.716406 0.890972 0.079687 0.043056
5 0.716797 0.875000 0.071094 0.033333
8 0.757422 0.919444 0.058594 0.058333
5 0.759766 0.890972 0.053906 0.034722
8 0.759375 0.742361 0.037500 0.029167
5 0.764844 0.727083 0.043750 0.012500
8 0.733203 0.735417 0.049219 0.031944
5 0.732812 0.721528 0.043750 0.012500
8 0.796484 0.745139 0.050781 0.029167
5 0.796484 0.731944 0.044531 0.008333
8 0.832422 0.758333 0.028906 0.027778
5 0.832031 0.739583 0.029687 0.015278
8 0.701562 0.744444 0.050000 0.033333
5 0.701562 0.729861 0.045312 0.015278
8 0.733984 0.751389 0.050781 0.036111
5 0.733984 0.735417 0.046094 0.015278
8 0.763281 0.758333 0.046875 0.033333
5 0.764453 0.741667 0.044531 0.016667
8 0.801953 0.762500 0.053906 0.033333
5 0.801953 0.748611 0.047656 0.011111
8 0.975000 0.772222 0.001563 0.000000
5 0.987891 0.770833 0.022656 0.011111
8 0.996094 0.764583 0.003125 0.001389
5 0.998047 0.763889 0.002344 0.002778
8 0.982031 0.803472 0.034375 0.012500
5 0.981641 0.781250 0.035156 0.015278
8 0.976953 0.817361 0.044531 0.034722
5 0.981641 0.793750 0.035156 0.020833
8 0.919531 0.752778 0.007812 0.005556
5 0.914453 0.752083 0.013281 0.006944
8 0.960938 0.765278 0.012500 0.016667
5 0.942187 0.759028 0.043750 0.015278
8 0.954688 0.779861 0.000000 0.001389
5 0.953906 0.772917 0.001563 0.009722
0 0.928125 0.761806 0.142187 0.209722
0 0.389062 0.704861 0.043750 0.154167
1 0.865625 0.630556 0.070312 0.041667
2 0.840234 0.624306 0.013281 0.009722
2 0.885156 0.636111 0.025000 0.025000
2 0.855469 0.625694 0.018750 0.006944
2 0.867578 0.621528 0.005469 0.001389
2 0.871484 0.636111 0.013281 0.025000
2 0.875391 0.622222 0.017969 0.000000
1 0.974609 0.661806 0.049219 0.084722
2 0.965234 0.635417 0.025781 0.012500
2 0.998828 0.649306 0.000781 0.026389
2 0.989062 0.684028 0.020313 0.031944
2 0.977344 0.637500 0.020313 0.011111
2 0.983594 0.631944 0.018750 0.002778
2 0.991016 0.648611 0.016406 0.027778
2 0.994141 0.632639 0.010156 0.001389
1 0.816797 0.660417 0.060156 0.081944
2 0.838281 0.645139 0.017188 0.029167
2 0.831641 0.680556 0.028906 0.033333
2 0.819922 0.630556 0.003906 0.000000
2 0.823438 0.629167 0.010937 0.000000
2 0.826953 0.644444 0.017969 0.027778
2 0.833203 0.629861 0.017969 0.001389
1 0.950000 0.679861 0.081250 0.104167
2 0.925000 0.645833 0.025000 0.013889
2 0.973437 0.659722 0.028125 0.033333
2 0.960156 0.697222 0.054688 0.036111
2 0.937891 0.648611 0.021094 0.013889
2 0.946094 0.640972 0.015625 0.001389
2 0.953906 0.655556 0.020313 0.025000
2 0.960938 0.643056 0.018750 0.002778
1 0.760547 0.650000 0.052344 0.047222
2 0.750781 0.638889 0.026562 0.005556
2 0.783594 0.657639 0.006250 0.029167
2 0.779687 0.681944 0.014063 0.005556
2 0.760156 0.640972 0.018750 0.004167
2 0.769922 0.638194 0.016406 0.001389
2 0.775000 0.643056 0.020313 0.002778
2 0.780078 0.640278 0.013281 0.002778
1 0.905859 0.689583 0.082031 0.101389
2 0.878125 0.652778 0.026562 0.005556
2 0.928906 0.672917 0.028125 0.034722
2 0.927734 0.713194 0.030469 0.034722
2 0.891016 0.654861 0.022656 0.004167
2 0.899609 0.652778 0.017969 0.002778
2 0.907422 0.656250 0.017969 0.001389
2 0.914062 0.654167 0.020313 0.002778
1 0.748828 0.679861 0.075781 0.101389
2 0.723047 0.695139 0.017969 0.031944
2 0.730469 0.679861 0.014063 0.001389
2 0.728125 0.656250 0.028125 0.031944
2 0.771094 0.661806 0.029687 0.031944
2 0.757422 0.699306 0.058594 0.037500
2 0.738672 0.658333 0.021094 0.030556
2 0.747656 0.643056 0.017188 0.002778
2 0.751172 0.661111 0.019531 0.030556
2 0.760156 0.644444 0.018750 0.002778
1 0.883203 0.697222 0.088281 0.100000
2 0.844531 0.713889 0.004687 0.030556
2 0.866016 0.697917 0.002344 0.001389
2 0.857422 0.671528 0.030469 0.031944
2 0.908984 0.680556 0.028906 0.030556
2 0.894141 0.719444 0.058594 0.041667
2 0.871484 0.673611 0.013281 0.030556
2 0.877734 0.656944 0.017969 0.002778
2 0.882031 0.680556 0.014063 0.022222
2 0.580859 0.724306 0.058594 0.040278
2 0.625391 0.719444 0.025781 0.036111
2 0.581250 0.691667 0.059375 0.038889
2 0.625000 0.686806 0.026562 0.034722
2 0.581250 0.657639 0.059375 0.040278
2 0.607031 0.652778 0.062500 0.038889