3 0.499609 0.690278 0.999219 0.616667
4 0.245312 0.613889 0.009375 0.083333
4 0.045312 0.601389 0.042188 0.083333
8 0.510156 0.430556 0.037500 0.030556
8 0.378906 0.402778 0.003125 0.019444
5 0.493750 0.375000 0.040625 0.011111
5 0.493750 0.375000 0.040625 0.011111
5 0.493750 0.375000 0.040625 0.011111
5 0.493750 0.365972 0.040625 0.012500
5 0.493750 0.365972 0.040625 0.012500
5 0.493750 0.365972 0.040625 0.012500
5 0.493750 0.383333 0.040625 0.011111
5 0.493750 0.383333 0.040625 0.011111
5 0.493750 0.383333 0.040625 0.011111
5 0.454688 0.384722 0.037500 0.008333
5 0.454688 0.384722 0.037500 0.008333
5 0.454688 0.384722 0.037500 0.008333
5 0.454297 0.376389 0.036719 0.008333
5 0.454297 0.376389 0.036719 0.008333
5 0.454297 0.376389 0.036719 0.008333
5 0.454297 0.368056 0.036719 0.008333
5 0.454297 0.368056 0.036719 0.008333
5 0.454297 0.368056 0.036719 0.008333
5 0.456641 0.357639 0.041406 0.012500
5 0.456641 0.357639 0.041406 0.012500
5 0.456641 0.357639 0.041406 0.012500
6 0.384375 0.372917 0.015625 0.056944
6 0.405469 0.365278 0.042188 0.055556
6 0.155469 0.972917 0.214062 0.051389
7 0.187109 0.622917 0.016406 0.020833
7 0.244922 0.970833 0.082031 0.055556
7 0.764844 0.500694 0.021875 0.026389
7 0.613672 0.492361 0.025781 0.026389
7 0.676172 0.496528 0.024219 0.026389
7 0.117188 0.467361 0.006250 0.006944
7 0.078125 0.465278 0.043750 0.022222
7 0.210156 0.471528 0.028125 0.023611
6 0.003906 0.456250 0.007812 0.084722
6 0.005469 0.532639 0.010937 0.084722
6 0.008203 0.412500 0.016406 0.063889
1 0.955078 0.617361 0.088281 0.218056
1 0.892969 0.615278 0.098437 0.219444
1 0.929688 0.559028 0.092188 0.176389
1 0.873828 0.563889 0.067969 0.186111
1 0.903125 0.518750 0.078125 0.154167
1 0.861328 0.514583 0.039844 0.148611
1 0.937109 0.456250 0.097656 0.126389
1 0.367969 0.557639 0.125000 0.173611
1 0.385937 0.534722 0.117188 0.161111
1 0.081641 0.509722 0.085156 0.136111
1 0.062891 0.540972 0.122656 0.165278
5 0.332031 0.456250 0.040625 0.015278
5 0.332031 0.450000 0.040625 0.013889
5 0.331641 0.435417 0.039844 0.015278
5 0.331641 0.443056 0.039844 0.013889
5 0.274219 0.594444 0.059375 0.030556
5 0.274609 0.606944 0.052344 0.027778
5 0.250000 0.622917 0.059375 0.034722
5 0.263281 0.636111 0.026562 0.030556
5 0.214844 0.661111 0.068750 0.036111
5 0.213281 0.672917 0.065625 0.034722
5 0.214453 0.650000 0.069531 0.033333
5 0.212500 0.638194 0.065625 0.037500