3 0.499609 0.865972 0.999219 0.265278
4 0.970703 0.961806 0.005469 0.073611
5 0.012109 0.920139 0.024219 0.031944
5 0.012109 0.920139 0.024219 0.031944
5 0.012109 0.920139 0.024219 0.031944
5 0.012109 0.900694 0.024219 0.031944
5 0.012109 0.900694 0.024219 0.031944
5 0.012109 0.900694 0.024219 0.031944
5 0.012109 0.939583 0.024219 0.031944
5 0.012109 0.939583 0.024219 0.031944
5 0.012109 0.939583 0.024219 0.031944
5 0.053125 0.907639 0.090625 0.040278
5 0.053125 0.907639 0.090625 0.040278
5 0.053125 0.907639 0.090625 0.040278
5 0.053125 0.890278 0.090625 0.038889
5 0.053125 0.890278 0.090625 0.038889
5 0.053125 0.890278 0.090625 0.038889
5 0.053516 0.872917 0.089844 0.037500
5 0.053516 0.872917 0.089844 0.037500
5 0.053516 0.872917 0.089844 0.037500
5 0.053516 0.852083 0.089844 0.037500
5 0.053516 0.852083 0.089844 0.037500
5 0.053516 0.852083 0.089844 0.037500
6 0.639453 0.892361 0.078906 0.120833
6 0.446484 0.875000 0.024219 0.122222
6 0.639062 0.784028 0.078125 0.126389
6 0.572266 0.884028 0.061719 0.126389
7 0.955078 0.753472 0.025781 0.015278
7 0.997266 0.752778 0.003906 0.011111
7 0.883984 0.750694 0.022656 0.015278
7 0.832031 0.750694 0.020313 0.015278
8 0.967969 0.967361 0.062500 0.062500
5 0.970313 0.956250 0.057813 0.040278
8 0.892188 0.964583 0.070312 0.068056
5 0.893359 0.950000 0.061719 0.041667
8 0.821484 0.962500 0.064844 0.072222
5 0.821875 0.945139 0.056250 0.040278
8 0.741797 0.959722 0.064844 0.077778
5 0.742578 0.938889 0.057031 0.038889
8 0.819922 0.935417 0.058594 0.073611
5 0.820703 0.913889 0.050781 0.033333
8 0.746875 0.929861 0.059375 0.070833
5 0.747656 0.908333 0.051562 0.030556
8 0.885156 0.940972 0.064062 0.076389
5 0.885938 0.918056 0.056250 0.033333
8 0.961328 0.947222 0.071094 0.080556
5 0.961719 0.922917 0.062500 0.034722
8 0.600000 0.794444 0.028125 0.030556
5 0.597656 0.776389 0.017188 0.011111
8 0.565625 0.788889 0.039062 0.038889
5 0.565234 0.775000 0.036719 0.013889
8 0.644922 0.793750 0.035156 0.029167
5 0.643750 0.777778 0.034375 0.011111
8 0.686328 0.795139 0.038281 0.037500
5 0.701172 0.779167 0.005469 0.008333
8 0.557813 0.800000 0.032813 0.041667
5 0.556641 0.785417 0.030469 0.015278
8 0.593359 0.805556 0.036719 0.033333
5 0.591797 0.788194 0.028906 0.015278
8 0.638281 0.796528 0.035937 0.023611
5 0.640234 0.789583 0.027344 0.015278
8 0.680859 0.797222 0.039844 0.025000
5 0.681250 0.791667 0.034375 0.013889
8 0.912109 0.792361 0.000781 0.004167
5 0.904297 0.790278 0.014844 0.005556
8 0.899219 0.786111 0.006250 0.000000
5 0.899609 0.782639 0.017969 0.006944
8 0.907422 0.802778 0.007031 0.000000
5 0.908203 0.798611 0.011719 0.008333
5 0.909375 0.805556 0.010937 0.002778
8 0.765625 0.800000 0.037500 0.041667
5 0.766406 0.785417 0.032813 0.015278
8 0.810937 0.800694 0.039062 0.040278
5 0.811328 0.785417 0.035156 0.012500
8 0.816797 0.804861 0.036719 0.029167
5 0.817969 0.793750 0.035937 0.009722
8 0.816406 0.820139 0.039062 0.040278
5 0.816406 0.805556 0.035937 0.013889
0 0.913672 0.775694 0.160156 0.201389
0 0.273438 0.784722 0.156250 0.208333
1 0.581641 0.704167 0.064844 0.086111
2 0.560156 0.672917 0.017188 0.006944
2 0.601562 0.684028 0.014063 0.026389
2 0.600000 0.715278 0.023438 0.022222
2 0.572656 0.673611 0.014063 0.005556
2 0.578516 0.670833 0.007031 0.000000
2 0.587500 0.675000 0.014063 0.005556
2 0.589453 0.670833 0.013281 0.000000
1 0.705859 0.706944 0.064844 0.088889
2 0.676953 0.676389 0.002344 0.005556
2 0.729688 0.676389 0.007812 0.005556
2 0.735938 0.719444 0.000000 0.019444
2 0.701953 0.676389 0.007031 0.005556
2 0.702344 0.672222 0.007812 0.000000
2 0.710156 0.676389 0.007812 0.005556
2 0.710547 0.672222 0.007031 0.000000
1 0.593750 0.715278 0.017188 0.094444
2 0.547266 0.681944 0.011719 0.008333
2 0.590234 0.693750 0.017969 0.029167
2 0.590625 0.730556 0.017188 0.030556
2 0.558203 0.682639 0.016406 0.006944
2 0.561328 0.677778 0.014844 0.000000
2 0.572266 0.683333 0.014844 0.008333
2 0.576172 0.678472 0.013281 0.001389
1 0.701562 0.718056 0.070312 0.097222
2 0.673438 0.684028 0.009375 0.009722
2 0.728906 0.685417 0.006250 0.009722
2 0.699609 0.685417 0.002344 0.006944
2 0.700000 0.680556 0.003125 0.000000
2 0.707812 0.686111 0.012500 0.008333
2 0.707812 0.680556 0.010937 0.000000
1 0.582812 0.725694 0.009375 0.095833
2 0.573828 0.704861 0.021094 0.031944
2 0.567969 0.745139 0.032813 0.031944
2 0.544922 0.690278 0.007031 0.002778
2 0.546094 0.688194 0.009375 0.001389
2 0.555469 0.690972 0.017188 0.001389
2 0.558203 0.688194 0.016406 0.001389
1 0.695312 0.731944 0.076563 0.105556
2 0.668750 0.736806 0.017188 0.001389
2 0.669141 0.692361 0.017969 0.004167
2 0.721484 0.708333 0.016406 0.033333
2 0.708984 0.737500 0.008594 0.000000
2 0.677734 0.692361 0.000781 0.001389
2 0.705469 0.693750 0.014063 0.001389
2 0.705859 0.690972 0.014844 0.001389
1 0.560937 0.734722 0.039062 0.105556
2 0.566406 0.709722 0.021875 0.033333
2 0.559766 0.751389 0.036719 0.036111
2 0.542188 0.692361 0.001563 0.001389
2 0.549219 0.710417 0.015625 0.031944
2 0.550391 0.692361 0.016406 0.001389
1 0.692578 0.738889 0.080469 0.111111
2 0.664844 0.755556 0.018750 0.033333
2 0.666406 0.738889 0.017188 0.002778
2 0.665234 0.711806 0.019531 0.034722
2 0.719922 0.713194 0.017969 0.034722
2 0.702344 0.756250 0.054688 0.037500
2 0.676172 0.713194 0.003906 0.031944
2 0.676953 0.695139 0.002344 0.001389
2 0.704297 0.713889 0.011719 0.033333
2 0.704688 0.696528 0.012500 0.001389
2 0.320703 0.791667 0.063281 0.044444
2 0.351172 0.764583 0.002344 0.006944
2 0.390625 0.796528 0.075000 0.045833
2 0.435937 0.786806 0.014063 0.043056
2 0.390625 0.757639 0.075000 0.043056
2 0.435937 0.750000 0.014063 0.041667
2 0.390625 0.718056 0.075000 0.044444
2 0.407422 0.711806 0.071094 0.043056