3 0.488281 0.950694 0.976562 0.095833
4 0.262109 0.872222 0.014844 0.144444
4 0.216016 0.871528 0.071094 0.201389
4 0.226562 0.861111 0.015625 0.230556
4 0.155469 0.851389 0.103125 0.294444
4 0.135937 0.809722 0.032813 0.377778
8 0.365234 0.914583 0.432031 0.168056
5 0.294922 0.884028 0.008594 0.009722
5 0.294922 0.884028 0.008594 0.009722
5 0.294922 0.884028 0.008594 0.009722
5 0.284766 0.871528 0.028906 0.012500
5 0.284766 0.871528 0.028906 0.012500
5 0.284766 0.871528 0.028906 0.012500
5 0.367969 0.854167 0.000000 0.005556
5 0.367969 0.854167 0.000000 0.005556
5 0.367969 0.854167 0.000000 0.005556
6 0.445703 0.831250 0.007031 0.048611
6 0.510938 0.709722 0.001563 0.050000
6 0.526172 0.836111 0.139844 0.161111
6 0.608203 0.846528 0.194531 0.231944
7 0.155078 0.909028 0.003906 0.012500
7 0.148438 0.939583 0.168750 0.043056
8 0.562500 0.945139 0.103125 0.106944
5 0.580859 0.874306 0.135156 0.031944
8 0.373047 0.932639 0.150781 0.131944
5 0.382031 0.872917 0.146875 0.031944
8 0.335938 0.885417 0.012500 0.004167
8 0.328906 0.885417 0.000000 0.004167
8 0.930078 0.908333 0.005469 0.000000
8 0.940625 0.908333 0.000000 0.000000
0 0.971875 0.779861 0.054688 0.301389
2 0.780469 0.882639 0.014063 0.040278
2 0.826172 0.862500 0.075781 0.000000
2 0.892969 0.884028 0.056250 0.043056
2 0.897266 0.844444 0.047656 0.033333
2 0.895312 0.792361 0.046875 0.034722
5 0.441406 0.680556 0.275000 0.083333
5 0.440625 0.727083 0.276562 0.062500
5 0.440625 0.779861 0.278125 0.065278
5 0.440234 0.832639 0.278906 0.056944
5 0.439844 0.947222 0.281250 0.055556
5 0.440234 0.890278 0.280469 0.052778
5 0.440625 0.977083 0.281250 0.043056
5 0.765625 0.784028 0.312500 0.062500
5 0.766797 0.834722 0.314844 0.052778
5 0.769531 0.942361 0.317188 0.062500
5 0.768359 0.890278 0.316406 0.052778
5 0.778906 0.997917 0.090625 0.001389
5 0.769922 0.975000 0.317969 0.047222
5 0.764453 0.737500 0.311719 0.066667
5 0.763672 0.689583 0.310156 0.079167
5 0.960156 0.790278 0.078125 0.052778
5 0.961328 0.838194 0.075781 0.048611
5 0.962109 0.933333 0.074219 0.047222
5 0.962109 0.888194 0.074219 0.045833
5 0.944922 0.996528 0.030469 0.004167
5 0.963672 0.973611 0.071094 0.050000
5 0.959766 0.747917 0.078906 0.054167
5 0.958203 0.702778 0.082031 0.063889
5 0.953516 0.438194 0.091406 0.104167
5 0.954297 0.484028 0.089844 0.095833
5 0.955859 0.573611 0.086719 0.077778
5 0.955078 0.529167 0.088281 0.088889
5 0.958203 0.660417 0.082031 0.065278
5 0.956641 0.615972 0.085156 0.076389
5 0.952734 0.396528 0.092969 0.106944
5 0.951953 0.353472 0.094531 0.118056