3 0.499609 0.837500 0.999219 0.322222
4 0.850000 0.946528 0.053125 0.104167
4 0.995313 0.961806 0.004687 0.073611
5 0.185156 0.763889 0.068750 0.022222
5 0.185156 0.763889 0.068750 0.022222
5 0.185156 0.763889 0.068750 0.022222
5 0.185156 0.750000 0.068750 0.025000
5 0.185156 0.750000 0.068750 0.025000
5 0.185156 0.750000 0.068750 0.025000
5 0.185156 0.775694 0.068750 0.020833
5 0.185156 0.775694 0.068750 0.020833
5 0.185156 0.775694 0.068750 0.020833
5 0.254297 0.760417 0.063281 0.020833
5 0.254297 0.760417 0.063281 0.020833
5 0.254297 0.760417 0.063281 0.020833
5 0.254297 0.750000 0.063281 0.022222
5 0.254297 0.750000 0.063281 0.022222
5 0.254297 0.750000 0.063281 0.022222
5 0.254297 0.737500 0.063281 0.022222
5 0.254297 0.737500 0.063281 0.022222
5 0.254297 0.737500 0.063281 0.022222
5 0.254297 0.724306 0.063281 0.023611
5 0.254297 0.724306 0.063281 0.023611
5 0.254297 0.724306 0.063281 0.023611
6 0.583594 0.799306 0.051562 0.093056
6 0.478516 0.772222 0.067969 0.094444
6 0.583984 0.717361 0.052344 0.098611
6 0.524219 0.782639 0.070312 0.098611
6 0.820312 0.865972 0.082812 0.131944
6 0.936328 0.883333 0.097656 0.127778
7 0.482422 0.889583 0.072656 0.040278
7 0.744922 0.972917 0.077344 0.051389
8 0.730859 0.897222 0.047656 0.061111
5 0.728516 0.872917 0.042969 0.031944
8 0.605859 0.872917 0.041406 0.051389
5 0.607812 0.847917 0.037500 0.029167
8 0.578125 0.857639 0.071875 0.054167
5 0.578125 0.836111 0.064062 0.027778
8 0.608203 0.831250 0.036719 0.023611
5 0.610156 0.819444 0.032813 0.025000
8 0.726562 0.846528 0.039062 0.023611
5 0.724609 0.840278 0.035156 0.027778
8 0.750781 0.878472 0.056250 0.051389
5 0.753516 0.852778 0.052344 0.030556
8 0.735938 0.725694 0.045312 0.029167
5 0.735938 0.712500 0.040625 0.011111
8 0.717187 0.710417 0.020313 0.006944
5 0.716016 0.708333 0.017969 0.011111
8 0.761719 0.731944 0.039062 0.027778
5 0.762891 0.718056 0.036719 0.013889
8 0.793750 0.736806 0.037500 0.026389
5 0.795312 0.722917 0.034375 0.009722
8 0.718750 0.735417 0.023438 0.031944
5 0.717969 0.720833 0.021875 0.013889
8 0.737891 0.740278 0.047656 0.033333
5 0.737891 0.725694 0.042969 0.015278
8 0.764453 0.747222 0.033594 0.033333
5 0.765625 0.731250 0.031250 0.015278
8 0.961328 0.768750 0.060156 0.037500
5 0.960938 0.752083 0.054688 0.015278
8 0.974219 0.761111 0.050000 0.036111
5 0.975000 0.745833 0.048438 0.016667
8 0.956250 0.777778 0.046875 0.036111
5 0.950781 0.759028 0.050000 0.018056
8 0.939063 0.785417 0.045312 0.037500
5 0.941797 0.768056 0.032031 0.016667
8 0.882812 0.731250 0.001563 0.001389
5 0.878125 0.730556 0.006250 0.002778
8 0.916797 0.744444 0.000781 0.002778
5 0.901563 0.738194 0.031250 0.009722
8 0.917188 0.756250 0.000000 0.001389
5 0.916797 0.750694 0.000781 0.006944
0 0.895312 0.737500 0.132812 0.188889
0 0.414062 0.695833 0.076563 0.150000
1 0.035547 0.961806 0.071094 0.073611
1 0.848437 0.624306 0.012500 0.031944
2 0.810547 0.613889 0.005469 0.000000
2 0.840234 0.628472 0.022656 0.023611
2 0.810547 0.619444 0.005469 0.008333
2 0.830469 0.617361 0.003125 0.001389
2 0.832422 0.615972 0.007031 0.001389
1 0.936719 0.657639 0.071875 0.090278
2 0.914844 0.627083 0.021875 0.009722
2 0.957812 0.638889 0.023438 0.027778
2 0.949609 0.672222 0.039844 0.030556
2 0.926562 0.629167 0.018750 0.008333
2 0.932422 0.623611 0.017969 0.000000
2 0.940625 0.638889 0.017188 0.025000
2 0.945703 0.625000 0.017969 0.000000
1 0.781641 0.649306 0.063281 0.076389
2 0.762891 0.666667 0.003906 0.002778
2 0.773828 0.654167 0.003906 0.000000
2 0.764453 0.626389 0.024219 0.011111
2 0.810547 0.635417 0.005469 0.020833
2 0.789062 0.669444 0.046875 0.030556
2 0.773047 0.636111 0.016406 0.025000
2 0.776563 0.622222 0.009375 0.000000
2 0.779297 0.636806 0.003906 0.023611
1 0.902344 0.668750 0.075000 0.095833
2 0.879687 0.636806 0.023438 0.012500
2 0.924219 0.649306 0.025000 0.029167
2 0.912109 0.684722 0.049219 0.033333
2 0.890234 0.638889 0.016406 0.011111
2 0.897656 0.632639 0.015625 0.001389
2 0.905078 0.647917 0.016406 0.026389
2 0.912500 0.634028 0.017188 0.001389
1 0.741016 0.665278 0.066406 0.091667
2 0.717578 0.631250 0.021094 0.004167
2 0.758984 0.647917 0.024219 0.029167
2 0.756250 0.683333 0.031250 0.030556
2 0.725781 0.633333 0.015625 0.002778
2 0.734766 0.631250 0.011719 0.001389
2 0.739062 0.634722 0.015625 0.002778
2 0.746875 0.632639 0.010937 0.001389
1 0.865234 0.681250 0.072656 0.104167
2 0.839453 0.642361 0.021094 0.004167
2 0.889453 0.660417 0.016406 0.031944
2 0.884766 0.700000 0.027344 0.033333
2 0.846484 0.644444 0.013281 0.002778
2 0.855469 0.642361 0.009375 0.001389
2 0.873047 0.643750 0.014844 0.001389
1 0.731250 0.668056 0.048438 0.080556
2 0.707031 0.669444 0.000000 0.000000
2 0.709375 0.633333 0.004687 0.000000
2 0.737891 0.652083 0.027344 0.029167
2 0.729688 0.687500 0.045312 0.033333
2 0.710938 0.650000 0.007812 0.027778
2 0.715625 0.635417 0.017188 0.001389
2 0.719531 0.651389 0.017188 0.027778
2 0.728906 0.636806 0.017188 0.001389
1 0.846094 0.686111 0.076563 0.091667
2 0.810156 0.699306 0.004687 0.029167
2 0.830078 0.684722 0.002344 0.000000
2 0.820312 0.661111 0.025000 0.030556
2 0.866406 0.666667 0.028125 0.030556
2 0.855078 0.702083 0.052344 0.034722
2 0.835156 0.663194 0.012500 0.031944
2 0.835547 0.646528 0.011719 0.001389
2 0.844141 0.665278 0.014844 0.030556
2 0.508594 0.703472 0.039062 0.040278
2 0.521875 0.682639 0.012500 0.004167
2 0.558984 0.711806 0.060156 0.034722
2 0.602344 0.707639 0.025000 0.034722
2 0.558984 0.681944 0.060156 0.036111
2 0.602344 0.677083 0.025000 0.031944
2 0.559375 0.650694 0.060937 0.037500
2 0.586328 0.645139 0.057031 0.037500