3 0.497266 0.801389 0.994531 0.394444
5 0.671875 0.843056 0.117188 0.061111
5 0.671875 0.843056 0.117188 0.061111
5 0.671875 0.843056 0.117188 0.061111
5 0.672266 0.813889 0.117969 0.075000
5 0.672266 0.813889 0.117969 0.075000
5 0.672266 0.813889 0.117969 0.075000
5 0.671484 0.863889 0.117969 0.061111
5 0.671484 0.863889 0.117969 0.061111
5 0.671484 0.863889 0.117969 0.061111
5 0.813672 0.923611 0.128906 0.069444
5 0.813672 0.923611 0.128906 0.069444
5 0.813672 0.923611 0.128906 0.069444
5 0.814063 0.902083 0.129688 0.070833
5 0.814063 0.902083 0.129688 0.070833
5 0.814063 0.902083 0.129688 0.070833
5 0.814844 0.877083 0.129688 0.070833
5 0.814844 0.877083 0.129688 0.070833
5 0.814844 0.877083 0.129688 0.070833
5 0.814844 0.844444 0.129688 0.086111
5 0.814844 0.844444 0.129688 0.086111
5 0.814844 0.844444 0.129688 0.086111
0 0.916406 0.880556 0.165625 0.236111
1 0.156250 0.647917 0.120313 0.190278
1 0.100391 0.665972 0.124219 0.201389
1 0.085938 0.611806 0.110937 0.156944
1 0.044141 0.636806 0.088281 0.184722
1 0.039062 0.588889 0.078125 0.144444
1 0.012891 0.606250 0.025781 0.126389
1 0.019531 0.507639 0.039062 0.079167