3 0.381641 0.854167 0.763281 0.288889
4 0.183984 0.764583 0.002344 0.029167
4 0.033203 0.781944 0.027344 0.063889
4 0.205859 0.738889 0.002344 0.041667
4 0.071484 0.745139 0.019531 0.048611
4 0.024609 0.745139 0.003906 0.048611
8 0.279297 0.714583 0.022656 0.015278
5 0.242188 0.701389 0.028125 0.005556
5 0.242188 0.701389 0.028125 0.005556
5 0.242188 0.701389 0.028125 0.005556
5 0.242188 0.694444 0.028125 0.005556
5 0.242188 0.694444 0.028125 0.005556
5 0.242188 0.694444 0.028125 0.005556
5 0.242188 0.706944 0.028125 0.005556
5 0.242188 0.706944 0.028125 0.005556
5 0.242188 0.706944 0.028125 0.005556
5 0.213281 0.708333 0.028125 0.005556
5 0.213281 0.708333 0.028125 0.005556
5 0.213281 0.708333 0.028125 0.005556
5 0.213281 0.702778 0.028125 0.005556
5 0.213281 0.702778 0.028125 0.005556
5 0.213281 0.702778 0.028125 0.005556
5 0.213281 0.695833 0.028125 0.005556
5 0.213281 0.695833 0.028125 0.005556
5 0.213281 0.695833 0.028125 0.005556
5 0.213672 0.688889 0.028906 0.005556
5 0.213672 0.688889 0.028906 0.005556
5 0.213672 0.688889 0.028906 0.005556
6 0.283984 0.667361 0.014844 0.034722
6 0.283594 0.690972 0.014063 0.034722
6 0.193359 0.680556 0.000781 0.008333
5 0.753906 0.763194 0.001563 0.009722
5 0.753906 0.763194 0.001563 0.009722
5 0.753906 0.763194 0.001563 0.009722
6 0.382812 0.773611 0.064062 0.058333
6 0.506250 0.770833 0.065625 0.058333
6 0.383594 0.711806 0.064062 0.084722
6 0.446875 0.772222 0.062500 0.058333
6 0.093359 0.779167 0.055469 0.066667
6 0.019531 0.781250 0.039062 0.065278
7 0.003906 0.796528 0.007812 0.015278
7 0.152344 0.759028 0.025000 0.012500
7 0.330469 0.795139 0.004687 0.018056
7 0.459766 0.725694 0.017969 0.009722
7 0.496875 0.725000 0.018750 0.008333
7 0.373828 0.727083 0.008594 0.009722
7 0.416406 0.726389 0.001563 0.008333
7 0.025000 0.732639 0.021875 0.009722
7 0.076953 0.732639 0.008594 0.009722
6 0.005469 0.682639 0.010937 0.056944
6 0.005078 0.733333 0.010156 0.058333
5 0.151172 0.786111 0.003906 0.002778
8 0.223828 0.795139 0.025781 0.023611
5 0.219141 0.788889 0.028906 0.013889
8 0.258203 0.793750 0.039844 0.023611
5 0.257812 0.785417 0.034375 0.009722
8 0.288281 0.785417 0.001563 0.006944
5 0.289844 0.784028 0.001563 0.006944
8 0.255078 0.799306 0.041406 0.015278
5 0.254688 0.796528 0.037500 0.015278
8 0.287891 0.797917 0.003906 0.015278
5 0.288672 0.795833 0.002344 0.013889
8 0.221484 0.800000 0.021094 0.013889
5 0.219531 0.797917 0.018750 0.015278
8 0.135156 0.804167 0.001563 0.002778
5 0.139453 0.797917 0.005469 0.006944
5 0.685156 0.896528 0.062500 0.015278
8 0.683203 0.888194 0.028906 0.004167
5 0.672266 0.881250 0.038281 0.020833
8 0.074609 0.954861 0.116406 0.084722
5 0.076953 0.922917 0.105469 0.023611
8 0.058594 0.967361 0.117188 0.062500
5 0.056641 0.951389 0.113281 0.036111
8 0.085547 0.927083 0.108594 0.062500
5 0.087500 0.904167 0.098437 0.019444
8 0.141406 0.920139 0.018750 0.054167
5 0.138672 0.894444 0.000781 0.000000
8 0.307812 0.950694 0.075000 0.090278
5 0.307031 0.922222 0.065625 0.038889
8 0.219531 0.954167 0.073438 0.088889
5 0.218359 0.927083 0.063281 0.040278
8 0.200000 0.931250 0.100000 0.076389
5 0.201953 0.904167 0.089844 0.027778
8 0.208203 0.917361 0.091406 0.056944
5 0.229297 0.890278 0.038281 0.002778
0 0.112109 0.786806 0.196094 0.248611
0 0.712891 0.724306 0.099219 0.140278
1 0.589063 0.714583 0.037500 0.087500
1 0.550781 0.715278 0.048438 0.088889
1 0.562891 0.709028 0.044531 0.081944
1 0.532031 0.709722 0.043750 0.083333
1 0.538281 0.698611 0.028125 0.066667
1 0.515625 0.705556 0.040625 0.080556
1 0.555469 0.694444 0.053125 0.066667
1 0.263281 0.716667 0.054688 0.088889
1 0.264453 0.713889 0.052344 0.086111
1 0.080859 0.716667 0.072656 0.088889
1 0.073828 0.720833 0.075781 0.091667
1 0.617578 0.932639 0.302344 0.131944
2 0.728906 0.949306 0.081250 0.098611
2 0.535156 0.954861 0.109375 0.087500
2 0.667188 0.914583 0.092188 0.020833
2 0.692578 0.960417 0.099219 0.076389
2 0.596094 0.918056 0.090625 0.022222
2 0.617969 0.962500 0.096875 0.072222
1 0.536328 0.894444 0.252344 0.208333
2 0.626172 0.889583 0.053906 0.034722
2 0.455469 0.915278 0.070312 0.072222
2 0.449609 0.977778 0.060156 0.041667
2 0.571875 0.892361 0.053125 0.037500
2 0.517969 0.895139 0.053125 0.037500
1 0.766406 0.836806 0.004687 0.140278
1 0.507812 0.886111 0.223438 0.225000
2 0.412891 0.897917 0.014844 0.031944
2 0.416406 0.960417 0.025000 0.076389
5 0.166406 0.727778 0.017188 0.005556
5 0.166797 0.722917 0.017969 0.006944
5 0.166797 0.713889 0.017969 0.005556
5 0.166797 0.718056 0.017969 0.005556
5 0.208984 0.750000 0.017969 0.008333
5 0.211328 0.756944 0.008594 0.005556
5 0.201172 0.754167 0.028906 0.008333
5 0.207031 0.762500 0.012500 0.005556
5 0.197266 0.760417 0.032031 0.009722
5 0.195703 0.768056 0.030469 0.005556
5 0.197656 0.754167 0.031250 0.008333
5 0.196875 0.747917 0.029687 0.009722