3 0.500000 0.857639 0.998437 0.281944
4 0.134375 0.686111 0.057813 0.191667
4 0.021484 0.681944 0.035156 0.288889
7 0.008203 0.713889 0.003906 0.005556
6 0.437500 0.804861 0.143750 0.012500
6 0.499609 0.499306 0.999219 0.998611
6 0.300391 0.499306 0.600781 0.998611
8 0.793359 0.718056 0.000781 0.005556
5 0.793359 0.694444 0.000781 0.002778
8 0.793359 0.715972 0.000781 0.012500
0 0.765234 0.637500 0.057031 0.188889
0 0.896484 0.496528 0.205469 0.629167
1 0.133594 0.677083 0.057813 0.073611
1 0.111719 0.677083 0.039062 0.079167
1 0.069531 0.677778 0.059375 0.077778
1 0.061328 0.677083 0.067969 0.079167
1 0.038281 0.665972 0.010937 0.054167
1 0.030469 0.676389 0.003125 0.075000
1 0.017188 0.668750 0.021875 0.079167
1 0.448437 0.820833 0.459375 0.047222
1 0.450781 0.483333 0.609375 0.813889
2 0.674219 0.742361 0.012500 0.004167
2 0.654687 0.627778 0.142187 0.244444
2 0.653125 0.305556 0.139063 0.213889
2 0.240625 0.305556 0.139063 0.205556
2 0.370703 0.620833 0.417969 0.236111
2 0.512500 0.293750 0.129688 0.234722
2 0.447656 0.304167 0.000000 0.102778
2 0.378125 0.306944 0.139063 0.205556
5 0.008203 0.709722 0.003906 0.000000
5 0.050781 0.712500 0.048438 0.005556
5 0.051172 0.720139 0.049219 0.006944
5 0.050781 0.706250 0.048438 0.006944
5 0.051953 0.697917 0.049219 0.006944