3 0.498437 0.897917 0.401562 0.201389
6 0.408984 0.806250 0.002344 0.087500
6 0.511328 0.806250 0.064844 0.087500
6 0.409766 0.722222 0.002344 0.080556
6 0.443750 0.806250 0.065625 0.087500
7 0.560547 0.795833 0.008594 0.008333
7 0.598047 0.791667 0.003906 0.000000
7 0.458594 0.795833 0.004687 0.008333
7 0.503516 0.794444 0.014844 0.005556
8 0.475781 0.902083 0.076563 0.081944
5 0.474609 0.870833 0.066406 0.025000
8 0.569922 0.902778 0.074219 0.083333
5 0.570312 0.870833 0.067187 0.025000
8 0.421484 0.903472 0.027344 0.081944
5 0.418750 0.870833 0.021875 0.025000
8 0.562891 0.886111 0.063281 0.069444
5 0.564844 0.854167 0.060937 0.013889
8 0.479297 0.885417 0.067969 0.068056
5 0.478906 0.856944 0.059375 0.019444
8 0.426172 0.886806 0.032031 0.070833
5 0.422656 0.857639 0.029687 0.018056
0 0.742188 0.668056 0.081250 0.022222
1 0.606641 0.761806 0.002344 0.070833
1 0.601172 0.767361 0.013281 0.081944
1 0.601953 0.763889 0.011719 0.061111
1 0.924219 0.721528 0.150000 0.554167
2 0.941406 0.763889 0.115625 0.336111
1 0.092578 0.709722 0.185156 0.577778
2 0.076563 0.774306 0.153125 0.409722
1 0.784766 0.801389 0.208594 0.394444
2 0.767969 0.759028 0.140625 0.176389
2 0.848828 0.943750 0.300781 0.109722
2 0.861719 0.759028 0.051562 0.176389
1 0.232422 0.799306 0.169531 0.398611
2 0.245312 0.946528 0.106250 0.104167
2 0.226953 0.952778 0.114844 0.091667
2 0.236719 0.759028 0.129688 0.184722
2 0.136719 0.945833 0.137500 0.105556
2 0.157812 0.759722 0.018750 0.183333
1 0.656641 0.827083 0.085156 0.343056
2 0.861719 0.884028 0.054688 0.006944
2 0.661719 0.754861 0.073438 0.112500
2 0.729297 0.906250 0.208594 0.126389
1 0.316797 0.905556 0.038281 0.183333
2 0.320703 0.847917 0.030469 0.004167
2 0.309766 0.910417 0.052344 0.118056
2 0.318750 0.754167 0.035937 0.116667
2 0.213281 0.890278 0.131250 0.011111
1 0.724609 0.832639 0.253906 0.331944
2 0.616406 0.753472 0.017188 0.098611
2 0.646484 0.886806 0.078906 0.109722
2 0.325781 0.836111 0.020313 0.002778
2 0.323828 0.840972 0.024219 0.006944
2 0.308203 0.834722 0.014844 0.000000