3 0.499609 0.853472 0.999219 0.290278
4 0.698828 0.887500 0.014844 0.100000
5 0.151562 0.793056 0.064062 0.019444
5 0.151562 0.793056 0.064062 0.019444
5 0.151562 0.793056 0.064062 0.019444
5 0.151562 0.777778 0.064062 0.022222
5 0.151562 0.777778 0.064062 0.022222
5 0.151562 0.777778 0.064062 0.022222
5 0.151562 0.804861 0.064062 0.023611
5 0.151562 0.804861 0.064062 0.023611
5 0.151562 0.804861 0.064062 0.023611
5 0.240625 0.790278 0.046875 0.019444
5 0.240625 0.790278 0.046875 0.019444
5 0.240625 0.790278 0.046875 0.019444
5 0.240625 0.778472 0.046875 0.020833
5 0.240625 0.778472 0.046875 0.020833
5 0.240625 0.778472 0.046875 0.020833
5 0.240625 0.766667 0.046875 0.019444
5 0.240625 0.766667 0.046875 0.019444
5 0.240625 0.766667 0.046875 0.019444
5 0.240625 0.751389 0.046875 0.022222
5 0.240625 0.751389 0.046875 0.022222
5 0.240625 0.751389 0.046875 0.022222
6 0.582422 0.806250 0.078906 0.090278
6 0.477734 0.790972 0.072656 0.098611
6 0.582031 0.726389 0.079687 0.097222
6 0.518359 0.799306 0.055469 0.101389
6 0.845703 0.863889 0.053906 0.136111
6 0.982031 0.884028 0.034375 0.120833
7 0.495703 0.897917 0.077344 0.040278
7 0.796094 0.970139 0.082812 0.054167
6 0.848047 0.981250 0.049219 0.034722
8 0.750781 0.898611 0.081250 0.063889
5 0.751172 0.872917 0.072656 0.029167
8 0.693750 0.886111 0.079687 0.061111
5 0.694141 0.862500 0.071094 0.027778
8 0.644922 0.877083 0.078906 0.056944
5 0.644922 0.853472 0.069531 0.026389
8 0.595313 0.866667 0.076563 0.055556
5 0.594922 0.843750 0.067969 0.026389
8 0.689844 0.860417 0.073438 0.054167
5 0.689844 0.838194 0.065625 0.023611
8 0.641016 0.850694 0.072656 0.051389
5 0.641016 0.829861 0.063281 0.023611
8 0.737500 0.868750 0.073438 0.056944
5 0.737109 0.845833 0.066406 0.025000
8 0.786719 0.881944 0.065625 0.052778
5 0.789062 0.855556 0.060937 0.027778
8 0.735156 0.756250 0.046875 0.031944
5 0.734766 0.741667 0.041406 0.008333
8 0.701953 0.752778 0.046094 0.030556
5 0.701953 0.738194 0.041406 0.009722
8 0.766406 0.759722 0.046875 0.033333
5 0.766406 0.745833 0.042188 0.011111
8 0.798438 0.765278 0.039062 0.030556
5 0.799219 0.749306 0.037500 0.012500
8 0.674219 0.759028 0.048438 0.031944
5 0.674609 0.745139 0.042969 0.012500
8 0.706250 0.764583 0.045312 0.031944
5 0.707812 0.749306 0.043750 0.012500
8 0.739844 0.766667 0.050000 0.033333
5 0.739844 0.752083 0.043750 0.012500
8 0.776172 0.771528 0.050781 0.034722
5 0.776172 0.756944 0.044531 0.013889
8 0.994141 0.792361 0.010156 0.029167
5 0.981641 0.771528 0.035156 0.012500
8 0.998828 0.775694 0.000781 0.015278
5 0.981641 0.763889 0.035156 0.008333
8 0.984766 0.795139 0.025781 0.037500
5 0.979297 0.779167 0.028906 0.013889
8 0.973047 0.802083 0.016406 0.037500
5 0.971094 0.786111 0.012500 0.011111
0 0.924609 0.748611 0.142969 0.191667
0 0.391797 0.720139 0.102344 0.156944
1 0.032422 0.938889 0.064844 0.119444
1 0.378516 0.986806 0.010156 0.023611
1 0.796484 0.679167 0.036719 0.069444
2 0.786719 0.692361 0.012500 0.001389
2 0.791797 0.655556 0.022656 0.005556
2 0.803516 0.700694 0.019531 0.020833
2 0.800391 0.656944 0.014844 0.005556
2 0.804688 0.652778 0.001563 0.000000
2 0.812109 0.663889 0.011719 0.019444
2 0.814844 0.654167 0.004687 0.000000
1 0.965234 0.693056 0.003906 0.083333
2 0.963281 0.662500 0.000000 0.002778
2 0.964063 0.708333 0.000000 0.025000
1 0.774609 0.693056 0.071094 0.088889
2 0.753125 0.700694 0.004687 0.001389
2 0.766406 0.691667 0.001563 0.000000
2 0.752734 0.661111 0.021094 0.008333
2 0.794531 0.673611 0.025000 0.027778
2 0.782031 0.706944 0.051562 0.030556
2 0.763281 0.671528 0.015625 0.023611
2 0.771484 0.658333 0.014844 0.000000
2 0.775391 0.672917 0.013281 0.026389
2 0.785937 0.659722 0.007812 0.000000
1 0.871094 0.662500 0.000000 0.000000
2 0.868359 0.667361 0.005469 0.006944
1 0.731250 0.696528 0.075000 0.084722
2 0.701953 0.702778 0.010156 0.000000
2 0.709766 0.664583 0.025781 0.001389
2 0.751563 0.681250 0.026562 0.029167
2 0.740234 0.717361 0.050781 0.031944
2 0.718359 0.665972 0.016406 0.001389
2 0.727734 0.664583 0.008594 0.001389
2 0.733594 0.667361 0.018750 0.001389
2 0.743359 0.665278 0.014844 0.000000
2 0.862891 0.715278 0.003906 0.000000
2 0.854688 0.674306 0.003125 0.001389
2 0.855078 0.672222 0.005469 0.000000
2 0.862500 0.674306 0.015625 0.001389
2 0.867969 0.672222 0.004687 0.000000
1 0.711719 0.697222 0.076563 0.083333
2 0.685547 0.718750 0.017969 0.029167
2 0.694922 0.703472 0.013281 0.001389
2 0.689453 0.681250 0.025781 0.029167
2 0.732812 0.684028 0.028125 0.029167
2 0.718750 0.720139 0.056250 0.031944
2 0.698828 0.682639 0.017969 0.029167
2 0.707812 0.667361 0.009375 0.001389
2 0.714063 0.683333 0.018750 0.027778
2 0.722656 0.668056 0.018750 0.000000
1 0.836328 0.711806 0.069531 0.098611
2 0.811328 0.729861 0.013281 0.029167
2 0.815234 0.713194 0.005469 0.001389
2 0.811328 0.689583 0.013281 0.031944
2 0.862109 0.693056 0.016406 0.033333
2 0.861328 0.728472 0.016406 0.026389
2 0.854688 0.693056 0.003125 0.030556
2 0.855469 0.675694 0.004687 0.001389
2 0.494922 0.737500 0.041406 0.036111
2 0.508203 0.717361 0.014844 0.004167
2 0.548438 0.741667 0.064062 0.030556
2 0.592969 0.735417 0.023438 0.023611
2 0.548438 0.712500 0.064062 0.033333
2 0.592969 0.709722 0.023438 0.033333
2 0.548438 0.679167 0.064062 0.036111
2 0.574219 0.677083 0.062500 0.034722