3 0.499609 0.947917 0.999219 0.101389
5 0.623828 0.926389 0.036719 0.016667
5 0.623828 0.926389 0.036719 0.016667
5 0.623828 0.926389 0.036719 0.016667
5 0.602344 0.909722 0.079687 0.019444
5 0.602344 0.909722 0.079687 0.019444
5 0.602344 0.909722 0.079687 0.019444
5 0.625391 0.941667 0.033594 0.016667
5 0.625391 0.941667 0.033594 0.016667
5 0.625391 0.941667 0.033594 0.016667
5 0.669141 0.947917 0.032031 0.015278
5 0.669141 0.947917 0.032031 0.015278
5 0.669141 0.947917 0.032031 0.015278
5 0.668359 0.931944 0.030469 0.016667
5 0.668359 0.931944 0.030469 0.016667
5 0.668359 0.931944 0.030469 0.016667
5 0.667969 0.915278 0.029687 0.016667
5 0.667969 0.915278 0.029687 0.016667
5 0.667969 0.915278 0.029687 0.016667
5 0.669141 0.897917 0.032031 0.018056
5 0.669141 0.897917 0.032031 0.018056
5 0.669141 0.897917 0.032031 0.018056
6 0.342969 0.941667 0.123438 0.113889
6 0.467187 0.888194 0.073438 0.029167
6 0.344922 0.825694 0.122656 0.154167
6 0.422656 0.901389 0.107813 0.047222
7 0.002734 0.902083 0.005469 0.009722
8 0.053516 0.989583 0.005469 0.001389
5 0.024219 0.986111 0.048438 0.019444
8 0.069531 0.984028 0.117188 0.012500
5 0.069141 0.980556 0.105469 0.025000
8 0.150781 0.981250 0.112500 0.023611
5 0.149219 0.971528 0.100000 0.023611
8 0.140234 0.994444 0.127344 0.008333
5 0.138281 0.988889 0.114062 0.019444
8 0.221484 0.988889 0.121094 0.019444
5 0.219922 0.984028 0.108594 0.029167
5 0.060156 0.993750 0.120313 0.009722
0 0.473438 0.813889 0.278125 0.369444
0 0.748828 0.866667 0.130469 0.250000
1 0.221875 0.869444 0.092188 0.119444
1 0.183594 0.869444 0.095312 0.119444
1 0.149609 0.866667 0.061719 0.113889
1 0.124219 0.868750 0.090625 0.118056
1 0.115234 0.864583 0.072656 0.109722
1 0.071875 0.864583 0.085938 0.109722
1 0.058984 0.857639 0.083594 0.093056