3 0.462500 0.961806 0.925000 0.073611
5 0.019141 0.950694 0.038281 0.020833
5 0.019141 0.950694 0.038281 0.020833
5 0.019141 0.950694 0.038281 0.020833
5 0.019531 0.931250 0.039062 0.020833
5 0.019531 0.931250 0.039062 0.020833
5 0.019531 0.931250 0.039062 0.020833
5 0.019922 0.909722 0.039844 0.019444
5 0.019922 0.909722 0.039844 0.019444
5 0.019922 0.909722 0.039844 0.019444
5 0.020313 0.887500 0.040625 0.019444
5 0.020313 0.887500 0.040625 0.019444
5 0.020313 0.887500 0.040625 0.019444
6 0.663672 0.899306 0.092969 0.129167
6 0.478906 0.899306 0.095312 0.126389
6 0.661719 0.784028 0.092188 0.129167
6 0.569141 0.898611 0.092969 0.127778
7 0.766797 0.967361 0.064844 0.037500
7 0.783984 0.926389 0.002344 0.000000
8 0.915234 0.939583 0.016406 0.059722
5 0.916016 0.912500 0.010156 0.013889
8 0.873437 0.941667 0.081250 0.066667
5 0.874219 0.912500 0.071875 0.013889
8 0.787891 0.940972 0.072656 0.065278
5 0.788281 0.912500 0.064062 0.013889
8 0.857812 0.937500 0.071875 0.058333
5 0.850000 0.910417 0.046875 0.012500
8 0.778906 0.937500 0.064062 0.058333
5 0.778516 0.910417 0.053906 0.012500
8 0.905469 0.947222 0.032813 0.038889
5 0.908594 0.905556 0.003125 0.000000
8 0.575391 0.920139 0.038281 0.029167
5 0.580469 0.904861 0.023438 0.006944
8 0.542188 0.919444 0.017188 0.030556
5 0.545703 0.904167 0.007031 0.005556
8 0.625391 0.919444 0.017969 0.030556
5 0.630859 0.904167 0.002344 0.005556
8 0.662109 0.918750 0.033594 0.031944
5 0.662500 0.904861 0.029687 0.006944
8 0.521875 0.919444 0.043750 0.030556
5 0.522656 0.904861 0.037500 0.006944
8 0.568359 0.919444 0.041406 0.030556
5 0.569141 0.904861 0.036719 0.006944
8 0.610156 0.919444 0.040625 0.030556
5 0.610938 0.904861 0.035937 0.006944
8 0.658594 0.919444 0.039062 0.030556
5 0.658203 0.904861 0.033594 0.006944
8 0.752344 0.916667 0.025000 0.025000
5 0.751563 0.904861 0.023438 0.006944
8 0.789062 0.916667 0.040625 0.027778
5 0.788672 0.902778 0.033594 0.002778
8 0.807031 0.916667 0.048438 0.025000
5 0.807813 0.902778 0.050000 0.002778
8 0.807422 0.916667 0.047656 0.025000
5 0.809375 0.902778 0.046875 0.002778
0 0.877344 0.843750 0.090625 0.204167
0 0.231250 0.838194 0.171875 0.229167
1 0.528906 0.882639 0.067187 0.084722
2 0.554688 0.859722 0.006250 0.025000
2 0.556641 0.891667 0.007031 0.016667
1 0.664844 0.878472 0.050000 0.001389
1 0.517969 0.879861 0.073438 0.095833
2 0.547266 0.856250 0.008594 0.026389
2 0.546875 0.895139 0.009375 0.020833
1 0.664844 0.876389 0.050000 0.000000
2 0.641406 0.900000 0.000000 0.000000
1 0.510547 0.870139 0.067969 0.090278
2 0.538281 0.844444 0.000000 0.000000
2 0.539844 0.898611 0.003125 0.000000
1 0.657422 0.894444 0.064844 0.038889
2 0.640625 0.894444 0.000000 0.025000
2 0.639844 0.859028 0.000000 0.015278
2 0.644531 0.913889 0.000000 0.000000
1 0.497656 0.877083 0.084375 0.109722
2 0.468750 0.897222 0.018750 0.033333
2 0.468359 0.850000 0.017969 0.030556
2 0.525781 0.850694 0.020313 0.031944
2 0.506641 0.897222 0.055469 0.033333
2 0.487109 0.850000 0.017969 0.030556
2 0.505859 0.850000 0.017969 0.030556
1 0.657031 0.894444 0.065625 0.052778
2 0.631250 0.897222 0.017188 0.033333
2 0.635938 0.845833 0.006250 0.011111
2 0.684375 0.853472 0.010937 0.026389
2 0.666016 0.897222 0.049219 0.033333
2 0.649219 0.853472 0.018750 0.026389
2 0.648828 0.866667 0.011719 0.000000
2 0.668750 0.853472 0.018750 0.026389
2 0.668750 0.866667 0.012500 0.000000
2 0.364453 0.917361 0.042969 0.043056
2 0.392969 0.916667 0.012500 0.041667
2 0.365234 0.873611 0.042969 0.041667
2 0.371875 0.875000 0.056250 0.038889
2 0.347266 0.831944 0.080469 0.044444
2 0.393750 0.834722 0.012500 0.041667