3 0.499609 0.843056 0.999219 0.311111
4 0.500000 0.734722 0.001563 0.027778
4 0.560547 0.725000 0.025781 0.041667
4 0.616016 0.740972 0.002344 0.056944
4 0.651172 0.750000 0.030469 0.061111
4 0.721484 0.768750 0.011719 0.079167
4 0.755859 0.772222 0.008594 0.066667
4 0.929688 0.815278 0.040625 0.111111
4 0.132031 0.719444 0.001563 0.019444
4 0.221484 0.795833 0.017969 0.088889
4 0.242188 0.834722 0.009375 0.058333
8 0.750000 0.793056 0.020313 0.022222
5 0.300000 0.688889 0.000000 0.000000
5 0.300000 0.688889 0.000000 0.000000
5 0.300000 0.688889 0.000000 0.000000
5 0.322656 0.682639 0.045312 0.006944
5 0.322656 0.682639 0.045312 0.006944
5 0.322656 0.682639 0.045312 0.006944
5 0.300000 0.697222 0.000000 0.000000
5 0.300000 0.697222 0.000000 0.000000
5 0.300000 0.697222 0.000000 0.000000
5 0.390625 0.697917 0.017188 0.006944
5 0.390625 0.697917 0.017188 0.006944
5 0.390625 0.697917 0.017188 0.006944
5 0.391797 0.690278 0.014844 0.008333
5 0.391797 0.690278 0.014844 0.008333
5 0.391797 0.690278 0.014844 0.008333
5 0.393359 0.681944 0.011719 0.008333
5 0.393359 0.681944 0.011719 0.008333
5 0.393359 0.681944 0.011719 0.008333
5 0.386719 0.672917 0.025000 0.006944
5 0.386719 0.672917 0.025000 0.006944
5 0.386719 0.672917 0.025000 0.006944
6 0.532813 0.689583 0.029687 0.040278
6 0.471875 0.695139 0.018750 0.045833
6 0.524609 0.644444 0.046094 0.061111
6 0.506641 0.686111 0.035156 0.038889
6 0.619922 0.711111 0.052344 0.061111
6 0.668750 0.714583 0.057813 0.059722
7 0.926172 0.808333 0.000781 0.000000
7 0.937109 0.822917 0.022656 0.006944
7 0.677734 0.825694 0.075781 0.034722
7 0.454297 0.884722 0.077344 0.044444
7 0.416406 0.732639 0.051562 0.015278
7 0.492969 0.750000 0.006250 0.000000
6 0.685156 0.868750 0.460938 0.259722
6 0.947266 0.857639 0.103906 0.281944
6 0.102344 0.877083 0.090625 0.187500
6 0.253516 0.852778 0.092969 0.155556
6 0.257812 0.718750 0.100000 0.156944
6 0.103906 0.729861 0.090625 0.173611
6 0.163281 0.681250 0.057813 0.104167
6 0.055859 0.692361 0.069531 0.123611
6 0.190234 0.738194 0.003906 0.006944
6 0.054688 0.799306 0.070312 0.129167
8 0.946094 0.815972 0.007812 0.048611
5 0.948438 0.793056 0.001563 0.000000
8 0.924219 0.823611 0.051562 0.041667
5 0.932813 0.802778 0.029687 0.022222
8 0.675000 0.759028 0.004687 0.034722
5 0.684766 0.741667 0.017969 0.005556
8 0.666406 0.773611 0.054688 0.022222
5 0.682813 0.743750 0.021875 0.004167
8 0.543750 0.733333 0.045312 0.027778
5 0.544531 0.721528 0.043750 0.009722
8 0.538672 0.736111 0.032031 0.016667
5 0.536328 0.717361 0.032031 0.009722
8 0.509375 0.726389 0.046875 0.027778
5 0.510547 0.713889 0.046094 0.008333
8 0.484375 0.724306 0.025000 0.023611
5 0.484766 0.711111 0.025781 0.008333
8 0.539844 0.725000 0.014063 0.030556
5 0.543359 0.711111 0.017969 0.005556
8 0.542188 0.719444 0.029687 0.019444
5 0.538672 0.706250 0.036719 0.004167
8 0.558594 0.728472 0.015625 0.029167
5 0.559375 0.714583 0.014063 0.004167
5 0.730859 0.684028 0.000781 0.001389
8 0.724609 0.702778 0.002344 0.002778
5 0.726953 0.681944 0.008594 0.002778
8 0.687891 0.695833 0.019531 0.022222
5 0.694922 0.684722 0.030469 0.005556
8 0.712891 0.697917 0.036719 0.023611
5 0.713281 0.685417 0.032813 0.001389
8 0.726562 0.700694 0.007812 0.020833
5 0.726953 0.688889 0.008594 0.005556
5 0.996094 0.712500 0.006250 0.000000
0 0.961328 0.688889 0.075781 0.169444
0 0.745313 0.659722 0.028125 0.113889
0 0.475781 0.652778 0.050000 0.102778
0 0.968750 0.939583 0.060937 0.081944
0 0.441016 0.814583 0.342969 0.368056
0 0.264844 0.809028 0.259375 0.379167
0 0.107813 0.764583 0.215625 0.306944
0 0.083203 0.749306 0.166406 0.279167
1 0.480469 0.847222 0.206250 0.275000
1 0.581641 0.823611 0.208594 0.238889
1 0.024219 0.678472 0.034375 0.090278
1 0.048828 0.682639 0.077344 0.095833
1 0.002344 0.680556 0.004687 0.094444
1 0.003906 0.681944 0.007812 0.094444
1 0.051172 0.712500 0.060156 0.125000
1 0.010547 0.711111 0.021094 0.130556
1 0.021094 0.752083 0.042188 0.165278
1 0.109766 0.706944 0.057031 0.080556
1 0.931250 0.629167 0.001563 0.008333
2 0.928516 0.632639 0.002344 0.001389
2 0.928125 0.663889 0.000000 0.000000
1 0.978906 0.658333 0.040625 0.066667
2 0.962500 0.666667 0.001563 0.000000
2 0.970703 0.643750 0.019531 0.020833
2 0.996094 0.645833 0.006250 0.022222
2 0.987500 0.675694 0.023438 0.023611
2 0.978125 0.644444 0.006250 0.019444
2 0.987109 0.645833 0.010156 0.022222
1 0.947656 0.656250 0.039062 0.056944
2 0.928125 0.665278 0.000000 0.000000
2 0.953125 0.647222 0.023438 0.022222
2 0.945312 0.675694 0.034375 0.018056
2 0.931641 0.634722 0.008594 0.000000
2 0.931641 0.647222 0.008594 0.022222
1 0.748047 0.643056 0.021094 0.036111
2 0.747266 0.643750 0.014844 0.020833
2 0.753125 0.644444 0.009375 0.022222
2 0.758594 0.633333 0.000000 0.000000
2 0.757422 0.638194 0.002344 0.006944
2 0.996094 0.714583 0.006250 0.001389
2 0.996094 0.729861 0.006250 0.026389
2 0.596875 0.678472 0.009375 0.015278
2 0.624609 0.686111 0.044531 0.025000
2 0.660547 0.686111 0.027344 0.025000
2 0.624609 0.662500 0.044531 0.025000
2 0.660156 0.661806 0.026562 0.023611
2 0.624219 0.637500 0.043750 0.025000
2 0.651563 0.637500 0.043750 0.025000
5 0.726953 0.721528 0.064844 0.015278
5 0.726953 0.732639 0.064844 0.015278
5 0.726953 0.742361 0.064844 0.015278
5 0.727344 0.750694 0.065625 0.012500
5 0.716406 0.776389 0.043750 0.011111
5 0.749609 0.756250 0.021094 0.004167
5 0.727344 0.793056 0.065625 0.016667
5 0.726172 0.783333 0.063281 0.016667
5 0.023047 0.773611 0.035156 0.016667
5 0.024219 0.781250 0.032813 0.012500
5 0.754687 0.734028 0.003125 0.001389
5 0.755859 0.753472 0.000781 0.001389
5 0.754297 0.724306 0.003906 0.001389
5 0.753516 0.718056 0.011719 0.011111
5 0.189844 0.739583 0.001563 0.001389