3 0.499609 0.856250 0.999219 0.284722
4 0.317969 0.710417 0.001563 0.009722
5 0.517578 0.710417 0.021094 0.006944
5 0.517578 0.710417 0.021094 0.006944
5 0.517578 0.710417 0.021094 0.006944
5 0.515234 0.704861 0.007031 0.001389
5 0.515234 0.704861 0.007031 0.001389
5 0.515234 0.704861 0.007031 0.001389
6 0.473828 0.602083 0.002344 0.001389
6 0.388672 0.709028 0.042969 0.012500
6 0.371094 0.710417 0.051562 0.012500
7 0.258984 0.709722 0.032031 0.016667
7 0.759766 0.712500 0.002344 0.008333
7 0.761719 0.712500 0.001563 0.008333
7 0.753906 0.713889 0.004687 0.011111
7 0.757422 0.713194 0.002344 0.009722
7 0.651953 0.718750 0.188281 0.029167
7 0.695312 0.718750 0.110937 0.020833
7 0.321094 0.708333 0.026562 0.008333
7 0.280469 0.709722 0.004687 0.011111
6 0.531641 0.462500 0.935156 0.925000
6 0.730078 0.572222 0.169531 0.341667
6 0.955078 0.515972 0.010156 0.151389
8 0.296094 0.709028 0.043750 0.012500
8 0.341406 0.705556 0.012500 0.005556
8 0.385547 0.712500 0.007031 0.005556
8 0.412891 0.709722 0.002344 0.011111
8 0.412891 0.709722 0.005469 0.011111
8 0.400391 0.712500 0.000781 0.005556
8 0.386719 0.712500 0.003125 0.005556
8 0.787500 0.712500 0.006250 0.008333
8 0.773047 0.712500 0.005469 0.008333
8 0.790625 0.715278 0.000000 0.000000
8 0.776563 0.712500 0.001563 0.005556
8 0.786328 0.713194 0.003906 0.009722
8 0.789062 0.712500 0.001563 0.008333
8 0.779687 0.713889 0.006250 0.011111
8 0.783594 0.713889 0.003125 0.011111
8 0.749219 0.634028 0.393750 0.259722
5 0.742969 0.546528 0.353125 0.106944
8 0.658203 0.727778 0.036719 0.047222
5 0.746484 0.550694 0.227344 0.015278
0 0.130469 0.376389 0.260937 0.752778
0 0.558594 0.622917 0.064062 0.190278
2 0.951172 0.583333 0.017969 0.016667
2 0.764453 0.713194 0.010156 0.009722
5 0.276953 0.713889 0.057031 0.008333
5 0.285547 0.704167 0.039844 0.005556
5 0.342187 0.713889 0.062500 0.008333
5 0.342187 0.704861 0.062500 0.004167
5 0.344141 0.586806 0.060156 0.012500
5 0.359766 0.593750 0.028906 0.006944
5 0.343359 0.577083 0.061719 0.012500
5 0.343750 0.567361 0.062500 0.012500