3 0.496875 0.895139 0.993750 0.206944
4 0.233203 0.828472 0.027344 0.043056
4 0.166016 0.918750 0.024219 0.137500
4 0.116406 0.940972 0.004687 0.115278
4 0.021094 0.959028 0.042188 0.079167
8 0.211719 0.984722 0.117188 0.027778
5 0.371875 0.780556 0.045312 0.011111
5 0.371875 0.780556 0.045312 0.011111
5 0.371875 0.780556 0.045312 0.011111
5 0.372266 0.768056 0.044531 0.011111
5 0.372266 0.768056 0.044531 0.011111
5 0.372266 0.768056 0.044531 0.011111
5 0.371875 0.790972 0.045312 0.009722
5 0.371875 0.790972 0.045312 0.009722
5 0.371875 0.790972 0.045312 0.009722
5 0.421094 0.773611 0.000000 0.000000
5 0.421094 0.773611 0.000000 0.000000
5 0.421094 0.773611 0.000000 0.000000
5 0.446484 0.768056 0.050781 0.011111
5 0.446484 0.768056 0.050781 0.011111
5 0.446484 0.768056 0.050781 0.011111
5 0.446484 0.756250 0.050781 0.012500
5 0.446484 0.756250 0.050781 0.012500
5 0.446484 0.756250 0.050781 0.012500
6 0.482031 0.798611 0.045312 0.094444
6 0.477344 0.779167 0.039062 0.075000
6 0.483984 0.712500 0.050781 0.094444
6 0.480469 0.788889 0.037500 0.063889
6 0.441797 0.830556 0.094531 0.119444
6 0.472656 0.859722 0.120313 0.161111
7 0.033984 0.945139 0.063281 0.054167
7 0.262891 0.840972 0.077344 0.018056
7 0.192578 0.895139 0.075781 0.029167
8 0.384766 0.941667 0.082031 0.097222
5 0.387109 0.908333 0.072656 0.036111
8 0.283203 0.956250 0.047656 0.048611
5 0.284375 0.911806 0.045312 0.026389
8 0.362500 0.863889 0.062500 0.050000
5 0.362891 0.836111 0.061719 0.016667
8 0.363672 0.844444 0.057031 0.013889
5 0.365234 0.823611 0.057031 0.005556
8 0.338281 0.822917 0.001563 0.001389
5 0.371484 0.816667 0.044531 0.005556
5 0.371875 0.810417 0.045312 0.004167
8 0.493750 0.818056 0.003125 0.002778
5 0.490234 0.816667 0.000781 0.005556
8 0.494141 0.815278 0.003906 0.008333
5 0.490234 0.810417 0.000781 0.004167
8 0.498047 0.829167 0.003906 0.013889
5 0.492578 0.823611 0.005469 0.005556
8 0.495312 0.859028 0.009375 0.056944
5 0.492578 0.836111 0.005469 0.016667
8 0.932813 0.793056 0.018750 0.005556
5 0.934766 0.792361 0.016406 0.006944
8 0.916016 0.788889 0.019531 0.005556
5 0.932813 0.788194 0.046875 0.006944
8 0.899219 0.823611 0.000000 0.000000
5 0.897656 0.786111 0.012500 0.002778
8 0.913281 0.827083 0.012500 0.004167
5 0.906250 0.793750 0.029687 0.009722
8 0.917188 0.815278 0.050000 0.033333
5 0.916797 0.797917 0.049219 0.009722
8 0.917188 0.821528 0.048438 0.043056
5 0.918750 0.802778 0.048438 0.011111
8 0.929297 0.839583 0.027344 0.045833
5 0.929688 0.821528 0.021875 0.015278
0 0.970313 0.804861 0.057813 0.387500
0 0.854297 0.767361 0.119531 0.254167
0 0.550000 0.731250 0.045312 0.148611
1 0.017969 0.750000 0.031250 0.111111
1 0.008594 0.752778 0.017188 0.113889
1 0.988672 0.739583 0.003906 0.087500
2 0.762109 0.781250 0.014844 0.037500
2 0.782422 0.786806 0.024219 0.040278
2 0.797656 0.750000 0.056250 0.038889
2 0.872266 0.743750 0.008594 0.020833
2 0.798047 0.713889 0.057031 0.036111
2 0.851562 0.713889 0.050000 0.036111
5 0.275000 0.865972 0.112500 0.037500
5 0.275000 0.889583 0.112500 0.040278
5 0.275000 0.910417 0.112500 0.043056
5 0.274219 0.934722 0.112500 0.044444
5 0.274219 0.978472 0.112500 0.040278
5 0.274219 0.958333 0.112500 0.047222
5 0.278516 0.988889 0.103906 0.019444
5 0.421094 0.912500 0.120313 0.036111
5 0.421094 0.935417 0.120313 0.040278
5 0.420703 0.977778 0.121094 0.041667
5 0.420703 0.960417 0.121094 0.040278
5 0.421484 0.988889 0.094531 0.019444
5 0.421094 0.888889 0.120313 0.038889
5 0.421094 0.864583 0.120313 0.037500
5 0.596094 0.909028 0.126562 0.040278
5 0.596094 0.932639 0.126562 0.043056
5 0.596484 0.977083 0.127344 0.043056
5 0.596094 0.956250 0.126562 0.045833
5 0.589844 0.998611 0.075000 0.000000
5 0.589063 0.987500 0.112500 0.022222
5 0.596094 0.887500 0.126562 0.038889
5 0.596094 0.864583 0.126562 0.037500
5 0.595313 0.729167 0.125000 0.025000
5 0.595313 0.752778 0.125000 0.027778
5 0.595703 0.799306 0.125781 0.031944
5 0.595703 0.775694 0.125781 0.029167
5 0.595703 0.843750 0.125781 0.034722
5 0.595703 0.819444 0.125781 0.033333
5 0.595313 0.709028 0.125000 0.023611
5 0.595313 0.684722 0.125000 0.022222