3 0.522266 0.822917 0.953906 0.351389
6 0.048438 0.627083 0.006250 0.043056
6 0.048438 0.627083 0.006250 0.043056
5 0.744922 0.790278 0.005469 0.011111
5 0.744922 0.790278 0.005469 0.011111
5 0.744922 0.790278 0.005469 0.011111
5 0.746484 0.776389 0.008594 0.019444
5 0.746484 0.776389 0.008594 0.019444
5 0.746484 0.776389 0.008594 0.019444
5 0.816797 0.831944 0.021094 0.016667
5 0.816797 0.831944 0.021094 0.016667
5 0.816797 0.831944 0.021094 0.016667
5 0.791406 0.815278 0.071875 0.022222
5 0.791406 0.815278 0.071875 0.022222
5 0.791406 0.815278 0.071875 0.022222
5 0.816797 0.802083 0.021094 0.018056
5 0.816797 0.802083 0.021094 0.018056
5 0.816797 0.802083 0.021094 0.018056
5 0.787891 0.780556 0.078906 0.030556
5 0.787891 0.780556 0.078906 0.030556
5 0.787891 0.780556 0.078906 0.030556
6 0.353125 0.890278 0.095312 0.127778
6 0.498437 0.856944 0.089063 0.127778
6 0.353125 0.783333 0.095312 0.130556
6 0.429688 0.870833 0.092188 0.133333
7 0.212109 0.863194 0.028906 0.031944
7 0.251563 0.679861 0.010937 0.012500
7 0.301172 0.677083 0.024219 0.012500
7 0.153125 0.689583 0.025000 0.015278
7 0.199609 0.685417 0.025781 0.015278
8 0.053125 0.921528 0.014063 0.068056
5 0.052734 0.904167 0.013281 0.036111
8 0.113672 0.921528 0.049219 0.068056
5 0.117188 0.893750 0.032813 0.034722
8 0.164062 0.904167 0.064062 0.058333
5 0.163281 0.886111 0.056250 0.030556
8 0.228516 0.889583 0.063281 0.062500
5 0.226953 0.875694 0.057031 0.029167
8 0.181250 0.937500 0.065625 0.083333
5 0.180859 0.914583 0.060156 0.040278
8 0.254297 0.925000 0.061719 0.080556
5 0.251563 0.902083 0.057813 0.037500
8 0.122266 0.949306 0.066406 0.084722
5 0.123047 0.927083 0.053906 0.043056
8 0.053125 0.954861 0.014063 0.051389
5 0.053125 0.938194 0.014063 0.040278
0 0.158594 0.911806 0.196875 0.173611
0 0.792578 0.797222 0.107031 0.227778
1 0.445312 0.684028 0.065625 0.109722
1 0.410547 0.688194 0.064844 0.112500
1 0.409375 0.666667 0.060937 0.088889
1 0.376172 0.676389 0.060156 0.105556
1 0.378125 0.655556 0.056250 0.083333
1 0.350781 0.665972 0.046875 0.098611
1 0.364063 0.637500 0.062500 0.080556
1 0.079297 0.709722 0.067969 0.113889
1 0.074609 0.700694 0.058594 0.109722