3 0.499609 0.851389 0.999219 0.294444
4 0.053125 0.884028 0.010937 0.090278
4 0.098828 0.770139 0.002344 0.031944
8 0.199219 0.725694 0.025000 0.006944
5 0.155469 0.695833 0.034375 0.008333
5 0.155469 0.695833 0.034375 0.008333
5 0.155469 0.695833 0.034375 0.008333
5 0.155469 0.688194 0.034375 0.009722
5 0.155469 0.688194 0.034375 0.009722
5 0.155469 0.688194 0.034375 0.009722
5 0.155078 0.703472 0.033594 0.006944
5 0.155078 0.703472 0.033594 0.006944
5 0.155078 0.703472 0.033594 0.006944
5 0.120703 0.705556 0.033594 0.005556
5 0.120703 0.705556 0.033594 0.005556
5 0.120703 0.705556 0.033594 0.005556
5 0.120703 0.697917 0.033594 0.006944
5 0.120703 0.697917 0.033594 0.006944
5 0.120703 0.697917 0.033594 0.006944
5 0.120703 0.690972 0.033594 0.006944
5 0.120703 0.690972 0.033594 0.006944
5 0.120703 0.690972 0.033594 0.006944
5 0.121875 0.683333 0.034375 0.008333
5 0.121875 0.683333 0.034375 0.008333
5 0.121875 0.683333 0.034375 0.008333
6 0.220703 0.693056 0.003906 0.022222
6 0.209375 0.656944 0.028125 0.041667
6 0.209375 0.684028 0.028125 0.043056
6 0.093359 0.688889 0.008594 0.041667
5 0.802734 0.852083 0.032031 0.026389
5 0.802734 0.852083 0.032031 0.026389
5 0.802734 0.852083 0.032031 0.026389
5 0.819141 0.834028 0.066406 0.026389
5 0.819141 0.834028 0.066406 0.026389
5 0.819141 0.834028 0.066406 0.026389
5 0.902734 0.903472 0.067969 0.029167
5 0.902734 0.903472 0.067969 0.029167
5 0.902734 0.903472 0.067969 0.029167
5 0.902344 0.886111 0.067187 0.030556
5 0.902344 0.886111 0.067187 0.030556
5 0.902344 0.886111 0.067187 0.030556
5 0.896484 0.868056 0.078906 0.030556
5 0.896484 0.868056 0.078906 0.030556
5 0.896484 0.868056 0.078906 0.030556
5 0.894141 0.845833 0.083594 0.036111
5 0.894141 0.845833 0.083594 0.036111
5 0.894141 0.845833 0.083594 0.036111
6 0.324219 0.913194 0.071875 0.137500
6 0.507031 0.897222 0.093750 0.136111
6 0.325000 0.800694 0.071875 0.131944
6 0.439453 0.900694 0.061719 0.131944
7 0.038281 0.808333 0.015625 0.022222
7 0.247656 0.889583 0.029687 0.034722
7 0.416406 0.735417 0.014063 0.012500
7 0.456641 0.734028 0.022656 0.012500
7 0.305859 0.739583 0.019531 0.012500
7 0.351172 0.737500 0.019531 0.013889
8 0.030859 0.926389 0.058594 0.066667
5 0.027734 0.906250 0.055469 0.029167
8 0.096094 0.925000 0.064062 0.072222
5 0.095703 0.902083 0.055469 0.029167
8 0.157422 0.919444 0.058594 0.069444
5 0.157031 0.896528 0.051562 0.029167
8 0.225391 0.913889 0.053906 0.066667
5 0.224219 0.893056 0.046875 0.027778
8 0.150000 0.949306 0.064062 0.079167
5 0.150000 0.925694 0.056250 0.034722
8 0.223828 0.943750 0.058594 0.076389
5 0.223047 0.920833 0.050781 0.036111
8 0.083594 0.955556 0.070312 0.080556
5 0.083203 0.931250 0.061719 0.037500
8 0.022656 0.946528 0.045312 0.054167
5 0.006641 0.936111 0.013281 0.033333
0 0.027344 0.896528 0.054688 0.204167
0 0.826953 0.847917 0.197656 0.265278
1 0.570312 0.738194 0.062500 0.109722
1 0.530859 0.740278 0.061719 0.113889
1 0.538672 0.720833 0.050781 0.091667
1 0.505078 0.729167 0.055469 0.105556
1 0.517969 0.711806 0.051562 0.084722
1 0.482812 0.719444 0.051562 0.100000
1 0.523438 0.697222 0.062500 0.080556
1 0.181641 0.747222 0.085156 0.116667
1 0.182031 0.740278 0.079687 0.111111
5 0.055859 0.740972 0.030469 0.009722
5 0.055859 0.735417 0.030469 0.009722
5 0.055859 0.723611 0.030469 0.008333
5 0.055859 0.729861 0.030469 0.009722
5 0.097266 0.788194 0.038281 0.012500
5 0.112891 0.799306 0.002344 0.006944
5 0.109375 0.798611 0.006250 0.013889
5 0.108594 0.810417 0.003125 0.006944
5 0.086719 0.811806 0.043750 0.018056
5 0.083594 0.821528 0.043750 0.015278
5 0.086719 0.804167 0.043750 0.016667
5 0.083594 0.795833 0.043750 0.016667