3 0.501172 0.884028 0.994531 0.229167
4 0.237109 0.807639 0.002344 0.034722
4 0.119141 0.786111 0.002344 0.000000
4 0.025391 0.793056 0.002344 0.013889
4 0.255078 0.789583 0.024219 0.048611
4 0.210547 0.788194 0.007031 0.048611
4 0.154688 0.787500 0.014063 0.047222
4 0.107813 0.773611 0.001563 0.022222
4 0.050781 0.785417 0.018750 0.045833
4 0.008984 0.781944 0.002344 0.041667
8 0.548438 0.773611 0.026562 0.016667
8 0.453906 0.768056 0.000000 0.011111
5 0.541016 0.759722 0.030469 0.005556
5 0.541016 0.759722 0.030469 0.005556
5 0.541016 0.759722 0.030469 0.005556
5 0.541016 0.752778 0.030469 0.005556
5 0.541016 0.752778 0.030469 0.005556
5 0.541016 0.752778 0.030469 0.005556
5 0.541016 0.765278 0.030469 0.005556
5 0.541016 0.765278 0.030469 0.005556
5 0.541016 0.765278 0.030469 0.005556
5 0.517578 0.766667 0.019531 0.005556
5 0.517578 0.766667 0.019531 0.005556
5 0.517578 0.766667 0.019531 0.005556
5 0.516406 0.761111 0.017188 0.005556
5 0.516406 0.761111 0.017188 0.005556
5 0.516406 0.761111 0.017188 0.005556
5 0.516406 0.754167 0.017188 0.005556
5 0.516406 0.754167 0.017188 0.005556
5 0.516406 0.754167 0.017188 0.005556
5 0.518359 0.747222 0.021094 0.005556
5 0.518359 0.747222 0.021094 0.005556
5 0.518359 0.747222 0.021094 0.005556
6 0.454297 0.749306 0.000781 0.031944
5 0.901172 0.861111 0.014844 0.025000
5 0.901172 0.861111 0.014844 0.025000
5 0.901172 0.861111 0.014844 0.025000
5 0.901563 0.845139 0.015625 0.023611
5 0.901563 0.845139 0.015625 0.023611
5 0.901563 0.845139 0.015625 0.023611
5 0.901172 0.876389 0.014844 0.025000
5 0.901172 0.876389 0.014844 0.025000
5 0.901172 0.876389 0.014844 0.025000
5 0.942969 0.897222 0.067187 0.030556
5 0.942969 0.897222 0.067187 0.030556
5 0.942969 0.897222 0.067187 0.030556
5 0.942969 0.879861 0.068750 0.029167
5 0.942969 0.879861 0.068750 0.029167
5 0.942969 0.879861 0.068750 0.029167
5 0.942578 0.861806 0.067969 0.029167
5 0.942578 0.861806 0.067969 0.029167
5 0.942578 0.861806 0.067969 0.029167
5 0.942578 0.841667 0.067969 0.027778
5 0.942578 0.841667 0.067969 0.027778
5 0.942578 0.841667 0.067969 0.027778
6 0.375781 0.816667 0.081250 0.052778
6 0.524609 0.845833 0.064844 0.108333
6 0.376563 0.752083 0.081250 0.098611
6 0.429688 0.816667 0.048438 0.052778
6 0.108594 0.828472 0.076563 0.095833
6 0.032031 0.826389 0.046875 0.091667
7 0.065625 0.832639 0.009375 0.012500
7 0.321875 0.807639 0.026562 0.015278
7 0.398047 0.840278 0.013281 0.005556
7 0.612891 0.787500 0.013281 0.011111
7 0.651953 0.788194 0.005469 0.009722
7 0.284375 0.781250 0.026562 0.009722
7 0.246875 0.780556 0.025000 0.008333
7 0.326953 0.782639 0.010156 0.009722
6 0.051562 0.775000 0.039062 0.052778
6 0.030078 0.777083 0.042969 0.054167
6 0.030469 0.727778 0.043750 0.052778
6 0.067187 0.727083 0.029687 0.051389
6 0.174609 0.729167 0.050781 0.055556
6 0.200000 0.727778 0.048438 0.052778
6 0.173828 0.781944 0.050781 0.058333
6 0.199609 0.777778 0.049219 0.055556
6 0.183203 0.758333 0.030469 0.041667
6 0.169141 0.755556 0.000781 0.025000
8 0.214453 0.829861 0.032031 0.006944
5 0.198437 0.830556 0.056250 0.013889
8 0.258984 0.831250 0.028906 0.006944
5 0.245312 0.829861 0.053125 0.009722
8 0.302344 0.833333 0.028125 0.008333
5 0.285938 0.832639 0.054688 0.012500
8 0.331250 0.837500 0.051562 0.002778
5 0.333203 0.834028 0.052344 0.012500
8 0.284766 0.838194 0.002344 0.001389
5 0.258203 0.836806 0.049219 0.004167
8 0.333594 0.839583 0.001563 0.001389
5 0.308594 0.838194 0.046875 0.004167
8 0.207031 0.843750 0.064062 0.015278
5 0.208594 0.840278 0.059375 0.013889
8 0.160938 0.848611 0.068750 0.027778
5 0.162891 0.839583 0.057031 0.015278
8 0.023828 0.996528 0.013281 0.004167
5 0.021094 0.979167 0.042188 0.038889
0 0.026953 0.813194 0.044531 0.262500
0 0.782422 0.806944 0.182031 0.250000
0 0.096094 0.745139 0.054688 0.109722
0 0.142578 0.746528 0.063281 0.112500
1 0.799219 0.745139 0.045312 0.043056
1 0.757812 0.745139 0.042188 0.043056
1 0.792578 0.744444 0.039844 0.044444
1 0.753125 0.743056 0.037500 0.044444
1 0.782031 0.741667 0.025000 0.041667
1 0.750781 0.742361 0.035937 0.045833
1 0.836719 0.757639 0.060937 0.079167
1 0.433594 0.767361 0.042188 0.093056
1 0.460547 0.765278 0.071094 0.088889
1 0.283594 0.763194 0.071875 0.087500
1 0.266797 0.765972 0.075781 0.090278
1 0.142187 0.745139 0.051562 0.056944
2 0.122266 0.733333 0.008594 0.016667
2 0.157422 0.734028 0.016406 0.020833
2 0.165234 0.765278 0.000781 0.011111
2 0.158594 0.737500 0.001563 0.011111
1 0.078125 0.749306 0.051562 0.068056
2 0.066016 0.765278 0.007031 0.022222
2 0.056641 0.765972 0.010156 0.020833
2 0.062109 0.732639 0.019531 0.018056
2 0.096875 0.723611 0.001563 0.000000
2 0.082031 0.726389 0.010937 0.005556
2 0.067969 0.723611 0.009375 0.000000
2 0.090625 0.723611 0.004687 0.000000
1 0.144922 0.956250 0.075781 0.084722
1 0.231250 0.904861 0.418750 0.187500
2 0.357812 0.934028 0.135937 0.129167
2 0.121875 0.930556 0.159375 0.136111
2 0.296484 0.875000 0.105469 0.013889
2 0.259375 0.939583 0.117188 0.118056
2 0.221875 0.872222 0.103125 0.013889
2 0.180078 0.937500 0.119531 0.122222
1 0.318359 0.897222 0.344531 0.202778
2 0.425000 0.920833 0.106250 0.155556
2 0.223438 0.852083 0.123438 0.026389
2 0.369141 0.847917 0.083594 0.009722
2 0.341406 0.860417 0.089063 0.018056
2 0.305078 0.845139 0.082031 0.009722
2 0.274609 0.857639 0.092969 0.018056
1 0.099609 0.726389 0.030469 0.022222
2 0.100000 0.734028 0.026562 0.018056
2 0.122656 0.723611 0.009375 0.000000
2 0.108203 0.723611 0.011719 0.000000
2 0.920703 0.973611 0.157031 0.050000
2 0.923438 0.987500 0.151562 0.022222
2 0.743750 0.993750 0.173437 0.009722
2 0.749219 0.940972 0.185938 0.115278
2 0.751953 0.770139 0.163281 0.009722
2 0.747656 0.834028 0.184375 0.120833
5 0.421875 0.781944 0.028125 0.005556
5 0.421875 0.777083 0.028125 0.004167
5 0.421875 0.767361 0.028125 0.004167
5 0.421875 0.772222 0.028125 0.005556
5 0.392188 0.800000 0.026562 0.005556
5 0.404687 0.806944 0.001563 0.005556
5 0.375000 0.806944 0.032813 0.005556
5 0.372266 0.812500 0.027344 0.005556
5 0.358984 0.809722 0.039844 0.008333
5 0.349219 0.818056 0.020313 0.005556
5 0.358984 0.803472 0.039844 0.006944
5 0.354297 0.797222 0.010156 0.005556