3 0.499609 0.822222 0.999219 0.352778
4 0.533594 0.797917 0.009375 0.068056
4 0.622656 0.843056 0.039062 0.077778
4 0.698438 0.871528 0.012500 0.081944
4 0.752734 0.902778 0.046094 0.091667
4 0.929688 0.963889 0.043750 0.069444
4 0.127344 0.883333 0.004687 0.083333
4 0.194922 0.936111 0.017969 0.055556
8 0.930469 0.959722 0.073438 0.077778
8 0.987500 0.763194 0.023438 0.040278
5 0.287109 0.695139 0.046094 0.015278
5 0.287109 0.695139 0.046094 0.015278
5 0.287109 0.695139 0.046094 0.015278
5 0.287109 0.684722 0.046094 0.016667
5 0.287109 0.684722 0.046094 0.016667
5 0.287109 0.684722 0.046094 0.016667
5 0.287109 0.703472 0.046094 0.018056
5 0.287109 0.703472 0.046094 0.018056
5 0.287109 0.703472 0.046094 0.018056
5 0.353516 0.697222 0.036719 0.011111
5 0.353516 0.697222 0.036719 0.011111
5 0.353516 0.697222 0.036719 0.011111
5 0.353516 0.688194 0.036719 0.012500
5 0.353516 0.688194 0.036719 0.012500
5 0.353516 0.688194 0.036719 0.012500
5 0.353516 0.679167 0.036719 0.013889
5 0.353516 0.679167 0.036719 0.013889
5 0.353516 0.679167 0.036719 0.013889
5 0.353516 0.668750 0.036719 0.015278
5 0.353516 0.668750 0.036719 0.015278
5 0.353516 0.668750 0.036719 0.015278
6 0.535937 0.728472 0.053125 0.059722
6 0.481641 0.712500 0.047656 0.072222
6 0.536719 0.671528 0.054688 0.076389
6 0.507422 0.718056 0.049219 0.069444
6 0.667578 0.791667 0.061719 0.097222
6 0.734375 0.809028 0.065625 0.098611
7 0.595313 0.924306 0.071875 0.045833
7 0.148047 0.944444 0.067969 0.033333
7 0.427344 0.791667 0.057813 0.025000
7 0.555078 0.857639 0.067969 0.031944
6 0.224609 0.918056 0.099219 0.161111
6 0.082422 0.931250 0.102344 0.134722
6 0.222656 0.988889 0.093750 0.019444
8 0.770703 0.867361 0.032031 0.029167
5 0.773828 0.856944 0.028906 0.025000
8 0.751953 0.893750 0.071094 0.059722
5 0.754297 0.872222 0.066406 0.033333
8 0.583984 0.809722 0.060156 0.041667
5 0.584375 0.790972 0.056250 0.020833
8 0.558984 0.797222 0.060156 0.038889
5 0.558594 0.779861 0.054688 0.020833
8 0.535547 0.787500 0.058594 0.038889
5 0.534766 0.770833 0.052344 0.019444
8 0.512500 0.777083 0.056250 0.037500
5 0.512109 0.760417 0.050781 0.018056
8 0.583984 0.771528 0.057031 0.023611
5 0.583203 0.761806 0.050781 0.018056
8 0.559766 0.759028 0.055469 0.018056
5 0.559375 0.752778 0.050000 0.016667
8 0.593359 0.786111 0.028906 0.036111
5 0.597656 0.770833 0.032813 0.019444
8 0.609375 0.790972 0.009375 0.023611
5 0.610547 0.781944 0.007031 0.011111
8 0.739844 0.690972 0.018750 0.020833
5 0.751953 0.681250 0.038281 0.009722
8 0.730078 0.677778 0.041406 0.005556
5 0.729688 0.675694 0.037500 0.009722
8 0.761328 0.688194 0.019531 0.006944
5 0.768359 0.685417 0.028906 0.009722
8 0.697656 0.692361 0.042188 0.026389
5 0.697656 0.680556 0.037500 0.011111
8 0.719141 0.697917 0.042969 0.026389
5 0.718750 0.686111 0.039062 0.011111
8 0.740625 0.703472 0.043750 0.026389
5 0.740234 0.690278 0.039844 0.011111
8 0.751953 0.709722 0.021094 0.027778
5 0.753906 0.697222 0.020313 0.011111
8 0.916016 0.736806 0.041406 0.029167
5 0.914453 0.722917 0.038281 0.015278
8 0.929297 0.726389 0.039844 0.022222
5 0.930078 0.718750 0.038281 0.015278
8 0.905859 0.744444 0.021094 0.030556
5 0.904297 0.729861 0.017969 0.012500
0 0.991797 0.758333 0.014844 0.169444
0 0.775000 0.696528 0.028125 0.143056
0 0.456250 0.652083 0.054688 0.120833
0 0.217188 0.960417 0.187500 0.076389
0 0.173437 0.936806 0.179688 0.123611
1 0.012891 0.704861 0.025781 0.095833
1 0.017188 0.717361 0.034375 0.106944
1 0.030469 0.826389 0.060937 0.169444
1 0.036719 0.919444 0.073438 0.158333
1 0.106641 0.911806 0.107031 0.173611
1 0.909375 0.609722 0.025000 0.033333
2 0.907813 0.611806 0.023438 0.023611
2 0.915625 0.645833 0.003125 0.000000
2 0.897656 0.600000 0.003125 0.000000
2 0.900000 0.599306 0.007812 0.001389
1 0.983984 0.636111 0.030469 0.075000
2 0.969141 0.646528 0.002344 0.012500
2 0.975000 0.639583 0.009375 0.001389
2 0.974609 0.613889 0.013281 0.011111
2 0.996094 0.625694 0.006250 0.023611
2 0.983984 0.654861 0.030469 0.029167
2 0.977344 0.622917 0.017188 0.023611
2 0.983984 0.610417 0.013281 0.001389
2 0.988281 0.624306 0.015625 0.023611
2 0.994922 0.611806 0.008594 0.001389
1 0.938281 0.648611 0.068750 0.086111
2 0.915234 0.660417 0.017969 0.026389
2 0.921875 0.647917 0.009375 0.001389
2 0.919922 0.627083 0.027344 0.026389
2 0.955859 0.633333 0.027344 0.025000
2 0.944141 0.663889 0.052344 0.030556
2 0.927734 0.629861 0.019531 0.026389
2 0.935937 0.617361 0.015625 0.001389
2 0.938281 0.631944 0.017188 0.025000
2 0.944531 0.618750 0.010937 0.001389
1 0.764062 0.604167 0.020313 0.011111
2 0.769141 0.609722 0.025781 0.002778
2 0.787891 0.614583 0.002344 0.001389
2 0.782813 0.645139 0.012500 0.001389
2 0.775000 0.611806 0.017188 0.004167
2 0.782422 0.610417 0.013281 0.001389
2 0.782813 0.613889 0.012500 0.002778
2 0.787891 0.611111 0.002344 0.000000
1 0.905859 0.662500 0.021094 0.086111
2 0.905859 0.640972 0.014844 0.026389
2 0.905469 0.675694 0.015625 0.029167
2 0.899609 0.626389 0.002344 0.000000
1 0.759375 0.640278 0.059375 0.077778
2 0.739844 0.655556 0.015625 0.025000
2 0.748047 0.643056 0.005469 0.000000
2 0.745313 0.622917 0.026562 0.026389
2 0.775391 0.628472 0.027344 0.026389
2 0.765625 0.659722 0.046875 0.030556
2 0.750781 0.625000 0.017188 0.025000
2 0.758984 0.613194 0.014844 0.001389
2 0.759375 0.627778 0.015625 0.025000
2 0.768750 0.614583 0.012500 0.001389
2 0.574609 0.663889 0.024219 0.033333
2 0.606641 0.672917 0.038281 0.031944
2 0.650781 0.670833 0.026562 0.027778
2 0.606641 0.646528 0.038281 0.031944
2 0.650781 0.645139 0.026562 0.026389
2 0.606641 0.620139 0.038281 0.031944
2 0.644922 0.617361 0.038281 0.031944
5 0.020313 0.948611 0.040625 0.013889
5 0.019922 0.955556 0.039844 0.025000
5 0.914062 0.877083 0.039062 0.020833
5 0.914062 0.888194 0.039062 0.023611
5 0.913672 0.911806 0.038281 0.023611
5 0.914062 0.899306 0.039062 0.023611
5 0.913672 0.932639 0.038281 0.023611
5 0.913672 0.921528 0.038281 0.020833
5 0.082031 0.923611 0.040625 0.025000
5 0.081641 0.938889 0.041406 0.022222
5 0.914062 0.866667 0.039062 0.022222
5 0.914062 0.849306 0.039062 0.034722
5 0.958984 0.860417 0.050781 0.020833
5 0.954688 0.870833 0.057813 0.022222
5 0.958594 0.893056 0.050000 0.022222
5 0.958984 0.881944 0.049219 0.022222
5 0.958594 0.913889 0.050000 0.022222
5 0.958594 0.902778 0.050000 0.022222
5 0.171094 0.907639 0.028125 0.012500
5 0.167187 0.917361 0.035937 0.018056
5 0.946875 0.847222 0.075000 0.027778
5 0.946484 0.836111 0.075781 0.025000
5 0.946875 0.772222 0.075000 0.025000
5 0.946875 0.784028 0.075000 0.023611
5 0.946484 0.805556 0.075781 0.025000
5 0.946484 0.794444 0.075781 0.025000
5 0.946484 0.826389 0.075781 0.025000
5 0.946484 0.815278 0.075781 0.025000
5 0.196484 0.888194 0.014844 0.018056
5 0.179297 0.874306 0.060156 0.020833
5 0.946875 0.763194 0.075000 0.023611
5 0.946875 0.748611 0.075000 0.027778