3 0.499609 0.759028 0.999219 0.479167
4 0.571094 0.864583 0.050000 0.115278
4 0.525000 0.859028 0.001563 0.004167
4 0.512109 0.805556 0.025781 0.038889
4 0.467578 0.743750 0.010156 0.079167
4 0.460938 0.718750 0.029687 0.079167
4 0.420703 0.678472 0.005469 0.062500
4 0.378125 0.625000 0.001563 0.052778
4 0.379688 0.613889 0.017188 0.050000
4 0.356250 0.592361 0.006250 0.051389
4 0.341406 0.591667 0.001563 0.002778
4 0.621094 0.575694 0.012500 0.045833
4 0.583203 0.561111 0.005469 0.038889
4 0.934375 0.729861 0.029687 0.084722
4 0.890625 0.708333 0.009375 0.072222
4 0.836328 0.682639 0.024219 0.073611
4 0.803125 0.665972 0.007812 0.062500
4 0.769922 0.645833 0.013281 0.063889
4 0.679688 0.624306 0.003125 0.015278
4 0.646484 0.595139 0.000781 0.043056
8 0.425781 0.747917 0.034375 0.051389
6 0.467969 0.967361 0.150000 0.062500
6 0.410938 0.919444 0.115625 0.158333
6 0.356641 0.865972 0.116406 0.154167
7 0.301172 0.759028 0.033594 0.029167
7 0.305859 0.731944 0.055469 0.022222
7 0.553516 0.738194 0.046094 0.031944
7 0.735156 0.696528 0.050000 0.026389
7 0.653125 0.841667 0.057813 0.047222
7 0.639453 0.945139 0.083594 0.048611
7 0.865234 0.577083 0.036719 0.009722
7 0.892188 0.586111 0.031250 0.011111
7 0.813672 0.561806 0.033594 0.009722
7 0.838281 0.568056 0.032813 0.011111
7 0.746484 0.541667 0.030469 0.008333
7 0.731641 0.536806 0.025781 0.006944
7 0.774219 0.548611 0.025000 0.008333
6 0.036719 0.523611 0.031250 0.041667
6 0.036719 0.490972 0.031250 0.040278
6 0.000000 0.489583 0.000000 0.034722
6 0.000391 0.521528 0.000781 0.034722
6 0.251953 0.484028 0.028906 0.034722
6 0.252344 0.517361 0.026562 0.040278
6 0.301953 0.484722 0.022656 0.038889
6 0.303125 0.512500 0.021875 0.033333
6 0.493750 0.479861 0.029687 0.034722
6 0.492578 0.504167 0.027344 0.025000
6 0.537500 0.477778 0.026562 0.033333
6 0.538672 0.509028 0.024219 0.034722
6 0.003125 0.559722 0.006250 0.052778
6 0.721094 0.558333 0.006250 0.005556
6 0.657422 0.579861 0.039844 0.054167
6 0.718359 0.532639 0.016406 0.051389
6 0.658203 0.531944 0.039844 0.058333
6 0.639844 0.511806 0.014063 0.051389
6 0.602734 0.513194 0.033594 0.051389
6 0.602734 0.556944 0.033594 0.052778
6 0.639844 0.555556 0.014063 0.050000
6 0.896484 0.647917 0.063281 0.062500
6 0.833594 0.659722 0.060937 0.086111
6 0.833984 0.590972 0.061719 0.084722
6 0.896484 0.586111 0.061719 0.080556
6 0.969531 0.641667 0.059375 0.108333
6 0.969141 0.727778 0.060156 0.111111
6 0.293359 0.607639 0.033594 0.065278
6 0.289453 0.600000 0.032031 0.066667
6 0.301953 0.615972 0.035156 0.065278
6 0.307031 0.631250 0.037500 0.079167
6 0.270313 0.532639 0.023438 0.001389
6 0.268750 0.529167 0.025000 0.005556
8 0.338672 0.676389 0.050781 0.038889
5 0.340234 0.663194 0.047656 0.015278
8 0.334375 0.665972 0.051562 0.037500
5 0.334766 0.652083 0.046094 0.012500
8 0.337891 0.699306 0.044531 0.040278
5 0.337109 0.689583 0.039844 0.020833
8 0.384766 0.699306 0.046094 0.045833
5 0.384375 0.685417 0.040625 0.020833
8 0.394531 0.825694 0.065625 0.062500
5 0.393750 0.812500 0.057813 0.038889
8 0.455078 0.823611 0.060156 0.072222
5 0.456641 0.804861 0.057031 0.037500
8 0.536719 0.980556 0.120313 0.036111
5 0.537891 0.979861 0.108594 0.037500
8 0.403125 0.988194 0.106250 0.020833
5 0.408594 0.987500 0.103125 0.022222
0 0.050000 0.568750 0.043750 0.131944
0 0.096094 0.506250 0.028125 0.087500
0 0.066016 0.525000 0.033594 0.097222
0 0.011719 0.751389 0.023438 0.261111
0 0.178516 0.519444 0.028906 0.088889
0 0.180859 0.577083 0.039844 0.143056
0 0.204297 0.503472 0.024219 0.087500
0 0.451953 0.498611 0.028906 0.083333
0 0.435156 0.537500 0.034375 0.111111
0 0.499219 0.587500 0.053125 0.150000
0 0.496484 0.519444 0.025781 0.091667
0 0.735547 0.563889 0.052344 0.125000
0 0.798047 0.583333 0.105469 0.138889
0 0.921484 0.632639 0.096094 0.173611
0 0.956641 0.648611 0.085156 0.183333
1 0.734766 0.609722 0.050781 0.119444
1 0.696094 0.610417 0.048438 0.118056
1 0.562109 0.515278 0.036719 0.066667
1 0.538281 0.515972 0.028125 0.068056
1 0.578516 0.518750 0.038281 0.065278
1 0.550391 0.521528 0.038281 0.070833
1 0.598828 0.501389 0.039844 0.055556
1 0.632031 0.501389 0.029687 0.055556
1 0.502734 0.504861 0.046094 0.056944
1 0.547656 0.504167 0.046875 0.058333
1 0.253125 0.532639 0.031250 0.076389
1 0.247656 0.525694 0.028125 0.073611
1 0.280469 0.512500 0.028125 0.038889
1 0.275781 0.510417 0.029687 0.043056
1 0.982812 0.594444 0.032813 0.094444
2 0.989844 0.620139 0.018750 0.031944
2 0.979297 0.610417 0.017969 0.020833
2 0.984766 0.575000 0.028906 0.033333
2 0.986719 0.599306 0.003125 0.001389
2 0.999219 0.561111 0.000000 0.000000
2 0.993359 0.559028 0.011719 0.001389
1 0.280859 0.575694 0.066406 0.095833
2 0.259375 0.593750 0.015625 0.029167
2 0.258594 0.588194 0.015625 0.023611
2 0.258984 0.554861 0.014844 0.031944
2 0.305859 0.552778 0.016406 0.030556
2 0.290625 0.590278 0.046875 0.033333
2 0.275000 0.554861 0.015625 0.029167
2 0.274219 0.539583 0.015625 0.001389
2 0.290625 0.553472 0.015625 0.026389
2 0.289453 0.538194 0.014844 0.001389
1 0.279687 0.568750 0.067187 0.093056
2 0.257812 0.536111 0.012500 0.005556
2 0.302344 0.534722 0.015625 0.005556
2 0.266406 0.576389 0.000000 0.000000
2 0.271875 0.536806 0.015625 0.004167
2 0.271094 0.534028 0.014063 0.001389
2 0.287500 0.536111 0.015625 0.002778
2 0.286328 0.533333 0.014844 0.000000
5 0.426563 0.724306 0.065625 0.029167
5 0.426953 0.736111 0.064844 0.027778
5 0.426953 0.747917 0.064844 0.026389
5 0.426953 0.759028 0.064844 0.029167
5 0.426953 0.781250 0.064844 0.026389
5 0.426953 0.770833 0.064844 0.027778
5 0.425781 0.802778 0.062500 0.027778
5 0.423828 0.792361 0.058594 0.026389
5 0.350781 0.754167 0.064062 0.027778
5 0.350781 0.765278 0.064062 0.030556
5 0.350781 0.788194 0.064062 0.029167
5 0.350781 0.777083 0.064062 0.029167
5 0.349219 0.811806 0.060937 0.029167
5 0.346875 0.800000 0.056250 0.027778
5 0.350781 0.743056 0.064062 0.027778
5 0.350781 0.731250 0.064062 0.029167
5 0.263281 0.761806 0.062500 0.029167
5 0.263281 0.773611 0.062500 0.030556
5 0.263281 0.796528 0.062500 0.031944
5 0.263281 0.784722 0.062500 0.030556
5 0.263281 0.819444 0.062500 0.033333
5 0.263281 0.808333 0.062500 0.030556
5 0.262891 0.750000 0.063281 0.027778
5 0.262891 0.738889 0.063281 0.027778
5 0.262500 0.670139 0.062500 0.026389
5 0.262500 0.681944 0.062500 0.027778
5 0.262500 0.705556 0.062500 0.027778
5 0.262500 0.693056 0.062500 0.027778
5 0.262891 0.727778 0.063281 0.027778
5 0.262500 0.716667 0.062500 0.027778
5 0.262500 0.658333 0.062500 0.025000
5 0.262109 0.647222 0.063281 0.025000
5 0.300000 0.531250 0.015625 0.001389
5 0.253516 0.532639 0.003906 0.001389
5 0.314063 0.537500 0.000000 0.002778