3 0.499609 0.850694 0.999219 0.295833
4 0.401172 0.770139 0.005469 0.068056
4 0.408203 0.802083 0.032031 0.081944
4 0.432031 0.821528 0.003125 0.079167
4 0.431250 0.847917 0.035937 0.098611
4 0.464453 0.880556 0.013281 0.105556
4 0.469531 0.916667 0.050000 0.125000
4 0.514453 0.949306 0.005469 0.098611
4 0.542188 0.962500 0.023438 0.072222
8 0.523828 0.915278 0.067969 0.083333
8 0.980078 0.784722 0.038281 0.016667
5 0.361719 0.703472 0.043750 0.009722
5 0.361719 0.703472 0.043750 0.009722
5 0.361719 0.703472 0.043750 0.009722
5 0.362109 0.693750 0.044531 0.012500
5 0.362109 0.693750 0.044531 0.012500
5 0.362109 0.693750 0.044531 0.012500
5 0.361719 0.712500 0.043750 0.011111
5 0.361719 0.712500 0.043750 0.011111
5 0.361719 0.712500 0.043750 0.011111
5 0.423828 0.710417 0.044531 0.009722
5 0.423828 0.710417 0.044531 0.009722
5 0.423828 0.710417 0.044531 0.009722
5 0.423828 0.702083 0.044531 0.009722
5 0.423828 0.702083 0.044531 0.009722
5 0.423828 0.702083 0.044531 0.009722
5 0.423828 0.693056 0.044531 0.011111
5 0.423828 0.693056 0.044531 0.011111
5 0.423828 0.693056 0.044531 0.011111
5 0.423828 0.683333 0.044531 0.011111
5 0.423828 0.683333 0.044531 0.011111
5 0.423828 0.683333 0.044531 0.011111
6 0.501172 0.730556 0.041406 0.072222
6 0.482812 0.716667 0.037500 0.069444
6 0.502344 0.668056 0.043750 0.072222
6 0.491797 0.713889 0.025781 0.052778
6 0.524219 0.769444 0.067187 0.086111
6 0.557422 0.776389 0.069531 0.080556
7 0.685547 0.942361 0.103906 0.040278
7 0.732031 0.979861 0.107813 0.037500
7 0.315234 0.968750 0.050781 0.059722
7 0.304688 0.858333 0.035937 0.036111
7 0.350000 0.769444 0.054688 0.016667
7 0.367578 0.816667 0.066406 0.022222
8 0.701172 0.977778 0.111719 0.041667
5 0.702344 0.977083 0.098437 0.043056
8 0.592187 0.981250 0.070312 0.034722
5 0.611328 0.980556 0.094531 0.036111
8 0.539062 0.840278 0.046875 0.041667
5 0.559375 0.827083 0.006250 0.023611
8 0.486328 0.852083 0.060156 0.059722
5 0.478906 0.831250 0.035937 0.023611
8 0.458594 0.784028 0.057813 0.040278
5 0.457422 0.769444 0.052344 0.013889
8 0.453125 0.775694 0.054688 0.034722
5 0.449219 0.759028 0.043750 0.006944
8 0.443359 0.769444 0.049219 0.038889
5 0.444922 0.754167 0.047656 0.011111
8 0.441016 0.761806 0.050781 0.034722
5 0.440234 0.747222 0.046094 0.011111
8 0.484375 0.768056 0.010937 0.036111
5 0.485156 0.753472 0.009375 0.009722
8 0.484375 0.754861 0.010937 0.015278
5 0.484375 0.744444 0.010937 0.005556
8 0.488281 0.765278 0.003125 0.019444
5 0.489453 0.757639 0.000781 0.006944
8 0.815625 0.717361 0.003125 0.001389
5 0.819531 0.715278 0.010937 0.008333
5 0.819531 0.708333 0.010937 0.002778
8 0.821484 0.727083 0.007031 0.020833
5 0.822656 0.718056 0.004687 0.005556
8 0.885547 0.727083 0.002344 0.004167
5 0.878906 0.725000 0.009375 0.008333
8 0.817187 0.735417 0.006250 0.018056
5 0.816016 0.719444 0.003906 0.002778
8 0.819531 0.733333 0.010937 0.011111
5 0.819531 0.725694 0.010937 0.009722
8 0.964453 0.771528 0.007031 0.031944
5 0.940234 0.752778 0.046094 0.013889
8 0.975000 0.765972 0.048438 0.037500
5 0.980078 0.752083 0.038281 0.015278
5 0.919531 0.752778 0.003125 0.002778
8 0.858203 0.774306 0.005469 0.031944
5 0.858594 0.754861 0.006250 0.012500
8 0.889844 0.735417 0.056250 0.004167
5 0.880078 0.734722 0.024219 0.008333
8 0.914062 0.744444 0.059375 0.011111
5 0.913281 0.740972 0.053125 0.009722
8 0.859375 0.758333 0.001563 0.025000
5 0.873437 0.742361 0.035937 0.009722
8 0.837891 0.761806 0.047656 0.031944
5 0.835938 0.744444 0.043750 0.011111
0 0.928906 0.772222 0.137500 0.247222
0 0.778125 0.713194 0.085938 0.173611
0 0.517969 0.668750 0.042188 0.118056
0 0.159766 0.913889 0.217969 0.169444
1 0.049219 0.688194 0.076563 0.095833
1 0.042188 0.692361 0.079687 0.098611
1 0.005469 0.683333 0.010937 0.083333
1 0.001172 0.690972 0.002344 0.093056
1 0.965625 0.645833 0.004687 0.019444
2 0.973047 0.650694 0.014844 0.009722
2 0.996094 0.652778 0.006250 0.008333
2 0.980078 0.648611 0.000781 0.002778
2 0.995703 0.645833 0.007031 0.000000
2 0.995313 0.652083 0.006250 0.009722
2 0.999219 0.647222 0.000000 0.000000
1 0.909766 0.681250 0.064844 0.087500
2 0.883984 0.684028 0.007031 0.001389
2 0.892969 0.647222 0.026562 0.002778
2 0.922656 0.663889 0.032813 0.027778
2 0.910547 0.699306 0.044531 0.031944
2 0.891406 0.648611 0.007812 0.000000
2 0.908594 0.647222 0.004687 0.000000
2 0.903125 0.662500 0.014063 0.027778
2 0.918359 0.648611 0.014844 0.000000
1 0.976562 0.697917 0.045312 0.101389
2 0.964063 0.699306 0.006250 0.001389
2 0.963672 0.657639 0.008594 0.001389
2 0.994922 0.677083 0.005469 0.031944
2 0.982812 0.716667 0.029687 0.036111
2 0.967578 0.658333 0.000781 0.000000
2 0.994531 0.658333 0.004687 0.000000
2 0.987891 0.660417 0.016406 0.001389
2 0.995313 0.659722 0.003125 0.000000
1 0.880078 0.683333 0.050781 0.083333
2 0.854688 0.683333 0.000000 0.000000
2 0.870313 0.683333 0.014063 0.000000
2 0.866016 0.647222 0.022656 0.000000
2 0.888281 0.665972 0.028125 0.023611
2 0.878906 0.700000 0.048438 0.033333
2 0.859766 0.661111 0.010156 0.025000
2 0.880859 0.648611 0.008594 0.000000
2 0.864453 0.662500 0.002344 0.025000
2 0.885938 0.648611 0.000000 0.000000
1 0.948047 0.694444 0.066406 0.094444
2 0.928516 0.711806 0.021094 0.029167
2 0.939453 0.697917 0.011719 0.001389
2 0.937109 0.666667 0.036719 0.019444
2 0.966016 0.677778 0.030469 0.030556
2 0.955469 0.718056 0.051562 0.036111
2 0.932813 0.678472 0.007812 0.023611
2 0.941406 0.678472 0.007812 0.023611
2 0.964063 0.661111 0.007812 0.000000
2 0.980859 0.826389 0.036719 0.066667
2 0.672656 0.695139 0.014063 0.023611
2 0.703125 0.704861 0.045312 0.031944
2 0.741797 0.706250 0.030469 0.029167
2 0.703125 0.677083 0.045312 0.031944
2 0.744531 0.678472 0.035937 0.029167
2 0.703125 0.650000 0.045312 0.030556
2 0.739062 0.650000 0.046875 0.030556
5 0.517969 0.811806 0.075000 0.026389
5 0.517969 0.825694 0.075000 0.026389
5 0.517969 0.838194 0.075000 0.026389
5 0.517969 0.851389 0.075000 0.027778
5 0.517969 0.877778 0.075000 0.027778
5 0.517969 0.863889 0.075000 0.027778
5 0.517578 0.903472 0.074219 0.029167
5 0.517969 0.890278 0.075000 0.027778
5 0.601953 0.834028 0.077344 0.026389
5 0.601953 0.846528 0.077344 0.026389
5 0.601953 0.874306 0.077344 0.026389
5 0.601953 0.859722 0.077344 0.027778
5 0.601953 0.898611 0.077344 0.027778
5 0.601953 0.885417 0.077344 0.026389
5 0.601953 0.821528 0.077344 0.026389
5 0.601953 0.808333 0.077344 0.025000
5 0.692969 0.829861 0.079687 0.023611
5 0.692969 0.843056 0.079687 0.025000
5 0.692969 0.867361 0.079687 0.029167
5 0.692969 0.854167 0.079687 0.027778
5 0.692969 0.893056 0.079687 0.027778
5 0.692969 0.879861 0.079687 0.026389
5 0.014844 0.807639 0.029687 0.018056
5 0.015625 0.817361 0.031250 0.018056
5 0.692578 0.818056 0.078906 0.025000
5 0.692578 0.805556 0.078906 0.022222
5 0.692187 0.730556 0.079687 0.019444
5 0.692187 0.743750 0.079687 0.020833
5 0.692578 0.769444 0.078906 0.022222
5 0.692187 0.756944 0.079687 0.022222
5 0.692578 0.793750 0.078906 0.023611
5 0.692578 0.780556 0.078906 0.022222
5 0.014844 0.800000 0.029687 0.016667
5 0.015625 0.789583 0.031250 0.018056
5 0.692187 0.719444 0.079687 0.019444
5 0.692187 0.706250 0.079687 0.020833