3 0.499609 0.886111 0.999219 0.225000
5 0.363281 0.768750 0.067187 0.026389
5 0.363281 0.768750 0.067187 0.026389
5 0.363281 0.768750 0.067187 0.026389
5 0.363281 0.754861 0.067187 0.026389
5 0.363281 0.754861 0.067187 0.026389
5 0.363281 0.754861 0.067187 0.026389
5 0.363281 0.782639 0.067187 0.026389
5 0.363281 0.782639 0.067187 0.026389
5 0.363281 0.782639 0.067187 0.026389
5 0.462500 0.790278 0.060937 0.011111
5 0.462500 0.790278 0.060937 0.011111
5 0.462500 0.790278 0.060937 0.011111
5 0.460938 0.770833 0.064062 0.025000
5 0.460938 0.770833 0.064062 0.025000
5 0.460938 0.770833 0.064062 0.025000
5 0.460938 0.756944 0.064062 0.025000
5 0.460938 0.756944 0.064062 0.025000
5 0.460938 0.756944 0.064062 0.025000
5 0.460938 0.741667 0.064062 0.025000
5 0.460938 0.741667 0.064062 0.025000
5 0.460938 0.741667 0.064062 0.025000
6 0.455469 0.948611 0.073438 0.100000
6 0.469141 0.888194 0.061719 0.134722
6 0.458203 0.863889 0.080469 0.175000
6 0.464844 0.926389 0.065625 0.144444
8 0.995313 0.899306 0.006250 0.018056
5 0.997656 0.892361 0.003125 0.006944
0 0.971484 0.946528 0.055469 0.104167
0 0.586719 0.758333 0.059375 0.222222
2 0.873437 0.797917 0.021875 0.070833
2 0.924609 0.829167 0.082031 0.080556
2 0.982812 0.838194 0.032813 0.065278
2 0.925391 0.780556 0.082031 0.075000
2 0.982812 0.788194 0.032813 0.062500
2 0.926172 0.731250 0.082031 0.073611
2 0.975391 0.732639 0.047656 0.073611