3 0.499609 0.888194 0.999219 0.220833
5 0.205859 0.843750 0.080469 0.031944
5 0.205859 0.843750 0.080469 0.031944
5 0.205859 0.843750 0.080469 0.031944
5 0.205859 0.826389 0.080469 0.033333
5 0.205859 0.826389 0.080469 0.033333
5 0.205859 0.826389 0.080469 0.033333
5 0.205859 0.858333 0.080469 0.030556
5 0.205859 0.858333 0.080469 0.030556
5 0.205859 0.858333 0.080469 0.030556
5 0.313281 0.850000 0.078125 0.025000
5 0.313281 0.850000 0.078125 0.025000
5 0.313281 0.850000 0.078125 0.025000
5 0.313281 0.832639 0.078125 0.029167
5 0.313281 0.832639 0.078125 0.029167
5 0.313281 0.832639 0.078125 0.029167
5 0.313281 0.816667 0.078125 0.030556
5 0.313281 0.816667 0.078125 0.030556
5 0.313281 0.816667 0.078125 0.030556
5 0.313281 0.800694 0.078125 0.029167
5 0.313281 0.800694 0.078125 0.029167
5 0.313281 0.800694 0.078125 0.029167
6 0.533984 0.954167 0.097656 0.088889
6 0.468359 0.921528 0.077344 0.154167
6 0.533984 0.863194 0.097656 0.179167
6 0.498047 0.934028 0.089844 0.129167
8 0.997656 0.866667 0.003125 0.005556
8 0.975781 0.865972 0.043750 0.034722
5 0.978516 0.853472 0.041406 0.023611
8 0.930469 0.883333 0.085938 0.055556
5 0.930078 0.861111 0.077344 0.025000
8 0.961719 0.901389 0.068750 0.058333
5 0.965234 0.878472 0.067969 0.026389
8 0.983984 0.913194 0.030469 0.048611
5 0.986328 0.895139 0.025781 0.023611
0 0.489063 0.787500 0.089063 0.216667
1 0.997656 0.777778 0.003125 0.127778
2 0.714453 0.807639 0.038281 0.062500
2 0.777344 0.828472 0.085938 0.062500
2 0.846484 0.828472 0.052344 0.051389
2 0.777344 0.782639 0.085938 0.059722
2 0.846094 0.782639 0.051562 0.048611
2 0.776953 0.736111 0.085156 0.061111
2 0.828516 0.732639 0.086719 0.059722