3 0.499609 0.843750 0.999219 0.309722
4 0.138672 0.977778 0.000781 0.002778
5 0.471094 0.721528 0.057813 0.020833
5 0.471094 0.721528 0.057813 0.020833
5 0.471094 0.721528 0.057813 0.020833
5 0.471094 0.709722 0.057813 0.022222
5 0.471094 0.709722 0.057813 0.022222
5 0.471094 0.709722 0.057813 0.022222
5 0.471484 0.734028 0.057031 0.018056
5 0.471484 0.734028 0.057031 0.018056
5 0.471484 0.734028 0.057031 0.018056
5 0.547656 0.739583 0.057813 0.020833
5 0.547656 0.739583 0.057813 0.020833
5 0.547656 0.739583 0.057813 0.020833
5 0.547656 0.728472 0.057813 0.020833
5 0.547656 0.728472 0.057813 0.020833
5 0.547656 0.728472 0.057813 0.020833
5 0.547656 0.716667 0.057813 0.022222
5 0.547656 0.716667 0.057813 0.022222
5 0.547656 0.716667 0.057813 0.022222
5 0.547656 0.704167 0.057813 0.022222
5 0.547656 0.704167 0.057813 0.022222
5 0.547656 0.704167 0.057813 0.022222
6 0.432422 0.851389 0.071094 0.122222
6 0.482031 0.801389 0.059375 0.111111
6 0.433594 0.759028 0.075000 0.120833
6 0.459375 0.824306 0.065625 0.118056
6 0.220703 0.954861 0.119531 0.087500
6 0.159766 0.984722 0.074219 0.027778
7 0.210156 0.879861 0.078125 0.034722
7 0.001563 0.998611 0.003125 0.000000
8 0.159375 0.972917 0.003125 0.031944
5 0.167578 0.949306 0.019531 0.026389
8 0.284375 0.925000 0.009375 0.019444
5 0.243359 0.918750 0.078906 0.029167
8 0.270313 0.920139 0.087500 0.056944
5 0.269141 0.899306 0.078906 0.034722
8 0.303125 0.893056 0.082812 0.047222
5 0.301563 0.875694 0.075000 0.031944
8 0.347656 0.933333 0.089063 0.075000
5 0.346484 0.911806 0.080469 0.034722
8 0.376953 0.911111 0.083594 0.061111
5 0.376172 0.887500 0.075781 0.033333
8 0.324609 0.959028 0.089844 0.079167
5 0.321875 0.938194 0.084375 0.040278
8 0.308984 0.979167 0.055469 0.038889
5 0.305078 0.970139 0.050781 0.043056
8 0.998828 0.884722 0.000781 0.025000
8 0.997266 0.870139 0.003906 0.037500
5 0.998437 0.858333 0.001563 0.016667
8 0.946094 0.863194 0.070312 0.045833
5 0.945312 0.853472 0.064062 0.026389
8 0.946875 0.884722 0.075000 0.047222
5 0.945312 0.872917 0.067187 0.026389
8 0.951953 0.915972 0.078906 0.070833
5 0.950781 0.896528 0.070312 0.031944
8 0.953125 0.944444 0.082812 0.077778
5 0.951562 0.923611 0.075000 0.038889
8 0.942969 0.998611 0.003125 0.000000
5 0.950000 0.997917 0.009375 0.001389
8 0.892578 0.991667 0.063281 0.013889
5 0.890234 0.990972 0.057031 0.015278
0 0.710156 0.888889 0.095312 0.219444
0 0.617969 0.715278 0.062500 0.177778
1 0.121484 0.672917 0.086719 0.101389
1 0.094141 0.686111 0.086719 0.113889
1 0.053906 0.665972 0.082812 0.095833
1 0.041016 0.683333 0.057031 0.108333
1 0.021484 0.661111 0.017969 0.086111
2 0.943750 0.779861 0.001563 0.059722
2 0.908984 0.810417 0.052344 0.048611
2 0.972266 0.806944 0.053906 0.069444
2 0.909375 0.766667 0.053125 0.047222
2 0.972266 0.763194 0.053906 0.065278
2 0.909766 0.713889 0.052344 0.063889
2 0.972656 0.718750 0.053125 0.065278