3 0.491406 0.847917 0.982812 0.301389
4 0.339453 0.705556 0.013281 0.077778
4 0.347656 0.711111 0.004687 0.086111
4 0.340625 0.716667 0.015625 0.094444
4 0.303125 0.804861 0.001563 0.006944
4 0.247266 0.755556 0.039844 0.155556
4 0.201563 0.802083 0.053125 0.231944
6 0.473438 0.706944 0.000000 0.000000
7 0.988672 0.745139 0.017969 0.018056
7 0.979688 0.740278 0.034375 0.019444
7 0.241406 0.735417 0.040625 0.020833
7 0.266797 0.725000 0.000781 0.002778
7 0.343750 0.702083 0.004687 0.006944
7 0.334375 0.713194 0.023438 0.012500
6 0.463281 0.702778 0.023438 0.008333
6 0.464062 0.686111 0.023438 0.041667
6 0.449609 0.700694 0.017969 0.004167
6 0.460547 0.702778 0.030469 0.008333
6 0.737500 0.779861 0.523438 0.437500
6 0.765625 0.499306 0.467187 0.998611
6 0.629687 0.809028 0.434375 0.379167
6 0.562500 0.829167 0.248438 0.338889
5 0.473438 0.706944 0.004687 0.000000
8 0.458984 0.704167 0.027344 0.005556
5 0.449219 0.701389 0.003125 0.000000
5 0.772656 0.683333 0.010937 0.000000
8 0.772656 0.710417 0.000000 0.001389
5 0.778906 0.684722 0.000000 0.000000
8 0.772266 0.711111 0.000781 0.002778
0 0.751172 0.706944 0.042969 0.052778
0 0.864062 0.777083 0.195312 0.184722
0 0.053125 0.642361 0.106250 0.337500
1 0.152734 0.663194 0.061719 0.073611
1 0.144922 0.663194 0.063281 0.073611
1 0.093359 0.663194 0.061719 0.073611
1 0.087109 0.661111 0.057031 0.069444
1 0.064844 0.630556 0.001563 0.005556
1 0.060937 0.631944 0.001563 0.002778
1 0.523438 0.705556 0.284375 0.422222
2 0.628906 0.710417 0.051562 0.001389
2 0.632812 0.711806 0.059375 0.001389
2 0.430859 0.712500 0.089844 0.008333
1 0.557422 0.727083 0.353906 0.476389
2 0.637891 0.719444 0.055469 0.002778
2 0.648828 0.800694 0.035156 0.156944
2 0.635156 0.670833 0.000000 0.000000
2 0.421094 0.595833 0.079687 0.150000
2 0.496094 0.799306 0.231250 0.165278
2 0.549609 0.526389 0.008594 0.011111
2 0.502734 0.595833 0.083594 0.150000
5 0.467578 0.706944 0.000781 0.000000
5 0.101562 0.706250 0.017188 0.006944
5 0.102344 0.713194 0.017188 0.006944
5 0.101562 0.700694 0.017188 0.006944
5 0.101562 0.693056 0.018750 0.005556