3 0.499609 0.831944 0.999219 0.333333
4 0.391016 0.731250 0.003906 0.054167
4 0.380078 0.759722 0.022656 0.063889
4 0.387500 0.779861 0.004687 0.065278
4 0.375391 0.799306 0.025781 0.073611
4 0.383203 0.825694 0.005469 0.076389
4 0.369531 0.851389 0.029687 0.088889
4 0.378516 0.888194 0.007031 0.090278
4 0.373828 0.920139 0.013281 0.115278
4 0.054688 0.736111 0.007812 0.055556
4 0.007422 0.772222 0.014844 0.069444
8 0.413672 0.852083 0.042969 0.059722
8 0.862500 0.757639 0.065625 0.026389
5 0.402344 0.663194 0.035937 0.009722
5 0.402344 0.663194 0.035937 0.009722
5 0.402344 0.663194 0.035937 0.009722
5 0.402344 0.654861 0.035937 0.009722
5 0.402344 0.654861 0.035937 0.009722
5 0.402344 0.654861 0.035937 0.009722
5 0.402344 0.670833 0.035937 0.008333
5 0.402344 0.670833 0.035937 0.008333
5 0.402344 0.670833 0.035937 0.008333
5 0.457813 0.670833 0.007812 0.005556
5 0.457813 0.670833 0.007812 0.005556
5 0.457813 0.670833 0.007812 0.005556
5 0.461719 0.663194 0.000000 0.006944
5 0.461719 0.663194 0.000000 0.006944
5 0.461719 0.663194 0.000000 0.006944
5 0.457813 0.655556 0.007812 0.005556
5 0.457813 0.655556 0.007812 0.005556
5 0.457813 0.655556 0.007812 0.005556
5 0.457813 0.646528 0.007812 0.009722
5 0.457813 0.646528 0.007812 0.009722
5 0.457813 0.646528 0.007812 0.009722
6 0.490625 0.677778 0.021875 0.013889
6 0.489453 0.668056 0.017969 0.033333
6 0.490625 0.644444 0.021875 0.061111
6 0.491016 0.671528 0.021094 0.026389
6 0.481641 0.739583 0.039844 0.068056
6 0.504297 0.750694 0.049219 0.079167
7 0.509766 0.875694 0.038281 0.023611
7 0.536719 0.906250 0.076563 0.029167
7 0.987891 0.894444 0.022656 0.027778
7 0.260156 0.884028 0.039062 0.040278
7 0.291406 0.802778 0.029687 0.027778
7 0.028125 0.771528 0.056250 0.018056
7 0.363281 0.726389 0.043750 0.013889
7 0.355078 0.770139 0.052344 0.018056
6 0.512891 0.976389 0.032031 0.044444
8 0.482422 0.970139 0.086719 0.051389
5 0.481250 0.960417 0.078125 0.031944
8 0.484766 0.987500 0.088281 0.022222
5 0.485156 0.986806 0.082812 0.023611
8 0.500781 0.919444 0.042188 0.047222
5 0.499609 0.902778 0.039844 0.033333
8 0.428906 0.926389 0.054688 0.072222
5 0.424609 0.905556 0.038281 0.036111
8 0.472266 0.806250 0.021094 0.029167
5 0.472266 0.783333 0.021094 0.013889
8 0.423828 0.799306 0.038281 0.040278
5 0.421094 0.785417 0.018750 0.018056
8 0.433984 0.744444 0.039844 0.033333
5 0.421484 0.732639 0.011719 0.009722
8 0.416797 0.723611 0.002344 0.005556
5 0.422266 0.722917 0.010156 0.006944
8 0.433984 0.722917 0.039844 0.018056
5 0.421484 0.717361 0.011719 0.009722
8 0.434375 0.709722 0.039062 0.005556
5 0.421875 0.709722 0.010937 0.005556
8 0.773828 0.695833 0.007031 0.019444
5 0.787500 0.685417 0.035937 0.006944
8 0.778906 0.681250 0.039062 0.006944
5 0.778125 0.679861 0.035937 0.006944
8 0.783203 0.700694 0.013281 0.026389
5 0.797266 0.690278 0.038281 0.008333
8 0.807422 0.701389 0.042969 0.016667
5 0.807031 0.695833 0.039062 0.008333
8 0.725391 0.686806 0.008594 0.009722
5 0.735547 0.679861 0.028906 0.006944
8 0.732812 0.697222 0.009375 0.022222
5 0.746094 0.685417 0.034375 0.006944
8 0.753516 0.700694 0.038281 0.026389
5 0.754297 0.690278 0.036719 0.008333
8 0.763281 0.702778 0.042188 0.019444
5 0.761328 0.695833 0.035156 0.008333
8 0.844922 0.738194 0.036719 0.034722
5 0.845703 0.725694 0.035156 0.012500
8 0.884766 0.738194 0.042969 0.034722
5 0.887500 0.725694 0.031250 0.012500
8 0.815625 0.738194 0.040625 0.034722
5 0.815234 0.726389 0.036719 0.013889
8 0.786719 0.743056 0.023438 0.027778
5 0.785156 0.727083 0.021875 0.012500
8 0.821875 0.711111 0.045312 0.013889
5 0.822656 0.706944 0.042188 0.008333
8 0.837500 0.725694 0.048438 0.029167
5 0.837109 0.713889 0.044531 0.011111
8 0.802344 0.730556 0.032813 0.027778
5 0.801562 0.715278 0.032813 0.011111
8 0.776563 0.725694 0.004687 0.029167
5 0.769531 0.711806 0.012500 0.001389
8 0.952344 0.790278 0.032813 0.011111
5 0.942578 0.776389 0.052344 0.013889
8 0.925391 0.779861 0.058594 0.037500
5 0.926172 0.764583 0.055469 0.009722
8 0.991016 0.833333 0.016406 0.038889
5 0.992578 0.820139 0.013281 0.015278
8 0.975781 0.822917 0.031250 0.045833
5 0.981250 0.806944 0.035937 0.016667
8 0.944141 0.838889 0.074219 0.050000
5 0.943750 0.822222 0.067187 0.019444
8 0.923047 0.823611 0.071094 0.047222
5 0.922266 0.806944 0.063281 0.016667
0 0.761719 0.750000 0.078125 0.197222
0 0.702344 0.690278 0.053125 0.147222
0 0.951172 0.953472 0.096094 0.090278
0 0.523828 0.637500 0.010156 0.102778
0 0.064844 0.903472 0.129688 0.190278
1 0.141797 0.648611 0.061719 0.077778
1 0.134375 0.653472 0.064062 0.079167
1 0.078906 0.650000 0.064062 0.077778
1 0.069922 0.654167 0.066406 0.080556
1 0.025391 0.643750 0.050781 0.065278
1 0.019922 0.652778 0.039844 0.075000
1 0.026562 0.697917 0.053125 0.104167
1 0.004297 0.690278 0.008594 0.088889
1 0.958984 0.654861 0.055469 0.084722
2 0.944531 0.629167 0.021875 0.016667
2 0.967969 0.638194 0.031250 0.023611
2 0.963672 0.669444 0.041406 0.027778
2 0.947656 0.631250 0.015625 0.015278
2 0.950781 0.633333 0.009375 0.016667
2 0.967187 0.625000 0.003125 0.000000
1 0.995313 0.667361 0.007812 0.081944
2 0.996484 0.683333 0.005469 0.025000
2 0.996484 0.649306 0.005469 0.026389
1 0.875391 0.651389 0.050781 0.075000
2 0.855078 0.656944 0.002344 0.000000
2 0.863281 0.622917 0.023438 0.001389
2 0.885156 0.631944 0.026562 0.011111
2 0.866016 0.663889 0.017969 0.013889
2 0.860156 0.625000 0.006250 0.002778
2 0.877734 0.623611 0.011719 0.000000
2 0.868750 0.626389 0.012500 0.002778
2 0.887891 0.626389 0.008594 0.000000
1 0.928125 0.675000 0.054688 0.094444
2 0.907031 0.675694 0.004687 0.001389
2 0.919922 0.638194 0.032031 0.004167
2 0.939453 0.656944 0.032031 0.027778
2 0.932422 0.690972 0.044531 0.031944
2 0.917969 0.640972 0.015625 0.004167
2 0.933203 0.638889 0.013281 0.000000
2 0.925781 0.653472 0.018750 0.026389
2 0.941016 0.640972 0.017969 0.001389
1 0.839844 0.656250 0.046875 0.084722
2 0.823828 0.665972 0.010156 0.023611
2 0.831641 0.634028 0.025781 0.023611
2 0.848437 0.639583 0.029687 0.023611
2 0.843359 0.670139 0.039844 0.029167
2 0.831641 0.636111 0.016406 0.025000
2 0.842578 0.624306 0.011719 0.001389
2 0.835938 0.638194 0.015625 0.023611
2 0.851172 0.626389 0.013281 0.000000
1 0.897266 0.675000 0.050781 0.094444
2 0.873437 0.681250 0.003125 0.018056
2 0.884766 0.650694 0.025781 0.026389
2 0.902344 0.656944 0.034375 0.027778
2 0.896484 0.691667 0.047656 0.033333
2 0.881250 0.651389 0.017188 0.025000
2 0.896875 0.639583 0.018750 0.001389
2 0.886328 0.654861 0.007031 0.026389
2 0.909766 0.641667 0.002344 0.000000
2 0.899219 0.795139 0.071875 0.059722
2 0.844531 0.795833 0.068750 0.058333
2 0.672266 0.663194 0.008594 0.026389
2 0.695703 0.667361 0.033594 0.018056
2 0.729688 0.670139 0.032813 0.026389
2 0.694922 0.646528 0.035156 0.029167
2 0.729688 0.646528 0.032813 0.026389
2 0.694922 0.622222 0.035156 0.027778
2 0.727734 0.622222 0.036719 0.027778
5 0.430078 0.775000 0.047656 0.019444
5 0.430078 0.785417 0.047656 0.020833
5 0.430078 0.794444 0.047656 0.019444
5 0.430078 0.803472 0.047656 0.020833
5 0.425000 0.822917 0.037500 0.020833
5 0.425000 0.813194 0.037500 0.020833
5 0.430859 0.842361 0.046094 0.020833
5 0.430078 0.832639 0.047656 0.020833
5 0.000000 0.759722 0.000000 0.005556
5 0.500000 0.793056 0.040625 0.019444
5 0.500000 0.802083 0.040625 0.020833
5 0.500000 0.821528 0.040625 0.020833
5 0.500000 0.811806 0.040625 0.020833
5 0.500000 0.839583 0.040625 0.020833
5 0.500000 0.830556 0.040625 0.019444
5 0.027734 0.755556 0.046094 0.013889
5 0.028125 0.760417 0.046875 0.009722
5 0.500000 0.784028 0.040625 0.018056
5 0.500000 0.774306 0.040625 0.018056
5 0.580859 0.790972 0.022656 0.018056
5 0.580859 0.800000 0.022656 0.019444
5 0.580859 0.820139 0.022656 0.020833
5 0.580859 0.809722 0.022656 0.019444
5 0.580859 0.838194 0.022656 0.020833
5 0.580859 0.829167 0.022656 0.019444
5 0.083203 0.754167 0.047656 0.013889
5 0.083984 0.761806 0.047656 0.015278
5 0.580859 0.781944 0.022656 0.019444
5 0.580859 0.772917 0.022656 0.018056
5 0.580859 0.718056 0.022656 0.013889
5 0.580859 0.727778 0.022656 0.013889
5 0.580859 0.747222 0.022656 0.013889
5 0.580859 0.737500 0.022656 0.013889
5 0.580859 0.765972 0.022656 0.015278
5 0.580859 0.754861 0.022656 0.018056
5 0.082812 0.749306 0.046875 0.012500
5 0.083984 0.740278 0.047656 0.013889
5 0.580859 0.709028 0.022656 0.015278
5 0.580859 0.698611 0.022656 0.016667