3 0.499219 0.902083 0.970313 0.193056
5 0.598047 0.830556 0.066406 0.013889
5 0.598047 0.830556 0.066406 0.013889
5 0.598047 0.830556 0.066406 0.013889
5 0.597656 0.816667 0.065625 0.016667
5 0.597656 0.816667 0.065625 0.016667
5 0.597656 0.816667 0.065625 0.016667
5 0.598047 0.843056 0.066406 0.013889
5 0.598047 0.843056 0.066406 0.013889
5 0.598047 0.843056 0.066406 0.013889
5 0.644531 0.847222 0.012500 0.011111
5 0.644531 0.847222 0.012500 0.011111
5 0.644531 0.847222 0.012500 0.011111
5 0.643750 0.835417 0.010937 0.012500
5 0.643750 0.835417 0.010937 0.012500
5 0.643750 0.835417 0.010937 0.012500
5 0.643359 0.821528 0.010156 0.012500
5 0.643359 0.821528 0.010156 0.012500
5 0.643359 0.821528 0.010156 0.012500
5 0.643750 0.806944 0.012500 0.013889
5 0.643750 0.806944 0.012500 0.013889
5 0.643750 0.806944 0.012500 0.013889
6 0.380859 0.852083 0.092969 0.112500
6 0.489844 0.801389 0.067187 0.025000
6 0.382422 0.752083 0.094531 0.109722
6 0.433203 0.805556 0.075781 0.027778
6 0.042188 0.884028 0.053125 0.145833
7 0.036328 0.811111 0.035156 0.011111
7 0.080859 0.809722 0.035156 0.011111
8 0.088672 0.904167 0.044531 0.055556
5 0.085547 0.878472 0.038281 0.020833
8 0.128516 0.897222 0.082031 0.058333
5 0.129688 0.871528 0.078125 0.018056
8 0.193359 0.891667 0.052344 0.044444
5 0.180859 0.863194 0.075781 0.012500
8 0.235547 0.884722 0.077344 0.052778
5 0.237109 0.859028 0.072656 0.012500
8 0.236328 0.901389 0.085156 0.058333
5 0.232422 0.874306 0.080469 0.020833
8 0.290625 0.893056 0.087500 0.055556
5 0.289844 0.868056 0.078125 0.019444
8 0.182031 0.907639 0.093750 0.062500
5 0.180859 0.880556 0.083594 0.022222
8 0.115234 0.916667 0.096094 0.066667
5 0.112891 0.888194 0.086719 0.023611
8 0.980469 0.938194 0.012500 0.015278
5 0.980078 0.930556 0.013281 0.022222
5 0.965234 0.884722 0.039844 0.011111
8 0.924219 0.908333 0.000000 0.000000
5 0.948828 0.893056 0.072656 0.013889
8 0.932813 0.924306 0.098437 0.043056
5 0.935937 0.907639 0.100000 0.026389
8 0.898047 0.937500 0.113281 0.047222
5 0.900391 0.919444 0.108594 0.030556
8 0.872266 0.996528 0.008594 0.004167
5 0.792578 0.988194 0.149219 0.020833
5 0.908203 0.997917 0.013281 0.001389
8 0.690625 0.988889 0.160938 0.019444
5 0.691016 0.982639 0.142969 0.031944
8 0.594922 0.980556 0.152344 0.036111
5 0.595313 0.970833 0.135937 0.047222
8 0.939453 0.975000 0.117969 0.044444
5 0.942578 0.959722 0.113281 0.041667
8 0.918359 0.984722 0.161719 0.027778
5 0.918750 0.976389 0.150000 0.044444
8 0.782422 0.977083 0.138281 0.043056
5 0.780078 0.962500 0.127344 0.041667
8 0.687109 0.956944 0.136719 0.030556
5 0.673438 0.948611 0.093750 0.036111
0 0.443750 0.823611 0.195312 0.350000
0 0.704688 0.783333 0.110937 0.194444
1 0.283203 0.781944 0.075781 0.100000
1 0.251563 0.782639 0.078125 0.101389
1 0.227344 0.779861 0.062500 0.095833
1 0.201953 0.781250 0.072656 0.098611
1 0.194922 0.777778 0.055469 0.091667
1 0.156250 0.778472 0.070312 0.093056
1 0.141797 0.772222 0.069531 0.080556