3 0.499609 0.932639 0.999219 0.131944
4 0.917188 0.985417 0.007812 0.026389
5 0.018750 0.946528 0.037500 0.023611
5 0.018750 0.946528 0.037500 0.023611
5 0.018750 0.946528 0.037500 0.023611
5 0.019141 0.924306 0.038281 0.026389
5 0.019141 0.924306 0.038281 0.026389
5 0.019141 0.924306 0.038281 0.026389
5 0.018750 0.965972 0.037500 0.023611
5 0.018750 0.965972 0.037500 0.023611
5 0.018750 0.965972 0.037500 0.023611
5 0.096484 0.950694 0.102344 0.026389
5 0.096484 0.950694 0.102344 0.026389
5 0.096484 0.950694 0.102344 0.026389
5 0.096484 0.933333 0.102344 0.027778
5 0.096484 0.933333 0.102344 0.027778
5 0.096484 0.933333 0.102344 0.027778
5 0.097266 0.914583 0.102344 0.026389
5 0.097266 0.914583 0.102344 0.026389
5 0.097266 0.914583 0.102344 0.026389
5 0.097656 0.893750 0.101562 0.026389
5 0.097656 0.893750 0.101562 0.026389
5 0.097656 0.893750 0.101562 0.026389
6 0.637500 0.938889 0.123438 0.119444
6 0.466797 0.931250 0.111719 0.134722
6 0.636328 0.822917 0.124219 0.148611
6 0.544922 0.933333 0.110156 0.130556
5 0.779297 0.996528 0.053906 0.004167
8 0.741797 0.995833 0.005469 0.005556
5 0.683984 0.990972 0.108594 0.015278
8 0.831250 0.991667 0.112500 0.013889
5 0.832031 0.986806 0.100000 0.023611
8 0.743359 0.986111 0.110156 0.025000
5 0.744141 0.981944 0.097656 0.033333
8 0.973047 0.995833 0.005469 0.005556
5 0.919141 0.990972 0.100781 0.015278
5 0.996094 0.997222 0.006250 0.002778
8 0.785937 0.907639 0.043750 0.037500
5 0.790625 0.886111 0.053125 0.011111
8 0.746094 0.902083 0.054688 0.040278
5 0.744141 0.883333 0.052344 0.011111
8 0.835547 0.908333 0.058594 0.041667
5 0.834766 0.889583 0.053906 0.012500
8 0.885156 0.913194 0.057813 0.043056
5 0.886328 0.893056 0.053906 0.013889
8 0.712891 0.908333 0.061719 0.041667
5 0.719531 0.889583 0.042188 0.012500
8 0.760156 0.913194 0.062500 0.043056
5 0.760938 0.893056 0.056250 0.013889
8 0.806250 0.915278 0.064062 0.044444
5 0.806641 0.895833 0.057031 0.013889
8 0.859766 0.919444 0.064844 0.047222
5 0.860156 0.899306 0.057813 0.015278
8 0.976953 0.922222 0.044531 0.044444
5 0.978906 0.900694 0.040625 0.015278
8 0.994531 0.937500 0.009375 0.047222
5 0.995703 0.915972 0.007031 0.012500
0 0.332422 0.845833 0.147656 0.225000
1 0.846094 0.826389 0.082812 0.088889
2 0.819531 0.834722 0.012500 0.002778
2 0.816016 0.793056 0.014844 0.000000
2 0.869922 0.808333 0.024219 0.030556
2 0.854297 0.848611 0.055469 0.030556
2 0.831641 0.793750 0.014844 0.001389
2 0.851562 0.807639 0.020313 0.029167
2 0.862500 0.793056 0.000000 0.000000
1 0.959375 0.789583 0.010937 0.012500
2 0.967187 0.795139 0.018750 0.001389
2 0.996484 0.841667 0.005469 0.002778
2 0.988281 0.795139 0.018750 0.001389
2 0.998437 0.794444 0.000000 0.000000
2 0.997266 0.795139 0.003906 0.001389
1 0.810937 0.836111 0.090625 0.105556
2 0.778516 0.842361 0.016406 0.001389
2 0.779297 0.795139 0.021094 0.001389
2 0.836328 0.811111 0.028906 0.033333
2 0.819922 0.854861 0.064844 0.034722
2 0.794531 0.795139 0.017188 0.001389
2 0.804688 0.794444 0.007812 0.000000
2 0.812891 0.811111 0.017969 0.030556
2 0.822266 0.810417 0.019531 0.031944
1 0.965234 0.836111 0.067969 0.102778
2 0.933203 0.848611 0.000781 0.000000
2 0.943359 0.797222 0.024219 0.002778
2 0.994531 0.814583 0.009375 0.034722
2 0.979688 0.861111 0.039062 0.036111
2 0.955859 0.797917 0.016406 0.001389
2 0.978906 0.813889 0.020313 0.033333
1 0.765234 0.835417 0.097656 0.101389
2 0.730469 0.843750 0.018750 0.001389
2 0.741016 0.843056 0.017969 0.000000
2 0.734766 0.796528 0.005469 0.001389
2 0.795703 0.815278 0.025781 0.036111
2 0.775391 0.861806 0.069531 0.037500
2 0.747266 0.797222 0.017969 0.000000
2 0.769531 0.797222 0.025000 0.000000
1 0.940234 0.846528 0.110156 0.123611
2 0.902344 0.850694 0.020313 0.001389
2 0.906641 0.848611 0.011719 0.000000
2 0.901953 0.798611 0.017969 0.000000
2 0.972656 0.818750 0.031250 0.037500
2 0.961719 0.870833 0.057813 0.041667
2 0.946094 0.800000 0.020313 0.000000
2 0.944531 0.798611 0.000000 0.000000
1 0.745703 0.835417 0.097656 0.101389
2 0.708203 0.863889 0.019531 0.036111
2 0.719922 0.845833 0.016406 0.000000
2 0.714453 0.815278 0.033594 0.036111
2 0.772266 0.817361 0.033594 0.037500
2 0.754297 0.865278 0.072656 0.038889
2 0.726172 0.816667 0.019531 0.036111
2 0.733594 0.797222 0.001563 0.000000
2 0.745703 0.816667 0.019531 0.036111
1 0.925000 0.851389 0.114062 0.130556
2 0.885938 0.869444 0.023438 0.033333
2 0.894922 0.852083 0.017969 0.001389
2 0.887109 0.819444 0.028906 0.038889
2 0.958203 0.821528 0.033594 0.040278
2 0.937109 0.875000 0.080469 0.044444
2 0.903125 0.819444 0.017188 0.038889
2 0.906641 0.819444 0.008594 0.038889
2 0.936328 0.820833 0.010156 0.038889
2 0.933203 0.800000 0.003906 0.000000
2 0.466406 0.888889 0.057813 0.047222
2 0.484766 0.863889 0.021094 0.002778
2 0.539062 0.895833 0.085938 0.047222
2 0.590234 0.891667 0.014844 0.044444
2 0.538672 0.852083 0.085156 0.045833
2 0.591016 0.847917 0.016406 0.040278
2 0.538672 0.808333 0.085156 0.044444
2 0.578516 0.806944 0.041406 0.041667