3 0.499609 0.871528 0.999219 0.254167
7 0.092969 0.960417 0.185938 0.076389
7 0.908984 0.821528 0.180469 0.076389
7 0.964063 0.779861 0.070312 0.012500
8 0.819531 0.736111 0.057813 0.033333
5 0.836719 0.720139 0.015625 0.006944
8 0.835938 0.736111 0.059375 0.033333
5 0.853125 0.720139 0.017188 0.006944
8 0.799609 0.736806 0.064844 0.034722
5 0.806641 0.720139 0.042969 0.006944
8 0.784766 0.737500 0.049219 0.036111
5 0.780859 0.720139 0.049219 0.006944
8 0.783594 0.740278 0.054688 0.022222
8 0.779687 0.740278 0.020313 0.022222
8 0.741797 0.740972 0.061719 0.023611
8 0.726172 0.740972 0.038281 0.023611
8 0.715234 0.739583 0.013281 0.043056
5 0.713672 0.720833 0.007031 0.008333
8 0.734375 0.738194 0.051562 0.037500
5 0.733203 0.720139 0.044531 0.006944
8 0.723047 0.738889 0.028906 0.038889
5 0.721484 0.720139 0.022656 0.006944
0 0.461328 0.465278 0.505469 0.930556
0 0.176563 0.570833 0.109375 0.069444
1 0.994531 0.717361 0.009375 0.073611
1 0.962500 0.684028 0.073438 0.154167
2 0.960156 0.647917 0.060937 0.045833
2 0.964844 0.711806 0.068750 0.045833
2 0.998437 0.649306 0.001563 0.043056
2 0.950391 0.670833 0.007031 0.000000
2 0.982422 0.648611 0.032031 0.044444
1 0.964844 0.717361 0.068750 0.073611
1 0.906641 0.685417 0.092969 0.148611
2 0.892969 0.650694 0.057813 0.045833
2 0.898438 0.711111 0.065625 0.044444
2 0.914844 0.650694 0.029687 0.043056
2 0.213672 0.759722 0.063281 0.138889
2 0.233984 0.622222 0.099219 0.144444
2 0.056250 0.646528 0.112500 0.109722
2 0.055078 0.751389 0.110156 0.108333
2 0.148047 0.651389 0.074219 0.100000
2 0.146484 0.749306 0.074219 0.098611
2 0.916406 0.743750 0.023438 0.004167
2 0.817187 0.731250 0.040625 0.034722
2 0.875391 0.731250 0.058594 0.034722
2 0.816406 0.695139 0.040625 0.034722
2 0.874219 0.695139 0.057813 0.034722
2 0.815625 0.660417 0.040625 0.034722
2 0.854297 0.659028 0.019531 0.034722
5 0.001953 0.589583 0.003906 0.001389