3 0.456641 0.829861 0.913281 0.337500
4 0.173047 0.753472 0.002344 0.015278
4 0.022266 0.799306 0.016406 0.070833
4 0.023047 0.711111 0.002344 0.027778
8 0.288281 0.981944 0.020313 0.033333
5 0.599609 0.718056 0.042969 0.013889
5 0.599609 0.718056 0.042969 0.013889
5 0.599609 0.718056 0.042969 0.013889
5 0.600781 0.706250 0.045312 0.018056
5 0.600781 0.706250 0.045312 0.018056
5 0.600781 0.706250 0.045312 0.018056
5 0.599219 0.727778 0.042188 0.013889
5 0.599219 0.727778 0.042188 0.013889
5 0.599219 0.727778 0.042188 0.013889
5 0.651563 0.697222 0.000000 0.002778
5 0.651563 0.697222 0.000000 0.002778
5 0.651563 0.697222 0.000000 0.002778
6 0.174609 0.802083 0.030469 0.101389
6 0.074219 0.826389 0.081250 0.113889
7 0.276562 0.771528 0.043750 0.018056
7 0.070703 0.812500 0.047656 0.027778
7 0.172656 0.672917 0.025000 0.009722
7 0.206641 0.670139 0.027344 0.009722
7 0.082422 0.681944 0.028906 0.011111
7 0.109766 0.677778 0.002344 0.008333
8 0.204687 0.809722 0.029687 0.038889
5 0.202734 0.790278 0.025781 0.019444
8 0.233984 0.800694 0.058594 0.043056
5 0.232813 0.783333 0.051562 0.019444
8 0.269141 0.792361 0.057031 0.040278
5 0.268359 0.775694 0.050781 0.018056
8 0.289844 0.770833 0.017188 0.011111
5 0.291016 0.768750 0.014844 0.012500
8 0.285547 0.801389 0.025781 0.036111
5 0.286719 0.787500 0.023438 0.019444
8 0.266406 0.813889 0.060937 0.044444
5 0.265625 0.795139 0.054688 0.020833
8 0.221094 0.822222 0.062500 0.047222
5 0.220312 0.802778 0.054688 0.022222
8 0.851172 0.874306 0.078906 0.056944
5 0.852734 0.850694 0.075781 0.029167
8 0.879687 0.860417 0.070312 0.051389
5 0.869141 0.836806 0.042969 0.020833
8 0.827734 0.886806 0.086719 0.059722
5 0.826562 0.862500 0.078125 0.030556
8 0.791797 0.900694 0.088281 0.062500
5 0.796484 0.875000 0.067969 0.033333
8 0.817969 0.832639 0.076563 0.026389
5 0.816406 0.823611 0.068750 0.025000
8 0.785547 0.840972 0.078906 0.023611
5 0.791016 0.834028 0.057031 0.026389
8 0.758984 0.865972 0.080469 0.054167
5 0.757422 0.844444 0.072656 0.027778
8 0.722266 0.868750 0.082031 0.037500
5 0.716016 0.854861 0.063281 0.029167
8 0.593359 0.965278 0.072656 0.066667
5 0.590625 0.937500 0.067187 0.041667
8 0.633594 0.976389 0.104688 0.044444
5 0.633984 0.959722 0.092969 0.047222
8 0.574219 0.942361 0.014063 0.054167
5 0.566797 0.915278 0.019531 0.019444
8 0.714844 0.926389 0.093750 0.066667
5 0.713672 0.898611 0.083594 0.036111
8 0.675391 0.943750 0.096094 0.070833
5 0.673828 0.915278 0.086719 0.038889
8 0.602344 0.922917 0.090625 0.056944
5 0.602734 0.899306 0.080469 0.034722
8 0.578516 0.893750 0.042969 0.031944
5 0.576562 0.881944 0.039062 0.030556
0 0.029687 0.863889 0.059375 0.269444
0 0.666797 0.702083 0.092969 0.151389
1 0.297656 0.647917 0.003125 0.062500
1 0.284766 0.655556 0.028906 0.077778
1 0.285938 0.650694 0.026562 0.079167
1 0.264453 0.652778 0.053906 0.075000
1 0.255469 0.636111 0.054688 0.069444
1 0.068750 0.684028 0.081250 0.093056
1 0.052344 0.680556 0.079687 0.091667
1 0.988281 0.847917 0.021875 0.093056
2 0.991016 0.852083 0.016406 0.068056
2 0.998828 0.818056 0.000781 0.000000
1 0.945312 0.850694 0.107813 0.173611
2 0.971875 0.792361 0.054688 0.015278
2 0.935937 0.840278 0.078125 0.077778
2 0.936719 0.906250 0.079687 0.056944
2 0.951562 0.795139 0.042188 0.009722
2 0.981641 0.807639 0.035156 0.020833
2 0.935937 0.801389 0.043750 0.011111
2 0.967187 0.836806 0.045312 0.070833
2 0.172656 0.996528 0.021875 0.004167
2 0.087891 0.983333 0.161719 0.030556
2 0.993750 0.779861 0.010937 0.023611
2 0.877344 0.804167 0.053125 0.050000
2 0.946094 0.794444 0.082812 0.016667
2 0.877344 0.761111 0.053125 0.047222
2 0.946094 0.767361 0.082812 0.051389
2 0.890625 0.713889 0.079687 0.055556
2 0.946094 0.722917 0.082812 0.059722
5 0.004297 0.726389 0.008594 0.005556
5 0.033203 0.745833 0.033594 0.013889
5 0.030469 0.753472 0.035937 0.015278
5 0.037500 0.738194 0.025000 0.009722
5 0.025391 0.731250 0.046094 0.012500