3 0.499609 0.819444 0.999219 0.358333
4 0.265625 0.715278 0.010937 0.033333
4 0.196484 0.752083 0.010156 0.056944
4 0.110156 0.781944 0.012500 0.044444
4 0.062109 0.815278 0.010156 0.072222
4 0.015625 0.834028 0.031250 0.084722
4 0.081250 0.686806 0.001563 0.040278
4 0.004687 0.709028 0.009375 0.048611
8 0.169922 0.793750 0.063281 0.034722
8 0.692187 0.768750 0.059375 0.040278
5 0.479687 0.651389 0.031250 0.008333
5 0.479687 0.651389 0.031250 0.008333
5 0.479687 0.651389 0.031250 0.008333
5 0.479687 0.643056 0.031250 0.008333
5 0.479687 0.643056 0.031250 0.008333
5 0.479687 0.643056 0.031250 0.008333
5 0.477734 0.658333 0.025781 0.005556
5 0.477734 0.658333 0.025781 0.005556
5 0.477734 0.658333 0.025781 0.005556
5 0.523828 0.661111 0.014844 0.005556
5 0.523828 0.661111 0.014844 0.005556
5 0.523828 0.661111 0.014844 0.005556
5 0.521094 0.656944 0.009375 0.000000
5 0.521094 0.656944 0.009375 0.000000
5 0.521094 0.656944 0.009375 0.000000
5 0.523828 0.646528 0.014844 0.006944
5 0.523828 0.646528 0.014844 0.006944
5 0.523828 0.646528 0.014844 0.006944
5 0.523828 0.637500 0.014844 0.008333
5 0.523828 0.637500 0.014844 0.008333
5 0.523828 0.637500 0.014844 0.008333
6 0.465234 0.682639 0.036719 0.056944
6 0.485156 0.669444 0.021875 0.055556
6 0.466016 0.634028 0.038281 0.056944
6 0.478125 0.675694 0.034375 0.056944
6 0.378906 0.715278 0.050000 0.069444
6 0.366797 0.729167 0.041406 0.075000
7 0.227734 0.827778 0.066406 0.019444
7 0.196094 0.850000 0.010937 0.027778
7 0.589844 0.926389 0.078125 0.036111
7 0.604297 0.894444 0.071094 0.033333
7 0.559766 0.977778 0.086719 0.041667
7 0.038672 0.807639 0.058594 0.029167
7 0.191016 0.750000 0.000781 0.008333
7 0.043750 0.713889 0.045312 0.013889
7 0.346875 0.699306 0.001563 0.006944
7 0.275000 0.733333 0.035937 0.013889
7 0.031641 0.651389 0.033594 0.008333
7 0.056250 0.647222 0.031250 0.008333
7 0.014844 0.659028 0.000000 0.001389
8 0.032813 0.893056 0.065625 0.055556
5 0.030078 0.871528 0.060156 0.026389
8 0.012500 0.908333 0.025000 0.047222
5 0.009766 0.891667 0.019531 0.022222
8 0.109375 0.860417 0.057813 0.043056
5 0.111328 0.836111 0.053906 0.025000
8 0.069531 0.850000 0.071875 0.055556
5 0.069531 0.831944 0.064062 0.025000
8 0.296484 0.769444 0.014844 0.025000
5 0.296875 0.751389 0.015625 0.013889
8 0.346484 0.717361 0.000781 0.006944
5 0.346484 0.708333 0.000781 0.008333
8 0.405469 0.697917 0.003125 0.004167
5 0.403906 0.696528 0.000000 0.004167
8 0.411719 0.693750 0.015625 0.006944
5 0.410547 0.691667 0.013281 0.008333
8 0.428125 0.711806 0.039062 0.026389
5 0.425781 0.699306 0.039062 0.009722
8 0.439063 0.706250 0.042188 0.026389
5 0.438281 0.693750 0.037500 0.009722
8 0.422266 0.718056 0.033594 0.027778
5 0.419922 0.705556 0.032031 0.011111
8 0.414844 0.724306 0.021875 0.029167
5 0.413281 0.712500 0.018750 0.011111
8 0.778516 0.698611 0.038281 0.013889
5 0.777734 0.691667 0.035156 0.005556
8 0.781641 0.695139 0.038281 0.018056
5 0.781250 0.686806 0.034375 0.006944
8 0.778906 0.709028 0.037500 0.029167
5 0.777344 0.697222 0.035937 0.008333
8 0.776953 0.715972 0.035156 0.029167
5 0.775781 0.704167 0.032813 0.011111
8 0.744531 0.686111 0.003125 0.000000
5 0.735547 0.683333 0.027344 0.005556
5 0.741797 0.688889 0.014844 0.005556
8 0.734375 0.705556 0.029687 0.019444
5 0.734375 0.694444 0.029687 0.005556
8 0.727344 0.706944 0.040625 0.016667
5 0.726953 0.700694 0.036719 0.009722
8 0.744531 0.747917 0.035937 0.034722
5 0.747266 0.734028 0.025781 0.015278
8 0.783594 0.749306 0.035937 0.037500
5 0.783203 0.736806 0.030469 0.015278
8 0.710156 0.741667 0.034375 0.027778
5 0.710547 0.731944 0.032031 0.013889
8 0.673438 0.741667 0.037500 0.033333
5 0.673047 0.729167 0.032031 0.013889
8 0.763672 0.719444 0.041406 0.016667
5 0.763281 0.713194 0.037500 0.006944
8 0.763672 0.734722 0.041406 0.033333
5 0.762109 0.722917 0.038281 0.012500
8 0.720313 0.734028 0.032813 0.031944
5 0.719141 0.720833 0.030469 0.011111
8 0.680078 0.734722 0.028906 0.027778
5 0.681250 0.719444 0.026562 0.013889
8 0.729297 0.793750 0.052344 0.029167
5 0.727734 0.786111 0.049219 0.016667
8 0.733594 0.790278 0.054688 0.036111
5 0.732812 0.775000 0.050000 0.013889
8 0.685547 0.846528 0.035156 0.048611
5 0.690625 0.831250 0.040625 0.020833
8 0.695312 0.843056 0.020313 0.011111
5 0.701953 0.814583 0.030469 0.015278
8 0.623437 0.838194 0.065625 0.048611
5 0.622656 0.824306 0.059375 0.020833
8 0.635156 0.826389 0.062500 0.050000
5 0.633984 0.810417 0.057031 0.020833
0 0.047266 0.965278 0.094531 0.066667
0 0.502734 0.740278 0.057031 0.183333
0 0.596094 0.687500 0.040625 0.144444
0 0.569141 0.631944 0.036719 0.100000
1 0.267969 0.626389 0.021875 0.066667
1 0.261719 0.627778 0.009375 0.063889
1 0.197656 0.644444 0.007812 0.002778
1 0.197656 0.650000 0.007812 0.005556
1 0.135937 0.622917 0.004687 0.062500
1 0.133984 0.622917 0.008594 0.062500
1 0.079687 0.614583 0.040625 0.062500
1 0.076953 0.659722 0.053906 0.086111
1 0.050781 0.656944 0.062500 0.083333
1 0.991016 0.673611 0.016406 0.094444
2 0.987109 0.682639 0.003906 0.023611
2 0.992188 0.649306 0.014063 0.026389
2 0.994922 0.655556 0.008594 0.027778
2 0.992969 0.688889 0.012500 0.033333
2 0.993359 0.650000 0.011719 0.025000
2 0.994141 0.652778 0.010156 0.025000
1 0.904297 0.668750 0.035156 0.090278
2 0.902734 0.633333 0.028906 0.002778
2 0.905469 0.651389 0.029687 0.025000
2 0.892188 0.684722 0.003125 0.030556
2 0.895312 0.640278 0.014063 0.011111
2 0.910937 0.635417 0.014063 0.001389
2 0.897266 0.637500 0.013281 0.000000
2 0.911719 0.637500 0.014063 0.000000
1 0.914453 0.691667 0.041406 0.105556
2 0.896094 0.701389 0.000000 0.025000
2 0.912500 0.663194 0.032813 0.026389
2 0.916016 0.672222 0.033594 0.030556
2 0.914844 0.709722 0.035937 0.036111
2 0.905078 0.664583 0.016406 0.026389
2 0.922266 0.653472 0.016406 0.001389
2 0.906641 0.654861 0.014844 0.001389
2 0.922656 0.655556 0.017188 0.002778
1 0.864453 0.667361 0.033594 0.090278
2 0.864453 0.631250 0.027344 0.001389
2 0.864844 0.649306 0.029687 0.026389
2 0.850781 0.681944 0.001563 0.030556
2 0.857422 0.633333 0.013281 0.000000
2 0.871875 0.634028 0.014063 0.001389
2 0.859375 0.636111 0.009375 0.000000
2 0.871875 0.636111 0.014063 0.000000
1 0.870703 0.689583 0.038281 0.104167
2 0.869922 0.648611 0.030469 0.002778
2 0.870703 0.669444 0.032031 0.030556
2 0.871094 0.706944 0.032813 0.036111
2 0.862109 0.650694 0.014844 0.001389
2 0.878125 0.650694 0.015625 0.001389
2 0.866016 0.654167 0.007031 0.000000
2 0.878125 0.653472 0.015625 0.001389
2 0.972266 0.893750 0.011719 0.068056
2 0.989062 0.943056 0.020313 0.080556
2 0.989062 0.883333 0.020313 0.080556
2 0.982812 0.840278 0.032813 0.069444
2 0.766797 0.822222 0.089844 0.072222
2 0.756641 0.860417 0.100781 0.079167
2 0.805469 0.923611 0.003125 0.075000
2 0.810937 0.877778 0.001563 0.061111
2 0.762109 0.839583 0.094531 0.073611
2 0.750391 0.885417 0.107031 0.090278
2 0.750391 0.950000 0.107031 0.083333
2 0.808203 0.900000 0.002344 0.069444
2 0.666016 0.799306 0.057031 0.059722
2 0.611328 0.793750 0.058594 0.056944
2 0.785937 0.668750 0.003125 0.029167
2 0.734375 0.670833 0.029687 0.022222
2 0.771484 0.675694 0.024219 0.029167
2 0.734375 0.650000 0.029687 0.027778
2 0.771875 0.651389 0.025000 0.030556
2 0.734375 0.625000 0.029687 0.030556
2 0.771875 0.626389 0.025000 0.030556
5 0.196875 0.737500 0.009375 0.011111
5 0.196875 0.746528 0.009375 0.009722
5 0.196875 0.754861 0.009375 0.009722
5 0.196875 0.763194 0.009375 0.009722
5 0.196875 0.778472 0.009375 0.006944
5 0.196875 0.771528 0.009375 0.009722
5 0.196875 0.794444 0.009375 0.008333
5 0.197266 0.786111 0.008594 0.005556
5 0.031250 0.700000 0.032813 0.011111
5 0.030078 0.706944 0.030469 0.008333
5 0.274609 0.758333 0.044531 0.016667
5 0.274609 0.766667 0.044531 0.016667
5 0.274609 0.783333 0.044531 0.016667
5 0.274609 0.775000 0.044531 0.016667
5 0.274609 0.800000 0.044531 0.016667
5 0.274609 0.790972 0.044531 0.018056
5 0.057422 0.702778 0.036719 0.011111
5 0.063672 0.709028 0.025781 0.009722
5 0.274609 0.750694 0.044531 0.015278
5 0.274609 0.740972 0.044531 0.018056
5 0.325781 0.762500 0.054688 0.016667
5 0.325781 0.770833 0.054688 0.016667
5 0.325781 0.788889 0.054688 0.016667
5 0.325781 0.779861 0.054688 0.018056
5 0.325781 0.804861 0.054688 0.018056
5 0.325781 0.796528 0.054688 0.018056
5 0.096875 0.706944 0.040625 0.008333
5 0.096875 0.711806 0.040625 0.009722
5 0.325781 0.754861 0.054688 0.015278
5 0.325781 0.746528 0.054688 0.015278
5 0.325391 0.696528 0.055469 0.015278
5 0.325391 0.705556 0.055469 0.013889
5 0.325391 0.722917 0.055469 0.015278
5 0.325391 0.713889 0.055469 0.013889
5 0.325391 0.738889 0.055469 0.016667
5 0.325391 0.729861 0.055469 0.015278
5 0.090234 0.700694 0.027344 0.009722
5 0.096875 0.694444 0.040625 0.011111
5 0.325391 0.688889 0.055469 0.013889
5 0.325391 0.679861 0.055469 0.015278