3 0.499609 0.765972 0.999219 0.465278
4 0.345703 0.885417 0.003906 0.087500
4 0.240234 0.827083 0.033594 0.093056
4 0.163672 0.790972 0.003906 0.070833
4 0.134375 0.775000 0.037500 0.080556
4 0.075781 0.750694 0.003125 0.070833
4 0.047266 0.716667 0.019531 0.036111
4 0.006250 0.716667 0.007812 0.066667
4 0.718359 0.753472 0.007031 0.076389
4 0.132422 0.592361 0.010156 0.045833
4 0.085938 0.581944 0.004687 0.038889
4 0.572266 0.715278 0.028906 0.072222
4 0.525000 0.701389 0.007812 0.063889
4 0.471484 0.686806 0.008594 0.062500
4 0.422656 0.674306 0.001563 0.056944
4 0.373828 0.660417 0.021094 0.059722
4 0.340625 0.650694 0.006250 0.054167
4 0.304688 0.638194 0.007812 0.056944
4 0.206250 0.636806 0.001563 0.001389
4 0.175000 0.606250 0.015625 0.045833
8 0.966797 0.624306 0.024219 0.026389
6 0.980078 0.595139 0.038281 0.059722
6 0.998437 0.568056 0.001563 0.005556
8 0.010547 0.766667 0.016406 0.030556
6 0.353906 0.913194 0.159375 0.170833
6 0.131250 0.902778 0.117188 0.175000
6 0.052344 0.869444 0.104688 0.147222
7 0.142578 0.740278 0.050781 0.027778
7 0.286328 0.684028 0.047656 0.020833
7 0.280469 0.803472 0.065625 0.037500
7 0.654297 0.759722 0.053906 0.033333
7 0.558594 0.978472 0.095312 0.040278
7 0.314453 0.873611 0.088281 0.050000
7 0.348828 0.575694 0.019531 0.009722
7 0.372656 0.580556 0.031250 0.011111
7 0.296484 0.565278 0.025781 0.008333
7 0.318750 0.570139 0.028125 0.009722
7 0.233984 0.552083 0.021094 0.006944
7 0.216016 0.549306 0.019531 0.006944
7 0.254297 0.556944 0.030469 0.008333
7 0.715234 0.643750 0.025781 0.018056
7 0.671484 0.636111 0.017969 0.016667
7 0.768359 0.655556 0.041406 0.019444
6 0.009766 0.501389 0.019531 0.033333
6 0.010156 0.531944 0.018750 0.030556
6 0.222266 0.572222 0.032031 0.016667
6 0.169922 0.595833 0.033594 0.055556
6 0.222266 0.541667 0.032031 0.044444
6 0.169531 0.547917 0.032813 0.056944
6 0.146875 0.529167 0.035937 0.050000
6 0.104688 0.533333 0.037500 0.050000
6 0.105078 0.577083 0.036719 0.051389
6 0.147656 0.572222 0.035937 0.047222
6 0.402734 0.633333 0.028906 0.058333
6 0.363672 0.643750 0.052344 0.070833
6 0.363281 0.584722 0.053125 0.072222
6 0.405859 0.574306 0.035156 0.062500
6 0.497266 0.611111 0.060156 0.083333
6 0.552344 0.602083 0.045312 0.079167
6 0.497266 0.680556 0.060156 0.080556
6 0.551953 0.669444 0.044531 0.075000
6 0.612891 0.586111 0.042969 0.055556
6 0.585156 0.582639 0.039062 0.054167
6 0.537891 0.551389 0.016406 0.005556
6 0.559766 0.553472 0.027344 0.004167
8 0.042969 0.844444 0.078125 0.058333
5 0.041797 0.819444 0.069531 0.033333
8 0.102344 0.812500 0.075000 0.052778
5 0.100781 0.802778 0.067187 0.033333
8 0.259766 0.936111 0.107031 0.055556
5 0.260156 0.916667 0.095312 0.052778
8 0.301563 0.961111 0.110937 0.050000
5 0.300000 0.943056 0.095312 0.055556
8 0.351953 0.968056 0.107031 0.055556
5 0.348828 0.963889 0.102344 0.052778
5 0.398047 0.983333 0.050781 0.030556
8 0.272656 0.977778 0.000000 0.000000
5 0.254688 0.987500 0.089063 0.022222
8 0.200000 0.975694 0.121875 0.045833
5 0.200781 0.974306 0.109375 0.048611
8 0.160938 0.961111 0.115625 0.075000
5 0.161328 0.952083 0.103906 0.059722
0 0.037500 0.609028 0.068750 0.145833
0 0.007031 0.552083 0.014063 0.104167
0 0.248828 0.572222 0.053906 0.116667
0 0.316016 0.584722 0.085156 0.125000
0 0.437109 0.613194 0.071094 0.143056
0 0.501563 0.620139 0.068750 0.148611
1 0.257031 0.611111 0.070312 0.105556
1 0.230859 0.619444 0.057031 0.102778
1 0.819141 0.718056 0.077344 0.152778
1 0.875781 0.710417 0.121875 0.154167
1 0.636328 0.665972 0.089844 0.137500
1 0.604688 0.675000 0.098437 0.144444
1 0.037500 0.534028 0.034375 0.056944
1 0.017578 0.540972 0.035156 0.070833
1 0.067969 0.542361 0.037500 0.062500
1 0.033203 0.543750 0.042969 0.068056
1 0.074219 0.521528 0.046875 0.054167
1 0.116797 0.520139 0.049219 0.054167
1 0.018750 0.526389 0.037500 0.058333
1 0.552734 0.593056 0.046094 0.097222
2 0.536328 0.608333 0.011719 0.025000
2 0.535937 0.574306 0.012500 0.029167
2 0.560156 0.568750 0.026562 0.029167
2 0.551172 0.604861 0.041406 0.029167
2 0.544141 0.571528 0.016406 0.026389
2 0.533594 0.557639 0.007812 0.001389
2 0.555078 0.570833 0.016406 0.027778
2 0.542188 0.556250 0.010937 0.001389
1 0.491406 0.557639 0.032813 0.043056
2 0.474219 0.597917 0.001563 0.018056
2 0.473047 0.564583 0.011719 0.023611
2 0.497656 0.547222 0.020313 0.002778
2 0.485938 0.586806 0.007812 0.004167
2 0.480859 0.547917 0.010156 0.001389
1 0.512500 0.573611 0.065625 0.061111
2 0.505469 0.600694 0.000000 0.004167
2 0.485938 0.599306 0.007812 0.020833
2 0.494531 0.569444 0.025000 0.027778
2 0.536328 0.553472 0.013281 0.004167
2 0.505078 0.588889 0.000781 0.000000
2 0.505859 0.553472 0.002344 0.001389
2 0.530078 0.554861 0.000781 0.001389
5 0.046875 0.739583 0.073438 0.029167
5 0.047656 0.752083 0.073438 0.023611
5 0.047656 0.762500 0.073438 0.025000
5 0.047656 0.772917 0.073438 0.026389
5 0.047656 0.793750 0.073438 0.023611
5 0.048047 0.782639 0.072656 0.023611
5 0.046094 0.812500 0.065625 0.011111
5 0.042188 0.801389 0.060937 0.016667
5 0.764844 0.751389 0.062500 0.027778
5 0.765625 0.763889 0.053125 0.022222
5 0.005469 0.775000 0.010937 0.011111
5 0.005469 0.785417 0.010937 0.012500
5 0.004297 0.805556 0.008594 0.008333
5 0.005469 0.797222 0.010937 0.013889
5 0.005469 0.828472 0.010937 0.012500
5 0.001953 0.820139 0.003906 0.006944
5 0.734375 0.765972 0.051562 0.029167
5 0.737891 0.780556 0.038281 0.019444
5 0.005078 0.763889 0.010156 0.013889
5 0.005078 0.751389 0.010156 0.016667
5 0.683203 0.788194 0.067969 0.023611
5 0.679688 0.797222 0.068750 0.025000
5 0.683203 0.779167 0.067969 0.022222
5 0.679688 0.764583 0.068750 0.031944