3 0.499609 0.817361 0.999219 0.362500
4 0.251563 0.714583 0.001563 0.001389
4 0.145703 0.760417 0.014844 0.065278
4 0.014063 0.761806 0.014063 0.009722
8 0.562109 0.856944 0.086719 0.047222
5 0.538672 0.674306 0.035156 0.009722
5 0.538672 0.674306 0.035156 0.009722
5 0.538672 0.674306 0.035156 0.009722
5 0.538281 0.664583 0.034375 0.012500
5 0.538281 0.664583 0.034375 0.012500
5 0.538281 0.664583 0.034375 0.012500
5 0.546094 0.682639 0.020313 0.009722
5 0.546094 0.682639 0.020313 0.009722
5 0.546094 0.682639 0.020313 0.009722
5 0.572656 0.687500 0.017188 0.008333
5 0.572656 0.687500 0.017188 0.008333
5 0.572656 0.687500 0.017188 0.008333
5 0.572656 0.679167 0.017188 0.008333
5 0.572656 0.679167 0.017188 0.008333
5 0.572656 0.679167 0.017188 0.008333
5 0.573047 0.670833 0.017969 0.008333
5 0.573047 0.670833 0.017969 0.008333
5 0.573047 0.670833 0.017969 0.008333
5 0.573438 0.660417 0.018750 0.012500
5 0.573438 0.660417 0.018750 0.012500
5 0.573438 0.660417 0.018750 0.012500
6 0.439453 0.718056 0.050781 0.069444
6 0.486328 0.700694 0.035156 0.068056
6 0.440234 0.659722 0.052344 0.069444
6 0.466406 0.708333 0.048438 0.069444
6 0.277344 0.750694 0.056250 0.070833
6 0.231250 0.773611 0.048438 0.091667
7 0.036328 0.777083 0.000781 0.001389
7 0.007812 0.725694 0.015625 0.015278
7 0.311719 0.725000 0.012500 0.005556
7 0.173828 0.768750 0.047656 0.020833
7 0.100781 0.651389 0.028125 0.008333
7 0.129297 0.647917 0.028906 0.009722
7 0.023047 0.663194 0.032031 0.009722
7 0.057031 0.658333 0.031250 0.008333
8 0.137891 0.810417 0.027344 0.034722
5 0.135937 0.794444 0.023438 0.013889
8 0.305859 0.743750 0.000781 0.001389
8 0.319141 0.745833 0.025781 0.019444
5 0.317969 0.736111 0.025000 0.013889
8 0.331250 0.735417 0.048438 0.012500
5 0.329297 0.729861 0.046094 0.012500
8 0.355859 0.735417 0.049219 0.026389
5 0.357812 0.722917 0.039062 0.012500
8 0.370703 0.752083 0.049219 0.031944
5 0.367969 0.736806 0.046875 0.015278
8 0.394531 0.745139 0.051562 0.031944
5 0.393750 0.729861 0.045312 0.015278
8 0.347266 0.759028 0.053906 0.034722
5 0.346484 0.743750 0.047656 0.015278
8 0.326562 0.767361 0.040625 0.034722
5 0.324219 0.751389 0.037500 0.016667
8 0.833594 0.771528 0.015625 0.034722
5 0.812500 0.754861 0.051562 0.015278
8 0.827734 0.763194 0.055469 0.034722
5 0.826953 0.747222 0.049219 0.016667
8 0.802734 0.779861 0.058594 0.037500
5 0.801953 0.763194 0.052344 0.018056
8 0.787891 0.789583 0.057031 0.037500
5 0.785937 0.772222 0.053125 0.019444
8 0.774609 0.743750 0.053906 0.012500
5 0.773828 0.740278 0.047656 0.013889
8 0.758984 0.752083 0.055469 0.012500
5 0.758203 0.746528 0.049219 0.015278
8 0.747266 0.767361 0.057031 0.029167
5 0.742188 0.754861 0.042188 0.018056
8 0.730078 0.777083 0.058594 0.031944
5 0.726562 0.763194 0.046875 0.018056
8 0.690234 0.836111 0.055469 0.050000
5 0.688281 0.816667 0.051562 0.025000
8 0.734375 0.846528 0.062500 0.051389
5 0.733984 0.825694 0.055469 0.026389
8 0.641016 0.831250 0.050781 0.043056
5 0.642578 0.809722 0.047656 0.025000
8 0.603125 0.820139 0.060937 0.045833
5 0.603125 0.801389 0.053125 0.022222
8 0.750000 0.806944 0.062500 0.041667
5 0.749219 0.788889 0.056250 0.019444
8 0.734766 0.818056 0.064844 0.041667
5 0.733984 0.800694 0.058594 0.020833
8 0.678125 0.813194 0.057813 0.045833
5 0.683203 0.794444 0.041406 0.022222
8 0.636328 0.805556 0.057031 0.041667
5 0.631250 0.786806 0.040625 0.020833
8 0.556641 0.931944 0.075781 0.061111
5 0.553906 0.904167 0.070312 0.036111
8 0.584375 0.911111 0.082812 0.058333
5 0.583203 0.886111 0.074219 0.033333
8 0.315234 0.973611 0.024219 0.022222
5 0.337500 0.952083 0.068750 0.040278
8 0.356641 0.937500 0.050781 0.022222
5 0.375391 0.929167 0.080469 0.036111
0 0.273438 0.816667 0.146875 0.250000
0 0.517578 0.741667 0.096094 0.188889
0 0.612891 0.658333 0.061719 0.119444
1 0.317188 0.636111 0.029687 0.072222
1 0.283984 0.636806 0.057031 0.070833
1 0.253125 0.624306 0.015625 0.059722
1 0.237109 0.634722 0.047656 0.072222
1 0.221875 0.625000 0.053125 0.066667
1 0.194531 0.630556 0.039062 0.072222
1 0.167578 0.614583 0.050781 0.065278
1 0.069141 0.662500 0.072656 0.083333
1 0.045703 0.663194 0.072656 0.084722
1 0.983984 0.689583 0.030469 0.043056
2 0.991016 0.682639 0.016406 0.004167
2 0.985156 0.700694 0.028125 0.020833
2 0.999219 0.763889 0.000000 0.000000
2 0.989062 0.686111 0.020313 0.002778
2 0.987500 0.688889 0.020313 0.002778
2 0.998828 0.690278 0.000781 0.002778
1 0.966797 0.771528 0.064844 0.154167
2 0.997266 0.786806 0.003906 0.043056
2 0.976172 0.731250 0.046094 0.045833
2 0.963672 0.745139 0.050781 0.048611
2 0.967578 0.797222 0.058594 0.055556
2 0.960938 0.715278 0.025000 0.005556
2 0.984766 0.737500 0.025781 0.044444
2 0.956641 0.718750 0.024219 0.004167
2 0.980469 0.741667 0.025000 0.044444
1 0.945312 0.686111 0.059375 0.044444
2 0.952344 0.684028 0.040625 0.015278
2 0.939453 0.700694 0.042969 0.031944
2 0.944531 0.770833 0.000000 0.000000
2 0.938672 0.681250 0.021094 0.004167
2 0.957812 0.694444 0.020313 0.027778
2 0.935156 0.684028 0.018750 0.004167
2 0.953516 0.695833 0.022656 0.025000
1 0.909375 0.763889 0.070312 0.150000
2 0.937500 0.768750 0.007812 0.015278
2 0.918359 0.712500 0.047656 0.019444
2 0.902344 0.737500 0.050000 0.047222
2 0.905859 0.788889 0.057031 0.052778
2 0.902734 0.709028 0.024219 0.004167
2 0.923438 0.729861 0.021875 0.043056
2 0.897656 0.711806 0.023438 0.004167
2 0.919922 0.734028 0.024219 0.043056
2 0.443750 0.961806 0.151562 0.073611
2 0.303125 0.994444 0.043750 0.008333
2 0.385156 0.977083 0.162500 0.043056
2 0.469141 0.904861 0.103906 0.079167
2 0.410547 0.888194 0.103906 0.073611
2 0.878906 0.718750 0.015625 0.040278
2 0.796484 0.725694 0.041406 0.034722
2 0.844141 0.728472 0.052344 0.040278
2 0.796484 0.693750 0.041406 0.034722
2 0.844141 0.696528 0.052344 0.040278
2 0.798828 0.659028 0.046094 0.040278
2 0.844141 0.663889 0.052344 0.041667
5 0.021484 0.778472 0.042969 0.023611
5 0.011328 0.790278 0.022656 0.019444
5 0.011328 0.801389 0.022656 0.016667
5 0.007031 0.810417 0.014063 0.018056
5 0.010937 0.830556 0.021875 0.019444
5 0.010937 0.820139 0.021875 0.018056
5 0.010937 0.850000 0.021875 0.016667
5 0.007031 0.840972 0.014063 0.015278
5 0.011719 0.707639 0.023438 0.012500
5 0.004687 0.713889 0.009375 0.008333
5 0.042188 0.810417 0.054688 0.020833
5 0.037500 0.820833 0.045312 0.019444
5 0.041406 0.841667 0.053125 0.019444
5 0.041797 0.830556 0.053906 0.022222
5 0.037891 0.861806 0.046094 0.018056
5 0.041406 0.851389 0.053125 0.019444
5 0.021094 0.713194 0.032813 0.012500
5 0.018359 0.720833 0.028906 0.011111
5 0.037500 0.800694 0.045312 0.020833
5 0.042188 0.788194 0.054688 0.026389
5 0.096875 0.822222 0.071875 0.022222
5 0.096875 0.832639 0.071875 0.023611
5 0.096875 0.854167 0.071875 0.025000
5 0.096875 0.843750 0.071875 0.023611
5 0.096875 0.873611 0.071875 0.025000
5 0.096875 0.863194 0.071875 0.023611
5 0.051172 0.720139 0.035156 0.006944
5 0.051172 0.725694 0.036719 0.009722
5 0.096875 0.812500 0.071875 0.022222
5 0.096875 0.802083 0.071875 0.023611
5 0.096875 0.740972 0.071875 0.020833
5 0.096875 0.751389 0.071875 0.022222
5 0.096875 0.772917 0.071875 0.020833
5 0.096875 0.762500 0.071875 0.022222
5 0.096875 0.793056 0.071875 0.022222
5 0.096875 0.781944 0.071875 0.022222
5 0.056250 0.713194 0.045312 0.009722
5 0.055469 0.706250 0.045312 0.009722
5 0.096875 0.731250 0.071875 0.020833
5 0.096875 0.719444 0.071875 0.022222