3 0.499609 0.845833 0.999219 0.305556
4 0.168750 0.986111 0.000000 0.002778
4 0.000391 0.994444 0.000781 0.008333
5 0.452734 0.718056 0.057031 0.019444
5 0.452734 0.718056 0.057031 0.019444
5 0.452734 0.718056 0.057031 0.019444
5 0.452734 0.706250 0.057031 0.020833
5 0.452734 0.706250 0.057031 0.020833
5 0.452734 0.706250 0.057031 0.020833
5 0.452734 0.729167 0.057031 0.019444
5 0.452734 0.729167 0.057031 0.019444
5 0.452734 0.729167 0.057031 0.019444
5 0.529687 0.734722 0.056250 0.019444
5 0.529687 0.734722 0.056250 0.019444
5 0.529687 0.734722 0.056250 0.019444
5 0.529687 0.724306 0.056250 0.020833
5 0.529687 0.724306 0.056250 0.020833
5 0.529687 0.724306 0.056250 0.020833
5 0.529687 0.711806 0.056250 0.020833
5 0.529687 0.711806 0.056250 0.020833
5 0.529687 0.711806 0.056250 0.020833
5 0.529687 0.699306 0.056250 0.020833
5 0.529687 0.699306 0.056250 0.020833
5 0.529687 0.699306 0.056250 0.020833
6 0.439844 0.850694 0.067187 0.123611
6 0.481250 0.799306 0.056250 0.109722
6 0.441797 0.760417 0.071094 0.120833
6 0.462891 0.822917 0.061719 0.118056
6 0.255469 0.959028 0.118750 0.079167
6 0.203516 0.989583 0.072656 0.018056
7 0.221484 0.885417 0.066406 0.034722
8 0.192578 0.984722 0.007031 0.027778
5 0.202734 0.955556 0.027344 0.033333
8 0.262109 0.929167 0.089844 0.019444
5 0.261328 0.923611 0.080469 0.027778
8 0.285156 0.917361 0.087500 0.043056
5 0.283984 0.902778 0.078906 0.033333
8 0.313672 0.890972 0.082031 0.040278
5 0.312891 0.878472 0.074219 0.031944
8 0.365625 0.940278 0.087500 0.066667
5 0.364453 0.913889 0.078906 0.033333
8 0.390625 0.911806 0.082812 0.062500
5 0.389453 0.888889 0.074219 0.033333
8 0.352734 0.961111 0.077344 0.075000
5 0.344531 0.942361 0.082812 0.040278
8 0.339453 0.980556 0.049219 0.036111
5 0.335938 0.975694 0.043750 0.040278
8 0.994922 0.881250 0.008594 0.045833
5 0.996094 0.868750 0.006250 0.023611
8 0.991016 0.865278 0.013281 0.055556
5 0.992969 0.846528 0.012500 0.020833
8 0.938281 0.854861 0.070312 0.051389
5 0.937109 0.840278 0.063281 0.025000
8 0.942578 0.877778 0.074219 0.058333
5 0.941406 0.861111 0.067187 0.025000
8 0.951172 0.902778 0.077344 0.066667
5 0.950000 0.883333 0.070312 0.030556
8 0.956250 0.929861 0.082812 0.073611
5 0.955078 0.909722 0.074219 0.036111
8 0.975391 0.991667 0.033594 0.013889
5 0.980469 0.990972 0.037500 0.015278
8 0.910547 0.985417 0.061719 0.026389
5 0.910547 0.984722 0.055469 0.027778
0 0.741797 0.887500 0.085156 0.222222
0 0.606641 0.710417 0.058594 0.176389
1 0.094922 0.679167 0.089844 0.111111
1 0.069922 0.688889 0.092969 0.116667
1 0.033203 0.668750 0.066406 0.098611
1 0.020703 0.686111 0.041406 0.111111
2 0.864844 0.761806 0.001563 0.054167
2 0.922656 0.768056 0.004687 0.058333
2 0.892969 0.788889 0.053125 0.066667
2 0.950781 0.793750 0.051562 0.068056
2 0.892969 0.747917 0.053125 0.062500
2 0.951172 0.751389 0.052344 0.063889
2 0.893750 0.705556 0.053125 0.061111
2 0.951562 0.709028 0.051562 0.062500