3 0.497656 0.840278 0.995313 0.316667
4 0.325781 0.713194 0.001563 0.037500
4 0.270703 0.759028 0.000781 0.018056
4 0.248438 0.725694 0.001563 0.009722
4 0.208203 0.766667 0.016406 0.075000
4 0.176563 0.784028 0.010937 0.079167
4 0.123438 0.800000 0.018750 0.088889
4 0.078125 0.831250 0.003125 0.004167
4 0.036328 0.828472 0.017969 0.076389
4 0.017578 0.702083 0.002344 0.029167
8 0.200391 0.809722 0.063281 0.058333
8 0.793750 0.761806 0.067187 0.029167
5 0.448047 0.681944 0.036719 0.008333
5 0.448047 0.681944 0.036719 0.008333
5 0.448047 0.681944 0.036719 0.008333
5 0.448047 0.672917 0.036719 0.009722
5 0.448047 0.672917 0.036719 0.009722
5 0.448047 0.672917 0.036719 0.009722
5 0.448047 0.689583 0.036719 0.006944
5 0.448047 0.689583 0.036719 0.006944
5 0.448047 0.689583 0.036719 0.006944
5 0.502344 0.690278 0.037500 0.008333
5 0.502344 0.690278 0.037500 0.008333
5 0.502344 0.690278 0.037500 0.008333
5 0.502344 0.681944 0.037500 0.008333
5 0.502344 0.681944 0.037500 0.008333
5 0.502344 0.681944 0.037500 0.008333
5 0.502344 0.673611 0.037500 0.008333
5 0.502344 0.673611 0.037500 0.008333
5 0.502344 0.673611 0.037500 0.008333
5 0.505469 0.665278 0.031250 0.008333
5 0.505469 0.665278 0.031250 0.008333
5 0.505469 0.665278 0.031250 0.008333
6 0.470703 0.700694 0.036719 0.062500
6 0.486719 0.690278 0.032813 0.058333
6 0.471875 0.645833 0.039062 0.061111
6 0.479687 0.695833 0.034375 0.061111
6 0.399219 0.725694 0.056250 0.070833
6 0.397266 0.738194 0.053906 0.081944
7 0.282422 0.838889 0.083594 0.027778
7 0.247656 0.861806 0.090625 0.031944
7 0.821484 0.919444 0.105469 0.038889
7 0.810156 0.887500 0.095312 0.033333
7 0.839844 0.975000 0.123438 0.047222
7 0.028906 0.826389 0.057813 0.033333
7 0.168750 0.772917 0.035937 0.023611
7 0.001172 0.737500 0.002344 0.002778
7 0.329297 0.725694 0.042969 0.015278
7 0.270703 0.747917 0.000781 0.001389
6 0.003906 0.904167 0.007812 0.111111
8 0.073438 0.903472 0.092188 0.059722
5 0.069922 0.879861 0.085156 0.023611
8 0.037891 0.949306 0.075781 0.054167
5 0.017188 0.906250 0.034375 0.034722
8 0.163281 0.866667 0.084375 0.069444
5 0.163672 0.843056 0.074219 0.027778
8 0.097656 0.862500 0.087500 0.066667
5 0.098437 0.840278 0.078125 0.027778
8 0.325781 0.773611 0.043750 0.036111
5 0.337109 0.759028 0.016406 0.009722
8 0.270703 0.779167 0.000781 0.019444
5 0.270703 0.761806 0.000781 0.012500
8 0.349219 0.741667 0.004687 0.022222
5 0.349219 0.724306 0.004687 0.009722
8 0.455469 0.729167 0.012500 0.030556
5 0.442969 0.715972 0.031250 0.006944
8 0.463281 0.724306 0.014063 0.029167
5 0.447266 0.711806 0.039844 0.009722
8 0.448047 0.734028 0.016406 0.031944
5 0.440234 0.721528 0.025781 0.009722
8 0.437109 0.740278 0.017969 0.033333
5 0.435156 0.727083 0.015625 0.009722
8 0.815234 0.715278 0.039844 0.027778
5 0.815625 0.703472 0.037500 0.006944
8 0.814063 0.710417 0.040625 0.023611
5 0.810156 0.698611 0.029687 0.002778
8 0.819531 0.717361 0.040625 0.023611
5 0.820312 0.706250 0.039062 0.004167
8 0.818750 0.712500 0.035937 0.005556
5 0.821094 0.712500 0.037500 0.008333
8 0.766016 0.700000 0.038281 0.005556
5 0.766016 0.697222 0.035156 0.002778
8 0.766797 0.713194 0.039844 0.026389
5 0.766406 0.702778 0.035937 0.005556
8 0.769922 0.711806 0.041406 0.015278
5 0.769531 0.704861 0.037500 0.004167
8 0.771094 0.716667 0.042188 0.016667
5 0.770312 0.711806 0.039062 0.009722
8 0.822266 0.745833 0.035156 0.030556
5 0.822266 0.736111 0.032031 0.013889
8 0.867188 0.751389 0.039062 0.038889
5 0.866797 0.737500 0.033594 0.013889
8 0.784375 0.745139 0.034375 0.029167
5 0.783984 0.735417 0.030469 0.012500
8 0.740234 0.747917 0.033594 0.037500
5 0.739844 0.734028 0.029687 0.012500
8 0.823828 0.732639 0.049219 0.029167
5 0.820312 0.720139 0.039062 0.006944
8 0.829688 0.740278 0.050000 0.033333
5 0.829688 0.727083 0.046875 0.009722
8 0.783594 0.736111 0.032813 0.027778
5 0.782813 0.727083 0.028125 0.012500
8 0.741406 0.738194 0.032813 0.031944
5 0.741016 0.725000 0.028906 0.008333
8 0.860547 0.795139 0.066406 0.045833
5 0.859375 0.779167 0.060937 0.016667
8 0.855078 0.785417 0.063281 0.043056
5 0.854297 0.766667 0.057031 0.008333
8 0.881641 0.836111 0.080469 0.055556
5 0.880859 0.817361 0.072656 0.020833
8 0.869922 0.824306 0.066406 0.054167
5 0.871094 0.801389 0.064062 0.013889
8 0.784375 0.833333 0.073438 0.058333
5 0.783203 0.813194 0.066406 0.020833
8 0.782031 0.820139 0.070312 0.054167
5 0.780859 0.797917 0.063281 0.012500
0 0.502344 0.904861 0.262500 0.187500
0 0.609375 0.729167 0.060937 0.211111
0 0.653906 0.689583 0.043750 0.156944
0 0.049219 0.865972 0.098437 0.265278
0 0.560937 0.652778 0.035937 0.108333
1 0.195703 0.657639 0.052344 0.073611
1 0.180078 0.659722 0.058594 0.075000
1 0.129688 0.656944 0.051562 0.072222
1 0.120703 0.658333 0.064844 0.075000
1 0.081641 0.656250 0.063281 0.073611
1 0.068359 0.658333 0.060156 0.075000
1 0.005078 0.649306 0.010156 0.065278
1 0.023438 0.679861 0.046875 0.090278
1 0.004297 0.673611 0.008594 0.077778
1 0.939453 0.661111 0.049219 0.058333
2 0.921094 0.645139 0.007812 0.006944
2 0.950391 0.648611 0.022656 0.008333
2 0.948828 0.692361 0.017969 0.004167
2 0.921875 0.645833 0.001563 0.005556
2 0.946094 0.643056 0.014063 0.000000
2 0.924219 0.645833 0.001563 0.005556
1 0.969922 0.693750 0.046094 0.106944
2 0.958203 0.694444 0.017969 0.005556
2 0.977734 0.692361 0.019531 0.001389
2 0.956250 0.652778 0.014063 0.002778
2 0.976953 0.670833 0.032031 0.030556
2 0.973047 0.711806 0.039844 0.037500
2 0.962891 0.666667 0.019531 0.027778
2 0.982031 0.652778 0.017188 0.000000
2 0.967187 0.668750 0.020313 0.029167
2 0.985156 0.654167 0.014063 0.000000
1 0.900391 0.679861 0.039844 0.090278
2 0.889062 0.677778 0.009375 0.000000
2 0.897656 0.677778 0.006250 0.000000
2 0.897266 0.641667 0.005469 0.000000
2 0.901172 0.657639 0.033594 0.026389
2 0.890625 0.693750 0.020313 0.031944
2 0.887109 0.654861 0.013281 0.026389
2 0.895312 0.641667 0.000000 0.000000
2 0.889062 0.656250 0.015625 0.026389
2 0.898828 0.643056 0.002344 0.000000
1 0.928516 0.693056 0.055469 0.108333
2 0.938281 0.691667 0.001563 0.000000
2 0.919141 0.650000 0.011719 0.000000
2 0.932813 0.670139 0.039062 0.031944
2 0.933594 0.711111 0.039062 0.036111
2 0.915234 0.651389 0.003906 0.000000
2 0.919141 0.652778 0.011719 0.000000
2 0.940625 0.652778 0.007812 0.000000
2 0.958984 0.793056 0.069531 0.069444
2 0.974219 0.827083 0.039062 0.084722
2 0.964844 0.895139 0.018750 0.087500
2 0.931250 0.850000 0.014063 0.066667
2 0.966016 0.809722 0.055469 0.077778
2 0.984375 0.847222 0.020313 0.091667
2 0.984766 0.921528 0.021094 0.095833
2 0.947266 0.873611 0.016406 0.080556
2 0.793750 0.795139 0.059375 0.065278
2 0.726172 0.793056 0.055469 0.063889
2 0.763672 0.684722 0.000781 0.019444
2 0.743750 0.696528 0.031250 0.026389
2 0.781250 0.693750 0.032813 0.029167
2 0.743750 0.669444 0.031250 0.025000
2 0.781250 0.668056 0.032813 0.030556
2 0.743750 0.640972 0.031250 0.029167
2 0.781250 0.640972 0.032813 0.029167
5 0.244922 0.739583 0.064844 0.015278
5 0.244922 0.750000 0.064844 0.016667
5 0.244922 0.759722 0.064844 0.016667
5 0.244922 0.769444 0.064844 0.016667
5 0.244922 0.790278 0.064844 0.016667
5 0.244922 0.779861 0.064844 0.018056
5 0.244922 0.809722 0.064844 0.019444
5 0.244922 0.799306 0.064844 0.018056
5 0.309766 0.761806 0.063281 0.015278
5 0.309766 0.772222 0.063281 0.016667
5 0.309766 0.793056 0.063281 0.016667
5 0.309766 0.782639 0.063281 0.018056
5 0.309375 0.812500 0.064062 0.019444
5 0.309766 0.802083 0.063281 0.018056
5 0.007031 0.730556 0.014063 0.008333
5 0.007031 0.736111 0.014063 0.005556
5 0.309766 0.751389 0.063281 0.016667
5 0.309766 0.741667 0.063281 0.016667
5 0.383203 0.763889 0.061719 0.016667
5 0.383203 0.774306 0.061719 0.018056
5 0.383203 0.795139 0.061719 0.018056
5 0.383203 0.784722 0.061719 0.016667
5 0.383203 0.815278 0.061719 0.019444
5 0.383203 0.804167 0.061719 0.019444
5 0.040234 0.732639 0.050781 0.009722
5 0.046875 0.737500 0.037500 0.005556
5 0.383203 0.754167 0.061719 0.016667
5 0.383203 0.743750 0.061719 0.015278
5 0.383203 0.683333 0.061719 0.013889
5 0.383203 0.694444 0.061719 0.013889
5 0.383203 0.715278 0.061719 0.013889
5 0.383203 0.704167 0.061719 0.013889
5 0.383203 0.734722 0.061719 0.016667
5 0.383203 0.724306 0.061719 0.015278
5 0.040234 0.727083 0.050781 0.009722
5 0.040234 0.719444 0.050781 0.011111
5 0.383203 0.673611 0.061719 0.013889
5 0.383203 0.663194 0.061719 0.012500