3 0.499609 0.856944 0.999219 0.283333
4 0.664453 0.710417 0.005469 0.073611
4 0.700391 0.711806 0.022656 0.076389
4 0.314063 0.775694 0.003125 0.004167
5 0.354687 0.717361 0.034375 0.006944
5 0.354687 0.717361 0.034375 0.006944
5 0.354687 0.717361 0.034375 0.006944
5 0.354687 0.709028 0.034375 0.006944
5 0.354687 0.709028 0.034375 0.006944
5 0.354687 0.709028 0.034375 0.006944
5 0.354687 0.700694 0.034375 0.006944
5 0.354687 0.700694 0.034375 0.006944
5 0.354687 0.700694 0.034375 0.006944
5 0.354687 0.690972 0.034375 0.006944
5 0.354687 0.690972 0.034375 0.006944
5 0.354687 0.690972 0.034375 0.006944
6 0.664453 0.700694 0.005469 0.073611
6 0.692969 0.701389 0.035937 0.077778
6 0.231250 0.722917 0.128125 0.193056
6 0.367188 0.715278 0.065625 0.169444
6 0.392969 0.560417 0.114062 0.176389
6 0.233203 0.552083 0.127344 0.195833
6 0.227344 0.571528 0.076563 0.076389
6 0.105078 0.589583 0.074219 0.131944
6 0.087500 0.710417 0.043750 0.131944
8 0.696484 0.727778 0.030469 0.036111
5 0.698047 0.711111 0.025781 0.008333
8 0.687109 0.712500 0.021094 0.016667
5 0.688281 0.700694 0.023438 0.004167
8 0.703125 0.711806 0.012500 0.020833
5 0.702734 0.702083 0.011719 0.001389
8 0.710547 0.703472 0.000781 0.004167
0 0.764844 0.541667 0.468750 0.913889
0 0.450000 0.597222 0.415625 0.563889
0 0.184766 0.631944 0.263281 0.330556
0 0.145313 0.637500 0.232813 0.300000
1 0.710156 0.647917 0.185938 0.343056
1 0.756641 0.654167 0.182031 0.330556
1 0.030469 0.677778 0.060937 0.086111
1 0.033594 0.678472 0.067187 0.084722
1 0.055078 0.669444 0.075781 0.122222
1 0.013281 0.676389 0.026562 0.136111
1 0.052734 0.675694 0.099219 0.184722
1 0.110937 0.673611 0.054688 0.155556
2 0.661328 0.656944 0.000781 0.022222
5 0.042188 0.731250 0.062500 0.001389
5 0.042969 0.748611 0.059375 0.008333
5 0.090625 0.730556 0.001563 0.000000
5 0.098047 0.747222 0.016406 0.002778