3 0.740625 0.959722 0.479687 0.077778
5 0.134375 0.993750 0.059375 0.006944
5 0.134375 0.993750 0.059375 0.006944
5 0.134375 0.993750 0.059375 0.006944
5 0.119141 0.983333 0.103906 0.030556
5 0.119141 0.983333 0.103906 0.030556
5 0.119141 0.983333 0.103906 0.030556
6 0.636719 0.940278 0.192188 0.116667
8 0.957422 0.997222 0.005469 0.002778
5 0.979688 0.992361 0.039062 0.012500
5 0.944141 0.997917 0.024219 0.001389
0 0.403906 0.901389 0.121875 0.194444
1 0.994922 0.847917 0.008594 0.018056
2 0.997656 0.856944 0.003125 0.000000
1 0.975000 0.919444 0.048438 0.158333
2 0.977734 0.952083 0.038281 0.054167
2 0.988672 0.925000 0.021094 0.005556
2 0.978125 0.884722 0.042188 0.052778
2 0.992188 0.954861 0.014063 0.051389
2 0.990625 0.887500 0.017188 0.050000
2 0.998828 0.861111 0.000781 0.000000
2 0.632812 0.968056 0.060937 0.061111
2 0.658594 0.936806 0.009375 0.004167
2 0.719531 0.977083 0.110937 0.043056
2 0.800391 0.977083 0.050781 0.043056
2 0.719141 0.935417 0.111719 0.068056
2 0.799609 0.931944 0.050781 0.058333
2 0.718359 0.878472 0.111719 0.068056
2 0.769531 0.872917 0.109375 0.065278