3 0.499609 0.840972 0.999219 0.315278
4 0.269531 0.779167 0.001563 0.055556
4 0.181641 0.820833 0.016406 0.072222
4 0.069531 0.847222 0.018750 0.022222
4 0.006641 0.931944 0.011719 0.105556
8 0.034766 0.963889 0.069531 0.069444
8 0.838672 0.900694 0.088281 0.076389
5 0.457422 0.695833 0.041406 0.008333
5 0.457422 0.695833 0.041406 0.008333
5 0.457422 0.695833 0.041406 0.008333
5 0.457813 0.684722 0.042188 0.011111
5 0.457813 0.684722 0.042188 0.011111
5 0.457813 0.684722 0.042188 0.011111
5 0.438281 0.703472 0.003125 0.006944
5 0.438281 0.703472 0.003125 0.006944
5 0.438281 0.703472 0.003125 0.006944
5 0.519531 0.705556 0.043750 0.011111
5 0.519531 0.705556 0.043750 0.011111
5 0.519531 0.705556 0.043750 0.011111
5 0.519141 0.697222 0.044531 0.011111
5 0.519141 0.697222 0.044531 0.011111
5 0.519141 0.697222 0.044531 0.011111
5 0.519141 0.688194 0.044531 0.012500
5 0.519141 0.688194 0.044531 0.012500
5 0.519141 0.688194 0.044531 0.012500
5 0.519141 0.677083 0.044531 0.012500
5 0.519141 0.677083 0.044531 0.012500
5 0.519141 0.677083 0.044531 0.012500
6 0.458203 0.746528 0.047656 0.081944
6 0.485156 0.725000 0.042188 0.075000
6 0.459375 0.681250 0.050000 0.079167
6 0.473438 0.734722 0.043750 0.077778
6 0.346094 0.804861 0.075000 0.104167
6 0.336719 0.831250 0.056250 0.118056
7 0.036719 0.874306 0.059375 0.040278
7 0.266406 0.768056 0.000000 0.000000
7 0.194141 0.834028 0.060156 0.026389
8 0.221875 0.907639 0.040625 0.040278
5 0.227734 0.877778 0.024219 0.030556
8 0.162109 0.875000 0.077344 0.016667
5 0.172656 0.864583 0.048438 0.004167
8 0.390625 0.763889 0.014063 0.013889
5 0.367578 0.761111 0.052344 0.013889
8 0.431250 0.790972 0.017188 0.040278
5 0.409766 0.773611 0.052344 0.013889
8 0.425000 0.780556 0.057813 0.038889
5 0.423828 0.764583 0.052344 0.015278
8 0.406250 0.801389 0.045312 0.041667
5 0.404297 0.784722 0.041406 0.016667
8 0.398047 0.813889 0.028906 0.044444
5 0.396094 0.797222 0.025000 0.016667
8 0.879297 0.766667 0.047656 0.033333
5 0.880078 0.754167 0.046094 0.011111
8 0.878906 0.754861 0.048438 0.026389
5 0.878906 0.745139 0.045312 0.009722
8 0.885938 0.768750 0.053125 0.020833
5 0.882031 0.762500 0.042188 0.011111
8 0.888281 0.781944 0.056250 0.027778
5 0.887109 0.775000 0.050781 0.016667
8 0.820312 0.745833 0.048438 0.013889
5 0.819531 0.742361 0.043750 0.009722
8 0.819922 0.766667 0.049219 0.038889
5 0.819141 0.750694 0.044531 0.009722
8 0.822656 0.766667 0.051562 0.022222
5 0.821875 0.759028 0.046875 0.009722
8 0.822266 0.784028 0.053906 0.040278
5 0.821484 0.770833 0.047656 0.016667
8 0.881250 0.847917 0.043750 0.059722
5 0.882031 0.829861 0.040625 0.026389
8 0.941797 0.852778 0.050781 0.061111
5 0.945703 0.835417 0.035156 0.026389
8 0.831250 0.844444 0.045312 0.058333
5 0.830859 0.827083 0.039844 0.026389
8 0.775391 0.839583 0.046094 0.056944
5 0.775000 0.822222 0.040625 0.025000
8 0.886328 0.811111 0.061719 0.047222
5 0.886328 0.793056 0.057031 0.013889
8 0.889453 0.820139 0.055469 0.040278
5 0.890234 0.807639 0.053906 0.018056
8 0.832812 0.822222 0.042188 0.050000
5 0.832031 0.806250 0.037500 0.020833
8 0.779687 0.819444 0.043750 0.052778
5 0.779297 0.802083 0.038281 0.020833
8 0.926172 0.961806 0.092969 0.073611
5 0.924609 0.942361 0.083594 0.037500
8 0.920312 0.936111 0.087500 0.069444
5 0.919141 0.914583 0.078906 0.029167
8 0.889062 0.996528 0.003125 0.004167
5 0.918359 0.995833 0.053906 0.005556
8 0.807422 0.989583 0.096094 0.018056
5 0.805078 0.988889 0.089844 0.019444
0 0.575781 0.857639 0.093750 0.281944
0 0.665625 0.764583 0.060937 0.215278
0 0.580469 0.672917 0.045312 0.129167
1 0.175000 0.665278 0.057813 0.086111
1 0.151562 0.669444 0.071875 0.088889
1 0.102344 0.664583 0.057813 0.081944
1 0.089844 0.667361 0.071875 0.087500
1 0.049609 0.661111 0.066406 0.083333
1 0.033594 0.665972 0.067187 0.087500
1 0.977344 0.719444 0.043750 0.122222
2 0.961328 0.729861 0.005469 0.031944
2 0.978906 0.687500 0.040625 0.033333
2 0.983203 0.696528 0.032031 0.034722
2 0.970703 0.739583 0.019531 0.043056
2 0.971094 0.689583 0.018750 0.031944
2 0.998828 0.675694 0.000781 0.001389
2 0.972266 0.692361 0.016406 0.031944
2 0.998828 0.679167 0.000781 0.000000
1 0.998828 0.746528 0.000781 0.112500
2 0.998437 0.750000 0.000000 0.000000
2 0.998828 0.697917 0.000781 0.001389
2 0.998828 0.772222 0.000781 0.041667
2 0.998828 0.720139 0.000781 0.040278
2 0.998828 0.722222 0.000781 0.036111
2 0.830859 0.953472 0.080469 0.090278
2 0.736719 0.949306 0.079687 0.098611
2 0.821875 0.698611 0.000000 0.000000
2 0.796094 0.729861 0.037500 0.031944
2 0.842187 0.727778 0.039062 0.041667
2 0.796094 0.697917 0.037500 0.031944
2 0.842187 0.696528 0.039062 0.040278
2 0.796094 0.662500 0.037500 0.038889
2 0.842187 0.663889 0.039062 0.038889
5 0.102344 0.865972 0.092188 0.034722
5 0.101172 0.881250 0.089844 0.031944
5 0.096484 0.892361 0.080469 0.031944
5 0.096094 0.906250 0.079687 0.031944
5 0.096094 0.933333 0.079687 0.033333
5 0.096094 0.919444 0.079687 0.033333
5 0.102734 0.959028 0.086719 0.034722
5 0.101562 0.945139 0.090625 0.034722
5 0.182031 0.900000 0.090625 0.033333
5 0.182031 0.913889 0.090625 0.033333
5 0.182031 0.941667 0.090625 0.036111
5 0.182031 0.927778 0.090625 0.036111
5 0.182031 0.967361 0.090625 0.037500
5 0.182031 0.954167 0.090625 0.036111
5 0.182031 0.888194 0.090625 0.031944
5 0.182031 0.872222 0.090625 0.036111
5 0.274609 0.909028 0.089844 0.034722
5 0.274609 0.922917 0.089844 0.034722
5 0.274609 0.951389 0.089844 0.036111
5 0.274609 0.937500 0.089844 0.036111
5 0.274609 0.977778 0.089844 0.038889
5 0.274609 0.963889 0.089844 0.036111
5 0.274609 0.897222 0.089844 0.033333
5 0.274609 0.882639 0.089844 0.031944
5 0.274609 0.802083 0.089844 0.029167
5 0.274609 0.815972 0.089844 0.029167
5 0.274609 0.843056 0.089844 0.033333
5 0.274609 0.830556 0.089844 0.030556
5 0.274609 0.870139 0.089844 0.031944
5 0.274609 0.856250 0.089844 0.031944
5 0.274609 0.789583 0.089844 0.029167
5 0.274609 0.774306 0.089844 0.029167