3 0.481250 0.818750 0.962500 0.359722
4 0.125781 0.810417 0.003125 0.068056
4 0.015625 0.717361 0.001563 0.029167
6 0.007422 0.618056 0.014844 0.038889
5 0.634375 0.734722 0.028125 0.019444
5 0.634375 0.734722 0.028125 0.019444
5 0.634375 0.734722 0.028125 0.019444
5 0.642578 0.722917 0.044531 0.020833
5 0.642578 0.722917 0.044531 0.020833
5 0.642578 0.722917 0.044531 0.020833
5 0.634375 0.745139 0.028125 0.018056
5 0.634375 0.745139 0.028125 0.018056
5 0.634375 0.745139 0.028125 0.018056
5 0.687109 0.727778 0.000781 0.000000
5 0.687109 0.727778 0.000781 0.000000
5 0.687109 0.727778 0.000781 0.000000
5 0.696875 0.722222 0.020313 0.013889
5 0.696875 0.722222 0.020313 0.013889
5 0.696875 0.722222 0.020313 0.013889
6 0.408984 0.805556 0.036719 0.088889
6 0.495703 0.784722 0.071094 0.100000
6 0.408984 0.721528 0.036719 0.093056
6 0.444922 0.795139 0.074219 0.104167
6 0.079687 0.856250 0.068750 0.129167
6 0.011719 0.872222 0.023438 0.111111
7 0.246875 0.798611 0.025000 0.019444
7 0.016797 0.850694 0.033594 0.034722
7 0.214844 0.663889 0.026562 0.011111
7 0.252734 0.661111 0.027344 0.011111
7 0.114062 0.674306 0.015625 0.012500
7 0.160938 0.669444 0.026562 0.011111
8 0.139063 0.848611 0.051562 0.061111
5 0.137109 0.831944 0.046094 0.027778
8 0.187891 0.838889 0.060156 0.058333
5 0.186719 0.821528 0.053125 0.026389
8 0.230469 0.827083 0.057813 0.051389
5 0.230469 0.813194 0.053125 0.026389
8 0.280078 0.821528 0.058594 0.043056
5 0.279297 0.806944 0.052344 0.019444
8 0.258984 0.853472 0.063281 0.054167
5 0.253906 0.832639 0.048438 0.026389
8 0.309375 0.843056 0.062500 0.052778
5 0.313672 0.822917 0.044531 0.026389
8 0.214062 0.859722 0.064062 0.063889
5 0.212891 0.841667 0.057031 0.030556
8 0.157812 0.870833 0.064062 0.066667
5 0.156641 0.852083 0.057031 0.031944
8 0.866406 0.975000 0.075000 0.044444
5 0.868359 0.964583 0.071094 0.048611
8 0.889844 0.945139 0.028125 0.018056
5 0.908594 0.938889 0.057813 0.027778
8 0.841797 0.984722 0.108594 0.027778
5 0.841406 0.977778 0.098437 0.041667
8 0.747266 0.997917 0.000781 0.001389
5 0.785937 0.986806 0.078125 0.023611
8 0.848047 0.935417 0.096094 0.059722
5 0.846484 0.915278 0.085156 0.041667
8 0.801953 0.956250 0.097656 0.070833
5 0.800781 0.930556 0.087500 0.044444
8 0.779687 0.968056 0.065625 0.036111
5 0.776172 0.946528 0.058594 0.045833
8 0.710547 0.975000 0.100781 0.047222
5 0.709375 0.961806 0.090625 0.045833
8 0.486328 0.987500 0.108594 0.022222
5 0.486719 0.986806 0.098437 0.023611
0 0.328516 0.868056 0.155469 0.261111
0 0.703516 0.732639 0.114844 0.176389
1 0.410547 0.661111 0.039844 0.094444
1 0.371094 0.663194 0.060937 0.090278
1 0.363672 0.645833 0.057031 0.072222
1 0.333984 0.655556 0.027344 0.091667
1 0.333984 0.638194 0.027344 0.073611
1 0.303125 0.643750 0.054688 0.076389
1 0.306641 0.622917 0.057031 0.070833
1 0.073828 0.691667 0.085156 0.111111
1 0.061719 0.681944 0.082812 0.102778
1 0.948047 0.939583 0.102344 0.118056
2 0.989453 0.916667 0.019531 0.013889
2 0.951953 0.968750 0.094531 0.059722
2 0.977344 0.929861 0.043750 0.023611
2 0.997656 0.941667 0.003125 0.002778
2 0.962109 0.940278 0.061719 0.025000
2 0.984766 0.952778 0.028906 0.019444
2 0.933984 0.880556 0.057031 0.069444
2 0.989062 0.893056 0.020313 0.047222
2 0.933984 0.827778 0.057031 0.063889
2 0.989062 0.844444 0.020313 0.058333
2 0.952344 0.768750 0.093750 0.073611
2 0.989062 0.784722 0.020313 0.069444
5 0.005859 0.730556 0.011719 0.008333
5 0.019141 0.756944 0.038281 0.016667
5 0.018359 0.765278 0.036719 0.016667
5 0.019141 0.750694 0.038281 0.015278
5 0.018359 0.740972 0.036719 0.018056