3 0.498828 0.796528 0.997656 0.404167
4 0.110937 0.822917 0.007812 0.076389
4 0.045703 0.698611 0.002344 0.030556
8 0.056641 0.620139 0.027344 0.020833
5 0.002734 0.592361 0.005469 0.006944
5 0.002734 0.592361 0.005469 0.006944
5 0.002734 0.592361 0.005469 0.006944
5 0.002734 0.584028 0.005469 0.009722
5 0.002734 0.584028 0.005469 0.009722
5 0.002734 0.584028 0.005469 0.009722
5 0.002734 0.599306 0.005469 0.006944
5 0.002734 0.599306 0.005469 0.006944
5 0.002734 0.599306 0.005469 0.006944
6 0.066406 0.576389 0.032813 0.041667
6 0.078516 0.575000 0.011719 0.041667
6 0.042969 0.551389 0.032813 0.041667
6 0.043359 0.578472 0.032031 0.043056
5 0.698047 0.740278 0.041406 0.016667
5 0.698047 0.740278 0.041406 0.016667
5 0.698047 0.740278 0.041406 0.016667
5 0.697656 0.722917 0.040625 0.026389
5 0.697656 0.722917 0.040625 0.026389
5 0.697656 0.722917 0.040625 0.026389
5 0.693750 0.744444 0.032813 0.011111
5 0.693750 0.744444 0.032813 0.011111
5 0.693750 0.744444 0.032813 0.011111
5 0.774219 0.779167 0.023438 0.016667
5 0.774219 0.779167 0.023438 0.016667
5 0.774219 0.779167 0.023438 0.016667
5 0.752344 0.765972 0.067187 0.020833
5 0.752344 0.765972 0.067187 0.020833
5 0.752344 0.765972 0.067187 0.020833
5 0.752734 0.748611 0.067969 0.027778
5 0.752734 0.748611 0.067969 0.027778
5 0.752734 0.748611 0.067969 0.027778
5 0.752734 0.734028 0.067969 0.029167
5 0.752734 0.734028 0.067969 0.029167
5 0.752734 0.734028 0.067969 0.029167
6 0.375391 0.833333 0.080469 0.108333
6 0.498437 0.802778 0.076563 0.111111
6 0.375391 0.742361 0.080469 0.112500
6 0.439844 0.815278 0.078125 0.113889
6 0.038672 0.878472 0.061719 0.140278
7 0.251953 0.801389 0.028906 0.019444
7 0.003906 0.855556 0.007812 0.038889
7 0.277344 0.629861 0.025000 0.012500
7 0.319922 0.627083 0.017969 0.012500
7 0.223047 0.635417 0.024219 0.012500
8 0.108984 0.864583 0.055469 0.068056
5 0.107813 0.846528 0.048438 0.034722
8 0.147266 0.857639 0.016406 0.059722
5 0.148047 0.839583 0.013281 0.029167
8 0.218750 0.842361 0.040625 0.054167
5 0.216016 0.827778 0.041406 0.030556
8 0.266406 0.838194 0.053125 0.054167
5 0.266016 0.818750 0.047656 0.029167
8 0.234766 0.872222 0.057031 0.069444
5 0.233203 0.854167 0.050781 0.036111
8 0.289062 0.862500 0.060937 0.055556
5 0.288281 0.844444 0.053125 0.030556
8 0.182422 0.884028 0.060156 0.056944
5 0.181250 0.865972 0.053125 0.023611
8 0.121094 0.895139 0.059375 0.073611
5 0.119922 0.876389 0.052344 0.038889
8 0.808203 0.989583 0.046094 0.018056
5 0.823828 0.988889 0.069531 0.019444
8 0.773047 0.997917 0.002344 0.001389
5 0.767969 0.997917 0.010937 0.001389
0 0.259375 0.894444 0.128125 0.208333
0 0.737109 0.752083 0.121094 0.195833
1 0.450391 0.638194 0.060156 0.101389
1 0.418359 0.641667 0.060156 0.102778
1 0.416797 0.620139 0.055469 0.081944
1 0.386328 0.629861 0.055469 0.095833
1 0.387891 0.609722 0.052344 0.077778
1 0.363672 0.619444 0.041406 0.091667
1 0.373437 0.588889 0.057813 0.075000
1 0.110547 0.668750 0.083594 0.112500
1 0.102344 0.659722 0.081250 0.108333
2 0.964063 0.955556 0.068750 0.083333
2 0.998828 0.973611 0.000781 0.050000
2 0.964844 0.895833 0.068750 0.077778
2 0.998828 0.924306 0.000781 0.045833
2 0.964844 0.828472 0.068750 0.093056
2 0.999219 0.884722 0.000000 0.002778
5 0.028516 0.709028 0.038281 0.012500
5 0.025391 0.719444 0.035156 0.013889
5 0.040234 0.714583 0.017969 0.001389
5 0.046094 0.740972 0.034375 0.015278
5 0.045312 0.747222 0.031250 0.016667
5 0.046094 0.732639 0.034375 0.015278
5 0.044922 0.723611 0.032031 0.019444