3 0.419922 0.905556 0.457031 0.186111
4 0.273828 0.808333 0.000781 0.000000
8 0.386719 0.807639 0.004687 0.012500
5 0.373828 0.800694 0.028906 0.004167
5 0.373828 0.800694 0.028906 0.004167
5 0.373828 0.800694 0.028906 0.004167
5 0.373828 0.795833 0.028906 0.005556
5 0.373828 0.795833 0.028906 0.005556
5 0.373828 0.795833 0.028906 0.005556
5 0.373437 0.807639 0.029687 0.004167
5 0.373437 0.807639 0.029687 0.004167
5 0.373437 0.807639 0.029687 0.004167
5 0.355469 0.808333 0.004687 0.002778
5 0.355469 0.808333 0.004687 0.002778
5 0.355469 0.808333 0.004687 0.002778
5 0.347656 0.802778 0.021875 0.005556
5 0.347656 0.802778 0.021875 0.005556
5 0.347656 0.802778 0.021875 0.005556
5 0.355859 0.797222 0.005469 0.002778
5 0.355859 0.797222 0.005469 0.002778
5 0.355859 0.797222 0.005469 0.002778
5 0.348828 0.790278 0.024219 0.005556
5 0.348828 0.790278 0.024219 0.005556
5 0.348828 0.790278 0.024219 0.005556
6 0.410547 0.761111 0.007031 0.019444
6 0.414062 0.792361 0.000000 0.029167
6 0.314063 0.806250 0.020313 0.009722
6 0.373047 0.813889 0.069531 0.083333
6 0.511719 0.814583 0.067187 0.084722
6 0.374609 0.733333 0.069531 0.091667
6 0.442578 0.815278 0.067969 0.086111
7 0.346875 0.841667 0.029687 0.011111
7 0.572266 0.816667 0.008594 0.008333
7 0.613672 0.812500 0.007031 0.000000
7 0.476172 0.816667 0.014844 0.008333
7 0.516797 0.817361 0.014844 0.006944
5 0.265625 0.818750 0.032813 0.001389
8 0.330469 0.837500 0.004687 0.019444
5 0.313672 0.822917 0.032031 0.006944
8 0.452344 0.902083 0.085938 0.084722
5 0.451562 0.868750 0.075000 0.023611
8 0.550781 0.902083 0.075000 0.084722
5 0.550391 0.868750 0.066406 0.023611
8 0.368750 0.903472 0.085938 0.084722
5 0.366797 0.868750 0.077344 0.023611
8 0.550000 0.887500 0.067187 0.069444
5 0.551172 0.854167 0.063281 0.011111
8 0.463281 0.888889 0.073438 0.075000
5 0.461328 0.856944 0.066406 0.016667
8 0.384375 0.889583 0.081250 0.073611
5 0.383203 0.856944 0.072656 0.016667
8 0.334375 0.871528 0.010937 0.040278
5 0.330469 0.854167 0.004687 0.011111
0 0.009766 0.828472 0.019531 0.001389
1 0.660937 0.818056 0.003125 0.000000
1 0.638672 0.812500 0.039844 0.011111
1 0.626172 0.812500 0.032031 0.011111
1 0.619531 0.810417 0.018750 0.006944
1 0.346094 0.786806 0.067187 0.090278
1 0.351562 0.786806 0.064062 0.087500
1 0.880469 0.534722 0.237500 0.927778
2 0.901172 0.541667 0.196094 0.527778
2 0.903516 0.963194 0.191406 0.070833
1 0.718750 0.752083 0.179688 0.493056
2 0.719922 0.686111 0.142969 0.202778
2 0.823828 0.924306 0.350781 0.148611
2 0.803125 0.685417 0.012500 0.204167
1 0.108984 0.749306 0.217969 0.498611
2 0.126953 0.925694 0.133594 0.145833
2 0.087500 0.929167 0.154688 0.138889
2 0.109375 0.682639 0.178125 0.209722
2 0.044141 0.925000 0.088281 0.147222
2 0.012891 0.683333 0.025781 0.211111
1 0.616797 0.806250 0.064844 0.384722
2 0.622656 0.721528 0.053125 0.123611
2 0.694141 0.891667 0.197656 0.133333
1 0.254297 0.804861 0.125781 0.387500
2 0.266406 0.887500 0.073438 0.122222
2 0.251172 0.895139 0.080469 0.131944
2 0.260156 0.720139 0.090625 0.126389
2 0.117969 0.893056 0.235937 0.136111
2 0.203906 0.718750 0.015625 0.120833
1 0.584766 0.815972 0.021094 0.359722
2 0.591406 0.729861 0.009375 0.106944
2 0.623047 0.875000 0.078906 0.111111
1 0.321094 0.816667 0.037500 0.363889
2 0.297656 0.872917 0.060937 0.106944
2 0.285156 0.878472 0.068750 0.112500
2 0.317188 0.729167 0.025000 0.108333
2 0.213281 0.822222 0.112500 0.005556
2 0.197266 0.781944 0.002344 0.002778
5 0.280078 0.815972 0.003906 0.001389
5 0.273438 0.812500 0.017188 0.002778
5 0.271875 0.809028 0.020313 0.001389
5 0.261328 0.817361 0.036719 0.001389
5 0.258984 0.813194 0.036719 0.006944