3 0.423438 0.879167 0.846875 0.238889
4 0.080859 0.845139 0.008594 0.081944
8 0.078906 0.765278 0.014063 0.016667
5 0.012891 0.752083 0.025781 0.006944
5 0.012891 0.752083 0.025781 0.006944
5 0.012891 0.752083 0.025781 0.006944
5 0.012891 0.744444 0.025781 0.008333
5 0.012891 0.744444 0.025781 0.008333
5 0.012891 0.744444 0.025781 0.008333
5 0.012500 0.759028 0.025000 0.006944
5 0.012500 0.759028 0.025000 0.006944
5 0.012500 0.759028 0.025000 0.006944
6 0.082422 0.738889 0.021094 0.038889
6 0.076172 0.711111 0.010156 0.036111
6 0.076172 0.739583 0.010156 0.037500
5 0.808203 0.847917 0.024219 0.015278
5 0.808203 0.847917 0.024219 0.015278
5 0.808203 0.847917 0.024219 0.015278
5 0.807031 0.833333 0.026562 0.013889
5 0.807031 0.833333 0.026562 0.013889
5 0.807031 0.833333 0.026562 0.013889
5 0.804688 0.819444 0.029687 0.016667
5 0.804688 0.819444 0.029687 0.016667
5 0.804688 0.819444 0.029687 0.016667
5 0.804297 0.802778 0.030469 0.019444
5 0.804297 0.802778 0.030469 0.019444
5 0.804297 0.802778 0.030469 0.019444
6 0.363672 0.846528 0.086719 0.109722
6 0.500000 0.835417 0.082812 0.106944
6 0.364063 0.750694 0.085938 0.104167
6 0.434375 0.839583 0.084375 0.109722
6 0.012109 0.862500 0.024219 0.125000
7 0.303125 0.772917 0.009375 0.009722
7 0.329297 0.772222 0.011719 0.008333
7 0.193750 0.777778 0.023438 0.011111
7 0.239844 0.775000 0.007812 0.011111
8 0.078906 0.873611 0.021875 0.036111
5 0.079687 0.855556 0.021875 0.019444
8 0.157812 0.865972 0.020313 0.043056
5 0.138672 0.849306 0.049219 0.012500
8 0.170313 0.849306 0.014063 0.012500
5 0.186719 0.846528 0.040625 0.015278
8 0.273438 0.866667 0.009375 0.041667
5 0.266797 0.841667 0.016406 0.011111
8 0.283984 0.879861 0.032031 0.045833
5 0.279297 0.855556 0.032031 0.019444
8 0.152734 0.881944 0.036719 0.052778
5 0.160938 0.863194 0.018750 0.018056
8 0.078516 0.895833 0.022656 0.052778
5 0.078906 0.869444 0.021875 0.022222
8 0.810937 0.965278 0.000000 0.000000
5 0.817187 0.963889 0.001563 0.008333
8 0.759375 0.982639 0.034375 0.015278
5 0.795312 0.981250 0.095312 0.034722
8 0.667578 0.992361 0.019531 0.012500
5 0.719922 0.986806 0.119531 0.023611
8 0.808594 0.932639 0.017188 0.009722
5 0.810937 0.929167 0.012500 0.011111
8 0.764844 0.966667 0.071875 0.061111
5 0.775781 0.946528 0.084375 0.037500
8 0.727734 0.964583 0.124219 0.040278
5 0.725391 0.956944 0.110156 0.041667
8 0.646094 0.976389 0.123438 0.044444
5 0.644531 0.968750 0.109375 0.040278
8 0.186719 0.987500 0.137500 0.022222
5 0.188672 0.986111 0.124219 0.025000
5 0.532422 0.995833 0.047656 0.005556
5 0.359766 0.990972 0.127344 0.015278
8 0.332031 0.986111 0.134375 0.025000
5 0.333203 0.979167 0.121094 0.038889
0 0.176172 0.840278 0.192969 0.316667
0 0.749219 0.781944 0.134375 0.205556
1 0.468359 0.755556 0.061719 0.094444
1 0.434766 0.757639 0.061719 0.098611
1 0.435547 0.751389 0.057031 0.091667
1 0.403125 0.752083 0.056250 0.090278
1 0.407031 0.740972 0.053125 0.073611
1 0.379297 0.749306 0.046094 0.087500
1 0.396094 0.737500 0.059375 0.072222
1 0.112109 0.765972 0.085156 0.106944
1 0.108203 0.759028 0.077344 0.095833
1 0.968359 0.918750 0.061719 0.159722
2 0.975781 0.940972 0.046875 0.115278
1 0.901563 0.900694 0.195312 0.195833
2 0.977734 0.847917 0.042969 0.009722
2 0.891406 0.927778 0.148438 0.141667
2 0.959375 0.852778 0.079687 0.011111
2 0.980859 0.861111 0.036719 0.008333
2 0.916406 0.856944 0.079687 0.011111
2 0.959766 0.872917 0.078906 0.026389
2 0.981641 0.831250 0.022656 0.023611
2 0.980469 0.785417 0.023438 0.070833
5 0.016797 0.805556 0.021094 0.002778
5 0.026953 0.812500 0.002344 0.000000
5 0.027734 0.819444 0.000781 0.000000
5 0.026562 0.820139 0.003125 0.009722
5 0.026562 0.829861 0.003125 0.006944
5 0.026172 0.814583 0.003906 0.006944
5 0.019141 0.804167 0.017969 0.011111