3 0.499609 0.831250 0.999219 0.334722
4 0.436719 0.750000 0.007812 0.058333
4 0.460156 0.782639 0.029687 0.068056
4 0.491016 0.804861 0.008594 0.070833
4 0.502344 0.827083 0.034375 0.081944
4 0.542188 0.840278 0.003125 0.050000
4 0.559375 0.885417 0.032813 0.093056
4 0.613281 0.929167 0.014063 0.100000
4 0.649219 0.950000 0.026562 0.097222
4 0.059375 0.772222 0.009375 0.061111
4 0.044141 0.818750 0.016406 0.081944
4 0.030469 0.840278 0.012500 0.080556
4 0.020313 0.875694 0.020313 0.098611
4 0.005078 0.906250 0.010156 0.095833
8 0.592969 0.881944 0.060937 0.066667
8 0.941797 0.754167 0.047656 0.025000
5 0.360547 0.675000 0.041406 0.011111
5 0.360547 0.675000 0.041406 0.011111
5 0.360547 0.675000 0.041406 0.011111
5 0.360547 0.665972 0.041406 0.012500
5 0.360547 0.665972 0.041406 0.012500
5 0.360547 0.665972 0.041406 0.012500
5 0.360547 0.682639 0.041406 0.009722
5 0.360547 0.682639 0.041406 0.009722
5 0.360547 0.682639 0.041406 0.009722
5 0.416016 0.679861 0.041406 0.009722
5 0.416016 0.679861 0.041406 0.009722
5 0.416016 0.679861 0.041406 0.009722
5 0.416016 0.672917 0.041406 0.009722
5 0.416016 0.672917 0.041406 0.009722
5 0.416016 0.672917 0.041406 0.009722
5 0.416016 0.664583 0.041406 0.009722
5 0.416016 0.664583 0.041406 0.009722
5 0.416016 0.664583 0.041406 0.009722
5 0.416016 0.655556 0.041406 0.011111
5 0.416016 0.655556 0.041406 0.011111
5 0.416016 0.655556 0.041406 0.011111
6 0.507812 0.702778 0.039062 0.055556
6 0.483984 0.688889 0.035156 0.058333
6 0.508594 0.652083 0.042188 0.065278
6 0.494922 0.696528 0.035156 0.059722
6 0.546094 0.752778 0.056250 0.080556
6 0.586328 0.763194 0.066406 0.079167
7 0.720313 0.902778 0.081250 0.033333
7 0.765625 0.936111 0.085938 0.038889
7 0.444531 0.934028 0.053125 0.048611
7 0.115234 0.994444 0.038281 0.008333
7 0.386328 0.835417 0.038281 0.031944
7 0.042969 0.815278 0.064062 0.022222
7 0.380859 0.745139 0.049219 0.015278
7 0.418750 0.793750 0.057813 0.020833
6 0.005078 0.765972 0.010156 0.112500
6 0.005078 0.858333 0.010156 0.119444
6 0.981250 0.996528 0.035937 0.004167
8 0.800391 0.990972 0.083594 0.015278
5 0.810156 0.990972 0.093750 0.015278
8 0.753906 0.957639 0.089063 0.081944
5 0.755078 0.936806 0.078906 0.043056
8 0.690625 0.964583 0.087500 0.068056
5 0.691406 0.945833 0.078125 0.044444
8 0.601562 0.818056 0.000000 0.000000
5 0.573047 0.797222 0.000781 0.000000
8 0.525391 0.827083 0.028906 0.051389
5 0.532813 0.809722 0.032813 0.022222
8 0.486719 0.762500 0.051562 0.033333
5 0.483203 0.748611 0.039844 0.013889
8 0.478125 0.753472 0.050000 0.034722
5 0.477734 0.738889 0.044531 0.011111
8 0.466016 0.745139 0.042969 0.034722
5 0.467969 0.732639 0.043750 0.012500
8 0.442969 0.738194 0.009375 0.031944
5 0.460156 0.724306 0.042188 0.009722
8 0.500781 0.736806 0.004687 0.006944
5 0.507812 0.729861 0.018750 0.009722
8 0.501953 0.725694 0.030469 0.012500
5 0.507031 0.720833 0.035937 0.008333
8 0.514062 0.754167 0.006250 0.027778
5 0.514062 0.737500 0.006250 0.011111
8 0.516406 0.750694 0.001563 0.015278
5 0.517188 0.744444 0.000000 0.005556
8 0.772656 0.687500 0.000000 0.000000
5 0.781250 0.684722 0.037500 0.008333
8 0.772656 0.680556 0.000000 0.000000
5 0.773438 0.678472 0.023438 0.004167
8 0.789844 0.699306 0.031250 0.023611
5 0.795703 0.689583 0.039844 0.009722
8 0.811719 0.702778 0.045312 0.019444
5 0.811719 0.695139 0.040625 0.009722
8 0.711328 0.689583 0.007031 0.020833
5 0.721094 0.681250 0.023438 0.006944
8 0.776172 0.699306 0.003906 0.015278
5 0.769141 0.689583 0.011719 0.004167
8 0.783984 0.708333 0.019531 0.022222
5 0.782031 0.697222 0.017188 0.008333
8 0.894141 0.734722 0.027344 0.016667
5 0.881250 0.723611 0.003125 0.011111
8 0.923047 0.738194 0.036719 0.026389
5 0.921484 0.722917 0.032031 0.012500
8 0.843359 0.727083 0.024219 0.009722
5 0.845703 0.725000 0.024219 0.011111
8 0.821094 0.740972 0.046875 0.034722
5 0.820312 0.727778 0.042188 0.013889
8 0.833594 0.712500 0.037500 0.016667
5 0.837500 0.705556 0.040625 0.008333
8 0.858984 0.722222 0.047656 0.025000
5 0.862109 0.712500 0.039844 0.011111
8 0.829688 0.727083 0.045312 0.029167
5 0.829297 0.715972 0.039844 0.012500
8 0.796875 0.730556 0.043750 0.033333
5 0.796094 0.717361 0.039062 0.012500
8 0.971484 0.759722 0.002344 0.005556
5 0.985938 0.759028 0.026562 0.009722
0 0.890625 0.754167 0.114062 0.202778
0 0.753125 0.693750 0.076563 0.151389
0 0.505469 0.642361 0.039062 0.104167
0 0.545312 0.932639 0.143750 0.131944
1 0.048828 0.950694 0.097656 0.095833
1 0.080078 0.668750 0.066406 0.090278
1 0.077344 0.673611 0.068750 0.091667
1 0.017578 0.672222 0.035156 0.055556
1 0.018750 0.675694 0.037500 0.090278
1 0.016406 0.728472 0.032813 0.120833
1 0.000391 0.780556 0.000781 0.133333
1 0.978906 0.643056 0.040625 0.072222
2 0.965234 0.656250 0.008594 0.020833
2 0.973828 0.626389 0.025781 0.022222
2 0.992969 0.624306 0.012500 0.009722
2 0.976562 0.657639 0.014063 0.020833
2 0.975781 0.627083 0.012500 0.020833
2 0.988672 0.616667 0.011719 0.000000
2 0.984375 0.623611 0.012500 0.011111
2 0.995313 0.618056 0.007812 0.000000
1 0.928125 0.643750 0.045312 0.059722
2 0.912891 0.618056 0.014844 0.000000
2 0.933984 0.629861 0.028906 0.015278
2 0.941797 0.670833 0.013281 0.002778
2 0.907813 0.625694 0.004687 0.012500
2 0.925391 0.619444 0.011719 0.000000
2 0.919922 0.620833 0.000781 0.000000
2 0.934766 0.620833 0.010156 0.000000
1 0.983203 0.661111 0.032031 0.080556
2 0.980469 0.677083 0.020313 0.026389
2 0.987500 0.663889 0.006250 0.000000
2 0.984766 0.643056 0.028906 0.025000
2 0.999219 0.647917 0.000000 0.023611
2 0.989453 0.679861 0.019531 0.029167
2 0.988672 0.645139 0.017969 0.026389
2 0.996484 0.631944 0.005469 0.000000
2 0.994141 0.646528 0.010156 0.026389
1 0.841406 0.653472 0.032813 0.084722
2 0.827344 0.654167 0.003125 0.000000
2 0.835938 0.620833 0.021875 0.002778
2 0.851953 0.636806 0.011719 0.023611
2 0.842578 0.667361 0.025781 0.029167
2 0.837891 0.622222 0.016406 0.000000
2 0.851172 0.621528 0.008594 0.001389
2 0.844141 0.635417 0.013281 0.023611
2 0.855469 0.622917 0.004687 0.001389
1 0.930469 0.672222 0.050000 0.086111
2 0.907813 0.634028 0.004687 0.001389
2 0.941016 0.652083 0.022656 0.026389
2 0.931250 0.686806 0.042188 0.031944
2 0.907813 0.636111 0.004687 0.002778
2 0.909766 0.638889 0.000781 0.000000
2 0.935937 0.636806 0.012500 0.001389
1 0.817578 0.654167 0.055469 0.083333
2 0.798828 0.664583 0.013281 0.023611
2 0.807031 0.652778 0.001563 0.000000
2 0.800000 0.632639 0.015625 0.023611
2 0.829297 0.637500 0.027344 0.025000
2 0.819922 0.668750 0.041406 0.029167
2 0.803125 0.634722 0.009375 0.025000
2 0.806641 0.636111 0.002344 0.022222
2 0.826953 0.625000 0.003906 0.000000
1 0.888281 0.670833 0.064062 0.088889
2 0.907813 0.652083 0.004687 0.023611
2 0.895312 0.690278 0.029687 0.027778
2 0.881250 0.651389 0.003125 0.025000
2 0.907031 0.638889 0.003125 0.000000
2 0.976953 0.792361 0.044531 0.059722
2 0.953906 0.795833 0.071875 0.061111
2 0.638672 0.666667 0.014844 0.030556
2 0.666016 0.673611 0.038281 0.030556
2 0.709375 0.675000 0.020313 0.025000
2 0.666016 0.648611 0.038281 0.027778
2 0.709375 0.649306 0.020313 0.023611
2 0.666016 0.624306 0.038281 0.029167
2 0.700000 0.622917 0.040625 0.029167
5 0.575391 0.798611 0.064844 0.025000
5 0.575391 0.809028 0.064844 0.023611
5 0.575391 0.819444 0.064844 0.022222
5 0.576172 0.829861 0.063281 0.023611
5 0.577344 0.851389 0.060937 0.025000
5 0.576172 0.840278 0.063281 0.022222
5 0.576172 0.874306 0.058594 0.020833
5 0.577344 0.861806 0.060937 0.023611
5 0.637500 0.813889 0.057813 0.022222
5 0.637500 0.825000 0.057813 0.022222
5 0.637500 0.845139 0.057813 0.023611
5 0.637500 0.834722 0.057813 0.025000
5 0.637500 0.865972 0.057813 0.023611
5 0.637500 0.854861 0.057813 0.023611
5 0.028516 0.796528 0.047656 0.018056
5 0.028125 0.805556 0.051562 0.019444
5 0.637500 0.803472 0.057813 0.023611
5 0.637500 0.793056 0.057813 0.025000
5 0.711719 0.808333 0.064062 0.022222
5 0.711719 0.819444 0.064062 0.019444
5 0.711719 0.839583 0.064062 0.023611
5 0.711719 0.829861 0.064062 0.020833
5 0.711719 0.859722 0.064062 0.022222
5 0.721094 0.848611 0.045312 0.022222
5 0.095312 0.792361 0.046875 0.018056
5 0.096875 0.800694 0.046875 0.020833
5 0.711719 0.800000 0.064062 0.019444
5 0.711719 0.788889 0.064062 0.019444
5 0.711719 0.730556 0.064062 0.016667
5 0.711719 0.740278 0.064062 0.016667
5 0.711719 0.761111 0.064062 0.019444
5 0.711719 0.750694 0.064062 0.018056
5 0.711719 0.780556 0.064062 0.019444
5 0.711719 0.771528 0.064062 0.015278
5 0.094922 0.785417 0.046094 0.018056
5 0.096484 0.776389 0.047656 0.019444
5 0.711719 0.720833 0.064062 0.016667
5 0.711719 0.709722 0.064062 0.019444