3 0.499609 0.834028 0.999219 0.329167
4 0.269141 0.729167 0.000781 0.041667
4 0.059375 0.752778 0.012500 0.008333
4 0.008984 0.703472 0.002344 0.026389
8 0.017578 0.831944 0.035156 0.050000
8 0.681641 0.812500 0.083594 0.038889
5 0.498437 0.686806 0.042188 0.009722
5 0.498437 0.686806 0.042188 0.009722
5 0.498437 0.686806 0.042188 0.009722
5 0.498437 0.678472 0.042188 0.009722
5 0.498437 0.678472 0.042188 0.009722
5 0.498437 0.678472 0.042188 0.009722
5 0.498437 0.695139 0.042188 0.009722
5 0.498437 0.695139 0.042188 0.009722
5 0.498437 0.695139 0.042188 0.009722
5 0.549609 0.698611 0.036719 0.008333
5 0.549609 0.698611 0.036719 0.008333
5 0.549609 0.698611 0.036719 0.008333
5 0.546094 0.690278 0.029687 0.008333
5 0.546094 0.690278 0.029687 0.008333
5 0.546094 0.690278 0.029687 0.008333
5 0.549609 0.681250 0.036719 0.009722
5 0.549609 0.681250 0.036719 0.009722
5 0.549609 0.681250 0.036719 0.009722
5 0.549609 0.671528 0.036719 0.009722
5 0.549609 0.671528 0.036719 0.009722
5 0.549609 0.671528 0.036719 0.009722
6 0.450000 0.715972 0.046875 0.068056
6 0.489453 0.702778 0.041406 0.063889
6 0.451172 0.657639 0.049219 0.068056
6 0.470703 0.709028 0.044531 0.068056
6 0.301953 0.747917 0.039844 0.084722
6 0.286328 0.763194 0.047656 0.093056
7 0.040625 0.878472 0.081250 0.034722
7 0.003125 0.905556 0.006250 0.022222
7 0.478125 0.983333 0.115625 0.030556
7 0.037109 0.792361 0.017969 0.015278
7 0.193359 0.771528 0.055469 0.012500
7 0.016016 0.681250 0.032031 0.009722
7 0.039844 0.677778 0.023438 0.008333
8 0.158984 0.806944 0.013281 0.013889
5 0.165625 0.790278 0.000000 0.000000
8 0.142969 0.791667 0.000000 0.000000
5 0.165625 0.779167 0.000000 0.000000
8 0.280078 0.754167 0.000781 0.016667
5 0.280078 0.741667 0.000781 0.005556
8 0.354297 0.734028 0.002344 0.001389
5 0.352344 0.733333 0.000000 0.002778
8 0.355469 0.745139 0.004687 0.026389
5 0.355859 0.729861 0.007031 0.009722
5 0.355859 0.723611 0.007031 0.002778
8 0.402734 0.752083 0.022656 0.020833
8 0.412500 0.742361 0.042188 0.020833
5 0.413281 0.727083 0.042188 0.009722
8 0.377734 0.754167 0.050781 0.027778
5 0.376172 0.739583 0.047656 0.009722
8 0.355859 0.755556 0.007031 0.016667
5 0.355859 0.746528 0.007031 0.012500
8 0.833594 0.746528 0.051562 0.029167
5 0.835547 0.731944 0.041406 0.008333
8 0.860547 0.742361 0.008594 0.031944
5 0.839453 0.728472 0.044531 0.012500
8 0.831250 0.754861 0.051562 0.034722
5 0.829297 0.739583 0.047656 0.012500
8 0.825781 0.760417 0.048438 0.031944
5 0.824219 0.745833 0.045312 0.013889
8 0.784766 0.731250 0.046094 0.015278
5 0.785547 0.725000 0.044531 0.011111
8 0.782813 0.740972 0.040625 0.026389
5 0.776953 0.727083 0.035156 0.006944
8 0.771484 0.744444 0.046094 0.019444
5 0.771875 0.735417 0.045312 0.012500
8 0.764453 0.749306 0.053906 0.018056
5 0.763672 0.741667 0.049219 0.013889
8 0.767969 0.797917 0.051562 0.045833
5 0.767969 0.779861 0.045312 0.018056
8 0.818750 0.802778 0.051562 0.047222
5 0.818750 0.784722 0.045312 0.019444
8 0.724609 0.794444 0.052344 0.044444
5 0.724609 0.776389 0.046094 0.019444
8 0.677344 0.789583 0.051562 0.043056
5 0.676953 0.771528 0.046094 0.018056
8 0.803516 0.765972 0.055469 0.020833
5 0.802734 0.758333 0.050781 0.013889
8 0.801562 0.783333 0.051562 0.038889
5 0.800000 0.767361 0.048438 0.015278
8 0.742188 0.781250 0.048438 0.040278
5 0.741797 0.763889 0.042969 0.013889
8 0.696875 0.777083 0.048438 0.040278
5 0.696875 0.761111 0.043750 0.016667
8 0.751953 0.844444 0.003906 0.005556
5 0.713281 0.840278 0.071875 0.013889
8 0.758984 0.838194 0.017969 0.020833
5 0.729297 0.831250 0.067969 0.023611
8 0.594141 0.908333 0.000781 0.005556
5 0.615234 0.892361 0.008594 0.006944
8 0.621094 0.886111 0.003125 0.002778
5 0.632031 0.877083 0.017188 0.015278
8 0.539062 0.915972 0.098437 0.056944
5 0.531250 0.891667 0.075000 0.033333
8 0.567187 0.893056 0.092188 0.050000
5 0.559375 0.868750 0.070312 0.023611
0 0.430859 0.776389 0.083594 0.247222
0 0.584375 0.716667 0.075000 0.177778
0 0.592578 0.656944 0.049219 0.105556
1 0.243750 0.654167 0.051562 0.072222
1 0.228906 0.658333 0.059375 0.077778
1 0.201953 0.647917 0.053906 0.062500
1 0.180469 0.655556 0.060937 0.072222
1 0.155078 0.649306 0.053906 0.068056
1 0.143750 0.655556 0.032813 0.072222
1 0.084766 0.643750 0.033594 0.068056
1 0.030469 0.679167 0.060937 0.088889
1 0.015625 0.673611 0.031250 0.077778
1 0.987891 0.706944 0.022656 0.113889
2 0.980078 0.705556 0.000781 0.000000
2 0.989453 0.663889 0.019531 0.005556
2 0.989453 0.683333 0.019531 0.033333
2 0.980078 0.726389 0.000781 0.038889
2 0.996484 0.664583 0.002344 0.001389
2 0.999219 0.664583 0.000000 0.001389
2 0.988672 0.665972 0.017969 0.001389
2 0.999219 0.666667 0.000000 0.000000
1 0.989453 0.731250 0.019531 0.131944
2 0.991016 0.678472 0.016406 0.001389
2 0.991016 0.704167 0.016406 0.038889
2 0.991406 0.753472 0.015625 0.045833
2 0.991016 0.680556 0.016406 0.000000
2 0.991016 0.684028 0.016406 0.001389
1 0.946875 0.662500 0.042188 0.027778
2 0.948047 0.660417 0.035156 0.001389
2 0.946484 0.670833 0.038281 0.011111
2 0.931641 0.661111 0.003906 0.000000
2 0.962891 0.663194 0.005469 0.001389
2 0.937500 0.663889 0.018750 0.000000
2 0.956641 0.664583 0.017969 0.001389
1 0.946094 0.729167 0.050000 0.133333
2 0.946875 0.676389 0.040625 0.002778
2 0.945312 0.702083 0.043750 0.040278
2 0.945703 0.750000 0.044531 0.047222
2 0.936719 0.679861 0.020313 0.004167
2 0.957422 0.679167 0.019531 0.000000
2 0.935156 0.681250 0.020313 0.001389
2 0.957031 0.682639 0.020313 0.001389
2 0.723828 0.897222 0.144531 0.113889
2 0.675781 0.943750 0.170313 0.109722
2 0.760156 0.997222 0.001563 0.002778
2 0.788281 0.963889 0.015625 0.069444
2 0.701953 0.926389 0.157031 0.127778
2 0.644531 0.958333 0.187500 0.080556
2 0.771094 0.979167 0.018750 0.038889
2 0.628516 0.857639 0.086719 0.079167
2 0.553125 0.845833 0.082812 0.069444
2 0.857031 0.708333 0.006250 0.030556
2 0.791406 0.710417 0.032813 0.018056
2 0.833984 0.714583 0.038281 0.029167
2 0.791406 0.685417 0.032813 0.031944
2 0.833984 0.686806 0.038281 0.034722
2 0.791406 0.654861 0.032813 0.034722
2 0.833984 0.655556 0.038281 0.036111
5 0.072266 0.764583 0.074219 0.020833
5 0.067187 0.776389 0.064062 0.019444
5 0.066797 0.786111 0.063281 0.019444
5 0.066797 0.796528 0.063281 0.020833
5 0.066797 0.818056 0.063281 0.022222
5 0.066797 0.806944 0.063281 0.022222
5 0.066406 0.838194 0.062500 0.020833
5 0.066406 0.827778 0.062500 0.019444
5 0.127344 0.792361 0.075000 0.020833
5 0.127344 0.802778 0.075000 0.022222
5 0.126172 0.825000 0.072656 0.022222
5 0.127344 0.813889 0.075000 0.022222
5 0.126172 0.845833 0.072656 0.022222
5 0.126172 0.834722 0.072656 0.022222
5 0.005469 0.734722 0.001563 0.000000
5 0.127344 0.782639 0.075000 0.020833
5 0.127344 0.770139 0.075000 0.020833
5 0.191797 0.799306 0.075781 0.020833
5 0.191797 0.810417 0.075781 0.020833
5 0.191797 0.833333 0.075781 0.022222
5 0.191797 0.822222 0.075781 0.022222
5 0.191797 0.854861 0.075781 0.023611
5 0.191797 0.843056 0.075781 0.022222
5 0.025000 0.734722 0.050000 0.011111
5 0.024609 0.741667 0.049219 0.011111
5 0.191797 0.788889 0.075781 0.022222
5 0.191797 0.778472 0.075781 0.020833
5 0.191797 0.713194 0.075781 0.018056
5 0.191797 0.724306 0.075781 0.018056
5 0.191797 0.747222 0.075781 0.019444
5 0.191797 0.735417 0.075781 0.018056
5 0.191797 0.767361 0.075781 0.020833
5 0.191797 0.756944 0.075781 0.019444
5 0.025000 0.728472 0.050000 0.012500
5 0.024609 0.721528 0.049219 0.012500
5 0.191797 0.702778 0.075781 0.016667
5 0.191797 0.690972 0.075781 0.018056