3 0.499609 0.842361 0.999219 0.312500
4 0.130859 0.780556 0.017969 0.011111
4 0.061328 0.802778 0.007031 0.066667
4 0.013672 0.793750 0.027344 0.062500
4 0.452344 0.754861 0.004687 0.054167
4 0.330859 0.745833 0.024219 0.052778
4 0.287500 0.742361 0.006250 0.051389
4 0.189062 0.735417 0.006250 0.048611
4 0.132422 0.731250 0.016406 0.048611
4 0.098437 0.728472 0.006250 0.045833
4 0.053906 0.723611 0.009375 0.047222
8 0.679688 0.708333 0.006250 0.013889
8 0.572656 0.688889 0.007812 0.005556
5 0.679688 0.683333 0.006250 0.005556
5 0.679688 0.683333 0.006250 0.005556
5 0.679688 0.683333 0.006250 0.005556
5 0.679688 0.675694 0.006250 0.006944
5 0.679688 0.675694 0.006250 0.006944
5 0.679688 0.675694 0.006250 0.006944
5 0.679688 0.690278 0.006250 0.005556
5 0.679688 0.690278 0.006250 0.005556
5 0.679688 0.690278 0.006250 0.005556
5 0.640625 0.689583 0.028125 0.006944
5 0.640625 0.689583 0.028125 0.006944
5 0.640625 0.689583 0.028125 0.006944
5 0.640625 0.682639 0.028125 0.006944
5 0.640625 0.682639 0.028125 0.006944
5 0.640625 0.682639 0.028125 0.006944
5 0.640625 0.675694 0.028125 0.006944
5 0.640625 0.675694 0.028125 0.006944
5 0.640625 0.675694 0.028125 0.006944
5 0.640625 0.668056 0.028125 0.008333
5 0.640625 0.668056 0.028125 0.008333
5 0.640625 0.668056 0.028125 0.008333
6 0.575391 0.672917 0.013281 0.037500
6 0.607422 0.672917 0.022656 0.040278
5 0.998828 0.917361 0.000781 0.020833
5 0.998828 0.917361 0.000781 0.020833
5 0.998828 0.917361 0.000781 0.020833
5 0.998828 0.897917 0.000781 0.020833
5 0.998828 0.897917 0.000781 0.020833
5 0.998828 0.897917 0.000781 0.020833
5 0.998828 0.936111 0.000781 0.019444
5 0.998828 0.936111 0.000781 0.019444
5 0.998828 0.936111 0.000781 0.019444
6 0.371875 0.884028 0.095312 0.123611
6 0.524609 0.900000 0.097656 0.138889
6 0.372266 0.780556 0.096094 0.122222
6 0.446094 0.890972 0.096875 0.134722
6 0.114453 0.837500 0.085156 0.113889
6 0.032031 0.831944 0.064062 0.105556
7 0.058203 0.755556 0.047656 0.013889
7 0.166406 0.809028 0.003125 0.012500
7 0.407422 0.768056 0.019531 0.019444
7 0.423047 0.857639 0.052344 0.031944
7 0.188672 0.834722 0.022656 0.019444
7 0.071484 0.695139 0.005469 0.006944
7 0.003906 0.690278 0.007812 0.008333
7 0.847656 0.741667 0.021875 0.013889
7 0.898828 0.745833 0.021094 0.013889
7 0.734766 0.734028 0.024219 0.012500
7 0.782031 0.738194 0.023438 0.012500
7 0.399609 0.713889 0.007031 0.008333
7 0.353516 0.712500 0.028906 0.011111
7 0.440625 0.717361 0.026562 0.012500
6 0.128125 0.694444 0.000000 0.000000
6 0.116016 0.722222 0.049219 0.058333
6 0.116406 0.670833 0.048438 0.058333
6 0.151953 0.663889 0.047656 0.047222
6 0.273828 0.676389 0.013281 0.058333
6 0.293750 0.672917 0.032813 0.059722
6 0.273828 0.730556 0.013281 0.058333
6 0.292578 0.725000 0.030469 0.058333
6 0.295312 0.683333 0.034375 0.044444
6 0.283203 0.678472 0.002344 0.015278
8 0.004297 0.825000 0.007031 0.019444
5 0.001953 0.818056 0.002344 0.008333
8 0.022266 0.826389 0.042969 0.041667
5 0.019531 0.808333 0.039062 0.016667
8 0.187109 0.846528 0.022656 0.012500
5 0.189844 0.838889 0.020313 0.016667
8 0.282422 0.845833 0.019531 0.019444
5 0.277734 0.838889 0.021094 0.013889
8 0.301953 0.868750 0.064844 0.054167
5 0.298828 0.847222 0.063281 0.025000
8 0.341016 0.877778 0.061719 0.050000
5 0.342969 0.854167 0.057813 0.025000
8 0.278906 0.877778 0.023438 0.038889
5 0.276953 0.863194 0.019531 0.018056
8 0.303516 0.895833 0.072656 0.061111
5 0.301563 0.872917 0.068750 0.029167
8 0.183594 0.886806 0.032813 0.045833
5 0.185938 0.863194 0.028125 0.023611
8 0.160938 0.875694 0.078125 0.056944
5 0.160938 0.854861 0.070312 0.026389
0 0.768750 0.869444 0.171875 0.258333
0 0.003906 0.713889 0.007812 0.022222
0 0.048047 0.683333 0.077344 0.111111
0 0.183203 0.691667 0.036719 0.119444
0 0.198437 0.700000 0.004687 0.097222
1 0.019531 0.704861 0.039062 0.087500
1 0.006250 0.706944 0.012500 0.086111
1 0.921094 0.760417 0.050000 0.134722
1 0.870703 0.756944 0.049219 0.130556
1 0.920703 0.736806 0.042969 0.104167
1 0.874219 0.742361 0.045312 0.120833
1 0.919531 0.725000 0.040625 0.097222
1 0.877734 0.725694 0.039844 0.101389
1 0.972266 0.709028 0.042969 0.090278
1 0.533984 0.729167 0.082031 0.108333
1 0.546484 0.722917 0.071094 0.104167
1 0.367969 0.709722 0.075000 0.091667
1 0.340625 0.718056 0.064062 0.100000
1 0.176953 0.664583 0.022656 0.037500
2 0.182812 0.685417 0.000000 0.004167
2 0.176953 0.663889 0.022656 0.022222
2 0.195312 0.650000 0.010937 0.000000
2 0.183203 0.681250 0.000781 0.001389
2 0.192188 0.662500 0.006250 0.019444
2 0.178125 0.651389 0.001563 0.000000
2 0.185938 0.651389 0.007812 0.000000
1 0.192969 0.662500 0.004687 0.030556
2 0.194141 0.665278 0.002344 0.022222
2 0.643750 0.986111 0.192188 0.025000
5 0.533203 0.716667 0.030469 0.008333
5 0.533203 0.711806 0.030469 0.006944
5 0.533203 0.707639 0.030469 0.004167
5 0.473828 0.759028 0.041406 0.012500
5 0.476953 0.765972 0.030469 0.012500
5 0.464062 0.766667 0.023438 0.013889
5 0.462891 0.774306 0.021094 0.012500
5 0.431250 0.777083 0.045312 0.012500
5 0.428516 0.784028 0.046094 0.012500
5 0.431250 0.769444 0.045312 0.011111
5 0.428516 0.761806 0.046094 0.015278