3 0.499609 0.847917 0.999219 0.301389
4 0.453516 0.711806 0.002344 0.051389
4 0.487500 0.726389 0.031250 0.066667
4 0.524609 0.734028 0.008594 0.070833
4 0.543359 0.742361 0.036719 0.076389
4 0.592578 0.752778 0.011719 0.083333
4 0.613281 0.762500 0.031250 0.088889
4 0.683594 0.733333 0.000000 0.011111
4 0.746094 0.743750 0.004687 0.009722
4 0.074609 0.718750 0.002344 0.051389
4 0.074609 0.741667 0.013281 0.077778
4 0.069531 0.761806 0.004687 0.056944
4 0.068359 0.770833 0.016406 0.075000
4 0.057813 0.778472 0.015625 0.087500
4 0.060156 0.793056 0.021875 0.113889
4 0.048438 0.808333 0.014063 0.119444
4 0.021094 0.820833 0.042188 0.111111
4 0.000391 0.882639 0.000781 0.056944
4 0.004687 0.945139 0.009375 0.029167
8 0.619141 0.770139 0.014844 0.045833
8 0.950000 0.709722 0.012500 0.005556
5 0.349609 0.694444 0.042969 0.008333
5 0.349609 0.694444 0.042969 0.008333
5 0.349609 0.694444 0.042969 0.008333
5 0.349609 0.686111 0.042969 0.008333
5 0.349609 0.686111 0.042969 0.008333
5 0.349609 0.686111 0.042969 0.008333
5 0.349609 0.702778 0.042969 0.008333
5 0.349609 0.702778 0.042969 0.008333
5 0.349609 0.702778 0.042969 0.008333
5 0.405469 0.701389 0.042188 0.008333
5 0.405469 0.701389 0.042188 0.008333
5 0.405469 0.701389 0.042188 0.008333
5 0.405469 0.693750 0.042188 0.006944
5 0.405469 0.693750 0.042188 0.006944
5 0.405469 0.693750 0.042188 0.006944
5 0.405469 0.685417 0.042188 0.006944
5 0.405469 0.685417 0.042188 0.006944
5 0.405469 0.685417 0.042188 0.006944
5 0.405469 0.676389 0.042188 0.008333
5 0.405469 0.676389 0.042188 0.008333
5 0.405469 0.676389 0.042188 0.008333
6 0.512109 0.685417 0.041406 0.037500
6 0.484766 0.683333 0.033594 0.041667
6 0.513281 0.642361 0.043750 0.059722
6 0.494922 0.683333 0.033594 0.038889
6 0.566406 0.711111 0.060937 0.072222
6 0.610156 0.712500 0.065625 0.069444
7 0.829688 0.801389 0.045312 0.025000
7 0.508203 0.802083 0.060156 0.031944
7 0.197656 0.841667 0.056250 0.041667
7 0.421094 0.762500 0.043750 0.022222
7 0.060937 0.757639 0.067187 0.018056
7 0.389844 0.727083 0.050000 0.012500
7 0.442188 0.746528 0.059375 0.015278
6 0.013281 0.806250 0.026562 0.143056
6 0.014063 0.668750 0.028125 0.145833
6 0.026172 0.654167 0.052344 0.102778
6 0.026172 0.752083 0.050781 0.112500
8 0.905859 0.831250 0.114844 0.068056
5 0.905078 0.802083 0.103906 0.023611
8 0.935156 0.845833 0.070312 0.075000
5 0.937891 0.815972 0.064844 0.026389
8 0.839844 0.806944 0.064062 0.055556
5 0.836328 0.779167 0.063281 0.022222
8 0.808984 0.797222 0.005469 0.027778
5 0.807422 0.781944 0.000781 0.002778
8 0.645703 0.738889 0.000781 0.002778
5 0.633984 0.734028 0.021094 0.012500
8 0.564844 0.753472 0.040625 0.043056
5 0.567187 0.736111 0.037500 0.013889
8 0.500781 0.729167 0.045312 0.030556
5 0.501172 0.715278 0.044531 0.008333
8 0.489063 0.725000 0.045312 0.030556
5 0.489844 0.711806 0.043750 0.006944
8 0.477734 0.722917 0.044531 0.029167
5 0.479297 0.709722 0.044531 0.008333
8 0.466797 0.719444 0.041406 0.027778
5 0.469141 0.706250 0.042969 0.006944
8 0.507422 0.719444 0.003906 0.025000
5 0.521484 0.706250 0.028906 0.004167
8 0.515234 0.717361 0.041406 0.026389
5 0.516406 0.705556 0.039062 0.005556
8 0.528516 0.727083 0.014844 0.012500
5 0.521484 0.709028 0.003906 0.004167
8 0.534766 0.729861 0.003906 0.023611
5 0.534375 0.714583 0.003125 0.004167
5 0.785156 0.688889 0.004687 0.000000
8 0.804688 0.711111 0.000000 0.000000
5 0.793359 0.691667 0.021094 0.002778
8 0.809375 0.705556 0.039062 0.022222
5 0.806250 0.694444 0.040625 0.005556
8 0.787891 0.697222 0.000781 0.002778
5 0.785156 0.695833 0.004687 0.005556
8 0.846094 0.718750 0.021875 0.026389
5 0.846484 0.705556 0.021094 0.008333
8 0.825781 0.718750 0.046875 0.029167
5 0.825000 0.706250 0.042188 0.006944
8 0.833984 0.709722 0.042969 0.025000
5 0.834766 0.696528 0.039844 0.001389
8 0.848047 0.719444 0.011719 0.013889
5 0.847266 0.698611 0.019531 0.002778
8 0.832031 0.720139 0.040625 0.015278
5 0.829297 0.700000 0.039844 0.002778
8 0.803906 0.718056 0.034375 0.022222
5 0.801562 0.703472 0.032813 0.006944
0 0.912891 0.681944 0.113281 0.177778
0 0.755859 0.668056 0.069531 0.136111
0 0.500000 0.654167 0.040625 0.100000
0 0.701953 0.769444 0.217969 0.455556
0 0.003125 0.774306 0.006250 0.070833
1 0.061328 0.815972 0.122656 0.331944
1 0.180469 0.809722 0.135937 0.322222
1 0.069922 0.668056 0.067969 0.072222
1 0.071484 0.668750 0.064844 0.073611
1 0.020313 0.660417 0.018750 0.056944
1 0.019141 0.654167 0.016406 0.005556
1 0.022656 0.695139 0.032813 0.120833
1 0.010547 0.709722 0.019531 0.122222
1 0.951172 0.663194 0.013281 0.065278
2 0.946094 0.678472 0.003125 0.020833
2 0.945312 0.649306 0.003125 0.020833
2 0.966406 0.638889 0.001563 0.000000
2 0.958203 0.678472 0.019531 0.020833
2 0.951562 0.649306 0.007812 0.020833
2 0.960547 0.638889 0.008594 0.000000
1 0.903516 0.651389 0.058594 0.041667
2 0.880078 0.639583 0.007031 0.001389
2 0.917188 0.639583 0.009375 0.001389
2 0.906641 0.672917 0.005469 0.001389
2 0.888281 0.638889 0.007812 0.000000
2 0.905859 0.638889 0.005469 0.000000
2 0.912500 0.638889 0.000000 0.000000
1 0.959766 0.670833 0.017969 0.077778
2 0.959375 0.685417 0.009375 0.023611
2 0.958594 0.652083 0.009375 0.023611
2 0.966406 0.685417 0.003125 0.023611
2 0.965625 0.652083 0.004687 0.023611
1 0.840234 0.662500 0.039844 0.063889
2 0.819531 0.638889 0.015625 0.000000
2 0.845313 0.651389 0.028125 0.022222
2 0.840234 0.681944 0.036719 0.025000
2 0.823047 0.638889 0.005469 0.000000
2 0.832812 0.638889 0.009375 0.000000
1 0.910937 0.671528 0.067187 0.079167
2 0.902344 0.673611 0.000000 0.000000
2 0.894531 0.640278 0.029687 0.000000
2 0.921875 0.654167 0.025000 0.025000
1 0.807813 0.662500 0.051562 0.063889
2 0.783594 0.679167 0.004687 0.016667
2 0.792578 0.650000 0.022656 0.022222
2 0.815625 0.651389 0.029687 0.022222
2 0.808984 0.682639 0.044531 0.023611
2 0.798828 0.651389 0.003906 0.022222
2 0.821094 0.662500 0.000000 0.000000
1 0.879297 0.663194 0.066406 0.062500
2 0.853906 0.685417 0.009375 0.020833
2 0.861719 0.652778 0.025000 0.025000
2 0.892969 0.654167 0.032813 0.025000
2 0.858594 0.677083 0.000000 0.001389
2 0.862109 0.653472 0.008594 0.023611
2 0.871484 0.654167 0.008594 0.025000
2 0.968750 0.713889 0.000000 0.000000
2 0.956641 0.737500 0.025781 0.047222
2 0.626953 0.688194 0.007031 0.020833
2 0.660937 0.695833 0.034375 0.019444
2 0.693750 0.689583 0.029687 0.018056
2 0.660547 0.662500 0.035156 0.013889
2 0.693359 0.667361 0.030469 0.023611
2 0.661328 0.643056 0.033594 0.025000
2 0.690234 0.643056 0.035156 0.025000
5 0.619141 0.706944 0.066406 0.013889
5 0.619141 0.717361 0.066406 0.012500
5 0.619141 0.726389 0.066406 0.013889
5 0.619141 0.737500 0.066406 0.013889
5 0.604688 0.759028 0.037500 0.015278
5 0.606641 0.748611 0.041406 0.013889
5 0.605469 0.779167 0.039062 0.016667
5 0.605859 0.768056 0.039844 0.013889
5 0.668359 0.726389 0.030469 0.011111
5 0.667578 0.734722 0.030469 0.008333
5 0.653906 0.740278 0.001563 0.000000
5 0.034766 0.747222 0.016406 0.011111
5 0.030859 0.754167 0.007031 0.005556
5 0.668359 0.716667 0.030469 0.011111
5 0.665234 0.704167 0.033594 0.011111
5 0.764844 0.724306 0.034375 0.009722
5 0.764844 0.733333 0.034375 0.011111
5 0.765234 0.743750 0.033594 0.009722
5 0.112109 0.745139 0.046094 0.012500
5 0.115234 0.753472 0.042969 0.012500
5 0.764844 0.714583 0.034375 0.009722
5 0.764844 0.704861 0.034375 0.009722
5 0.748047 0.645139 0.066406 0.009722
5 0.748047 0.654861 0.066406 0.009722
5 0.748437 0.675694 0.067187 0.009722
5 0.748047 0.665972 0.066406 0.009722
5 0.764844 0.695139 0.034375 0.009722
5 0.748437 0.684722 0.067187 0.011111
5 0.112109 0.738194 0.046094 0.012500
5 0.113672 0.731250 0.046094 0.006944
5 0.747656 0.636111 0.067187 0.008333
5 0.747656 0.625694 0.067187 0.009722