3 0.441016 0.897222 0.882031 0.202778
4 0.150391 0.781944 0.002344 0.027778
4 0.003516 0.786806 0.007031 0.040278
5 0.138672 0.786111 0.030469 0.005556
5 0.138672 0.786111 0.030469 0.005556
5 0.138672 0.786111 0.030469 0.005556
5 0.138672 0.779167 0.030469 0.005556
5 0.138672 0.779167 0.030469 0.005556
5 0.138672 0.779167 0.030469 0.005556
5 0.138672 0.791667 0.030469 0.005556
5 0.138672 0.791667 0.030469 0.005556
5 0.138672 0.791667 0.030469 0.005556
5 0.107813 0.793056 0.029687 0.005556
5 0.107813 0.793056 0.029687 0.005556
5 0.107813 0.793056 0.029687 0.005556
5 0.108203 0.787500 0.028906 0.005556
5 0.108203 0.787500 0.028906 0.005556
5 0.108203 0.787500 0.028906 0.005556
5 0.108203 0.780556 0.028906 0.005556
5 0.108203 0.780556 0.028906 0.005556
5 0.108203 0.780556 0.028906 0.005556
5 0.108594 0.773611 0.029687 0.005556
5 0.108594 0.773611 0.029687 0.005556
5 0.108594 0.773611 0.029687 0.005556
6 0.189062 0.743750 0.028125 0.020833
5 0.789453 0.784722 0.046094 0.011111
5 0.789453 0.784722 0.046094 0.011111
5 0.789453 0.784722 0.046094 0.011111
6 0.378125 0.797917 0.071875 0.090278
6 0.503516 0.796528 0.071094 0.087500
6 0.378906 0.714583 0.071875 0.090278
6 0.442578 0.796528 0.071094 0.087500
6 0.066016 0.800000 0.055469 0.097222
6 0.003906 0.800000 0.007812 0.097222
7 0.304688 0.815278 0.000000 0.000000
7 0.037109 0.829861 0.002344 0.015278
7 0.384375 0.797222 0.020313 0.005556
7 0.432422 0.800000 0.000781 0.002778
7 0.291406 0.795833 0.018750 0.002778
7 0.335547 0.797917 0.011719 0.009722
5 0.121484 0.800694 0.000781 0.001389
8 0.253125 0.820833 0.009375 0.025000
5 0.253516 0.802778 0.005469 0.008333
8 0.288281 0.816667 0.043750 0.030556
5 0.287109 0.802778 0.038281 0.008333
8 0.257422 0.819444 0.017969 0.027778
5 0.256250 0.806250 0.014063 0.009722
8 0.296484 0.811806 0.047656 0.018056
5 0.295703 0.804861 0.041406 0.009722
8 0.120703 0.811111 0.000781 0.005556
5 0.121094 0.807639 0.001563 0.009722
8 0.562891 0.865972 0.083594 0.073611
5 0.547266 0.834722 0.044531 0.019444
5 0.567578 0.820833 0.003906 0.002778
8 0.540625 0.858333 0.057813 0.061111
5 0.540625 0.828472 0.057813 0.018056
8 0.161328 0.873611 0.116406 0.080556
5 0.163281 0.840972 0.104688 0.020833
8 0.159766 0.884028 0.127344 0.087500
5 0.161719 0.847917 0.114062 0.023611
8 0.155078 0.865278 0.107031 0.072222
5 0.157422 0.830556 0.097656 0.008333
8 0.158594 0.826389 0.098437 0.002778
5 0.158594 0.824306 0.090625 0.004167
8 0.413281 0.870139 0.098437 0.076389
5 0.411719 0.836806 0.087500 0.020833
8 0.323828 0.872917 0.096094 0.079167
5 0.322266 0.839583 0.085156 0.020833
8 0.281641 0.864583 0.103906 0.070833
5 0.283594 0.834028 0.095312 0.018056
8 0.271094 0.857639 0.090625 0.065278
5 0.275781 0.829167 0.089063 0.016667
0 0.142578 0.743056 0.214844 0.266667
0 0.716016 0.781250 0.099219 0.012500
1 0.525781 0.768056 0.028125 0.086111
1 0.495703 0.768750 0.052344 0.087500
1 0.502344 0.767361 0.050000 0.079167
1 0.463281 0.768056 0.032813 0.083333
1 0.467969 0.767361 0.023438 0.076389
1 0.450391 0.768750 0.046094 0.079167
1 0.466016 0.768750 0.027344 0.065278
1 0.204297 0.740278 0.072656 0.036111
1 0.171875 0.743056 0.012500 0.036111
1 0.003906 0.743750 0.007812 0.004167
1 0.911328 0.756250 0.175781 0.445833
2 0.919531 0.673611 0.159375 0.158333
2 0.921094 0.886806 0.156250 0.168056
1 0.994922 0.790972 0.008594 0.020833
1 0.753906 0.794444 0.279687 0.344444
2 0.809766 0.791667 0.035156 0.000000
2 0.854297 0.845833 0.055469 0.105556
2 0.837109 0.703472 0.010156 0.098611
2 0.645703 0.703472 0.041406 0.104167
2 0.727344 0.847222 0.204687 0.111111
2 0.791797 0.754167 0.002344 0.002778
2 0.803516 0.704167 0.046094 0.102778
2 0.769922 0.703472 0.024219 0.104167
1 0.944531 0.790278 0.075000 0.025000
2 0.957422 0.794444 0.083594 0.016667
1 0.685156 0.784722 0.250000 0.319444
2 0.764453 0.788889 0.008594 0.000000
2 0.778516 0.789583 0.036719 0.001389
2 0.597656 0.709028 0.054688 0.093056
2 0.618359 0.838889 0.097656 0.100000
2 0.910156 0.790972 0.032813 0.023611
2 0.958594 0.782639 0.062500 0.004167
5 0.134375 0.795139 0.026562 0.006944