3 0.499609 0.874306 0.999219 0.248611
4 0.669922 0.721528 0.032031 0.059722
4 0.759766 0.727778 0.013281 0.086111
4 0.830078 0.725694 0.044531 0.090278
4 0.943750 0.731944 0.000000 0.000000
4 0.133594 0.681944 0.000000 0.000000
4 0.589844 0.727778 0.035937 0.175000
4 0.701562 0.727083 0.015625 0.195833
4 0.928125 0.720833 0.064062 0.247222
6 0.554688 0.704861 0.035937 0.037500
6 0.492188 0.720139 0.001563 0.048611
6 0.555469 0.657639 0.037500 0.070833
6 0.512500 0.722222 0.050000 0.066667
6 0.701172 0.719444 0.057031 0.086111
6 0.778125 0.719444 0.068750 0.091667
7 0.912500 0.764583 0.014063 0.015278
7 0.840625 0.792361 0.160938 0.048611
7 0.657422 0.761806 0.080469 0.023611
7 0.131250 0.766667 0.034375 0.008333
7 0.598047 0.758333 0.050781 0.016667
6 0.440234 0.700694 0.225781 0.312500
6 0.636719 0.704167 0.201563 0.269444
6 0.635156 0.474306 0.198437 0.284722
6 0.441016 0.435417 0.222656 0.331944
6 0.312500 0.550000 0.098437 0.150000
6 0.140234 0.547222 0.111719 0.197222
6 0.143750 0.709722 0.126562 0.186111
8 0.842187 0.747917 0.057813 0.043056
5 0.844922 0.727778 0.050781 0.008333
8 0.818750 0.748611 0.084375 0.044444
5 0.819531 0.727778 0.076563 0.008333
8 0.612109 0.738194 0.064844 0.023611
5 0.612500 0.727778 0.059375 0.005556
8 0.580859 0.736806 0.017969 0.020833
5 0.583203 0.727778 0.022656 0.005556
8 0.560547 0.739583 0.047656 0.015278
5 0.558984 0.727778 0.044531 0.005556
8 0.498828 0.742361 0.005469 0.031944
5 0.500000 0.727778 0.003125 0.005556
8 0.607422 0.738194 0.044531 0.020833
8 0.590234 0.742361 0.017969 0.012500
8 0.621094 0.746528 0.042188 0.020833
5 0.636719 0.729167 0.015625 0.002778
8 0.633594 0.743056 0.006250 0.013889
5 0.640625 0.727778 0.007812 0.005556
8 0.767188 0.742361 0.000000 0.004167
5 0.741016 0.728472 0.000781 0.001389
8 0.741016 0.745139 0.002344 0.009722
8 0.773438 0.738889 0.006250 0.011111
8 0.777734 0.737500 0.002344 0.008333
8 0.739453 0.734722 0.000781 0.002778
8 0.747266 0.738889 0.019531 0.025000
5 0.741016 0.727778 0.007031 0.005556
8 0.761328 0.735417 0.035156 0.018056
5 0.769141 0.727778 0.013281 0.002778
8 0.901563 0.743056 0.000000 0.000000
8 0.900000 0.745139 0.001563 0.004167
5 0.912109 0.725000 0.013281 0.000000
8 0.884375 0.743750 0.037500 0.023611
5 0.901953 0.727778 0.005469 0.005556
8 0.866016 0.740278 0.002344 0.005556
8 0.882031 0.743056 0.039062 0.016667
8 0.868359 0.747222 0.003906 0.011111
8 0.816406 0.754167 0.001563 0.000000
0 0.824219 0.682639 0.093750 0.148611
0 0.904687 0.472222 0.189062 0.944444
0 0.306250 0.582639 0.373437 0.490278
0 0.218750 0.599306 0.321875 0.429167
1 0.001953 0.696528 0.003906 0.093056
1 0.027344 0.673611 0.054688 0.150000
1 0.058594 0.668056 0.117188 0.252778
1 0.134375 0.671528 0.120313 0.237500
1 0.864062 0.706944 0.012500 0.002778
1 0.942969 0.672917 0.001563 0.001389
1 0.828906 0.689583 0.062500 0.034722
1 0.923828 0.687500 0.050781 0.041667
1 0.766016 0.706944 0.047656 0.075000
2 0.789453 0.677778 0.007031 0.000000
1 0.874609 0.702778 0.061719 0.069444
2 0.900000 0.685417 0.004687 0.023611
2 0.901172 0.726389 0.003906 0.016667
1 0.748828 0.705556 0.060156 0.075000
2 0.767188 0.689583 0.026562 0.023611
2 0.757422 0.722917 0.039844 0.023611
2 0.738672 0.689583 0.007031 0.023611
2 0.748047 0.689583 0.010156 0.023611
1 0.845703 0.687500 0.049219 0.033333
2 0.825781 0.677778 0.009375 0.005556
2 0.864062 0.685417 0.012500 0.026389
2 0.864062 0.715972 0.012500 0.012500
2 0.843750 0.675694 0.000000 0.004167
2 0.851172 0.686111 0.013281 0.025000
2 0.573438 0.722917 0.000000 0.001389
2 0.600000 0.735417 0.051562 0.026389
2 0.635938 0.735417 0.017188 0.026389
2 0.600000 0.707639 0.051562 0.026389
2 0.635938 0.713889 0.017188 0.013889
2 0.600000 0.681250 0.051562 0.026389
2 0.635938 0.682639 0.017188 0.023611
5 0.910937 0.681250 0.062500 0.012500
5 0.899219 0.693056 0.037500 0.011111
5 0.899609 0.705556 0.038281 0.011111
5 0.899609 0.718056 0.038281 0.011111
5 0.912109 0.743750 0.061719 0.009722
5 0.912500 0.731944 0.062500 0.011111
5 0.894141 0.767361 0.024219 0.009722
5 0.900391 0.755556 0.038281 0.011111
5 0.036328 0.763194 0.024219 0.001389
5 0.025781 0.770833 0.051562 0.013889
5 0.069531 0.763194 0.007812 0.001389
5 0.086328 0.768750 0.041406 0.009722
5 0.151172 0.744444 0.005469 0.000000
5 0.167578 0.734722 0.000781 0.000000