3 0.499609 0.856250 0.999219 0.284722
4 0.001172 0.895139 0.002344 0.012500
5 0.477734 0.738194 0.055469 0.015278
5 0.477734 0.738194 0.055469 0.015278
5 0.477734 0.738194 0.055469 0.015278
5 0.477344 0.726389 0.056250 0.016667
5 0.477344 0.726389 0.056250 0.016667
5 0.477344 0.726389 0.056250 0.016667
5 0.477734 0.750694 0.055469 0.012500
5 0.477734 0.750694 0.055469 0.012500
5 0.477734 0.750694 0.055469 0.012500
5 0.550391 0.754861 0.055469 0.015278
5 0.550391 0.754861 0.055469 0.015278
5 0.550391 0.754861 0.055469 0.015278
5 0.550391 0.743750 0.055469 0.015278
5 0.550391 0.743750 0.055469 0.015278
5 0.550391 0.743750 0.055469 0.015278
5 0.550391 0.732639 0.055469 0.015278
5 0.550391 0.732639 0.055469 0.015278
5 0.550391 0.732639 0.055469 0.015278
5 0.550391 0.719444 0.055469 0.016667
5 0.550391 0.719444 0.055469 0.016667
5 0.550391 0.719444 0.055469 0.016667
6 0.433984 0.822917 0.067969 0.109722
6 0.482812 0.788194 0.057813 0.098611
6 0.435547 0.735417 0.071094 0.106944
6 0.461328 0.800694 0.061719 0.098611
6 0.232422 0.921528 0.110156 0.154167
6 0.182031 0.939583 0.079687 0.118056
7 0.223438 0.848611 0.071875 0.022222
7 0.057422 0.950694 0.042969 0.040278
8 0.175391 0.908333 0.002344 0.030556
5 0.175391 0.895833 0.002344 0.008333
8 0.291797 0.873611 0.010156 0.013889
5 0.289062 0.870833 0.004687 0.013889
8 0.280859 0.869444 0.080469 0.036111
5 0.279297 0.855556 0.074219 0.025000
8 0.310937 0.849306 0.078125 0.026389
5 0.310156 0.840972 0.070312 0.023611
8 0.351953 0.888889 0.083594 0.058333
5 0.351172 0.865972 0.075781 0.026389
8 0.380859 0.871528 0.078906 0.054167
5 0.379688 0.849306 0.071875 0.026389
8 0.329688 0.906944 0.085938 0.061111
5 0.327344 0.882639 0.079687 0.029167
8 0.314063 0.928472 0.053125 0.065278
5 0.310937 0.903472 0.048438 0.031944
8 0.975000 0.862500 0.006250 0.041667
5 0.986719 0.849306 0.025000 0.018056
8 0.973828 0.838194 0.005469 0.023611
5 0.986328 0.832639 0.025781 0.015278
8 0.987891 0.880556 0.022656 0.050000
5 0.989062 0.863194 0.020313 0.018056
8 0.988281 0.889583 0.021875 0.034722
5 0.989844 0.884028 0.018750 0.023611
8 0.922656 0.831250 0.067187 0.023611
5 0.921875 0.827083 0.060937 0.018056
8 0.921484 0.845833 0.071094 0.025000
5 0.920703 0.840972 0.063281 0.018056
8 0.924219 0.874306 0.073438 0.054167
5 0.923047 0.856944 0.066406 0.022222
8 0.922656 0.895833 0.078125 0.066667
5 0.921875 0.877083 0.070312 0.029167
8 0.983594 0.984722 0.020313 0.027778
5 0.988281 0.984028 0.021875 0.029167
8 0.929297 0.980556 0.072656 0.036111
5 0.928516 0.979167 0.063281 0.038889
8 0.844141 0.974306 0.074219 0.048611
5 0.843750 0.973611 0.065625 0.050000
8 0.984766 0.943750 0.028906 0.070833
5 0.986328 0.920139 0.025781 0.023611
8 0.988281 0.965278 0.021875 0.063889
5 0.990234 0.947222 0.017969 0.030556
8 0.933594 0.959028 0.065625 0.065278
5 0.932813 0.947222 0.057813 0.044444
8 0.855078 0.957639 0.067969 0.081944
5 0.854688 0.936111 0.059375 0.041667
0 0.467578 0.922917 0.161719 0.151389
0 0.683203 0.858333 0.097656 0.280556
0 0.616016 0.718750 0.061719 0.165278
1 0.141797 0.695139 0.082031 0.098611
1 0.116016 0.703472 0.082031 0.106944
1 0.078125 0.693750 0.078125 0.101389
1 0.050000 0.700694 0.084375 0.101389
1 0.027734 0.681944 0.055469 0.083333
1 0.009375 0.698611 0.018750 0.097222
2 0.920312 0.775000 0.000000 0.041667
2 0.894141 0.795833 0.050781 0.052778
2 0.956250 0.806250 0.051562 0.045833
2 0.894141 0.755556 0.050781 0.052778
2 0.956250 0.763889 0.051562 0.044444
2 0.894141 0.711806 0.050781 0.054167
2 0.955859 0.715278 0.052344 0.055556
5 0.030078 0.974306 0.060156 0.048611
5 0.030078 0.982639 0.060156 0.031944
5 0.032031 0.993750 0.056250 0.009722
5 0.030078 0.956944 0.060156 0.052778
5 0.030078 0.931944 0.060156 0.058333