3 0.499609 0.830556 0.999219 0.336111
4 0.502344 0.677778 0.001563 0.002778
4 0.554688 0.707639 0.021875 0.048611
4 0.600781 0.715278 0.001563 0.050000
4 0.629297 0.720833 0.024219 0.047222
4 0.729688 0.748611 0.020313 0.069444
4 0.792578 0.761806 0.002344 0.073611
4 0.843359 0.772917 0.042969 0.084722
4 0.348047 0.777083 0.019531 0.054167
4 0.377344 0.761806 0.003125 0.001389
4 0.622266 0.925694 0.010156 0.134722
4 0.742578 0.960417 0.044531 0.076389
8 0.739062 0.756944 0.039062 0.038889
5 0.342187 0.668750 0.034375 0.006944
5 0.342187 0.668750 0.034375 0.006944
5 0.342187 0.668750 0.034375 0.006944
5 0.341406 0.660417 0.032813 0.006944
5 0.341406 0.660417 0.032813 0.006944
5 0.341406 0.660417 0.032813 0.006944
5 0.342187 0.675694 0.034375 0.006944
5 0.342187 0.675694 0.034375 0.006944
5 0.342187 0.675694 0.034375 0.006944
5 0.383203 0.674306 0.027344 0.006944
5 0.383203 0.674306 0.027344 0.006944
5 0.383203 0.674306 0.027344 0.006944
5 0.384766 0.667361 0.022656 0.006944
5 0.384766 0.667361 0.022656 0.006944
5 0.384766 0.667361 0.022656 0.006944
5 0.385547 0.659722 0.019531 0.005556
5 0.385547 0.659722 0.019531 0.005556
5 0.385547 0.659722 0.019531 0.005556
5 0.369531 0.652778 0.000000 0.000000
5 0.369531 0.652778 0.000000 0.000000
5 0.369531 0.652778 0.000000 0.000000
6 0.522266 0.654861 0.039844 0.012500
6 0.485547 0.668056 0.036719 0.050000
6 0.523047 0.627778 0.041406 0.052778
6 0.501563 0.663194 0.034375 0.037500
6 0.601562 0.693056 0.050000 0.063889
6 0.639062 0.696528 0.035937 0.062500
7 0.810547 0.763194 0.017969 0.018056
7 0.857031 0.780556 0.026562 0.005556
7 0.638281 0.783333 0.039062 0.025000
7 0.470703 0.827083 0.039844 0.034722
7 0.505859 0.736806 0.013281 0.001389
7 0.444141 0.704167 0.007031 0.008333
7 0.505078 0.727083 0.042969 0.015278
7 0.987500 0.678472 0.003125 0.006944
6 0.614453 0.970833 0.191406 0.055556
6 0.800781 0.960417 0.160938 0.076389
6 0.614453 0.863889 0.191406 0.269444
6 0.800000 0.845139 0.160938 0.259722
6 0.230078 0.815972 0.077344 0.131944
6 0.339062 0.799306 0.070312 0.098611
6 0.337109 0.703472 0.072656 0.120833
6 0.230469 0.710417 0.076563 0.126389
6 0.243750 0.668750 0.051562 0.079167
6 0.154688 0.677778 0.045312 0.097222
6 0.153125 0.761806 0.043750 0.101389
5 0.940234 0.775694 0.003906 0.001389
8 0.860938 0.774306 0.010937 0.037500
5 0.893750 0.755556 0.010937 0.005556
8 0.844922 0.783333 0.052344 0.047222
5 0.847266 0.763889 0.047656 0.016667
8 0.652344 0.725694 0.009375 0.023611
5 0.653906 0.713889 0.006250 0.002778
8 0.635938 0.732639 0.042188 0.031944
5 0.638281 0.720139 0.037500 0.012500
8 0.537500 0.706250 0.035937 0.023611
5 0.538672 0.695833 0.033594 0.008333
8 0.524219 0.706250 0.037500 0.023611
5 0.527344 0.693056 0.039062 0.008333
8 0.505469 0.702083 0.031250 0.018056
5 0.518359 0.689583 0.010156 0.006944
8 0.495312 0.700000 0.039062 0.019444
5 0.493359 0.684028 0.011719 0.001389
8 0.542188 0.700000 0.001563 0.022222
5 0.547656 0.685417 0.021875 0.004167
5 0.544922 0.683333 0.014844 0.000000
8 0.557031 0.700694 0.021875 0.023611
5 0.557031 0.689583 0.020313 0.004167
8 0.567578 0.706944 0.000781 0.019444
5 0.567578 0.693750 0.000781 0.004167
5 0.688672 0.658333 0.000781 0.000000
8 0.673047 0.670139 0.032031 0.018056
5 0.688672 0.659722 0.000781 0.000000
8 0.689063 0.671528 0.000000 0.001389
5 0.688672 0.662500 0.000781 0.002778
8 0.688672 0.670139 0.000781 0.009722
5 0.689063 0.665278 0.000000 0.002778
8 0.829297 0.689583 0.028906 0.015278
5 0.827734 0.677778 0.032031 0.005556
8 0.842969 0.684722 0.000000 0.000000
5 0.843359 0.674306 0.000781 0.001389
8 0.810156 0.690972 0.017188 0.020833
5 0.810156 0.679167 0.017188 0.008333
8 0.787891 0.694444 0.032031 0.016667
5 0.787500 0.678472 0.032813 0.001389
8 0.763281 0.670139 0.000000 0.001389
5 0.772266 0.670833 0.002344 0.000000
8 0.810156 0.692361 0.017188 0.001389
5 0.805078 0.672917 0.027344 0.004167
8 0.767188 0.686111 0.014063 0.016667
5 0.761719 0.676389 0.003125 0.000000
8 0.987109 0.705556 0.003906 0.016667
5 0.975781 0.693750 0.026562 0.006944
8 0.919141 0.688889 0.000781 0.000000
5 0.942187 0.688194 0.042188 0.001389
8 0.986719 0.719444 0.025000 0.030556
5 0.987109 0.706250 0.021094 0.009722
0 0.893750 0.669444 0.101562 0.141667
0 0.741406 0.644444 0.043750 0.105556
0 0.478125 0.633333 0.046875 0.091667
0 0.914062 0.778472 0.170313 0.287500
0 0.495703 0.829167 0.216406 0.338889
0 0.334766 0.804167 0.239844 0.327778
0 0.204687 0.734028 0.167187 0.229167
0 0.183203 0.722917 0.155469 0.215278
1 0.511328 0.779167 0.127344 0.163889
1 0.572266 0.804167 0.144531 0.222222
1 0.100000 0.658333 0.067187 0.083333
1 0.105469 0.661111 0.068750 0.086111
1 0.033594 0.661806 0.065625 0.084722
1 0.035547 0.664583 0.071094 0.087500
1 0.000000 0.665972 0.000000 0.084722
1 0.126172 0.686111 0.055469 0.102778
1 0.076953 0.692361 0.055469 0.115278
1 0.123047 0.720139 0.069531 0.143056
1 0.182031 0.709722 0.068750 0.122222
1 0.864844 0.611806 0.043750 0.006944
2 0.844531 0.645139 0.003125 0.001389
2 0.846094 0.614583 0.006250 0.006944
2 0.878125 0.613889 0.012500 0.002778
2 0.854297 0.645833 0.005469 0.002778
2 0.850781 0.614583 0.009375 0.006944
2 0.856641 0.611111 0.000781 0.000000
2 0.855859 0.615278 0.002344 0.005556
1 0.937109 0.640278 0.057031 0.066667
2 0.921484 0.623611 0.010156 0.019444
2 0.950391 0.626389 0.024219 0.019444
2 0.943359 0.654861 0.039844 0.018056
2 0.925781 0.625000 0.010937 0.019444
2 0.934766 0.625000 0.011719 0.019444
2 0.946484 0.615278 0.013281 0.000000
1 0.796875 0.611806 0.017188 0.012500
2 0.795312 0.614583 0.009375 0.004167
2 0.816016 0.615278 0.005469 0.002778
2 0.801953 0.645833 0.000781 0.000000
2 0.803906 0.614583 0.007812 0.004167
2 0.813672 0.612500 0.010156 0.000000
2 0.808984 0.615278 0.007031 0.002778
1 0.893750 0.630556 0.043750 0.041667
2 0.898828 0.627778 0.021094 0.019444
2 0.884375 0.650000 0.003125 0.011111
2 0.878906 0.626389 0.014063 0.019444
2 0.883203 0.627083 0.008594 0.020833
2 0.887500 0.616667 0.000000 0.000000
1 0.759766 0.635417 0.050781 0.056944
2 0.742969 0.640278 0.012500 0.000000
2 0.750000 0.640278 0.000000 0.000000
2 0.744531 0.613889 0.015625 0.000000
2 0.775391 0.624306 0.014844 0.018056
2 0.772266 0.654167 0.002344 0.016667
2 0.751172 0.613889 0.000781 0.000000
1 0.830078 0.641667 0.053906 0.061111
2 0.812109 0.647222 0.003906 0.000000
2 0.818750 0.645833 0.000000 0.000000
2 0.810547 0.618056 0.010156 0.000000
2 0.850000 0.629861 0.014063 0.020833
2 0.835938 0.659028 0.042188 0.023611
2 0.818359 0.618056 0.000781 0.000000
1 0.735156 0.624306 0.031250 0.034722
2 0.725781 0.620833 0.012500 0.013889
2 0.744141 0.625694 0.016406 0.020833
2 0.741016 0.643750 0.019531 0.004167
2 0.723437 0.620833 0.004687 0.011111
2 0.734375 0.625000 0.009375 0.019444
2 0.747656 0.615278 0.006250 0.000000
1 0.799219 0.642361 0.039062 0.062500
2 0.792188 0.647222 0.001563 0.000000
2 0.802734 0.647222 0.002344 0.000000
2 0.792969 0.621528 0.021875 0.006944
2 0.813281 0.631250 0.010937 0.020833
2 0.805859 0.659028 0.025781 0.020833
2 0.795703 0.629861 0.010156 0.020833
2 0.804688 0.629861 0.010937 0.020833
2 0.814844 0.619444 0.007812 0.000000
2 0.950781 0.707639 0.067187 0.037500
2 0.932813 0.710417 0.034375 0.037500
2 0.582812 0.655556 0.012500 0.016667
2 0.609766 0.661806 0.039844 0.023611
2 0.642188 0.661806 0.023438 0.020833
2 0.609766 0.640278 0.039844 0.022222
2 0.642188 0.639583 0.023438 0.020833
2 0.609766 0.618750 0.039844 0.023611
2 0.634375 0.618056 0.039062 0.022222
5 0.703906 0.699306 0.032813 0.012500
5 0.703906 0.709028 0.032813 0.009722
5 0.703906 0.717361 0.032813 0.009722
5 0.688281 0.726389 0.001563 0.008333
5 0.703906 0.741667 0.032813 0.008333
5 0.703906 0.735417 0.032813 0.006944
5 0.719531 0.756944 0.000000 0.000000
5 0.719922 0.750694 0.000781 0.001389
5 0.117188 0.741667 0.045312 0.013889
5 0.117969 0.747917 0.043750 0.009722
5 0.742578 0.711111 0.042969 0.011111
5 0.740234 0.715278 0.030469 0.002778
5 0.744141 0.736806 0.039844 0.012500
5 0.746875 0.729167 0.034375 0.008333
5 0.743359 0.753472 0.041406 0.009722
5 0.743359 0.745833 0.041406 0.008333
5 0.151562 0.737500 0.003125 0.008333
5 0.151953 0.745833 0.002344 0.005556
5 0.742578 0.704861 0.042969 0.012500
5 0.741797 0.695139 0.044531 0.012500
5 0.782422 0.708333 0.053906 0.011111
5 0.782422 0.715972 0.053906 0.012500
5 0.782422 0.731944 0.053906 0.008333
5 0.791016 0.724306 0.036719 0.012500
5 0.786719 0.750000 0.045312 0.002778
5 0.801953 0.736111 0.014844 0.002778
5 0.782422 0.701389 0.053906 0.011111
5 0.782422 0.693056 0.053906 0.011111
5 0.782422 0.646528 0.053906 0.009722
5 0.782422 0.654861 0.053906 0.009722
5 0.782422 0.671528 0.053906 0.009722
5 0.782422 0.663194 0.053906 0.009722
5 0.782422 0.686111 0.053906 0.011111
5 0.782422 0.677778 0.053906 0.011111
5 0.782422 0.639583 0.053906 0.009722
5 0.782031 0.631250 0.054688 0.009722