3 0.499609 0.863194 0.999219 0.270833
4 0.286719 0.749306 0.004687 0.068056
4 0.215625 0.734722 0.006250 0.013889
4 0.174219 0.736806 0.003125 0.004167
4 0.114453 0.779167 0.021094 0.077778
4 0.060937 0.804167 0.015625 0.102778
8 0.077734 0.836806 0.107031 0.073611
8 0.866016 0.788889 0.089844 0.041667
5 0.442578 0.722222 0.039844 0.008333
5 0.442578 0.722222 0.039844 0.008333
5 0.442578 0.722222 0.039844 0.008333
5 0.442578 0.711806 0.039844 0.009722
5 0.442578 0.711806 0.039844 0.009722
5 0.442578 0.711806 0.039844 0.009722
5 0.442578 0.730556 0.039844 0.008333
5 0.442578 0.730556 0.039844 0.008333
5 0.442578 0.730556 0.039844 0.008333
5 0.508594 0.730556 0.037500 0.008333
5 0.508594 0.730556 0.037500 0.008333
5 0.508594 0.730556 0.037500 0.008333
5 0.507422 0.722222 0.039844 0.008333
5 0.507422 0.722222 0.039844 0.008333
5 0.507422 0.722222 0.039844 0.008333
5 0.507422 0.713194 0.039844 0.009722
5 0.507422 0.713194 0.039844 0.009722
5 0.507422 0.713194 0.039844 0.009722
5 0.507422 0.703472 0.039844 0.009722
5 0.507422 0.703472 0.039844 0.009722
5 0.507422 0.703472 0.039844 0.009722
6 0.464062 0.731250 0.043750 0.073611
6 0.485156 0.723611 0.037500 0.066667
6 0.465234 0.666667 0.047656 0.072222
6 0.475781 0.727083 0.040625 0.070833
6 0.373437 0.750000 0.065625 0.086111
6 0.362500 0.762500 0.070312 0.097222
7 0.185156 0.870833 0.115625 0.038889
7 0.123047 0.897917 0.130469 0.043056
7 0.937109 0.972917 0.124219 0.051389
7 0.926953 0.930556 0.144531 0.044444
7 0.069531 0.802083 0.067187 0.026389
7 0.282031 0.759028 0.020313 0.015278
8 0.029297 0.889583 0.058594 0.073611
5 0.025781 0.865278 0.051562 0.033333
8 0.267188 0.807639 0.048438 0.045833
5 0.266797 0.783333 0.046094 0.016667
5 0.232813 0.777778 0.000000 0.000000
8 0.428906 0.760417 0.045312 0.034722
5 0.426953 0.744444 0.041406 0.008333
8 0.453125 0.756250 0.018750 0.034722
5 0.433984 0.741667 0.050781 0.008333
8 0.425000 0.764583 0.037500 0.037500
5 0.423047 0.749306 0.033594 0.009722
8 0.418359 0.769444 0.024219 0.038889
5 0.416406 0.753472 0.020313 0.009722
8 0.853125 0.741667 0.007812 0.016667
5 0.874219 0.735417 0.046875 0.006944
8 0.850391 0.740278 0.008594 0.019444
5 0.870313 0.730556 0.045312 0.002778
8 0.876172 0.743056 0.042969 0.013889
5 0.878516 0.739583 0.044531 0.009722
8 0.886328 0.743056 0.055469 0.005556
5 0.885156 0.741667 0.050000 0.005556
8 0.813281 0.737500 0.045312 0.013889
5 0.813672 0.729861 0.042969 0.001389
8 0.815234 0.740972 0.047656 0.015278
5 0.815234 0.734722 0.044531 0.005556
8 0.820703 0.743750 0.050781 0.015278
5 0.819922 0.738889 0.046094 0.008333
8 0.823047 0.748611 0.052344 0.019444
5 0.822266 0.742361 0.047656 0.009722
8 0.894531 0.766667 0.048438 0.019444
5 0.893750 0.762500 0.042188 0.013889
8 0.952734 0.774306 0.049219 0.020833
5 0.950781 0.763889 0.045312 0.013889
8 0.846094 0.772917 0.045312 0.031944
5 0.845703 0.761111 0.039844 0.013889
8 0.791797 0.768056 0.042969 0.025000
5 0.791016 0.760417 0.036719 0.012500
8 0.887500 0.761806 0.057813 0.029167
5 0.889062 0.750000 0.056250 0.011111
8 0.900000 0.763194 0.065625 0.023611
5 0.899219 0.754861 0.059375 0.009722
8 0.842578 0.769444 0.042969 0.038889
5 0.841406 0.752083 0.037500 0.006944
8 0.791016 0.763889 0.039844 0.027778
5 0.790234 0.751389 0.035156 0.008333
8 0.957422 0.823611 0.083594 0.058333
5 0.958594 0.801389 0.081250 0.019444
8 0.944922 0.812500 0.075781 0.052778
5 0.946094 0.787500 0.073438 0.008333
8 0.975781 0.868056 0.046875 0.075000
5 0.977734 0.839583 0.042969 0.023611
8 0.969141 0.852778 0.058594 0.069444
5 0.971484 0.822917 0.055469 0.015278
8 0.874219 0.864583 0.107813 0.076389
5 0.872266 0.836111 0.097656 0.025000
8 0.866406 0.849306 0.100000 0.070833
5 0.864844 0.818056 0.090625 0.013889
0 0.630078 0.734722 0.080469 0.272222
0 0.684766 0.705556 0.053906 0.188889
0 0.571875 0.684028 0.042188 0.123611
1 0.148828 0.693750 0.063281 0.081944
1 0.136328 0.695139 0.074219 0.084722
1 0.090234 0.693750 0.072656 0.081944
1 0.072656 0.695139 0.075000 0.084722
1 0.038672 0.693056 0.042969 0.080556
1 0.033203 0.694444 0.032031 0.083333
1 0.995703 0.661111 0.005469 0.000000
2 0.995703 0.665278 0.005469 0.000000
2 0.999219 0.715972 0.000000 0.001389
2 0.996484 0.667361 0.003906 0.001389
2 0.999219 0.667361 0.000000 0.001389
1 0.968750 0.704861 0.059375 0.101389
2 0.944531 0.723611 0.003125 0.030556
2 0.959766 0.680556 0.035156 0.030556
2 0.973828 0.682639 0.041406 0.031944
2 0.971094 0.726389 0.050000 0.036111
2 0.947266 0.681944 0.003906 0.030556
2 0.951172 0.681944 0.003906 0.030556
2 0.978125 0.698611 0.000000 0.000000
1 0.988672 0.713194 0.021094 0.115278
2 0.982031 0.747917 0.000000 0.006944
2 0.981250 0.700000 0.000000 0.005556
2 0.997656 0.688889 0.003125 0.036111
2 0.996484 0.737500 0.005469 0.038889
2 0.996094 0.687500 0.006250 0.036111
2 0.874609 0.822917 0.086719 0.081944
2 0.785547 0.820139 0.075781 0.079167
2 0.764844 0.725694 0.000000 0.029167
2 0.806641 0.720139 0.002344 0.015278
2 0.784375 0.731944 0.037500 0.033333
2 0.828516 0.728472 0.039844 0.026389
2 0.784375 0.700694 0.037500 0.031944
2 0.828125 0.700694 0.040625 0.031944
2 0.783594 0.669444 0.037500 0.030556
2 0.827734 0.670139 0.039844 0.031944
5 0.155859 0.749306 0.088281 0.018056
5 0.153125 0.763194 0.082812 0.018056
5 0.152734 0.774306 0.083594 0.018056
5 0.152734 0.787500 0.083594 0.019444
5 0.152344 0.814583 0.082812 0.020833
5 0.152344 0.801389 0.082812 0.019444
5 0.151953 0.840278 0.083594 0.022222
5 0.151953 0.827083 0.083594 0.020833
5 0.238281 0.776389 0.085938 0.019444
5 0.237891 0.789583 0.086719 0.020833
5 0.237891 0.817361 0.086719 0.020833
5 0.237891 0.803472 0.086719 0.020833
5 0.237891 0.843056 0.086719 0.022222
5 0.237891 0.829861 0.086719 0.020833
5 0.238281 0.763889 0.085938 0.019444
5 0.238672 0.750694 0.086719 0.018056
5 0.332813 0.778472 0.084375 0.020833
5 0.332813 0.792361 0.084375 0.020833
5 0.332813 0.820139 0.084375 0.023611
5 0.332813 0.806250 0.084375 0.020833
5 0.332813 0.846528 0.084375 0.023611
5 0.332813 0.833333 0.084375 0.022222
5 0.332813 0.766667 0.084375 0.019444
5 0.332813 0.752083 0.084375 0.018056
5 0.333203 0.672917 0.083594 0.012500
5 0.333203 0.686806 0.083594 0.015278
5 0.333203 0.714583 0.083594 0.015278
5 0.333203 0.700694 0.083594 0.015278
5 0.333203 0.740278 0.083594 0.016667
5 0.333203 0.726389 0.083594 0.016667
5 0.333594 0.660417 0.084375 0.012500
5 0.333594 0.646528 0.084375 0.012500