3 0.471094 0.901389 0.307812 0.194444
8 0.376172 0.802083 0.007031 0.015278
5 0.361719 0.793750 0.028125 0.001389
5 0.361719 0.793750 0.028125 0.001389
5 0.361719 0.793750 0.028125 0.001389
5 0.361328 0.796528 0.028906 0.001389
5 0.361328 0.796528 0.028906 0.001389
5 0.361328 0.796528 0.028906 0.001389
5 0.336328 0.799306 0.021094 0.004167
5 0.336328 0.799306 0.021094 0.004167
5 0.336328 0.799306 0.021094 0.004167
5 0.326172 0.793056 0.000781 0.005556
5 0.326172 0.793056 0.000781 0.005556
5 0.326172 0.793056 0.000781 0.005556
5 0.326562 0.788889 0.000000 0.000000
5 0.326562 0.788889 0.000000 0.000000
5 0.326562 0.788889 0.000000 0.000000
5 0.336719 0.777083 0.020313 0.001389
5 0.336719 0.777083 0.020313 0.001389
5 0.336719 0.777083 0.020313 0.001389
6 0.399219 0.756944 0.007812 0.033333
6 0.399609 0.781250 0.007031 0.012500
6 0.364453 0.839583 0.075781 0.101389
6 0.512109 0.839583 0.071094 0.101389
6 0.366016 0.748611 0.074219 0.097222
6 0.438281 0.839583 0.071875 0.101389
7 0.338281 0.856944 0.025000 0.019444
7 0.568750 0.811806 0.010937 0.009722
7 0.610156 0.809028 0.007812 0.001389
7 0.475000 0.813194 0.000000 0.004167
7 0.509375 0.811806 0.015625 0.006944
6 0.027734 0.734722 0.055469 0.033333
6 0.040625 0.736806 0.037500 0.029167
8 0.460938 0.961806 0.093750 0.073611
5 0.460547 0.938889 0.082031 0.036111
8 0.574219 0.961806 0.089063 0.073611
5 0.574609 0.938889 0.080469 0.036111
8 0.369141 0.961806 0.091406 0.073611
5 0.366016 0.939583 0.083594 0.037500
8 0.569922 0.949306 0.080469 0.087500
5 0.568750 0.916667 0.070312 0.030556
8 0.468359 0.950000 0.082031 0.088889
5 0.467969 0.916667 0.071875 0.030556
8 0.384766 0.951389 0.083594 0.091667
5 0.381250 0.917361 0.079687 0.029167
8 0.328906 0.940972 0.009375 0.070833
5 0.320703 0.911111 0.010156 0.016667
0 0.039062 0.702778 0.078125 0.097222
0 0.772266 0.712500 0.082031 0.077778
0 0.001172 0.729167 0.002344 0.033333
1 0.681641 0.745833 0.028906 0.011111
1 0.638672 0.786806 0.044531 0.093056
1 0.661719 0.745833 0.045312 0.011111
1 0.626172 0.786111 0.042969 0.091667
1 0.653516 0.746528 0.030469 0.009722
1 0.614062 0.777083 0.020313 0.070833
1 0.644922 0.747222 0.000781 0.008333
1 0.331641 0.787500 0.072656 0.094444
1 0.338281 0.784722 0.068750 0.088889
1 0.116406 0.746528 0.001563 0.009722
1 0.161328 0.745833 0.000781 0.011111
1 0.779687 0.824306 0.106250 0.348611
2 0.871875 0.876389 0.239063 0.244444
2 0.937891 0.754167 0.122656 0.000000
2 0.965234 0.876389 0.067969 0.244444
1 0.132422 0.822222 0.116406 0.352778
2 0.082422 0.875694 0.164844 0.245833
1 0.812891 0.847917 0.372656 0.301389
2 0.933203 0.752083 0.132031 0.001389
2 0.695703 0.827778 0.108594 0.150000
2 0.698047 0.965278 0.113281 0.066667
2 0.872656 0.753472 0.082812 0.001389
2 0.784766 0.827778 0.092969 0.150000
1 0.237109 0.847222 0.150781 0.302778
2 0.250781 0.968056 0.090625 0.061111
2 0.234375 0.975000 0.098437 0.047222
2 0.243750 0.829167 0.110937 0.155556
2 0.005859 0.752778 0.011719 0.000000
2 0.188672 0.968056 0.055469 0.061111
2 0.148828 0.829861 0.082031 0.154167
2 0.055859 0.752778 0.086719 0.000000
1 0.768359 0.852083 0.324219 0.293056
2 0.871875 0.751389 0.082812 0.000000
2 0.630078 0.815278 0.022656 0.125000
2 0.676953 0.952778 0.116406 0.091667
1 0.169922 0.852083 0.335156 0.293056
2 0.303125 0.954167 0.042188 0.088889
2 0.286719 0.959028 0.050000 0.079167
2 0.283594 0.815972 0.084375 0.129167
2 0.218750 0.938889 0.003125 0.002778
2 0.842187 0.737500 0.028125 0.027778
2 0.927734 0.736111 0.142969 0.030556