3 0.499609 0.757639 0.999219 0.162500
4 0.212109 0.676389 0.010156 0.047222
4 0.112891 0.680556 0.000781 0.050000
4 0.002734 0.679167 0.005469 0.047222
8 0.051172 0.690278 0.058594 0.019444
6 0.436328 0.618056 0.017969 0.044444
7 0.081250 0.708333 0.023438 0.013889
7 0.012500 0.712500 0.025000 0.016667
7 0.193750 0.733333 0.064062 0.022222
7 0.012109 0.748611 0.024219 0.025000
7 0.102344 0.740972 0.067187 0.023611
7 0.109375 0.697917 0.006250 0.001389
7 0.085938 0.685417 0.028125 0.009722
7 0.220703 0.692361 0.010156 0.009722
7 0.200391 0.672222 0.000781 0.000000
7 0.093359 0.677083 0.000781 0.001389
8 0.205859 0.692361 0.024219 0.026389
5 0.204687 0.680556 0.021875 0.005556
0 0.323828 0.602083 0.072656 0.076389
0 0.495703 0.597222 0.003906 0.041667
1 0.357812 0.631250 0.015625 0.018056
1 0.348828 0.628472 0.000781 0.012500
1 0.296094 0.630556 0.000000 0.000000
1 0.281641 0.631250 0.033594 0.018056
1 0.256641 0.631944 0.014844 0.016667
1 0.248047 0.631250 0.032031 0.018056
1 0.224609 0.650000 0.042969 0.052778
1 0.141797 0.634722 0.049219 0.033333
1 0.126953 0.647917 0.058594 0.059722
1 0.012500 0.653472 0.025000 0.073611
1 0.012891 0.658333 0.025781 0.052778
2 0.495312 0.725000 0.004687 0.044444
2 0.495312 0.675694 0.004687 0.051389
2 0.437500 0.667361 0.015625 0.051389
2 0.366797 0.669444 0.039844 0.055556
2 0.366406 0.724306 0.040625 0.056944
2 0.437500 0.718056 0.015625 0.050000
2 0.408203 0.668056 0.041406 0.052778
2 0.274219 0.670833 0.095312 0.058333
2 0.273828 0.728472 0.096094 0.062500
2 0.407813 0.721528 0.042188 0.054167
5 0.109375 0.654861 0.042188 0.006944
5 0.109375 0.662500 0.042188 0.005556
5 0.109375 0.669444 0.042188 0.005556
5 0.109375 0.677083 0.042188 0.006944
5 0.108984 0.692361 0.042969 0.006944
5 0.108984 0.684028 0.042969 0.006944
5 0.110156 0.706250 0.039062 0.006944
5 0.108594 0.698611 0.042188 0.005556
5 0.080859 0.679861 0.013281 0.001389
5 0.141797 0.670139 0.047656 0.006944
5 0.141797 0.677083 0.047656 0.006944
5 0.141797 0.693056 0.047656 0.008333
5 0.141797 0.685417 0.047656 0.006944
5 0.141797 0.707639 0.047656 0.006944
5 0.141797 0.700000 0.047656 0.008333
5 0.106250 0.684722 0.000000 0.000000
5 0.142187 0.663194 0.046875 0.006944
5 0.142187 0.655556 0.046875 0.005556
5 0.180078 0.670833 0.052344 0.005556
5 0.180078 0.678472 0.052344 0.006944
5 0.179297 0.694444 0.052344 0.008333
5 0.179688 0.686806 0.053125 0.006944
5 0.179297 0.709722 0.052344 0.008333
5 0.179297 0.701389 0.052344 0.008333
5 0.180078 0.663194 0.052344 0.006944
5 0.180078 0.656250 0.052344 0.006944
5 0.180469 0.610417 0.051562 0.006944
5 0.180469 0.618750 0.051562 0.006944
5 0.180078 0.634028 0.052344 0.006944
5 0.180078 0.625694 0.052344 0.006944
5 0.180078 0.649306 0.052344 0.006944
5 0.180078 0.640972 0.052344 0.006944
5 0.180859 0.603472 0.052344 0.006944
5 0.180859 0.595139 0.052344 0.006944