3 0.499609 0.824306 0.999219 0.348611
4 0.548438 0.904861 0.012500 0.090278
4 0.673828 0.967361 0.042969 0.062500
4 0.786328 0.995139 0.003906 0.006944
5 0.246094 0.729861 0.060937 0.020833
5 0.246094 0.729861 0.060937 0.020833
5 0.246094 0.729861 0.060937 0.020833
5 0.246094 0.716667 0.060937 0.025000
5 0.246094 0.716667 0.060937 0.025000
5 0.246094 0.716667 0.060937 0.025000
5 0.246094 0.738194 0.060937 0.023611
5 0.246094 0.738194 0.060937 0.023611
5 0.246094 0.738194 0.060937 0.023611
5 0.317188 0.726389 0.057813 0.022222
5 0.317188 0.726389 0.057813 0.022222
5 0.317188 0.726389 0.057813 0.022222
5 0.316797 0.717361 0.058594 0.020833
5 0.316797 0.717361 0.058594 0.020833
5 0.316797 0.717361 0.058594 0.020833
5 0.316797 0.704861 0.058594 0.023611
5 0.316797 0.704861 0.058594 0.023611
5 0.316797 0.704861 0.058594 0.023611
5 0.316797 0.693056 0.058594 0.022222
5 0.316797 0.693056 0.058594 0.022222
5 0.316797 0.693056 0.058594 0.022222
6 0.546094 0.795833 0.067187 0.094444
6 0.477734 0.761111 0.058594 0.094444
6 0.546875 0.717361 0.068750 0.098611
6 0.510547 0.775694 0.061719 0.098611
6 0.725391 0.896528 0.078906 0.137500
6 0.817969 0.928472 0.085938 0.140278
7 0.409375 0.883333 0.075000 0.038889
7 0.583203 0.986111 0.077344 0.025000
8 0.891016 0.995833 0.003906 0.002778
5 0.896094 0.996528 0.020313 0.004167
8 0.614453 0.911111 0.082031 0.072222
5 0.614062 0.892361 0.073438 0.034722
8 0.579297 0.895833 0.077344 0.055556
5 0.578906 0.872222 0.070312 0.033333
8 0.547656 0.872917 0.075000 0.065278
5 0.547266 0.855556 0.067969 0.030556
8 0.517969 0.859722 0.071875 0.050000
5 0.517578 0.838194 0.064844 0.029167
8 0.608594 0.853472 0.073438 0.054167
5 0.608203 0.840972 0.064844 0.029167
8 0.577344 0.835417 0.070312 0.048611
5 0.576953 0.824306 0.063281 0.026389
8 0.629297 0.877083 0.052344 0.051389
5 0.631641 0.855556 0.049219 0.030556
8 0.646875 0.888889 0.017188 0.036111
5 0.648828 0.875694 0.013281 0.018056
8 0.797266 0.718056 0.050781 0.019444
5 0.797266 0.709028 0.046094 0.015278
8 0.769922 0.706944 0.049219 0.013889
5 0.769922 0.701389 0.044531 0.013889
8 0.824219 0.730556 0.051562 0.030556
5 0.824219 0.715972 0.046875 0.015278
8 0.840234 0.729861 0.025781 0.012500
5 0.842187 0.725694 0.023438 0.015278
8 0.733203 0.722917 0.050781 0.031944
5 0.732812 0.708333 0.045312 0.013889
8 0.760156 0.731944 0.051562 0.033333
5 0.759766 0.715972 0.046094 0.015278
8 0.786719 0.739583 0.053125 0.034722
5 0.786328 0.724306 0.047656 0.015278
8 0.816406 0.749306 0.054688 0.034722
5 0.816406 0.733333 0.050000 0.016667
8 0.989453 0.785417 0.019531 0.023611
5 0.987500 0.770139 0.023438 0.015278
8 0.999219 0.763194 0.000000 0.001389
8 0.989062 0.805556 0.020313 0.033333
5 0.987500 0.783333 0.023438 0.022222
8 0.953906 0.807639 0.062500 0.037500
5 0.951562 0.788194 0.057813 0.020833
8 0.910547 0.750000 0.053906 0.016667
5 0.910547 0.743056 0.049219 0.016667
8 0.951953 0.761111 0.049219 0.019444
5 0.930469 0.752083 0.014063 0.009722
8 0.932031 0.786806 0.010937 0.031944
5 0.926172 0.765278 0.022656 0.022222
8 0.926562 0.785417 0.007812 0.020833
5 0.924219 0.776389 0.003125 0.008333
0 0.880859 0.760417 0.111719 0.209722
0 0.447656 0.677083 0.067187 0.145833
1 0.948047 0.610417 0.071094 0.043056
2 0.931250 0.633333 0.001563 0.000000
2 0.933984 0.632639 0.007031 0.001389
2 0.926953 0.605556 0.024219 0.013889
2 0.978906 0.615278 0.003125 0.019444
2 0.934766 0.634722 0.008594 0.002778
2 0.933203 0.614583 0.011719 0.026389
2 0.939063 0.622222 0.000000 0.011111
1 0.893359 0.628472 0.072656 0.056944
2 0.860938 0.656250 0.003125 0.001389
2 0.882422 0.643056 0.000781 0.000000
2 0.873437 0.615278 0.026562 0.016667
2 0.911719 0.626389 0.029687 0.027778
2 0.887109 0.623611 0.010156 0.027778
2 0.892969 0.609722 0.015625 0.002778
2 0.892969 0.626389 0.017188 0.027778
2 0.901172 0.611111 0.014844 0.002778
1 0.988281 0.659028 0.021875 0.090278
2 0.985547 0.675694 0.016406 0.020833
2 0.993359 0.664583 0.008594 0.001389
2 0.988281 0.635417 0.021875 0.020833
2 0.993750 0.681944 0.010937 0.030556
2 0.993750 0.643750 0.010937 0.029167
1 0.828125 0.656944 0.070312 0.102778
2 0.811328 0.618750 0.030469 0.006944
2 0.848047 0.638194 0.030469 0.031944
2 0.842578 0.675000 0.039844 0.033333
2 0.818359 0.621528 0.021094 0.004167
2 0.830078 0.619444 0.016406 0.002778
2 0.830078 0.623611 0.019531 0.002778
2 0.839453 0.620833 0.017969 0.002778
1 0.949219 0.679861 0.085938 0.109722
2 0.924219 0.639583 0.029687 0.006944
2 0.982812 0.661111 0.010937 0.033333
2 0.982422 0.702083 0.011719 0.034722
2 0.931250 0.643056 0.014063 0.005556
2 0.937891 0.639583 0.002344 0.001389
1 0.803125 0.659722 0.075000 0.100000
2 0.778516 0.672222 0.021094 0.030556
2 0.782813 0.657639 0.007812 0.001389
2 0.784375 0.635417 0.031250 0.031944
2 0.821094 0.642361 0.032813 0.031944
2 0.808594 0.678472 0.056250 0.037500
2 0.791016 0.638194 0.021094 0.029167
2 0.803125 0.623611 0.017188 0.002778
2 0.802734 0.641667 0.021094 0.030556
2 0.812891 0.625000 0.017969 0.002778
1 0.910156 0.681944 0.056250 0.105556
2 0.890234 0.700000 0.016406 0.033333
2 0.897656 0.683333 0.001563 0.000000
2 0.898828 0.656250 0.033594 0.031944
2 0.932031 0.668750 0.012500 0.034722
2 0.917188 0.706250 0.042188 0.040278
2 0.907031 0.659028 0.021875 0.026389
2 0.919922 0.645139 0.021094 0.004167
2 0.921875 0.665972 0.021875 0.034722
2 0.931250 0.647917 0.014063 0.004167
2 0.583594 0.681944 0.031250 0.041667
2 0.599219 0.660417 0.000000 0.001389
2 0.628125 0.695139 0.056250 0.040278
2 0.687891 0.689583 0.002344 0.029167
2 0.628125 0.663889 0.056250 0.038889
2 0.687891 0.660417 0.002344 0.029167
2 0.628516 0.632639 0.057031 0.040278
2 0.660937 0.626389 0.057813 0.036111