6 0.703125 0.961806 0.153125 0.073611
6 0.461328 0.969444 0.141406 0.058333
6 0.700000 0.855556 0.153125 0.205556
6 0.576562 0.965972 0.146875 0.065278
0 0.267578 0.911806 0.141406 0.173611
1 0.793359 0.997917 0.002344 0.001389
1 0.964844 0.995139 0.004687 0.006944
1 0.769531 0.992361 0.006250 0.009722
1 0.954688 0.989583 0.006250 0.018056
2 0.948047 0.996528 0.008594 0.004167
1 0.642969 0.979861 0.000000 0.001389
1 0.890625 0.982639 0.110937 0.031944
2 0.937109 0.990972 0.002344 0.012500
1 0.636719 0.982639 0.009375 0.006944
2 0.641406 0.993056 0.017188 0.011111
2 0.706250 0.992361 0.021875 0.012500
2 0.652734 0.993750 0.002344 0.009722
2 0.689453 0.992361 0.011719 0.012500
1 0.882031 0.979167 0.117188 0.038889
2 0.841406 0.988889 0.025000 0.019444
2 0.926172 0.987500 0.019531 0.022222
2 0.866797 0.988889 0.025781 0.019444
2 0.889062 0.988194 0.018750 0.020833
2 0.462109 0.975000 0.099219 0.047222
2 0.523438 0.979167 0.021875 0.038889