3 0.499609 0.954167 0.999219 0.088889
4 0.422266 0.963194 0.007031 0.070833
4 0.588672 0.993056 0.107031 0.011111
5 0.192578 0.910417 0.082031 0.018056
5 0.192578 0.910417 0.082031 0.018056
5 0.192578 0.910417 0.082031 0.018056
5 0.193359 0.893056 0.082031 0.019444
5 0.193359 0.893056 0.082031 0.019444
5 0.193359 0.893056 0.082031 0.019444
5 0.192578 0.925694 0.082031 0.018056
5 0.192578 0.925694 0.082031 0.018056
5 0.192578 0.925694 0.082031 0.018056
5 0.300000 0.921528 0.079687 0.018056
5 0.300000 0.921528 0.079687 0.018056
5 0.300000 0.921528 0.079687 0.018056
5 0.300781 0.906250 0.079687 0.018056
5 0.300781 0.906250 0.079687 0.018056
5 0.300781 0.906250 0.079687 0.018056
5 0.300781 0.890972 0.079687 0.018056
5 0.300781 0.890972 0.079687 0.018056
5 0.300781 0.890972 0.079687 0.018056
5 0.300781 0.873611 0.079687 0.016667
5 0.300781 0.873611 0.079687 0.016667
5 0.300781 0.873611 0.079687 0.016667
6 0.544141 0.911806 0.105469 0.106944
6 0.465234 0.904167 0.085156 0.111111
6 0.546094 0.802083 0.109375 0.148611
6 0.501172 0.911111 0.091406 0.116667
6 0.794141 0.944444 0.200781 0.108333
6 0.946094 0.952778 0.106250 0.091667
5 0.594531 0.997917 0.046875 0.001389
8 0.527344 0.993750 0.151562 0.009722
5 0.525781 0.988889 0.137500 0.019444
8 0.435937 0.987500 0.040625 0.022222
5 0.486719 0.982639 0.120313 0.031944
8 0.451953 0.980556 0.127344 0.036111
5 0.450781 0.967361 0.115625 0.026389
8 0.570312 0.977778 0.046875 0.019444
5 0.607812 0.975694 0.110937 0.029167
8 0.531641 0.967361 0.041406 0.023611
5 0.570312 0.962500 0.109375 0.027778
8 0.608203 0.989583 0.035156 0.018056
5 0.630469 0.986111 0.067187 0.025000
5 0.660156 0.995833 0.007812 0.005556
8 0.982422 0.920833 0.005469 0.041667
5 0.990234 0.900000 0.017969 0.005556
8 0.976562 0.938194 0.014063 0.006944
5 0.969141 0.895139 0.060156 0.006944
8 0.909375 0.923611 0.071875 0.044444
5 0.914062 0.901389 0.073438 0.013889
8 0.955469 0.927778 0.087500 0.050000
5 0.955469 0.906250 0.079687 0.015278
8 0.976172 0.933333 0.046094 0.052778
5 0.978516 0.910417 0.041406 0.015278
0 0.483984 0.836806 0.080469 0.209722
1 0.984766 0.843056 0.028906 0.111111
2 0.987109 0.875000 0.019531 0.033333
2 0.998047 0.858333 0.002344 0.000000
2 0.985156 0.822917 0.018750 0.040278
2 0.998047 0.876389 0.002344 0.033333
2 0.996484 0.822917 0.005469 0.040278
2 0.705078 0.890278 0.024219 0.038889
2 0.760547 0.889583 0.085156 0.026389
2 0.828906 0.893750 0.050000 0.031944
2 0.760156 0.855556 0.085938 0.047222
2 0.828125 0.854861 0.050000 0.045833
2 0.759375 0.810417 0.085938 0.045833
2 0.826953 0.810417 0.050781 0.045833