3 0.503125 0.827778 0.992188 0.341667
4 0.235547 0.778472 0.002344 0.040278
4 0.103516 0.757639 0.027344 0.018056
4 0.020703 0.779861 0.007031 0.065278
4 0.251953 0.717361 0.024219 0.048611
4 0.207422 0.715972 0.007031 0.048611
4 0.151953 0.713194 0.013281 0.048611
4 0.103906 0.711111 0.006250 0.047222
4 0.045312 0.709028 0.023438 0.045833
4 0.007812 0.729167 0.000000 0.000000
8 0.543750 0.672917 0.026562 0.018056
8 0.450000 0.656944 0.001563 0.005556
5 0.535937 0.649306 0.031250 0.006944
5 0.535937 0.649306 0.031250 0.006944
5 0.535937 0.649306 0.031250 0.006944
5 0.535937 0.642361 0.031250 0.006944
5 0.535937 0.642361 0.031250 0.006944
5 0.535937 0.642361 0.031250 0.006944
5 0.535937 0.654861 0.031250 0.006944
5 0.535937 0.654861 0.031250 0.006944
5 0.535937 0.654861 0.031250 0.006944
5 0.511719 0.656944 0.015625 0.005556
5 0.511719 0.656944 0.015625 0.005556
5 0.511719 0.656944 0.015625 0.005556
5 0.511719 0.650000 0.015625 0.005556
5 0.511719 0.650000 0.015625 0.005556
5 0.511719 0.650000 0.015625 0.005556
5 0.511719 0.644444 0.015625 0.005556
5 0.511719 0.644444 0.015625 0.005556
5 0.511719 0.644444 0.015625 0.005556
5 0.513672 0.636806 0.019531 0.006944
5 0.513672 0.636806 0.019531 0.006944
5 0.513672 0.636806 0.019531 0.006944
6 0.454297 0.642361 0.010156 0.037500
6 0.457813 0.640972 0.007812 0.037500
5 0.899219 0.849306 0.015625 0.034722
5 0.899219 0.849306 0.015625 0.034722
5 0.899219 0.849306 0.015625 0.034722
5 0.917969 0.832639 0.053125 0.034722
5 0.917969 0.832639 0.053125 0.034722
5 0.917969 0.832639 0.053125 0.034722
5 0.899219 0.864583 0.015625 0.034722
5 0.899219 0.864583 0.015625 0.034722
5 0.899219 0.864583 0.015625 0.034722
5 0.941797 0.902778 0.067969 0.041667
5 0.941797 0.902778 0.067969 0.041667
5 0.941797 0.902778 0.067969 0.041667
5 0.941797 0.885417 0.067969 0.043056
5 0.941797 0.885417 0.067969 0.043056
5 0.941797 0.885417 0.067969 0.043056
5 0.941797 0.867361 0.067969 0.043056
5 0.941797 0.867361 0.067969 0.043056
5 0.941797 0.867361 0.067969 0.043056
5 0.941797 0.847917 0.067969 0.040278
5 0.941797 0.847917 0.067969 0.040278
5 0.941797 0.847917 0.067969 0.040278
6 0.375000 0.836111 0.081250 0.108333
6 0.528125 0.843750 0.057813 0.115278
6 0.375781 0.746528 0.081250 0.106944
6 0.432812 0.836806 0.056250 0.109722
6 0.107031 0.808333 0.075000 0.105556
6 0.029687 0.804167 0.045312 0.097222
7 0.063672 0.784028 0.010156 0.012500
7 0.320312 0.736806 0.028125 0.018056
7 0.394141 0.815972 0.032031 0.026389
7 0.169531 0.802778 0.046875 0.025000
7 0.711719 0.700000 0.017188 0.011111
7 0.755859 0.702778 0.014844 0.013889
7 0.610156 0.696528 0.017188 0.012500
7 0.653516 0.697917 0.017969 0.012500
7 0.280469 0.686111 0.026562 0.011111
7 0.243750 0.684722 0.026562 0.011111
7 0.330859 0.687500 0.025781 0.011111
6 0.050391 0.692361 0.044531 0.054167
6 0.027344 0.699306 0.039062 0.056944
6 0.027344 0.649306 0.039062 0.056944
6 0.052344 0.645139 0.048438 0.054167
6 0.170313 0.653472 0.050000 0.059722
6 0.196094 0.648611 0.048438 0.055556
6 0.170313 0.706250 0.050000 0.059722
6 0.195703 0.697917 0.047656 0.056944
6 0.175000 0.652778 0.029687 0.036111
6 0.159375 0.652083 0.010937 0.029167
8 0.008594 0.790972 0.001563 0.018056
8 0.196875 0.822917 0.062500 0.048611
5 0.196875 0.804861 0.056250 0.020833
8 0.242578 0.825694 0.061719 0.048611
5 0.242578 0.808333 0.055469 0.022222
8 0.284766 0.827778 0.061719 0.050000
5 0.284766 0.809722 0.053906 0.022222
8 0.330469 0.834028 0.056250 0.040278
5 0.332031 0.813889 0.053125 0.022222
8 0.251953 0.847222 0.066406 0.055556
5 0.251953 0.828472 0.058594 0.023611
8 0.301953 0.851389 0.064844 0.055556
5 0.301953 0.831944 0.057031 0.025000
8 0.207422 0.845139 0.067969 0.054167
5 0.207422 0.825694 0.060156 0.023611
8 0.159375 0.840972 0.068750 0.054167
5 0.159375 0.822917 0.060937 0.023611
0 0.027734 0.852083 0.041406 0.270833
0 0.775391 0.832639 0.196094 0.262500
0 0.091797 0.668056 0.053906 0.116667
0 0.138672 0.670139 0.063281 0.118056
1 0.795312 0.713889 0.045312 0.113889
1 0.754297 0.712500 0.042969 0.111111
1 0.788672 0.695833 0.041406 0.094444
1 0.750000 0.695139 0.037500 0.093056
1 0.783594 0.690278 0.037500 0.097222
1 0.746484 0.684028 0.035156 0.084722
1 0.831250 0.669444 0.060937 0.080556
1 0.435156 0.694444 0.051562 0.094444
1 0.441406 0.688889 0.039062 0.091667
1 0.279687 0.684028 0.071875 0.090278
1 0.263281 0.690278 0.075000 0.094444
1 0.137109 0.655556 0.052344 0.069444
2 0.118359 0.643056 0.010156 0.022222
2 0.155469 0.638194 0.010937 0.020833
2 0.157812 0.664583 0.006250 0.012500
2 0.147656 0.642361 0.001563 0.018056
2 0.122656 0.630556 0.001563 0.000000
2 0.150781 0.636111 0.006250 0.013889
1 0.071484 0.656944 0.046094 0.066667
2 0.061719 0.675694 0.007812 0.012500
2 0.053125 0.674306 0.007812 0.015278
2 0.061328 0.640972 0.025781 0.020833
2 0.085547 0.627778 0.016406 0.002778
2 0.078516 0.657639 0.028906 0.001389
2 0.077734 0.638889 0.010156 0.019444
2 0.061719 0.629167 0.010937 0.000000
2 0.083594 0.629167 0.012500 0.002778
2 0.073828 0.627778 0.000781 0.000000
1 0.099609 0.638194 0.041406 0.037500
2 0.107422 0.661111 0.000781 0.000000
2 0.091406 0.661111 0.003125 0.000000
2 0.095312 0.641667 0.028125 0.022222
2 0.114062 0.627778 0.018750 0.000000
2 0.110937 0.659722 0.007812 0.002778
2 0.112500 0.634722 0.004687 0.008333
2 0.101562 0.629167 0.006250 0.000000
2 0.114062 0.629861 0.014063 0.001389
2 0.105859 0.629167 0.000781 0.000000
2 0.760938 0.908333 0.165625 0.052778
2 0.758594 0.960417 0.185938 0.076389
5 0.417187 0.684028 0.026562 0.006944
5 0.417187 0.679167 0.026562 0.005556
5 0.410156 0.668750 0.012500 0.006944
5 0.416797 0.675694 0.025781 0.004167
5 0.391797 0.725000 0.027344 0.011111
5 0.395313 0.732639 0.009375 0.006944
5 0.385156 0.733333 0.014063 0.011111
5 0.383984 0.739583 0.011719 0.009722
5 0.348047 0.742361 0.021094 0.006944
5 0.345703 0.752083 0.025781 0.006944
5 0.348047 0.736806 0.021094 0.009722
5 0.345703 0.729861 0.025781 0.012500