3 0.499609 0.915972 0.999219 0.165278
8 0.907422 0.865278 0.064844 0.044444
6 0.668359 0.911806 0.100781 0.131944
6 0.488672 0.914583 0.094531 0.134722
6 0.666797 0.800694 0.100781 0.123611
6 0.578516 0.912500 0.097656 0.133333
7 0.830078 0.997917 0.049219 0.001389
7 0.851562 0.834722 0.021875 0.011111
7 0.891406 0.832639 0.034375 0.012500
7 0.985156 0.831250 0.015625 0.012500
7 0.951562 0.832639 0.035937 0.012500
7 0.735156 0.834028 0.025000 0.012500
7 0.671094 0.830556 0.018750 0.000000
7 0.621875 0.834722 0.015625 0.008333
8 0.988281 0.952778 0.021875 0.052778
5 0.991406 0.929861 0.015625 0.012500
8 0.952734 0.963194 0.092969 0.070833
5 0.955469 0.937500 0.087500 0.025000
8 0.891406 0.963889 0.095312 0.069444
5 0.892188 0.939583 0.084375 0.026389
8 0.819922 0.968750 0.082031 0.059722
5 0.817969 0.940972 0.078125 0.026389
8 0.850000 0.945833 0.084375 0.066667
5 0.851172 0.921528 0.074219 0.023611
8 0.780859 0.946528 0.080469 0.065278
5 0.781641 0.922917 0.071094 0.023611
8 0.908594 0.943750 0.087500 0.065278
5 0.909375 0.917361 0.078125 0.018056
8 0.963672 0.943056 0.066406 0.063889
5 0.967969 0.919444 0.062500 0.022222
8 0.469531 0.865972 0.034375 0.034722
5 0.471875 0.849306 0.032813 0.006944
8 0.506641 0.865972 0.032031 0.037500
5 0.508984 0.849306 0.032031 0.006944
8 0.553516 0.865972 0.039844 0.037500
5 0.554688 0.848611 0.035937 0.005556
8 0.441406 0.890972 0.000000 0.006944
8 0.475000 0.877778 0.039062 0.033333
5 0.475391 0.858333 0.035156 0.011111
8 0.512500 0.877083 0.032813 0.031944
5 0.513672 0.857639 0.030469 0.012500
8 0.563672 0.876389 0.039844 0.033333
5 0.562891 0.856944 0.038281 0.011111
8 0.733203 0.865278 0.025781 0.036111
5 0.733594 0.850000 0.021875 0.008333
8 0.718750 0.847917 0.001563 0.001389
5 0.728906 0.845833 0.034375 0.008333
8 0.741016 0.869444 0.014844 0.036111
5 0.740625 0.854167 0.009375 0.008333
8 0.746875 0.869444 0.000000 0.000000
8 0.633203 0.865278 0.046094 0.036111
5 0.616406 0.845833 0.001563 0.000000
8 0.673047 0.870833 0.041406 0.025000
8 0.702344 0.873611 0.057813 0.030556
5 0.702344 0.854861 0.051562 0.009722
8 0.714063 0.877083 0.060937 0.037500
5 0.712891 0.859722 0.055469 0.011111
8 0.960547 0.861111 0.030469 0.036111
5 0.963672 0.847222 0.028906 0.011111
8 0.931641 0.862500 0.053906 0.036111
5 0.932813 0.847222 0.046875 0.011111
0 0.820703 0.814583 0.150781 0.190278
0 0.190625 0.840278 0.195312 0.247222
1 0.341406 0.762500 0.001563 0.013889
2 0.343750 0.765972 0.001563 0.001389
1 0.501563 0.799306 0.067187 0.087500
2 0.480469 0.814583 0.014063 0.026389
2 0.473047 0.812500 0.005469 0.025000
2 0.478906 0.777778 0.017188 0.027778
2 0.525781 0.765278 0.014063 0.000000
2 0.488281 0.802778 0.000000 0.000000
2 0.495312 0.765972 0.014063 0.001389
2 0.510547 0.765278 0.014844 0.000000
1 0.339453 0.786806 0.002344 0.059722
2 0.342969 0.768750 0.003125 0.001389
1 0.513281 0.801389 0.073438 0.088889
2 0.489453 0.821528 0.016406 0.029167
2 0.483594 0.819444 0.007812 0.027778
2 0.488672 0.781250 0.017969 0.029167
2 0.537500 0.768056 0.018750 0.002778
2 0.505078 0.812500 0.007031 0.000000
2 0.507812 0.768750 0.014063 0.001389
2 0.503516 0.766667 0.014844 0.000000
2 0.523438 0.768750 0.015625 0.001389
2 0.519531 0.766667 0.015625 0.000000
1 0.337109 0.813889 0.002344 0.108333
2 0.339844 0.816667 0.001563 0.000000
2 0.340234 0.815278 0.002344 0.000000
2 0.341797 0.770833 0.005469 0.000000
1 0.528516 0.804861 0.080469 0.093056
2 0.504297 0.829167 0.016406 0.030556
2 0.499609 0.828472 0.016406 0.031944
2 0.501172 0.785417 0.021094 0.029167
2 0.557031 0.770833 0.017188 0.000000
2 0.537500 0.813889 0.056250 0.002778
2 0.521094 0.770833 0.017188 0.000000
2 0.539062 0.770833 0.017188 0.000000
1 0.339062 0.817361 0.010937 0.112500
2 0.338672 0.836806 0.002344 0.034722
2 0.339062 0.818056 0.001563 0.000000
2 0.341016 0.789583 0.007031 0.034722
1 0.535547 0.805556 0.085156 0.091667
2 0.508594 0.831944 0.020313 0.027778
2 0.505859 0.831250 0.019531 0.029167
2 0.507422 0.788889 0.022656 0.033333
2 0.564453 0.788889 0.019531 0.033333
2 0.545703 0.832639 0.058594 0.034722
2 0.527734 0.788889 0.019531 0.033333
2 0.546484 0.788889 0.019531 0.033333
2 0.996094 0.829861 0.006250 0.020833
2 0.995703 0.803472 0.007031 0.029167
2 0.987500 0.864583 0.023438 0.045833
2 0.163281 0.878472 0.082812 0.051389
2 0.170313 0.850000 0.068750 0.005556
2 0.245312 0.858333 0.079687 0.011111
2 0.287891 0.869444 0.003906 0.044444
2 0.245703 0.833333 0.080469 0.047222
2 0.288281 0.828472 0.004687 0.043056
2 0.246484 0.789583 0.080469 0.045833
2 0.253906 0.786806 0.075000 0.043056