3 0.499609 0.845833 0.999219 0.305556
4 0.450391 0.913889 0.013281 0.097222
4 0.521875 0.972917 0.043750 0.051389
5 0.284766 0.735417 0.058594 0.020833
5 0.284766 0.735417 0.058594 0.020833
5 0.284766 0.735417 0.058594 0.020833
5 0.284766 0.722917 0.058594 0.020833
5 0.284766 0.722917 0.058594 0.020833
5 0.284766 0.722917 0.058594 0.020833
5 0.284766 0.745833 0.058594 0.019444
5 0.284766 0.745833 0.058594 0.019444
5 0.284766 0.745833 0.058594 0.019444
5 0.360156 0.738889 0.057813 0.019444
5 0.360156 0.738889 0.057813 0.019444
5 0.360156 0.738889 0.057813 0.019444
5 0.360156 0.730556 0.057813 0.016667
5 0.360156 0.730556 0.057813 0.016667
5 0.360156 0.730556 0.057813 0.016667
5 0.360156 0.718056 0.057813 0.016667
5 0.360156 0.718056 0.057813 0.016667
5 0.360156 0.718056 0.057813 0.016667
5 0.360156 0.705556 0.057813 0.019444
5 0.360156 0.705556 0.057813 0.019444
5 0.360156 0.705556 0.057813 0.019444
6 0.521484 0.811111 0.057031 0.102778
6 0.476953 0.774306 0.055469 0.095833
6 0.521094 0.727778 0.057813 0.102778
6 0.499219 0.788889 0.057813 0.100000
6 0.636328 0.920139 0.100781 0.148611
6 0.711719 0.939583 0.087500 0.118056
7 0.345313 0.885417 0.078125 0.034722
7 0.443359 0.993750 0.072656 0.009722
8 0.528125 0.929167 0.082812 0.055556
5 0.529297 0.908333 0.078906 0.033333
8 0.507422 0.904861 0.082031 0.068056
5 0.506641 0.885417 0.074219 0.029167
8 0.485938 0.886806 0.078125 0.065278
5 0.485156 0.868056 0.070312 0.027778
8 0.467187 0.867361 0.073438 0.059722
5 0.466406 0.848611 0.067187 0.025000
8 0.561328 0.871528 0.077344 0.037500
5 0.560547 0.859028 0.069531 0.026389
8 0.517969 0.851389 0.031250 0.033333
5 0.537500 0.840972 0.064062 0.023611
8 0.576172 0.893056 0.061719 0.063889
5 0.576953 0.875000 0.057031 0.027778
8 0.576953 0.909028 0.016406 0.037500
5 0.585156 0.897222 0.001563 0.022222
8 0.866016 0.751389 0.058594 0.016667
5 0.866016 0.745833 0.052344 0.013889
8 0.840625 0.742361 0.056250 0.018056
5 0.840234 0.736806 0.050781 0.015278
8 0.892188 0.761111 0.059375 0.019444
5 0.890625 0.754861 0.051562 0.015278
8 0.922266 0.778472 0.063281 0.034722
5 0.921875 0.766667 0.057813 0.013889
8 0.800391 0.753472 0.042969 0.023611
5 0.798828 0.740972 0.039844 0.012500
8 0.821875 0.770139 0.035937 0.029167
5 0.822266 0.750694 0.036719 0.015278
8 0.836328 0.775000 0.047656 0.038889
5 0.841406 0.759722 0.051562 0.016667
8 0.871484 0.775000 0.064844 0.016667
5 0.873437 0.769444 0.053125 0.013889
8 0.998047 0.822917 0.002344 0.004167
5 0.999219 0.822222 0.000000 0.000000
8 0.976172 0.855556 0.046094 0.058333
5 0.977734 0.836111 0.042969 0.027778
8 0.970703 0.802778 0.057031 0.038889
5 0.972656 0.786111 0.053125 0.019444
8 0.989844 0.806944 0.018750 0.022222
5 0.991406 0.797222 0.015625 0.011111
8 0.972266 0.823611 0.052344 0.044444
5 0.974219 0.809722 0.050000 0.025000
8 0.958594 0.836806 0.035937 0.037500
5 0.956250 0.814583 0.031250 0.023611
0 0.908594 0.796528 0.143750 0.243056
0 0.491406 0.693056 0.057813 0.152778
1 0.984766 0.677083 0.027344 0.090278
2 0.986719 0.657639 0.025000 0.031944
2 0.993359 0.659722 0.011719 0.027778
1 0.928516 0.692361 0.082031 0.109722
2 0.907813 0.651389 0.034375 0.005556
2 0.957422 0.672917 0.017969 0.031944
2 0.942578 0.713889 0.042969 0.036111
2 0.914453 0.654167 0.016406 0.005556
2 0.921094 0.652083 0.007812 0.001389
2 0.919922 0.656250 0.010156 0.004167
1 0.888672 0.693056 0.072656 0.108333
2 0.863672 0.709722 0.016406 0.033333
2 0.874219 0.666667 0.037500 0.030556
2 0.908203 0.676389 0.033594 0.033333
2 0.896094 0.716667 0.057813 0.041667
2 0.877344 0.667361 0.020313 0.026389
2 0.892188 0.654861 0.020313 0.001389
2 0.889062 0.673611 0.020313 0.033333
2 0.903125 0.657639 0.018750 0.001389
1 0.982031 0.718750 0.034375 0.112500
2 0.982031 0.741667 0.026562 0.038889
2 0.991406 0.723611 0.010937 0.002778
2 0.983984 0.694444 0.030469 0.038889
2 0.991406 0.745833 0.015625 0.038889
2 0.991406 0.698611 0.015625 0.038889
2 0.999219 0.679167 0.000000 0.000000
2 0.998828 0.701389 0.000781 0.033333
2 0.651563 0.711111 0.026562 0.041667
2 0.694922 0.724306 0.060156 0.043056
2 0.740234 0.723611 0.030469 0.036111
2 0.694922 0.690972 0.060156 0.040278
2 0.740625 0.690972 0.029687 0.034722
2 0.695312 0.658333 0.059375 0.041667
2 0.729297 0.655556 0.052344 0.041667
5 0.982031 0.948611 0.034375 0.038889
5 0.982031 0.967361 0.034375 0.040278
5 0.978906 0.991667 0.028125 0.013889
5 0.982031 0.982639 0.034375 0.031944
5 0.982031 0.930556 0.034375 0.036111
5 0.982031 0.911806 0.034375 0.040278