3 0.499609 0.875694 0.999219 0.245833
4 0.232031 0.948611 0.031250 0.100000
4 0.215625 0.978472 0.004687 0.040278
5 0.387109 0.745139 0.021094 0.009722
5 0.387109 0.745139 0.021094 0.009722
5 0.387109 0.745139 0.021094 0.009722
5 0.373437 0.732639 0.048438 0.015278
5 0.373437 0.732639 0.048438 0.015278
5 0.373437 0.732639 0.048438 0.015278
5 0.373437 0.756250 0.048438 0.009722
5 0.373437 0.756250 0.048438 0.009722
5 0.373437 0.756250 0.048438 0.009722
5 0.440625 0.753472 0.034375 0.015278
5 0.440625 0.753472 0.034375 0.015278
5 0.440625 0.753472 0.034375 0.015278
5 0.448828 0.743750 0.050781 0.015278
5 0.448828 0.743750 0.050781 0.015278
5 0.448828 0.743750 0.050781 0.015278
5 0.448828 0.732639 0.050781 0.015278
5 0.448828 0.732639 0.050781 0.015278
5 0.448828 0.732639 0.050781 0.015278
5 0.448828 0.720139 0.050781 0.015278
5 0.448828 0.720139 0.050781 0.015278
5 0.448828 0.720139 0.050781 0.015278
6 0.481250 0.815972 0.045312 0.093056
6 0.478906 0.775000 0.035937 0.080556
6 0.483203 0.727083 0.049219 0.101389
6 0.479687 0.788194 0.037500 0.087500
6 0.439453 0.906250 0.092969 0.143056
6 0.466016 0.931250 0.111719 0.134722
7 0.266797 0.861806 0.075781 0.026389
7 0.203516 0.967361 0.103906 0.034722
8 0.359766 0.909722 0.064844 0.063889
5 0.359766 0.888194 0.064844 0.023611
8 0.363281 0.890278 0.056250 0.036111
5 0.364844 0.866667 0.054688 0.016667
8 0.339062 0.858333 0.000000 0.002778
5 0.371484 0.850694 0.046094 0.012500
8 0.384766 0.836806 0.064844 0.012500
5 0.382812 0.836111 0.059375 0.013889
8 0.492188 0.852083 0.003125 0.012500
5 0.487891 0.850694 0.003906 0.012500
8 0.461328 0.843056 0.066406 0.025000
5 0.460547 0.836806 0.060156 0.015278
8 0.492578 0.885417 0.010156 0.051389
5 0.489453 0.867361 0.007031 0.018056
8 0.491406 0.909722 0.010937 0.063889
5 0.489063 0.888889 0.006250 0.025000
8 0.949219 0.806944 0.062500 0.041667
5 0.951172 0.790278 0.061719 0.011111
8 0.910937 0.784028 0.018750 0.015278
5 0.930859 0.781250 0.053906 0.012500
8 0.962500 0.821528 0.042188 0.037500
5 0.970313 0.800694 0.057813 0.015278
8 0.977734 0.826389 0.042969 0.038889
5 0.979297 0.813194 0.039844 0.015278
8 0.900391 0.783333 0.003906 0.000000
5 0.878516 0.779167 0.039844 0.008333
8 0.886719 0.810417 0.051562 0.034722
5 0.887109 0.790972 0.055469 0.012500
8 0.904687 0.820833 0.051562 0.036111
5 0.904297 0.800694 0.053906 0.015278
8 0.922266 0.830556 0.074219 0.047222
5 0.921484 0.813194 0.066406 0.015278
8 0.957031 0.901389 0.039062 0.063889
5 0.969531 0.883333 0.059375 0.030556
8 0.994531 0.838194 0.009375 0.015278
5 0.996094 0.834722 0.006250 0.011111
8 0.983203 0.861806 0.032031 0.029167
5 0.984766 0.857639 0.028906 0.026389
8 0.941016 0.877778 0.067969 0.063889
5 0.941797 0.856250 0.063281 0.023611
0 0.960938 0.884028 0.076563 0.229167
0 0.844141 0.822917 0.113281 0.276389
0 0.551172 0.711111 0.046094 0.152778
1 0.020703 0.722917 0.041406 0.112500
1 0.012500 0.730556 0.025000 0.116667
1 0.991016 0.727778 0.016406 0.100000
2 0.996875 0.754167 0.004687 0.030556
2 0.994922 0.714583 0.000781 0.026389
2 0.997656 0.759722 0.003125 0.036111
2 0.997656 0.714583 0.003125 0.026389
2 0.760547 0.749306 0.013281 0.043056
2 0.796094 0.761111 0.056250 0.047222
2 0.846094 0.754861 0.042188 0.026389
2 0.796094 0.725000 0.056250 0.044444
2 0.847266 0.726389 0.044531 0.038889
2 0.796094 0.688889 0.056250 0.041667
2 0.844922 0.688194 0.058594 0.043056
5 0.582031 0.930556 0.120313 0.052778
5 0.582031 0.953472 0.120313 0.056944
5 0.575391 0.984028 0.107031 0.029167
5 0.582422 0.972917 0.121094 0.051389
5 0.568359 0.993056 0.092969 0.011111
5 0.582031 0.911111 0.120313 0.052778
5 0.582031 0.888194 0.120313 0.051389