3 0.499609 0.815278 0.999219 0.366667
4 0.206641 0.752083 0.002344 0.018056
4 0.080078 0.809722 0.007031 0.077778
8 0.531641 0.968750 0.111719 0.059722
5 0.552344 0.687500 0.048438 0.013889
5 0.552344 0.687500 0.048438 0.013889
5 0.552344 0.687500 0.048438 0.013889
5 0.552344 0.677778 0.048438 0.016667
5 0.552344 0.677778 0.048438 0.016667
5 0.552344 0.677778 0.048438 0.016667
5 0.552344 0.695833 0.048438 0.016667
5 0.552344 0.695833 0.048438 0.016667
5 0.552344 0.695833 0.048438 0.016667
5 0.590234 0.702778 0.014844 0.013889
5 0.590234 0.702778 0.014844 0.013889
5 0.590234 0.702778 0.014844 0.013889
5 0.590234 0.693056 0.014844 0.013889
5 0.590234 0.693056 0.014844 0.013889
5 0.590234 0.693056 0.014844 0.013889
5 0.591016 0.684028 0.016406 0.015278
5 0.591016 0.684028 0.016406 0.015278
5 0.591016 0.684028 0.016406 0.015278
5 0.595703 0.673611 0.025781 0.013889
5 0.595703 0.673611 0.025781 0.013889
5 0.595703 0.673611 0.025781 0.013889
6 0.425000 0.755556 0.057813 0.077778
6 0.496484 0.725694 0.042969 0.073611
6 0.425000 0.686111 0.057813 0.083333
6 0.460547 0.733333 0.057031 0.066667
6 0.221094 0.802778 0.071875 0.097222
6 0.161719 0.834028 0.064062 0.112500
7 0.280859 0.761806 0.044531 0.020833
7 0.108594 0.814583 0.050000 0.029167
7 0.093750 0.651389 0.020313 0.011111
7 0.121484 0.647222 0.030469 0.011111
7 0.008594 0.666667 0.017188 0.011111
8 0.011719 0.897222 0.014063 0.044444
5 0.011719 0.869444 0.014063 0.027778
8 0.016797 0.881944 0.003906 0.013889
5 0.011719 0.852083 0.014063 0.015278
8 0.261328 0.803472 0.007031 0.034722
5 0.258984 0.787500 0.003906 0.008333
8 0.280859 0.793056 0.038281 0.033333
5 0.276562 0.777083 0.039062 0.020833
8 0.298438 0.784028 0.057813 0.037500
5 0.297266 0.768056 0.052344 0.019444
8 0.330469 0.768750 0.056250 0.026389
5 0.329688 0.758333 0.050000 0.019444
8 0.340234 0.796528 0.060156 0.040278
5 0.339453 0.778472 0.053906 0.020833
8 0.372266 0.786111 0.058594 0.038889
5 0.371484 0.768750 0.052344 0.020833
8 0.312500 0.806944 0.062500 0.041667
5 0.311328 0.788889 0.055469 0.022222
8 0.283203 0.820139 0.050781 0.043056
5 0.280469 0.799306 0.046875 0.023611
8 0.861328 0.834722 0.069531 0.047222
5 0.860156 0.813889 0.062500 0.022222
8 0.879687 0.822222 0.067187 0.044444
5 0.878516 0.802083 0.060156 0.023611
8 0.847656 0.847917 0.071875 0.048611
5 0.846875 0.827083 0.064062 0.026389
8 0.828516 0.863194 0.071094 0.048611
5 0.826172 0.840972 0.066406 0.029167
8 0.836719 0.801389 0.023438 0.025000
5 0.818750 0.789583 0.050000 0.020833
8 0.796484 0.820833 0.066406 0.044444
5 0.795703 0.801389 0.060156 0.022222
8 0.781250 0.830556 0.068750 0.041667
5 0.780078 0.812500 0.061719 0.025000
8 0.759375 0.840972 0.070312 0.037500
5 0.754687 0.825694 0.056250 0.026389
8 0.700000 0.938194 0.073438 0.068056
5 0.698047 0.911806 0.069531 0.040278
8 0.755469 0.956250 0.079687 0.070833
5 0.755859 0.929167 0.071094 0.041667
8 0.648047 0.924306 0.077344 0.065278
5 0.648438 0.899306 0.068750 0.037500
8 0.597266 0.909028 0.075781 0.062500
5 0.597266 0.884028 0.067969 0.034722
8 0.780859 0.890972 0.077344 0.054167
5 0.779687 0.866667 0.070312 0.030556
8 0.760156 0.908333 0.081250 0.052778
5 0.758984 0.886111 0.072656 0.033333
8 0.695703 0.883333 0.063281 0.030556
5 0.693359 0.875000 0.058594 0.033333
8 0.637109 0.886111 0.061719 0.052778
5 0.639062 0.861806 0.057813 0.031944
0 0.184375 0.879861 0.154688 0.237500
0 0.505859 0.803472 0.103906 0.234722
0 0.632422 0.677778 0.071094 0.138889
1 0.301563 0.637500 0.060937 0.083333
1 0.278906 0.642361 0.062500 0.084722
1 0.257422 0.627083 0.058594 0.070833
1 0.240234 0.636111 0.049219 0.083333
1 0.217578 0.622917 0.055469 0.065278
1 0.194141 0.632639 0.058594 0.076389
1 0.165625 0.611111 0.054688 0.069444
1 0.008984 0.681250 0.017969 0.081944
1 0.008594 0.677778 0.017188 0.066667
1 0.992969 0.741667 0.012500 0.041667
2 0.994141 0.747917 0.010156 0.031944
2 0.997656 0.729167 0.003125 0.002778
1 0.966797 0.841667 0.064844 0.197222
2 0.980469 0.765972 0.037500 0.009722
2 0.969141 0.811111 0.060156 0.063889
2 0.969141 0.875000 0.060156 0.069444
2 0.971094 0.771528 0.031250 0.009722
2 0.990625 0.774306 0.017188 0.006944
2 0.963281 0.777083 0.032813 0.009722
2 0.985547 0.781944 0.019531 0.008333
2 0.412891 0.997222 0.016406 0.002778
2 0.343359 0.984028 0.111719 0.029167
2 0.942187 0.756250 0.018750 0.051389
2 0.844141 0.766667 0.049219 0.044444
2 0.900781 0.772917 0.062500 0.051389
2 0.844141 0.729167 0.049219 0.041667
2 0.900781 0.734028 0.062500 0.048611
2 0.850781 0.688194 0.062500 0.051389
2 0.901172 0.694444 0.063281 0.052778
5 0.006641 0.906944 0.013281 0.019444
5 0.007031 0.920139 0.014063 0.020833
5 0.007031 0.944444 0.014063 0.019444
5 0.007031 0.932639 0.014063 0.020833
5 0.007031 0.968750 0.014063 0.020833
5 0.007031 0.956250 0.014063 0.020833
5 0.008984 0.745139 0.017969 0.012500
5 0.008984 0.751389 0.017969 0.016667
5 0.006641 0.895833 0.013281 0.019444
5 0.006641 0.883333 0.013281 0.019444
5 0.006641 0.810417 0.013281 0.018056
5 0.006641 0.822917 0.013281 0.018056
5 0.006641 0.847917 0.013281 0.018056
5 0.006641 0.835417 0.013281 0.018056
5 0.006641 0.871528 0.013281 0.018056
5 0.006641 0.859722 0.013281 0.019444
5 0.008984 0.738889 0.017969 0.013889
5 0.008984 0.729861 0.017969 0.018056
5 0.006641 0.798611 0.013281 0.016667
5 0.006250 0.786111 0.012500 0.016667