3 0.485156 0.856250 0.970313 0.284722
5 0.719922 0.845833 0.071094 0.030556
5 0.719922 0.845833 0.071094 0.030556
5 0.719922 0.845833 0.071094 0.030556
5 0.719922 0.828472 0.071094 0.034722
5 0.719922 0.828472 0.071094 0.034722
5 0.719922 0.828472 0.071094 0.034722
5 0.707422 0.861111 0.046094 0.030556
5 0.707422 0.861111 0.046094 0.030556
5 0.707422 0.861111 0.046094 0.030556
5 0.858984 0.893056 0.000781 0.013889
5 0.858984 0.893056 0.000781 0.013889
5 0.858984 0.893056 0.000781 0.013889
5 0.858984 0.876389 0.000781 0.016667
5 0.858984 0.876389 0.000781 0.016667
5 0.858984 0.876389 0.000781 0.016667
5 0.820703 0.852778 0.077344 0.027778
5 0.820703 0.852778 0.077344 0.027778
5 0.820703 0.852778 0.077344 0.027778
5 0.818750 0.833333 0.079687 0.030556
5 0.818750 0.833333 0.079687 0.030556
5 0.818750 0.833333 0.079687 0.030556
6 0.320703 0.953472 0.121094 0.090278
6 0.495703 0.928472 0.110156 0.140278
6 0.320703 0.852778 0.121094 0.166667
6 0.413281 0.936111 0.115625 0.125000
7 0.131641 0.948611 0.019531 0.033333
7 0.181641 0.731250 0.028906 0.015278
7 0.235156 0.728472 0.021875 0.015278
7 0.060156 0.744444 0.029687 0.016667
7 0.114062 0.738889 0.029687 0.016667
8 0.018359 0.987500 0.021094 0.016667
5 0.013281 0.988194 0.026562 0.020833
8 0.063281 0.986806 0.051562 0.023611
5 0.071875 0.981944 0.054688 0.033333
8 0.158203 0.982639 0.047656 0.031944
5 0.144141 0.963889 0.042969 0.022222
8 0.207813 0.985417 0.003125 0.004167
5 0.192969 0.990972 0.051562 0.015278
0 0.114453 0.961806 0.182031 0.073611
0 0.814453 0.860417 0.174219 0.276389
1 0.398828 0.734028 0.075781 0.123611
1 0.359766 0.738194 0.075781 0.126389
1 0.356250 0.713889 0.070312 0.100000
1 0.318750 0.725694 0.070312 0.118056
1 0.319141 0.703472 0.064844 0.093056
1 0.290234 0.713889 0.050781 0.111111
1 0.299609 0.684028 0.069531 0.090278
1 0.006641 0.766667 0.013281 0.133333
1 0.001563 0.750694 0.003125 0.104167