3 0.499609 0.887500 0.999219 0.222222
4 0.335156 0.879167 0.010937 0.105556
4 0.323828 0.935417 0.046094 0.126389
4 0.350000 0.956944 0.006250 0.083333
4 0.334766 0.977083 0.055469 0.043056
5 0.328906 0.777778 0.056250 0.013889
5 0.328906 0.777778 0.056250 0.013889
5 0.328906 0.777778 0.056250 0.013889
5 0.329297 0.765278 0.055469 0.013889
5 0.329297 0.765278 0.055469 0.013889
5 0.329297 0.765278 0.055469 0.013889
5 0.328906 0.788889 0.056250 0.013889
5 0.328906 0.788889 0.056250 0.013889
5 0.328906 0.788889 0.056250 0.013889
5 0.408594 0.786806 0.056250 0.012500
5 0.408594 0.786806 0.056250 0.012500
5 0.408594 0.786806 0.056250 0.012500
5 0.408984 0.776389 0.055469 0.013889
5 0.408984 0.776389 0.055469 0.013889
5 0.408984 0.776389 0.055469 0.013889
5 0.409375 0.763889 0.056250 0.013889
5 0.409375 0.763889 0.056250 0.013889
5 0.409375 0.763889 0.056250 0.013889
5 0.409375 0.751389 0.056250 0.013889
5 0.409375 0.751389 0.056250 0.013889
5 0.409375 0.751389 0.056250 0.013889
6 0.498828 0.797917 0.057031 0.065278
6 0.475391 0.793056 0.047656 0.088889
6 0.500781 0.725000 0.060937 0.094444
6 0.485156 0.793056 0.048438 0.075000
6 0.523438 0.888194 0.104688 0.151389
6 0.588672 0.909028 0.122656 0.156944
7 0.277344 0.872917 0.079687 0.026389
7 0.268750 0.959722 0.109375 0.038889
8 0.572656 0.982639 0.010937 0.012500
5 0.553906 0.986806 0.053125 0.023611
8 0.396875 0.993056 0.006250 0.011111
5 0.437109 0.989583 0.072656 0.018056
8 0.425000 0.904167 0.085938 0.066667
5 0.423438 0.879861 0.078125 0.023611
8 0.420312 0.886806 0.081250 0.059722
5 0.419141 0.861111 0.072656 0.013889
8 0.378516 0.875694 0.008594 0.056944
5 0.408203 0.853472 0.063281 0.018056
8 0.406250 0.854861 0.067187 0.040278
5 0.407422 0.838889 0.064844 0.011111
8 0.466406 0.870139 0.009375 0.048611
5 0.467969 0.851389 0.006250 0.016667
8 0.463281 0.860417 0.015625 0.051389
5 0.464844 0.838194 0.012500 0.012500
8 0.966797 0.815972 0.017969 0.026389
5 0.962500 0.792361 0.031250 0.004167
8 0.955078 0.788889 0.000781 0.000000
5 0.949219 0.787500 0.006250 0.002778
8 0.971094 0.820833 0.034375 0.036111
5 0.971875 0.801389 0.050000 0.011111
8 0.979688 0.818750 0.034375 0.026389
5 0.981250 0.809722 0.031250 0.013889
8 0.960547 0.820833 0.022656 0.019444
5 0.957422 0.810417 0.019531 0.012500
8 0.993750 0.873611 0.010937 0.050000
5 0.995703 0.852778 0.007031 0.011111
8 0.975391 0.866667 0.047656 0.050000
5 0.975000 0.841667 0.048438 0.022222
0 0.913672 0.797222 0.146094 0.266667
0 0.529297 0.732639 0.052344 0.156944
1 0.975000 0.744444 0.042188 0.105556
2 0.970703 0.770139 0.024219 0.037500
2 0.986719 0.752083 0.018750 0.001389
2 0.976562 0.722222 0.037500 0.036111
2 0.994141 0.727083 0.002344 0.034722
2 0.983203 0.774306 0.025781 0.040278
2 0.982422 0.723611 0.025781 0.036111
2 0.987891 0.726389 0.014844 0.036111
2 0.721484 0.770139 0.005469 0.034722
2 0.783984 0.767361 0.019531 0.001389
2 0.824609 0.777083 0.046094 0.026389
2 0.785547 0.747222 0.030469 0.036111
2 0.825000 0.745833 0.046875 0.038889
2 0.785547 0.709028 0.030469 0.040278
2 0.814063 0.708333 0.059375 0.038889
5 0.492578 0.979861 0.144531 0.037500
5 0.477734 0.993750 0.114844 0.009722
5 0.645312 0.990278 0.128125 0.016667
5 0.653516 0.976389 0.144531 0.044444
5 0.859766 0.997917 0.002344 0.001389
5 0.836328 0.988194 0.127344 0.020833
5 0.843750 0.977083 0.142187 0.043056
5 0.842187 0.833333 0.142187 0.041667
5 0.842578 0.858333 0.141406 0.044444
5 0.842969 0.909028 0.142187 0.048611
5 0.842578 0.883333 0.141406 0.047222
5 0.843750 0.957639 0.142187 0.051389
5 0.842969 0.932639 0.142187 0.048611
5 0.841797 0.810417 0.141406 0.040278
5 0.841797 0.784722 0.141406 0.038889