3 0.499609 0.845833 0.999219 0.305556
4 0.328906 0.695833 0.001563 0.022222
4 0.276953 0.700694 0.014844 0.009722
4 0.255859 0.703472 0.002344 0.004167
4 0.217188 0.741667 0.017188 0.069444
4 0.187500 0.750000 0.003125 0.066667
4 0.132031 0.764583 0.009375 0.076389
4 0.094141 0.761806 0.003906 0.051389
4 0.046484 0.782639 0.033594 0.076389
4 0.020703 0.708333 0.003906 0.052778
8 0.206641 0.773611 0.074219 0.044444
8 0.797656 0.740278 0.067187 0.027778
5 0.448437 0.687500 0.032813 0.008333
5 0.448437 0.687500 0.032813 0.008333
5 0.448437 0.687500 0.032813 0.008333
5 0.446094 0.679167 0.037500 0.008333
5 0.446094 0.679167 0.037500 0.008333
5 0.446094 0.679167 0.037500 0.008333
5 0.448437 0.695833 0.032813 0.005556
5 0.448437 0.695833 0.032813 0.005556
5 0.448437 0.695833 0.032813 0.005556
5 0.495703 0.696528 0.005469 0.006944
5 0.495703 0.696528 0.005469 0.006944
5 0.495703 0.696528 0.005469 0.006944
5 0.495312 0.688194 0.006250 0.004167
5 0.495312 0.688194 0.006250 0.004167
5 0.495312 0.688194 0.006250 0.004167
5 0.493359 0.680556 0.002344 0.008333
5 0.493359 0.680556 0.002344 0.008333
5 0.493359 0.680556 0.002344 0.008333
5 0.493750 0.671528 0.001563 0.006944
5 0.493750 0.671528 0.001563 0.006944
5 0.493750 0.671528 0.001563 0.006944
6 0.465625 0.697917 0.023438 0.059722
6 0.485156 0.689583 0.026562 0.056944
6 0.467969 0.642361 0.028125 0.059722
6 0.480078 0.693750 0.033594 0.059722
6 0.411719 0.713194 0.039062 0.070833
6 0.405859 0.722917 0.049219 0.076389
7 0.296484 0.802083 0.080469 0.026389
7 0.263281 0.818750 0.090625 0.029167
7 0.837109 0.858333 0.105469 0.033333
7 0.823047 0.834722 0.094531 0.027778
7 0.882812 0.934028 0.140625 0.048611
7 0.860156 0.895833 0.123438 0.038889
7 0.929297 0.991667 0.139844 0.013889
7 0.024609 0.794444 0.030469 0.027778
7 0.179688 0.755556 0.026562 0.019444
7 0.003125 0.733333 0.006250 0.011111
7 0.353125 0.722917 0.003125 0.001389
7 0.259766 0.734722 0.000781 0.000000
6 0.020703 0.800694 0.041406 0.068056
8 0.082812 0.825694 0.107813 0.023611
5 0.083984 0.822222 0.102344 0.022222
5 0.025781 0.829861 0.018750 0.009722
8 0.187891 0.818056 0.067969 0.063889
5 0.185938 0.795139 0.064062 0.023611
8 0.120703 0.811806 0.075781 0.051389
5 0.118359 0.793056 0.071094 0.022222
8 0.347266 0.754861 0.016406 0.040278
5 0.330859 0.739583 0.044531 0.012500
8 0.283984 0.749306 0.049219 0.029167
5 0.287500 0.738194 0.014063 0.009722
8 0.353906 0.729167 0.004687 0.019444
5 0.353906 0.714583 0.004687 0.006944
8 0.457031 0.720833 0.014063 0.027778
5 0.446484 0.708333 0.028906 0.005556
8 0.451953 0.718056 0.039844 0.027778
5 0.450781 0.706250 0.037500 0.006944
8 0.445312 0.725000 0.026562 0.030556
5 0.443750 0.712500 0.023438 0.008333
8 0.440625 0.729861 0.017188 0.031944
5 0.439453 0.715972 0.014844 0.006944
8 0.795703 0.704861 0.003906 0.012500
5 0.811328 0.700000 0.032031 0.005556
8 0.794922 0.702778 0.005469 0.013889
5 0.810156 0.695833 0.034375 0.002778
8 0.818359 0.711111 0.041406 0.019444
5 0.818750 0.703472 0.039062 0.006944
8 0.820703 0.718056 0.041406 0.027778
5 0.821484 0.704861 0.039844 0.004167
8 0.764453 0.702083 0.038281 0.012500
5 0.764453 0.695139 0.035156 0.001389
8 0.765625 0.704167 0.039062 0.013889
5 0.765625 0.699306 0.035937 0.004167
8 0.769141 0.706944 0.041406 0.013889
5 0.768750 0.702083 0.037500 0.006944
8 0.770703 0.710417 0.042969 0.015278
5 0.769922 0.705556 0.038281 0.008333
8 0.824219 0.725694 0.035937 0.015278
5 0.823828 0.722222 0.032031 0.011111
8 0.868750 0.729861 0.039062 0.020833
5 0.864453 0.722917 0.027344 0.009722
8 0.786328 0.725694 0.035156 0.015278
5 0.785547 0.721528 0.030469 0.009722
8 0.742578 0.726389 0.033594 0.019444
5 0.742188 0.720833 0.029687 0.011111
8 0.820312 0.721528 0.042188 0.023611
5 0.821094 0.712500 0.040625 0.008333
8 0.830469 0.725000 0.051562 0.025000
5 0.830078 0.715278 0.046094 0.008333
8 0.783594 0.721528 0.031250 0.018056
5 0.783984 0.713889 0.028906 0.005556
8 0.742969 0.722917 0.032813 0.020833
5 0.742578 0.713889 0.027344 0.005556
8 0.865234 0.767361 0.066406 0.043056
5 0.864453 0.750694 0.060156 0.012500
8 0.859766 0.760417 0.063281 0.040278
5 0.858594 0.742361 0.057813 0.006944
8 0.890625 0.795139 0.079687 0.051389
5 0.883984 0.776389 0.061719 0.016667
8 0.879297 0.787500 0.069531 0.050000
5 0.880859 0.765278 0.067969 0.011111
8 0.793750 0.793750 0.073438 0.051389
5 0.792578 0.773611 0.066406 0.016667
8 0.790625 0.784722 0.070312 0.050000
5 0.789453 0.761806 0.063281 0.006944
0 0.595703 0.783333 0.269531 0.430556
0 0.617969 0.712500 0.059375 0.177778
0 0.657422 0.686806 0.042969 0.126389
0 0.092188 0.788889 0.184375 0.419444
0 0.558984 0.665972 0.035156 0.084722
1 0.193359 0.663889 0.052344 0.072222
1 0.187500 0.665278 0.040625 0.075000
1 0.114844 0.663889 0.028125 0.072222
1 0.112891 0.664583 0.053906 0.073611
1 0.078906 0.663889 0.062500 0.072222
1 0.063281 0.663889 0.065625 0.072222
1 0.002344 0.666667 0.004687 0.050000
1 0.023438 0.676389 0.046875 0.086111
1 0.003125 0.679167 0.006250 0.080556
1 0.935937 0.658333 0.050000 0.052778
2 0.943359 0.643750 0.028906 0.001389
2 0.942969 0.684028 0.031250 0.001389
2 0.931641 0.641667 0.008594 0.000000
2 0.949609 0.641667 0.002344 0.000000
1 0.973828 0.674306 0.050781 0.079167
2 0.949609 0.687500 0.000781 0.000000
2 0.982031 0.686111 0.004687 0.000000
2 0.949219 0.645833 0.001563 0.000000
2 0.978906 0.662500 0.040625 0.030556
2 0.975000 0.700000 0.048438 0.027778
2 0.960938 0.660417 0.020313 0.029167
2 0.980078 0.645833 0.016406 0.000000
2 0.962500 0.661111 0.015625 0.030556
2 0.973437 0.645833 0.000000 0.000000
1 0.891797 0.677083 0.041406 0.090278
2 0.881250 0.689583 0.015625 0.026389
2 0.894141 0.676389 0.008594 0.000000
2 0.884766 0.653472 0.022656 0.026389
2 0.899219 0.656250 0.026562 0.026389
2 0.894141 0.692361 0.036719 0.029167
2 0.876953 0.654167 0.002344 0.025000
2 0.890625 0.641667 0.009375 0.000000
2 0.903516 0.641667 0.014844 0.000000
1 0.926172 0.686111 0.055469 0.102778
2 0.907031 0.699306 0.010937 0.029167
2 0.930469 0.684722 0.009375 0.000000
2 0.917578 0.659028 0.033594 0.029167
2 0.930859 0.662500 0.039844 0.030556
2 0.928125 0.702778 0.046875 0.033333
2 0.905859 0.659722 0.002344 0.027778
2 0.916406 0.661111 0.017188 0.030556
2 0.931250 0.645833 0.010937 0.000000
2 0.966016 0.744444 0.066406 0.061111
2 0.982812 0.768056 0.032813 0.077778
2 0.977344 0.835417 0.020313 0.079167
2 0.935937 0.802778 0.004687 0.058333
2 0.974219 0.756944 0.050000 0.072222
2 0.992969 0.776389 0.012500 0.077778
2 0.993359 0.848611 0.011719 0.077778
2 0.958594 0.820833 0.017188 0.072222
2 0.800000 0.766667 0.060937 0.058333
2 0.741797 0.765278 0.039844 0.058333
2 0.725000 0.691667 0.000000 0.025000
2 0.760547 0.686111 0.000781 0.013889
2 0.741406 0.697222 0.031250 0.027778
2 0.778516 0.697222 0.033594 0.030556
2 0.741016 0.669444 0.032031 0.027778
2 0.778125 0.670139 0.032813 0.029167
2 0.740625 0.643056 0.031250 0.027778
2 0.778125 0.643056 0.032813 0.027778
5 0.254688 0.713194 0.064062 0.012500
5 0.254688 0.723611 0.064062 0.013889
5 0.254688 0.731944 0.064062 0.013889
5 0.254688 0.742361 0.064062 0.015278
5 0.254688 0.763194 0.064062 0.015278
5 0.254688 0.753472 0.064062 0.015278
5 0.254688 0.782639 0.064062 0.015278
5 0.257031 0.772917 0.059375 0.015278
5 0.319531 0.733333 0.062500 0.013889
5 0.319531 0.744444 0.062500 0.013889
5 0.319531 0.765278 0.062500 0.013889
5 0.319531 0.754861 0.062500 0.015278
5 0.319531 0.784722 0.062500 0.016667
5 0.319531 0.774306 0.062500 0.015278
5 0.004297 0.725000 0.008594 0.008333
5 0.005078 0.731944 0.008594 0.005556
5 0.319531 0.725000 0.062500 0.013889
5 0.319531 0.713889 0.062500 0.013889
5 0.392969 0.734722 0.060937 0.013889
5 0.392969 0.745833 0.060937 0.013889
5 0.392969 0.767361 0.060937 0.015278
5 0.392969 0.756250 0.060937 0.015278
5 0.392969 0.786806 0.060937 0.015278
5 0.392969 0.775694 0.060937 0.015278
5 0.043359 0.725694 0.044531 0.009722
5 0.043750 0.733333 0.043750 0.008333
5 0.392969 0.726389 0.060937 0.013889
5 0.392969 0.715278 0.060937 0.013889
5 0.393359 0.655556 0.060156 0.011111
5 0.393359 0.665278 0.060156 0.011111
5 0.392969 0.686806 0.060937 0.012500
5 0.393359 0.676389 0.060156 0.011111
5 0.392969 0.706250 0.060937 0.012500
5 0.392969 0.695833 0.060937 0.011111
5 0.042969 0.719444 0.045312 0.008333
5 0.042578 0.712500 0.046094 0.008333
5 0.393359 0.645833 0.060156 0.011111
5 0.393359 0.635417 0.060156 0.009722