3 0.499609 0.883333 0.999219 0.230556
4 0.230469 0.788889 0.000000 0.000000
4 0.130469 0.756944 0.009375 0.086111
8 0.879297 0.778472 0.025781 0.054167
5 0.460156 0.754167 0.021875 0.008333
5 0.460156 0.754167 0.021875 0.008333
5 0.460156 0.754167 0.021875 0.008333
5 0.460938 0.744444 0.021875 0.008333
5 0.460938 0.744444 0.021875 0.008333
5 0.460938 0.744444 0.021875 0.008333
5 0.456641 0.764583 0.014844 0.006944
5 0.456641 0.764583 0.014844 0.006944
5 0.456641 0.764583 0.014844 0.006944
6 0.448828 0.743750 0.050781 0.079167
6 0.468359 0.738194 0.008594 0.056944
6 0.450000 0.672917 0.053125 0.079167
6 0.458203 0.745139 0.028906 0.070833
6 0.308984 0.747222 0.085156 0.100000
6 0.283203 0.749306 0.071094 0.109722
7 0.020313 0.823611 0.040625 0.033333
7 0.758984 0.893750 0.224219 0.065278
7 0.776172 0.861806 0.183594 0.045833
7 0.669922 0.984722 0.425781 0.027778
7 0.722656 0.952778 0.312500 0.091667
7 0.005859 0.797222 0.002344 0.000000
7 0.255469 0.772917 0.020313 0.012500
7 0.138672 0.783333 0.063281 0.013889
8 0.148047 0.786806 0.082031 0.037500
5 0.148828 0.761806 0.080469 0.012500
8 0.107031 0.786111 0.040625 0.033333
5 0.108984 0.756944 0.041406 0.002778
8 0.287891 0.774306 0.055469 0.031944
5 0.262891 0.754861 0.005469 0.006944
8 0.356250 0.775000 0.009375 0.022222
5 0.354687 0.748611 0.006250 0.000000
8 0.366797 0.773611 0.030469 0.019444
5 0.361719 0.748611 0.006250 0.000000
8 0.391406 0.770139 0.064062 0.037500
5 0.391016 0.752778 0.057031 0.008333
8 0.410547 0.768056 0.063281 0.036111
5 0.429297 0.752083 0.017969 0.006944
8 0.379688 0.770833 0.059375 0.038889
5 0.382812 0.754167 0.043750 0.008333
8 0.360938 0.772917 0.053125 0.040278
5 0.367578 0.754861 0.032031 0.009722
8 0.908984 0.752778 0.047656 0.005556
5 0.910547 0.752083 0.047656 0.006944
5 0.912109 0.747222 0.049219 0.000000
8 0.914844 0.758333 0.053125 0.016667
5 0.916406 0.748611 0.053125 0.000000
8 0.940625 0.754861 0.015625 0.006944
5 0.917578 0.750000 0.055469 0.000000
8 0.873828 0.748611 0.000781 0.000000
5 0.857812 0.747222 0.026562 0.000000
5 0.832422 0.747222 0.022656 0.000000
8 0.874609 0.754861 0.002344 0.009722
5 0.870703 0.749306 0.003906 0.001389
8 0.870703 0.761111 0.008594 0.019444
5 0.844141 0.750000 0.053906 0.002778
8 0.899219 0.778472 0.045312 0.045833
5 0.900000 0.756250 0.042188 0.006944
8 0.970703 0.779167 0.055469 0.047222
5 0.969922 0.759028 0.049219 0.009722
8 0.869141 0.778472 0.005469 0.045833
5 0.867188 0.756250 0.001563 0.006944
8 0.767188 0.781250 0.006250 0.034722
5 0.768359 0.757639 0.008594 0.009722
8 0.911719 0.759722 0.064062 0.013889
5 0.911719 0.754861 0.059375 0.006944
5 0.921094 0.754861 0.059375 0.006944
8 0.870703 0.775694 0.008594 0.043056
5 0.859766 0.752778 0.024219 0.002778
5 0.773828 0.751389 0.010156 0.000000
8 0.933594 0.783333 0.103125 0.036111
5 0.933594 0.763889 0.096875 0.005556
8 0.883594 0.763194 0.001563 0.001389
5 0.918359 0.760417 0.064844 0.001389
8 0.937891 0.818750 0.122656 0.087500
5 0.940234 0.781944 0.117969 0.022222
8 0.938672 0.812500 0.121094 0.083333
5 0.941016 0.777083 0.116406 0.020833
8 0.769922 0.806944 0.133594 0.066667
5 0.768359 0.779861 0.121094 0.020833
8 0.781250 0.806250 0.120313 0.070833
5 0.778906 0.775000 0.110937 0.019444
0 0.521094 0.676389 0.126562 0.313889
0 0.660937 0.693750 0.071875 0.209722
0 0.594141 0.706250 0.049219 0.134722
1 0.160938 0.718056 0.059375 0.072222
1 0.141406 0.718056 0.060937 0.075000
1 0.107813 0.717361 0.046875 0.070833
1 0.094531 0.717361 0.060937 0.073611
1 0.051172 0.713194 0.072656 0.059722
1 0.032422 0.719444 0.064844 0.075000
1 0.998828 0.679861 0.000781 0.029167
2 0.819141 0.794444 0.096094 0.086111
2 0.713281 0.792361 0.101562 0.081944
2 0.848047 0.743056 0.000781 0.005556
2 0.825781 0.745833 0.042188 0.008333
2 0.873437 0.759028 0.035937 0.034722
2 0.825781 0.722917 0.042188 0.034722
2 0.873047 0.722917 0.036719 0.034722
2 0.825000 0.688194 0.042188 0.034722
2 0.872266 0.686806 0.036719 0.034722
5 0.027734 0.710417 0.055469 0.015278
5 0.027344 0.725000 0.054688 0.013889
5 0.027344 0.738889 0.054688 0.013889
5 0.026953 0.754167 0.053906 0.013889
5 0.026562 0.785417 0.053125 0.015278
5 0.026953 0.769444 0.053906 0.013889
5 0.037109 0.811111 0.030469 0.013889
5 0.026562 0.797917 0.053125 0.015278
5 0.085938 0.738889 0.098437 0.013889
5 0.089844 0.754861 0.106250 0.015278
5 0.085156 0.786111 0.098437 0.016667
5 0.086719 0.770139 0.101562 0.015278
5 0.084766 0.815972 0.097656 0.018056
5 0.084375 0.799306 0.098437 0.018056
5 0.086328 0.725000 0.097656 0.013889
5 0.086328 0.709722 0.097656 0.013889
5 0.188281 0.739583 0.106250 0.015278
5 0.188281 0.754861 0.106250 0.015278
5 0.187500 0.787500 0.106250 0.016667
5 0.187891 0.771528 0.105469 0.015278
5 0.187109 0.817361 0.107031 0.020833
5 0.187500 0.802083 0.106250 0.018056
5 0.188672 0.725000 0.105469 0.013889
5 0.189062 0.709028 0.106250 0.015278
5 0.190625 0.618056 0.104688 0.019444
5 0.190234 0.633333 0.105469 0.019444
5 0.189453 0.664583 0.105469 0.015278
5 0.190234 0.649306 0.105469 0.018056
5 0.189453 0.694444 0.105469 0.013889
5 0.189453 0.679167 0.105469 0.016667
5 0.190625 0.602778 0.104688 0.019444
5 0.191016 0.588194 0.105469 0.020833