3 0.461328 0.770833 0.917969 0.236111
4 0.251563 0.663194 0.001563 0.040278
4 0.086328 0.643750 0.007031 0.012500
4 0.003516 0.670139 0.007031 0.004167
8 0.516016 0.686806 0.003906 0.023611
5 0.544922 0.652083 0.003906 0.004167
5 0.544922 0.652083 0.003906 0.004167
5 0.544922 0.652083 0.003906 0.004167
5 0.544141 0.645833 0.005469 0.005556
5 0.544141 0.645833 0.005469 0.005556
5 0.544141 0.645833 0.005469 0.005556
5 0.553906 0.652778 0.004687 0.002778
5 0.553906 0.652778 0.004687 0.002778
5 0.553906 0.652778 0.004687 0.002778
5 0.553906 0.647222 0.004687 0.005556
5 0.553906 0.647222 0.004687 0.005556
5 0.553906 0.647222 0.004687 0.005556
5 0.553906 0.640278 0.004687 0.005556
5 0.553906 0.640278 0.004687 0.005556
5 0.553906 0.640278 0.004687 0.005556
6 0.451953 0.637500 0.030469 0.016667
6 0.492578 0.636806 0.024219 0.018056
6 0.451953 0.611111 0.030469 0.044444
6 0.474609 0.637500 0.035156 0.016667
6 0.333594 0.642361 0.029687 0.018056
6 0.311719 0.661111 0.028125 0.055556
7 0.281641 0.724306 0.060156 0.018056
7 0.308203 0.718750 0.011719 0.015278
7 0.233203 0.733333 0.014844 0.016667
7 0.038672 0.688889 0.010156 0.000000
7 0.267969 0.675694 0.031250 0.009722
7 0.611719 0.783333 0.000000 0.000000
7 0.552734 0.799306 0.007031 0.001389
7 0.368750 0.849306 0.001563 0.001389
7 0.455859 0.825694 0.008594 0.001389
6 0.006641 0.611111 0.013281 0.047222
6 0.006250 0.652778 0.012500 0.044444
8 0.042188 0.695833 0.025000 0.025000
5 0.044141 0.681250 0.019531 0.006944
8 0.035547 0.697222 0.008594 0.016667
5 0.035937 0.679167 0.003125 0.005556
8 0.255859 0.674306 0.010156 0.015278
5 0.254688 0.667361 0.007812 0.004167
8 0.510938 0.696528 0.014063 0.023611
5 0.510938 0.681250 0.014063 0.006944
0 0.050781 0.713194 0.101562 0.473611
0 0.596875 0.665972 0.045312 0.220833
0 0.352734 0.638194 0.086719 0.131944
0 0.517188 0.633333 0.050000 0.113889
0 0.577344 0.618056 0.020313 0.072222
1 0.328906 0.618056 0.007812 0.027778
1 0.336719 0.618056 0.034375 0.027778
1 0.312109 0.629861 0.041406 0.051389
1 0.297656 0.630556 0.043750 0.052778
1 0.280859 0.629861 0.042969 0.051389
1 0.265234 0.630556 0.027344 0.052778
1 0.252734 0.624306 0.000781 0.040278
1 0.025391 0.636806 0.038281 0.062500
1 0.059375 0.639583 0.056250 0.070833
1 0.855078 0.604167 0.000781 0.000000
2 0.553516 0.731250 0.069531 0.054167
2 0.566797 0.680556 0.096094 0.052778
2 0.596484 0.653472 0.035156 0.004167
2 0.458594 0.668056 0.081250 0.044444
2 0.404297 0.673611 0.071094 0.047222
2 0.423047 0.719444 0.033594 0.047222
2 0.489453 0.709722 0.019531 0.041667
2 0.429688 0.670833 0.075000 0.047222
2 0.360547 0.676389 0.091406 0.050000
2 0.360156 0.723611 0.092188 0.050000
2 0.453516 0.715278 0.027344 0.044444
2 0.504297 0.684722 0.000781 0.022222
5 0.241797 0.661806 0.030469 0.006944
5 0.241797 0.668750 0.030469 0.006944
5 0.241406 0.682639 0.031250 0.006944
5 0.241406 0.675694 0.031250 0.006944
5 0.241406 0.695139 0.031250 0.006944
5 0.241406 0.688194 0.031250 0.006944
5 0.241797 0.656250 0.030469 0.006944
5 0.241797 0.649306 0.030469 0.006944
5 0.241797 0.609722 0.030469 0.005556
5 0.241797 0.616667 0.030469 0.005556
5 0.241797 0.630556 0.030469 0.005556
5 0.241797 0.623611 0.030469 0.005556
5 0.241797 0.643056 0.030469 0.005556
5 0.241797 0.636111 0.030469 0.005556
5 0.241797 0.604167 0.030469 0.005556
5 0.241797 0.597222 0.030469 0.005556