3 0.499609 0.863194 0.999219 0.270833
5 0.505469 0.785417 0.071875 0.026389
5 0.505469 0.785417 0.071875 0.026389
5 0.505469 0.785417 0.071875 0.026389
5 0.505469 0.770833 0.071875 0.027778
5 0.505469 0.770833 0.071875 0.027778
5 0.505469 0.770833 0.071875 0.027778
5 0.505469 0.798611 0.071875 0.027778
5 0.505469 0.798611 0.071875 0.027778
5 0.505469 0.798611 0.071875 0.027778
5 0.595313 0.811111 0.070312 0.027778
5 0.595313 0.811111 0.070312 0.027778
5 0.595313 0.811111 0.070312 0.027778
5 0.595703 0.797222 0.071094 0.027778
5 0.595703 0.797222 0.071094 0.027778
5 0.595703 0.797222 0.071094 0.027778
5 0.595703 0.782639 0.071094 0.029167
5 0.595703 0.782639 0.071094 0.029167
5 0.595703 0.782639 0.071094 0.029167
5 0.596094 0.766667 0.071875 0.030556
5 0.596094 0.766667 0.071875 0.030556
5 0.596094 0.766667 0.071875 0.030556
6 0.389844 0.943750 0.106250 0.109722
6 0.482422 0.900000 0.077344 0.152778
6 0.391797 0.849306 0.110156 0.170833
6 0.438672 0.925000 0.096094 0.147222
7 0.103516 0.984722 0.099219 0.027778
8 0.261328 0.996528 0.005469 0.004167
5 0.205469 0.987500 0.103125 0.022222
0 0.741406 0.957639 0.146875 0.081944
0 0.675000 0.787500 0.089063 0.233333
1 0.103125 0.720833 0.098437 0.130556
1 0.067969 0.730556 0.103125 0.136111
1 0.039453 0.704861 0.078906 0.109722
1 0.021875 0.724306 0.043750 0.126389
1 0.005469 0.696528 0.010937 0.095833