3 0.499609 0.859028 0.999219 0.279167
4 0.287891 0.736806 0.019531 0.037500
4 0.274219 0.729167 0.003125 0.005556
4 0.240234 0.778472 0.027344 0.090278
4 0.167578 0.808333 0.027344 0.105556
4 0.131641 0.826389 0.005469 0.102778
4 0.090234 0.842361 0.025781 0.112500
8 0.248438 0.813889 0.084375 0.047222
8 0.900781 0.758333 0.084375 0.016667
5 0.415234 0.697222 0.028906 0.002778
5 0.415234 0.697222 0.028906 0.002778
5 0.415234 0.697222 0.028906 0.002778
5 0.473047 0.722222 0.000781 0.000000
5 0.473047 0.722222 0.000781 0.000000
5 0.473047 0.722222 0.000781 0.000000
5 0.467969 0.698611 0.010937 0.002778
5 0.467969 0.698611 0.010937 0.002778
5 0.467969 0.698611 0.010937 0.002778
5 0.473047 0.695833 0.000781 0.000000
5 0.473047 0.695833 0.000781 0.000000
5 0.473047 0.695833 0.000781 0.000000
6 0.467187 0.704861 0.012500 0.037500
6 0.471484 0.709722 0.000781 0.027778
6 0.477734 0.654861 0.035156 0.059722
6 0.467969 0.709722 0.004687 0.027778
6 0.423047 0.739583 0.057031 0.084722
6 0.436719 0.750694 0.071875 0.095833
7 0.369141 0.852778 0.088281 0.030556
7 0.355859 0.877778 0.108594 0.038889
7 0.025000 0.845833 0.050000 0.033333
7 0.163672 0.793750 0.052344 0.026389
7 0.337500 0.748611 0.006250 0.013889
7 0.253906 0.774306 0.004687 0.018056
6 0.015234 0.962500 0.030469 0.072222
6 0.057422 0.932639 0.114844 0.131944
6 0.092969 0.913889 0.185938 0.169444
8 0.188672 0.933333 0.113281 0.100000
5 0.179297 0.896528 0.114844 0.034722
8 0.130859 0.953472 0.164844 0.090278
5 0.140625 0.925000 0.126562 0.041667
8 0.263672 0.881944 0.092969 0.086111
5 0.265234 0.852083 0.082031 0.031944
8 0.174219 0.859028 0.100000 0.043056
5 0.175000 0.852083 0.089063 0.031944
8 0.389062 0.785417 0.015625 0.034722
5 0.394531 0.768056 0.000000 0.000000
8 0.315625 0.791667 0.048438 0.050000
5 0.314453 0.771528 0.046094 0.015278
5 0.388672 0.733333 0.010156 0.002778
5 0.388672 0.729861 0.010156 0.001389
5 0.389062 0.726389 0.009375 0.002778
5 0.468359 0.731944 0.010156 0.000000
8 0.473438 0.745139 0.000000 0.001389
5 0.468359 0.734028 0.010156 0.001389
8 0.469141 0.745139 0.007031 0.004167
5 0.464844 0.744444 0.004687 0.002778
8 0.831250 0.725000 0.017188 0.013889
5 0.844141 0.719444 0.039844 0.005556
8 0.824609 0.722222 0.017969 0.013889
5 0.838672 0.715972 0.041406 0.004167
8 0.855078 0.726389 0.046094 0.011111
5 0.855859 0.722917 0.044531 0.006944
8 0.866016 0.727778 0.052344 0.008333
5 0.865234 0.725694 0.047656 0.006944
8 0.774219 0.729861 0.009375 0.026389
5 0.789062 0.714583 0.039062 0.001389
8 0.776953 0.731944 0.011719 0.027778
5 0.794141 0.719444 0.042969 0.005556
8 0.801172 0.733333 0.044531 0.025000
5 0.802344 0.722917 0.043750 0.006944
8 0.809766 0.736806 0.050781 0.026389
5 0.809375 0.726389 0.045312 0.008333
8 0.899219 0.751389 0.050000 0.022222
5 0.895312 0.744444 0.037500 0.011111
8 0.948828 0.753472 0.050781 0.018056
5 0.946875 0.744444 0.046875 0.011111
8 0.857422 0.751389 0.047656 0.022222
5 0.856250 0.743750 0.042188 0.012500
8 0.809375 0.758333 0.045312 0.038889
5 0.808203 0.743056 0.039844 0.011111
8 0.877734 0.744444 0.055469 0.027778
5 0.877734 0.733333 0.052344 0.008333
8 0.893359 0.744444 0.060156 0.019444
5 0.889062 0.736806 0.048438 0.009722
8 0.840234 0.747917 0.035156 0.026389
5 0.844141 0.736806 0.039844 0.009722
8 0.798438 0.752083 0.040625 0.037500
5 0.798438 0.736111 0.037500 0.008333
8 0.989844 0.787500 0.018750 0.019444
5 0.983984 0.776389 0.030469 0.013889
8 0.990625 0.784028 0.017188 0.012500
5 0.972266 0.765972 0.053906 0.006944
8 0.961719 0.831250 0.075000 0.062500
5 0.963672 0.807639 0.071094 0.018056
8 0.950000 0.819444 0.089063 0.058333
5 0.952344 0.796528 0.085938 0.018056
0 0.735156 0.722917 0.082812 0.240278
0 0.714063 0.662500 0.042188 0.105556
0 0.543359 0.729861 0.394531 0.537500
0 0.550781 0.673611 0.034375 0.116667
1 0.126562 0.684722 0.071875 0.083333
1 0.114453 0.686806 0.072656 0.084722
1 0.068359 0.684722 0.057031 0.083333
1 0.045703 0.686806 0.075781 0.084722
1 0.005859 0.711806 0.011719 0.001389
1 0.006250 0.686806 0.012500 0.084722
1 0.966016 0.688194 0.057031 0.084722
2 0.954688 0.655556 0.034375 0.000000
2 0.971875 0.657639 0.039062 0.001389
2 0.971484 0.701389 0.041406 0.002778
2 0.949609 0.655556 0.013281 0.000000
2 0.972656 0.655556 0.000000 0.000000
2 0.950781 0.657639 0.001563 0.001389
1 0.993750 0.698611 0.010937 0.102778
2 0.995703 0.702778 0.007031 0.000000
2 0.995313 0.659722 0.004687 0.000000
2 0.998828 0.659722 0.000781 0.000000
1 0.920703 0.690972 0.058594 0.090278
2 0.896875 0.708333 0.004687 0.027778
2 0.910937 0.669444 0.034375 0.027778
2 0.927734 0.670833 0.038281 0.027778
2 0.923438 0.710417 0.048438 0.031944
2 0.905859 0.669444 0.013281 0.027778
2 0.906250 0.670833 0.004687 0.027778
1 0.969922 0.702778 0.058594 0.111111
2 0.955469 0.718750 0.021875 0.031944
2 0.975781 0.702778 0.017188 0.000000
2 0.946875 0.675000 0.006250 0.030556
2 0.981250 0.677083 0.035937 0.031944
2 0.975000 0.722222 0.048438 0.036111
2 0.961328 0.675694 0.022656 0.031944
2 0.983203 0.659722 0.017969 0.000000
2 0.964844 0.676389 0.017188 0.033333
2 0.975781 0.659722 0.000000 0.000000
2 0.934375 0.796528 0.090625 0.068056
2 0.859375 0.796528 0.084375 0.068056
2 0.759375 0.706944 0.009375 0.005556
2 0.788281 0.713194 0.039062 0.023611
2 0.760938 0.688889 0.012500 0.027778
2 0.787891 0.687500 0.039844 0.030556
2 0.748828 0.659028 0.036719 0.029167
2 0.786719 0.659028 0.040625 0.029167
5 0.294141 0.741667 0.072656 0.016667
5 0.293750 0.754167 0.073438 0.016667
5 0.293750 0.765278 0.073438 0.016667
5 0.293750 0.777083 0.073438 0.018056
5 0.293750 0.802778 0.073438 0.019444
5 0.293750 0.790278 0.073438 0.019444
5 0.297266 0.827083 0.066406 0.020833
5 0.293750 0.813889 0.073438 0.019444
5 0.375781 0.765278 0.070312 0.016667
5 0.375781 0.778472 0.070312 0.018056
5 0.375391 0.804167 0.069531 0.019444
5 0.375781 0.790972 0.070312 0.018056
5 0.375391 0.827778 0.069531 0.019444
5 0.375391 0.815278 0.069531 0.019444
5 0.375781 0.754167 0.070312 0.016667
5 0.376172 0.741667 0.069531 0.016667
5 0.467187 0.765972 0.065625 0.018056
5 0.467187 0.778472 0.065625 0.018056
5 0.467187 0.804167 0.065625 0.019444
5 0.467187 0.791667 0.065625 0.019444
5 0.465234 0.828472 0.061719 0.020833
5 0.465234 0.815972 0.061719 0.018056
5 0.005469 0.757639 0.010937 0.009722
5 0.005469 0.765972 0.010937 0.009722
5 0.467187 0.755556 0.065625 0.016667
5 0.467187 0.742361 0.065625 0.015278
5 0.467187 0.670139 0.065625 0.012500
5 0.467187 0.681944 0.065625 0.013889
5 0.467187 0.707639 0.065625 0.015278
5 0.467187 0.694444 0.065625 0.013889
5 0.467187 0.731250 0.065625 0.015278
5 0.467187 0.718750 0.065625 0.015278
5 0.005469 0.750000 0.010937 0.008333
5 0.005859 0.740972 0.011719 0.009722
5 0.467187 0.659028 0.065625 0.012500
5 0.467187 0.645833 0.065625 0.011111