3 0.499609 0.881944 0.999219 0.233333
4 0.888672 0.949306 0.005469 0.098611
5 0.036719 0.883333 0.073438 0.033333
5 0.036719 0.883333 0.073438 0.033333
5 0.036719 0.883333 0.073438 0.033333
5 0.037109 0.864583 0.074219 0.034722
5 0.037109 0.864583 0.074219 0.034722
5 0.037109 0.864583 0.074219 0.034722
5 0.036719 0.900694 0.073438 0.034722
5 0.036719 0.900694 0.073438 0.034722
5 0.036719 0.900694 0.073438 0.034722
5 0.114844 0.877083 0.081250 0.029167
5 0.114844 0.877083 0.081250 0.029167
5 0.114844 0.877083 0.081250 0.029167
5 0.114844 0.861111 0.081250 0.030556
5 0.114844 0.861111 0.081250 0.030556
5 0.114844 0.861111 0.081250 0.030556
5 0.111719 0.845139 0.087500 0.029167
5 0.111719 0.845139 0.087500 0.029167
5 0.111719 0.845139 0.087500 0.029167
5 0.112109 0.827778 0.086719 0.027778
5 0.112109 0.827778 0.086719 0.027778
5 0.112109 0.827778 0.086719 0.027778
6 0.626953 0.877083 0.094531 0.123611
6 0.475781 0.861806 0.090625 0.120833
6 0.625781 0.772222 0.093750 0.119444
6 0.548828 0.868056 0.092969 0.125000
6 0.997656 0.916667 0.003125 0.119444
7 0.609766 0.984028 0.071094 0.029167
7 0.960156 0.787500 0.021875 0.013889
8 0.919141 0.961806 0.078906 0.073611
5 0.919922 0.943056 0.069531 0.038889
8 0.835547 0.957639 0.080469 0.081944
5 0.836328 0.932639 0.071094 0.034722
8 0.764844 0.952083 0.081250 0.081944
5 0.765625 0.927083 0.071875 0.034722
8 0.690234 0.945139 0.082031 0.073611
5 0.691016 0.917361 0.072656 0.031944
8 0.789062 0.926389 0.073438 0.069444
5 0.789844 0.904167 0.065625 0.027778
8 0.719141 0.919444 0.074219 0.069444
5 0.719922 0.897222 0.066406 0.027778
8 0.854688 0.934722 0.073438 0.075000
5 0.855078 0.908333 0.063281 0.027778
8 0.932031 0.943750 0.071875 0.079167
5 0.933203 0.916667 0.063281 0.027778
8 0.689844 0.812500 0.031250 0.036111
5 0.688281 0.796528 0.029687 0.012500
8 0.621875 0.809722 0.004687 0.030556
5 0.637891 0.793750 0.032031 0.009722
8 0.720703 0.813889 0.042969 0.036111
5 0.719922 0.799306 0.039844 0.012500
8 0.762500 0.817361 0.045312 0.037500
5 0.762891 0.802083 0.039844 0.012500
8 0.619531 0.827778 0.010937 0.016667
5 0.618359 0.795833 0.013281 0.002778
8 0.673828 0.820139 0.028906 0.037500
5 0.668750 0.804167 0.032813 0.011111
8 0.702344 0.822222 0.048438 0.038889
5 0.702734 0.806944 0.042969 0.013889
8 0.746875 0.825694 0.048438 0.040278
5 0.747266 0.809722 0.042969 0.013889
8 0.975391 0.824306 0.047656 0.020833
5 0.972656 0.813889 0.045312 0.008333
8 0.997656 0.829861 0.003125 0.031944
5 0.974609 0.810417 0.049219 0.012500
8 0.995703 0.832639 0.007031 0.023611
5 0.973047 0.822222 0.044531 0.013889
8 0.987500 0.834028 0.015625 0.012500
5 0.971875 0.830556 0.039062 0.013889
8 0.841406 0.822222 0.040625 0.041667
5 0.842187 0.806944 0.035937 0.013889
8 0.874219 0.824306 0.010937 0.040278
5 0.876563 0.806250 0.009375 0.006944
8 0.875391 0.838194 0.007031 0.026389
5 0.873828 0.813889 0.011719 0.005556
8 0.868359 0.841667 0.024219 0.036111
5 0.868359 0.823611 0.019531 0.013889
0 0.937109 0.788194 0.117969 0.209722
0 0.319531 0.779167 0.139063 0.194444
1 0.072266 0.993056 0.014844 0.011111
1 0.701562 0.736806 0.068750 0.087500
2 0.679688 0.704861 0.020313 0.004167
2 0.723437 0.717361 0.018750 0.026389
2 0.710156 0.752778 0.046875 0.027778
2 0.691016 0.705556 0.014844 0.002778
2 0.694141 0.702778 0.007031 0.000000
2 0.706641 0.716667 0.016406 0.025000
1 0.857031 0.742361 0.015625 0.090278
2 0.807813 0.707639 0.014063 0.004167
2 0.852344 0.720833 0.018750 0.027778
2 0.849219 0.757639 0.026562 0.029167
2 0.818750 0.708333 0.015625 0.002778
2 0.821875 0.705556 0.012500 0.000000
2 0.835547 0.709028 0.016406 0.004167
1 0.698828 0.745139 0.030469 0.093056
2 0.657813 0.709722 0.012500 0.005556
2 0.699219 0.722917 0.021875 0.029167
2 0.689063 0.761111 0.043750 0.030556
2 0.666016 0.710417 0.016406 0.004167
2 0.680859 0.722917 0.013281 0.026389
2 0.685547 0.708333 0.016406 0.000000
1 0.813281 0.749306 0.078125 0.098611
2 0.781641 0.713194 0.008594 0.006944
2 0.838281 0.727083 0.020313 0.029167
2 0.835547 0.765972 0.027344 0.031944
2 0.805469 0.714583 0.009375 0.004167
2 0.807422 0.711111 0.013281 0.000000
2 0.818359 0.714583 0.014844 0.004167
2 0.823047 0.711111 0.016406 0.000000
1 0.646484 0.746528 0.080469 0.087500
2 0.617188 0.755556 0.015625 0.000000
2 0.617578 0.713889 0.014844 0.002778
2 0.671484 0.729861 0.022656 0.031944
2 0.667578 0.770833 0.032031 0.033333
2 0.625000 0.715278 0.000000 0.000000
2 0.655469 0.715278 0.007812 0.000000
2 0.657422 0.713889 0.011719 0.000000
1 0.793750 0.759028 0.084375 0.106944
2 0.764062 0.761806 0.018750 0.001389
2 0.766016 0.718056 0.022656 0.002778
2 0.820703 0.734722 0.022656 0.033333
2 0.803125 0.778472 0.059375 0.034722
2 0.779687 0.718750 0.012500 0.001389
2 0.782422 0.716667 0.007031 0.000000
2 0.804688 0.719444 0.007812 0.000000
2 0.806641 0.718056 0.011719 0.000000
1 0.633594 0.754861 0.081250 0.101389
2 0.604688 0.773611 0.020313 0.030556
2 0.611328 0.757639 0.017969 0.001389
2 0.607031 0.731250 0.026562 0.031944
2 0.660547 0.733333 0.017969 0.033333
2 0.640625 0.773611 0.057813 0.033333
2 0.617969 0.734722 0.014063 0.027778
2 0.652344 0.716667 0.000000 0.000000
1 0.784375 0.763889 0.087500 0.113889
2 0.754687 0.780556 0.020313 0.033333
2 0.758984 0.763194 0.016406 0.001389
2 0.755859 0.736806 0.024219 0.034722
2 0.812500 0.738194 0.023438 0.034722
2 0.794531 0.781944 0.060937 0.038889
2 0.772656 0.737500 0.020313 0.033333
2 0.776953 0.720139 0.014844 0.001389
2 0.791016 0.738194 0.019531 0.031944
2 0.794922 0.720833 0.019531 0.000000
2 0.407813 0.802778 0.043750 0.044444
2 0.414453 0.777778 0.030469 0.005556
2 0.467578 0.808333 0.074219 0.041667
2 0.515625 0.802083 0.020313 0.040278
2 0.467578 0.770139 0.074219 0.040278
2 0.515625 0.765278 0.020313 0.038889
2 0.467578 0.731944 0.074219 0.041667
2 0.492578 0.728472 0.066406 0.040278