3 0.499609 0.868750 0.999219 0.259722
4 0.576172 0.786111 0.011719 0.080556
4 0.724609 0.807639 0.011719 0.093056
4 0.814063 0.821528 0.014063 0.098611
4 0.896094 0.835417 0.050000 0.109722
4 0.091406 0.823611 0.004687 0.083333
4 0.200000 0.836111 0.007812 0.050000
4 0.721875 0.986111 0.001563 0.025000
4 0.880469 0.998611 0.001563 0.000000
5 0.262500 0.747917 0.010937 0.009722
5 0.262500 0.747917 0.010937 0.009722
5 0.262500 0.747917 0.010937 0.009722
5 0.262891 0.736806 0.010156 0.009722
5 0.262891 0.736806 0.010156 0.009722
5 0.262891 0.736806 0.010156 0.009722
5 0.260937 0.759028 0.012500 0.009722
5 0.260937 0.759028 0.012500 0.009722
5 0.260937 0.759028 0.012500 0.009722
5 0.320312 0.754167 0.034375 0.011111
5 0.320312 0.754167 0.034375 0.011111
5 0.320312 0.754167 0.034375 0.011111
5 0.321094 0.745139 0.032813 0.009722
5 0.321094 0.745139 0.032813 0.009722
5 0.321094 0.745139 0.032813 0.009722
5 0.321875 0.734028 0.031250 0.009722
5 0.321875 0.734028 0.031250 0.009722
5 0.321875 0.734028 0.031250 0.009722
5 0.322656 0.722222 0.029687 0.011111
5 0.322656 0.722222 0.029687 0.011111
5 0.322656 0.722222 0.029687 0.011111
6 0.573047 0.736806 0.017969 0.043056
6 0.474219 0.743750 0.046875 0.076389
6 0.560156 0.687500 0.046875 0.061111
6 0.490625 0.745833 0.014063 0.075000
6 0.744141 0.777778 0.050781 0.102778
6 0.823047 0.784722 0.077344 0.108333
7 0.735156 0.875694 0.031250 0.031944
7 0.112109 0.897917 0.082031 0.031944
7 0.423828 0.801389 0.027344 0.019444
7 0.595703 0.836111 0.033594 0.025000
6 0.837500 0.986806 0.232813 0.023611
6 0.835547 0.819444 0.233594 0.358333
6 0.538672 0.819444 0.363281 0.358333
6 0.311328 0.739583 0.121094 0.195833
6 0.083594 0.766667 0.143750 0.250000
6 0.283594 0.853472 0.064062 0.037500
6 0.081250 0.921528 0.143750 0.154167
8 0.880078 0.849306 0.007031 0.018056
5 0.901563 0.806944 0.029687 0.002778
8 0.863672 0.838194 0.061719 0.045833
5 0.872656 0.820833 0.043750 0.016667
8 0.605078 0.800694 0.014844 0.040278
5 0.606250 0.782639 0.012500 0.009722
8 0.588281 0.795833 0.048438 0.041667
5 0.588672 0.777778 0.047656 0.013889
8 0.579297 0.791667 0.030469 0.033333
5 0.580078 0.773611 0.032031 0.011111
8 0.603516 0.800000 0.017969 0.013889
5 0.600000 0.767361 0.025000 0.004167
8 0.593359 0.797222 0.028906 0.008333
5 0.588281 0.761806 0.048438 0.006944
5 0.725781 0.727778 0.014063 0.002778
8 0.788672 0.752778 0.008594 0.013889
5 0.793750 0.731250 0.020313 0.004167
8 0.798047 0.753472 0.008594 0.015278
5 0.798047 0.736111 0.005469 0.005556
5 0.721484 0.729167 0.005469 0.000000
5 0.723437 0.730556 0.009375 0.000000
8 0.794141 0.751389 0.021094 0.025000
5 0.792188 0.738194 0.017188 0.006944
8 0.961328 0.761111 0.053906 0.027778
5 0.957422 0.748611 0.053906 0.008333
8 0.987109 0.758333 0.024219 0.022222
5 0.987109 0.746528 0.024219 0.009722
8 0.922266 0.765972 0.024219 0.023611
5 0.922656 0.749306 0.023438 0.006944
8 0.917578 0.769444 0.033594 0.030556
5 0.913672 0.752778 0.041406 0.011111
8 0.892969 0.738889 0.000000 0.000000
8 0.919141 0.756944 0.022656 0.030556
5 0.910547 0.740972 0.035156 0.004167
8 0.907031 0.768056 0.012500 0.013889
5 0.902734 0.745139 0.019531 0.004167
0 0.851953 0.710417 0.096094 0.165278
0 0.441406 0.696528 0.071875 0.131944
0 0.383594 0.789583 0.326562 0.418056
0 0.264844 0.794444 0.289062 0.408333
1 0.030078 0.863889 0.060156 0.269444
1 0.086719 0.847917 0.135937 0.301389
1 0.888672 0.684028 0.064844 0.048611
2 0.905078 0.668056 0.010156 0.000000
2 0.901563 0.707639 0.018750 0.001389
2 0.878906 0.668056 0.001563 0.000000
2 0.889453 0.668056 0.017969 0.000000
2 0.899219 0.668056 0.000000 0.000000
1 0.987109 0.700000 0.024219 0.077778
2 0.975391 0.703472 0.002344 0.001389
2 0.981250 0.702778 0.009375 0.000000
2 0.980078 0.670139 0.011719 0.001389
2 0.988281 0.715972 0.021875 0.026389
2 0.983203 0.682639 0.013281 0.023611
2 0.992188 0.669444 0.006250 0.000000
2 0.994531 0.682639 0.009375 0.023611
2 0.999219 0.694444 0.000000 0.000000
1 0.832422 0.681944 0.050781 0.044444
2 0.817578 0.701389 0.000781 0.000000
2 0.849609 0.708333 0.002344 0.000000
2 0.823438 0.685417 0.004687 0.012500
1 0.951562 0.701389 0.076563 0.080556
2 0.923047 0.707639 0.013281 0.004167
2 0.929297 0.705556 0.003906 0.000000
2 0.980078 0.684722 0.011719 0.025000
2 0.958594 0.720833 0.056250 0.027778
2 0.933594 0.694444 0.000000 0.002778
1 0.785156 0.695139 0.068750 0.068056
2 0.807422 0.687500 0.019531 0.016667
2 0.795703 0.716667 0.024219 0.025000
1 0.895703 0.702778 0.075781 0.080556
2 0.921875 0.694444 0.021875 0.013889
2 0.914062 0.724306 0.039062 0.029167
1 0.761719 0.695139 0.070312 0.068056
2 0.732422 0.715278 0.003906 0.019444
2 0.732422 0.684028 0.003906 0.023611
2 0.779297 0.686806 0.028906 0.018056
2 0.788672 0.718056 0.010156 0.022222
2 0.757812 0.681944 0.010937 0.000000
1 0.881250 0.700000 0.065625 0.075000
2 0.848828 0.688194 0.002344 0.018056
2 0.895312 0.691667 0.029687 0.022222
2 0.901953 0.725000 0.017969 0.025000
2 0.857422 0.689583 0.013281 0.020833
2 0.867578 0.685417 0.005469 0.012500
2 0.567969 0.731250 0.007812 0.029167
2 0.593359 0.734722 0.038281 0.030556
2 0.597266 0.705556 0.030469 0.030556
2 0.592969 0.677083 0.039062 0.029167
5 0.979688 0.781944 0.039062 0.022222
5 0.979688 0.796528 0.039062 0.020833
5 0.980078 0.809722 0.038281 0.022222
5 0.980078 0.827083 0.038281 0.018056
5 0.980078 0.854167 0.038281 0.022222
5 0.980078 0.839583 0.038281 0.023611
5 0.980469 0.881944 0.037500 0.025000
5 0.980469 0.867361 0.037500 0.023611
5 0.050000 0.878472 0.089063 0.029167
5 0.032031 0.897917 0.054688 0.020833
5 0.130859 0.860417 0.035156 0.004167
5 0.112500 0.877778 0.001563 0.005556
5 0.172656 0.851389 0.045312 0.013889
5 0.175781 0.836806 0.054688 0.018056