3 0.499609 0.852083 0.999219 0.293056
4 0.470703 0.738889 0.002344 0.061111
4 0.520312 0.759722 0.035937 0.075000
4 0.571484 0.771528 0.011719 0.079167
4 0.601172 0.784028 0.042969 0.087500
4 0.668750 0.801389 0.014063 0.094444
4 0.713281 0.819444 0.053125 0.105556
4 0.808203 0.843750 0.017969 0.115278
4 0.866406 0.859028 0.035937 0.123611
4 0.051953 0.756250 0.002344 0.065278
4 0.066406 0.775000 0.010937 0.058333
4 0.060547 0.780556 0.000781 0.050000
4 0.069922 0.826389 0.021094 0.111111
4 0.066016 0.847222 0.007031 0.116667
4 0.078125 0.913889 0.034375 0.080556
4 0.071875 0.945139 0.012500 0.084722
4 0.058594 0.938889 0.067187 0.105556
8 0.731641 0.825694 0.083594 0.065278
5 0.327734 0.706250 0.046094 0.009722
5 0.327734 0.706250 0.046094 0.009722
5 0.327734 0.706250 0.046094 0.009722
5 0.327734 0.695833 0.046094 0.011111
5 0.327734 0.695833 0.046094 0.011111
5 0.327734 0.695833 0.046094 0.011111
5 0.327734 0.714583 0.046094 0.009722
5 0.327734 0.714583 0.046094 0.009722
5 0.327734 0.714583 0.046094 0.009722
5 0.385156 0.712500 0.042188 0.008333
5 0.385156 0.712500 0.042188 0.008333
5 0.385156 0.712500 0.042188 0.008333
5 0.385156 0.704167 0.042188 0.008333
5 0.385156 0.704167 0.042188 0.008333
5 0.385156 0.704167 0.042188 0.008333
5 0.385156 0.695139 0.042188 0.009722
5 0.385156 0.695139 0.042188 0.009722
5 0.385156 0.695139 0.042188 0.009722
5 0.385156 0.685417 0.042188 0.009722
5 0.385156 0.685417 0.042188 0.009722
5 0.385156 0.685417 0.042188 0.009722
6 0.516797 0.702778 0.042969 0.044444
6 0.482812 0.701389 0.039062 0.052778
6 0.516797 0.655556 0.042969 0.066667
6 0.499609 0.701389 0.042969 0.047222
6 0.596094 0.738194 0.067187 0.084722
6 0.644531 0.745139 0.059375 0.087500
7 0.849609 0.840278 0.046094 0.027778
7 0.976953 0.856250 0.014844 0.004167
7 0.593750 0.869444 0.079687 0.044444
7 0.260547 0.940972 0.077344 0.048611
7 0.457422 0.806250 0.053906 0.029167
7 0.044922 0.797917 0.066406 0.018056
7 0.391797 0.750694 0.055469 0.015278
7 0.466016 0.779861 0.066406 0.018056
6 0.160547 0.899306 0.321094 0.198611
6 0.024609 0.920833 0.049219 0.147222
6 0.026172 0.729167 0.052344 0.161111
6 0.024219 0.700694 0.048438 0.129167
6 0.020703 0.818750 0.041406 0.129167
8 0.955469 0.850000 0.085938 0.030556
5 0.957812 0.844444 0.082812 0.027778
8 0.884375 0.872222 0.073438 0.061111
5 0.898047 0.851389 0.074219 0.030556
8 0.656250 0.785417 0.034375 0.040278
5 0.658984 0.766667 0.028906 0.005556
8 0.625781 0.793750 0.067187 0.048611
5 0.626953 0.774306 0.060156 0.018056
8 0.522656 0.754861 0.056250 0.034722
5 0.523828 0.740278 0.053906 0.011111
8 0.507422 0.750694 0.055469 0.034722
5 0.506641 0.735417 0.049219 0.009722
8 0.490234 0.745833 0.050781 0.033333
5 0.486328 0.731250 0.038281 0.009722
8 0.474609 0.741667 0.046094 0.033333
5 0.477734 0.727083 0.047656 0.009722
8 0.532422 0.731250 0.007031 0.001389
5 0.544141 0.729167 0.035156 0.008333
8 0.511328 0.738889 0.014844 0.030556
5 0.530078 0.722917 0.041406 0.004167
8 0.548438 0.747917 0.026562 0.034722
5 0.549219 0.732639 0.025000 0.006944
8 0.556250 0.745139 0.010937 0.018056
5 0.561328 0.737500 0.000781 0.008333
5 0.744531 0.697222 0.001563 0.000000
5 0.829297 0.708333 0.017969 0.000000
8 0.723047 0.711806 0.036719 0.023611
5 0.725391 0.700694 0.038281 0.006944
8 0.732422 0.713889 0.022656 0.025000
5 0.733984 0.703472 0.021094 0.006944
8 0.741406 0.715972 0.006250 0.023611
5 0.742578 0.705556 0.003906 0.005556
8 0.909375 0.734028 0.014063 0.023611
5 0.909766 0.720833 0.014844 0.008333
8 0.893359 0.737500 0.042969 0.027778
5 0.907031 0.722917 0.009375 0.006944
8 0.853906 0.735417 0.035937 0.012500
5 0.851172 0.719444 0.003906 0.000000
5 0.851172 0.709028 0.003906 0.001389
8 0.905469 0.727083 0.004687 0.026389
5 0.903516 0.713889 0.002344 0.002778
8 0.861719 0.740278 0.020313 0.000000
5 0.851172 0.718056 0.003906 0.000000
5 0.836328 0.718056 0.003906 0.000000
0 0.960547 0.708333 0.077344 0.194444
0 0.778516 0.684722 0.067969 0.150000
0 0.488672 0.665278 0.047656 0.111111
0 0.928516 0.809722 0.141406 0.377778
0 0.001172 0.888889 0.002344 0.072222
0 0.001953 0.878472 0.003906 0.034722
1 0.150000 0.862500 0.196875 0.252778
1 0.303125 0.864583 0.210938 0.268056
1 0.034375 0.686806 0.059375 0.090278
1 0.032813 0.691667 0.065625 0.097222
1 0.001563 0.725000 0.003125 0.125000
1 0.003125 0.730556 0.006250 0.125000
1 0.967578 0.681944 0.061719 0.002778
2 0.939453 0.681944 0.002344 0.002778
1 0.935937 0.681944 0.000000 0.002778
2 0.917969 0.645833 0.028125 0.002778
2 0.921094 0.681944 0.001563 0.000000
2 0.902734 0.643056 0.008594 0.000000
2 0.899609 0.645833 0.002344 0.002778
1 0.984766 0.674306 0.003906 0.004167
2 0.968750 0.654167 0.000000 0.002778
2 0.998047 0.660417 0.002344 0.015278
2 0.987891 0.691667 0.022656 0.019444
2 0.983594 0.662500 0.001563 0.019444
2 0.986719 0.662500 0.003125 0.019444
1 0.828906 0.667361 0.046875 0.062500
2 0.815625 0.644444 0.000000 0.000000
2 0.845313 0.656250 0.014063 0.020833
2 0.850391 0.691667 0.003906 0.013889
2 0.822266 0.644444 0.011719 0.000000
2 0.838672 0.644444 0.000781 0.000000
2 0.844141 0.644444 0.008594 0.000000
1 0.937109 0.685417 0.007031 0.018056
2 0.906250 0.647222 0.000000 0.000000
2 0.938672 0.668750 0.003906 0.012500
2 0.930078 0.688889 0.021094 0.011111
2 0.903516 0.648611 0.005469 0.000000
2 0.921875 0.648611 0.004687 0.000000
2 0.931250 0.648611 0.000000 0.000000
1 0.807422 0.672222 0.061719 0.072222
2 0.783594 0.678472 0.001563 0.001389
2 0.793359 0.656250 0.025781 0.023611
2 0.812500 0.650000 0.012500 0.008333
2 0.820312 0.697222 0.000000 0.000000
2 0.791406 0.650000 0.007812 0.008333
2 0.807031 0.644444 0.000000 0.000000
2 0.799219 0.650000 0.006250 0.008333
1 0.912109 0.678472 0.021094 0.073611
2 0.871094 0.648611 0.000000 0.000000
2 0.911328 0.663194 0.025781 0.026389
2 0.913672 0.700694 0.016406 0.026389
2 0.871094 0.665972 0.000000 0.006944
2 0.899219 0.648611 0.001563 0.000000
2 0.618359 0.692361 0.019531 0.018056
2 0.651563 0.701389 0.045312 0.027778
2 0.696484 0.700694 0.019531 0.026389
2 0.651563 0.675000 0.045312 0.027778
2 0.696484 0.675000 0.019531 0.025000
2 0.651172 0.649306 0.044531 0.026389
2 0.696484 0.648611 0.019531 0.025000
5 0.688281 0.745833 0.078125 0.019444
5 0.688281 0.757639 0.078125 0.018056
5 0.688281 0.768750 0.078125 0.018056
5 0.688281 0.780556 0.078125 0.019444
5 0.688672 0.804861 0.077344 0.020833
5 0.688281 0.793056 0.078125 0.019444
5 0.688672 0.827778 0.077344 0.019444
5 0.688672 0.815972 0.077344 0.020833
5 0.754297 0.764583 0.077344 0.018056
5 0.754297 0.776389 0.077344 0.019444
5 0.754297 0.800000 0.077344 0.019444
5 0.754297 0.787500 0.077344 0.019444
5 0.760547 0.820139 0.064844 0.018056
5 0.755469 0.809722 0.075000 0.019444
5 0.020313 0.785417 0.040625 0.015278
5 0.017578 0.790972 0.035156 0.004167
5 0.753906 0.754167 0.076563 0.016667
5 0.753906 0.742361 0.076563 0.018056
5 0.819141 0.759722 0.067969 0.016667
5 0.819141 0.771528 0.067969 0.018056
5 0.819531 0.794444 0.068750 0.019444
5 0.819531 0.782639 0.068750 0.018056
5 0.819531 0.815278 0.068750 0.019444
5 0.819531 0.804167 0.068750 0.019444
5 0.097266 0.784028 0.050781 0.015278
5 0.098047 0.793056 0.052344 0.016667
5 0.823047 0.750000 0.060156 0.016667
5 0.818750 0.738889 0.068750 0.016667
5 0.818359 0.673611 0.067969 0.013889
5 0.818359 0.685417 0.067969 0.012500
5 0.818750 0.708333 0.068750 0.013889
5 0.818750 0.696528 0.068750 0.012500
5 0.818750 0.729167 0.068750 0.013889
5 0.818750 0.717361 0.068750 0.015278
5 0.095312 0.774306 0.054688 0.015278
5 0.097656 0.764583 0.054688 0.015278
5 0.818359 0.663889 0.067969 0.011111
5 0.818359 0.652083 0.067969 0.012500