3 0.499609 0.826389 0.999219 0.344444
4 0.418359 0.747222 0.007031 0.055556
4 0.426953 0.784722 0.025781 0.066667
4 0.446875 0.809722 0.007812 0.066667
4 0.448047 0.834028 0.028906 0.076389
4 0.473438 0.866667 0.009375 0.077778
4 0.477344 0.900000 0.035937 0.091667
4 0.510156 0.945833 0.012500 0.094444
4 0.528516 0.961111 0.014844 0.075000
4 0.064062 0.765278 0.009375 0.058333
4 0.035547 0.813194 0.016406 0.076389
4 0.017188 0.836111 0.010937 0.072222
4 0.003516 0.872222 0.007031 0.083333
8 0.517188 0.893750 0.050000 0.065278
8 0.884766 0.765278 0.041406 0.025000
5 0.379297 0.661111 0.038281 0.011111
5 0.379297 0.661111 0.038281 0.011111
5 0.379297 0.661111 0.038281 0.011111
5 0.379297 0.652083 0.038281 0.012500
5 0.379297 0.652083 0.038281 0.012500
5 0.379297 0.652083 0.038281 0.012500
5 0.379297 0.668750 0.038281 0.009722
5 0.379297 0.668750 0.038281 0.009722
5 0.379297 0.668750 0.038281 0.009722
5 0.433203 0.665972 0.038281 0.009722
5 0.433203 0.665972 0.038281 0.009722
5 0.433203 0.665972 0.038281 0.009722
5 0.433203 0.659028 0.038281 0.009722
5 0.433203 0.659028 0.038281 0.009722
5 0.433203 0.659028 0.038281 0.009722
5 0.433203 0.651389 0.038281 0.011111
5 0.433203 0.651389 0.038281 0.011111
5 0.433203 0.651389 0.038281 0.011111
5 0.433203 0.642361 0.038281 0.009722
5 0.433203 0.642361 0.038281 0.009722
5 0.433203 0.642361 0.038281 0.009722
6 0.500781 0.692361 0.034375 0.040278
6 0.485156 0.683333 0.029687 0.061111
6 0.501172 0.650000 0.035156 0.063889
6 0.490234 0.687500 0.027344 0.052778
6 0.519531 0.753472 0.054688 0.079167
6 0.549609 0.764583 0.063281 0.073611
7 0.633984 0.915972 0.075781 0.031944
7 0.661328 0.952778 0.071094 0.033333
7 0.367188 0.939583 0.039062 0.048611
7 0.049609 0.993056 0.041406 0.011111
7 0.348047 0.836111 0.030469 0.033333
7 0.042188 0.806250 0.062500 0.020833
7 0.375000 0.738889 0.045312 0.016667
7 0.393750 0.791667 0.053125 0.019444
8 0.636719 0.968056 0.070312 0.061111
5 0.639453 0.958333 0.064844 0.044444
8 0.575391 0.970833 0.071094 0.055556
5 0.576172 0.965278 0.063281 0.044444
8 0.529687 0.820139 0.035937 0.031944
5 0.541797 0.811111 0.011719 0.022222
8 0.489063 0.831944 0.045312 0.050000
5 0.482812 0.815972 0.026562 0.023611
8 0.465625 0.759722 0.046875 0.036111
5 0.465234 0.747222 0.042969 0.013889
8 0.460938 0.750000 0.045312 0.033333
5 0.458203 0.736806 0.036719 0.009722
8 0.453125 0.741667 0.040625 0.033333
5 0.454297 0.729167 0.039844 0.011111
8 0.450781 0.733333 0.042188 0.030556
5 0.447266 0.720139 0.033594 0.009722
8 0.487109 0.739583 0.008594 0.031944
5 0.487891 0.727778 0.008594 0.011111
8 0.483594 0.730556 0.001563 0.016667
5 0.493359 0.718056 0.021094 0.008333
8 0.490625 0.740278 0.003125 0.016667
5 0.491406 0.734028 0.001563 0.006944
8 0.778516 0.690972 0.036719 0.026389
5 0.780078 0.680556 0.036719 0.008333
8 0.769141 0.678472 0.039844 0.012500
5 0.768750 0.675000 0.035937 0.008333
8 0.779687 0.696528 0.015625 0.026389
5 0.787500 0.686111 0.026562 0.008333
8 0.802734 0.700694 0.036719 0.020833
5 0.805859 0.693056 0.038281 0.008333
8 0.749609 0.676389 0.000781 0.000000
8 0.756250 0.704167 0.001563 0.000000
5 0.748437 0.679861 0.020313 0.004167
8 0.756641 0.700000 0.033594 0.022222
5 0.755078 0.686806 0.032031 0.006944
8 0.768359 0.707639 0.036719 0.023611
5 0.766406 0.693750 0.034375 0.009722
8 0.863672 0.739583 0.044531 0.034722
5 0.863672 0.727778 0.039844 0.013889
8 0.890625 0.738194 0.029687 0.034722
5 0.891406 0.726389 0.028125 0.013889
8 0.849609 0.745833 0.014844 0.025000
5 0.832031 0.727778 0.034375 0.011111
8 0.792578 0.738194 0.028906 0.026389
5 0.794141 0.730556 0.028906 0.013889
8 0.826172 0.713889 0.042969 0.022222
5 0.826953 0.705556 0.039844 0.011111
8 0.846875 0.725000 0.048438 0.027778
5 0.850391 0.713889 0.035156 0.011111
8 0.814063 0.718750 0.042188 0.012500
5 0.809766 0.716667 0.028906 0.011111
8 0.780469 0.730556 0.040625 0.033333
5 0.779687 0.718056 0.035937 0.013889
8 0.994141 0.802083 0.010156 0.018056
5 0.987109 0.784722 0.024219 0.016667
8 0.990625 0.787500 0.009375 0.025000
5 0.964063 0.770833 0.054688 0.011111
8 0.989453 0.851389 0.019531 0.038889
5 0.991016 0.838889 0.016406 0.016667
8 0.980859 0.845833 0.011719 0.033333
5 0.987109 0.822917 0.024219 0.020833
0 0.831250 0.770139 0.096875 0.201389
0 0.728906 0.697917 0.067187 0.151389
0 0.515625 0.634722 0.035937 0.105556
0 0.329297 0.956944 0.100781 0.083333
1 0.110937 0.654861 0.064062 0.084722
1 0.106250 0.660417 0.065625 0.087500
1 0.042969 0.655556 0.067187 0.083333
1 0.037109 0.663889 0.069531 0.088889
1 0.005469 0.651389 0.010937 0.069444
1 0.001563 0.656944 0.003125 0.072222
1 0.023828 0.722222 0.047656 0.116667
1 0.000391 0.775000 0.000781 0.108333
1 0.990234 0.604861 0.016406 0.006944
2 0.979688 0.659722 0.007812 0.002778
2 0.987891 0.618750 0.022656 0.018056
2 0.984766 0.661111 0.000781 0.000000
2 0.991797 0.619444 0.014844 0.016667
2 0.998047 0.611111 0.002344 0.000000
2 0.995703 0.620139 0.007031 0.012500
1 0.924609 0.619444 0.038281 0.022222
2 0.906250 0.628472 0.000000 0.004167
2 0.940625 0.627083 0.006250 0.020833
2 0.939453 0.613889 0.003906 0.000000
2 0.937891 0.616667 0.000781 0.000000
2 0.940625 0.615972 0.006250 0.001389
1 0.987500 0.659028 0.023438 0.079167
2 0.985156 0.675694 0.018750 0.026389
2 0.987500 0.640972 0.023438 0.026389
2 0.991406 0.679167 0.015625 0.027778
2 0.991406 0.643750 0.015625 0.026389
2 0.998047 0.630556 0.002344 0.000000
2 0.995703 0.645833 0.007031 0.025000
1 0.855859 0.643056 0.053906 0.075000
2 0.843359 0.615972 0.024219 0.004167
2 0.865625 0.631944 0.029687 0.025000
2 0.851953 0.661806 0.027344 0.026389
2 0.845313 0.617361 0.015625 0.004167
2 0.858984 0.615972 0.014844 0.001389
2 0.849609 0.629167 0.011719 0.022222
1 0.919531 0.668750 0.048438 0.081944
2 0.900781 0.633333 0.010937 0.002778
2 0.940625 0.649306 0.006250 0.023611
2 0.924609 0.686111 0.038281 0.030556
2 0.905859 0.635417 0.000781 0.004167
2 0.938281 0.637500 0.001563 0.000000
1 0.824219 0.647917 0.053125 0.084722
2 0.805078 0.656944 0.010156 0.022222
2 0.813672 0.625694 0.027344 0.023611
2 0.832812 0.632639 0.029687 0.023611
2 0.828125 0.663194 0.040625 0.029167
2 0.815234 0.627778 0.014844 0.022222
2 0.825000 0.617361 0.012500 0.001389
2 0.820312 0.631250 0.006250 0.023611
2 0.832031 0.618056 0.007812 0.000000
1 0.880469 0.667361 0.050000 0.090278
2 0.865625 0.680556 0.015625 0.027778
2 0.872266 0.645833 0.027344 0.027778
2 0.893359 0.652778 0.025781 0.027778
2 0.885547 0.686111 0.039844 0.033333
2 0.874609 0.647917 0.017969 0.026389
2 0.888281 0.635417 0.017188 0.001389
2 0.879297 0.650694 0.013281 0.026389
2 0.896094 0.637500 0.001563 0.000000
2 0.962500 0.803472 0.051562 0.056944
2 0.899219 0.809028 0.076563 0.062500
2 0.651172 0.656250 0.011719 0.029167
2 0.677344 0.663889 0.039062 0.030556
2 0.710547 0.659028 0.027344 0.015278
2 0.677344 0.639583 0.039062 0.029167
2 0.712500 0.640972 0.031250 0.023611
2 0.677344 0.615972 0.039062 0.029167
2 0.708984 0.614583 0.039844 0.029167
5 0.513281 0.809722 0.056250 0.025000
5 0.513281 0.820139 0.056250 0.023611
5 0.513281 0.830556 0.056250 0.022222
5 0.513281 0.839583 0.056250 0.023611
5 0.513281 0.859722 0.056250 0.025000
5 0.513281 0.849306 0.056250 0.023611
5 0.513281 0.879167 0.056250 0.025000
5 0.513281 0.868750 0.056250 0.023611
5 0.001563 0.784722 0.001563 0.008333
5 0.001953 0.793750 0.002344 0.009722
5 0.577344 0.825694 0.057813 0.020833
5 0.577344 0.835417 0.057813 0.023611
5 0.577344 0.854861 0.057813 0.023611
5 0.577344 0.845139 0.057813 0.023611
5 0.577344 0.874306 0.057813 0.023611
5 0.577344 0.864583 0.057813 0.023611
5 0.033203 0.786806 0.049219 0.018056
5 0.034766 0.795833 0.049219 0.019444
5 0.577344 0.816667 0.057813 0.022222
5 0.577344 0.805556 0.057813 0.025000
5 0.644531 0.820833 0.054688 0.022222
5 0.644531 0.830556 0.054688 0.022222
5 0.644531 0.850694 0.054688 0.023611
5 0.644531 0.840278 0.054688 0.022222
5 0.644531 0.868750 0.054688 0.023611
5 0.644531 0.859028 0.054688 0.023611
5 0.096094 0.784028 0.046875 0.018056
5 0.097266 0.791667 0.046094 0.019444
5 0.644531 0.812500 0.054688 0.022222
5 0.644531 0.802778 0.054688 0.022222
5 0.644922 0.745833 0.053906 0.019444
5 0.644922 0.755556 0.053906 0.019444
5 0.644531 0.775694 0.054688 0.020833
5 0.644922 0.765972 0.053906 0.020833
5 0.644531 0.793750 0.054688 0.020833
5 0.644531 0.784722 0.054688 0.019444
5 0.096094 0.777083 0.046875 0.018056
5 0.097266 0.769444 0.046094 0.019444
5 0.644922 0.736806 0.053906 0.020833
5 0.644922 0.727083 0.053906 0.020833