3 0.499609 0.825000 0.999219 0.347222
4 0.190234 0.771528 0.000781 0.043056
4 0.092578 0.790278 0.013281 0.013889
4 0.034766 0.855556 0.011719 0.080556
4 0.001953 0.718056 0.002344 0.041667
8 0.040625 0.889583 0.081250 0.070833
8 0.724219 0.844444 0.078125 0.041667
5 0.484766 0.672917 0.038281 0.009722
5 0.484766 0.672917 0.038281 0.009722
5 0.484766 0.672917 0.038281 0.009722
5 0.482812 0.663889 0.042188 0.011111
5 0.482812 0.663889 0.042188 0.011111
5 0.482812 0.663889 0.042188 0.011111
5 0.484766 0.681944 0.038281 0.008333
5 0.484766 0.681944 0.038281 0.008333
5 0.484766 0.681944 0.038281 0.008333
5 0.537891 0.684722 0.041406 0.011111
5 0.537891 0.684722 0.041406 0.011111
5 0.537891 0.684722 0.041406 0.011111
5 0.537891 0.676389 0.041406 0.011111
5 0.537891 0.676389 0.041406 0.011111
5 0.537891 0.676389 0.041406 0.011111
5 0.537891 0.668056 0.041406 0.011111
5 0.537891 0.668056 0.041406 0.011111
5 0.537891 0.668056 0.041406 0.011111
5 0.537891 0.658333 0.041406 0.011111
5 0.537891 0.658333 0.041406 0.011111
5 0.537891 0.658333 0.041406 0.011111
6 0.455469 0.719444 0.045312 0.072222
6 0.487891 0.701389 0.039844 0.066667
6 0.456250 0.661111 0.046875 0.069444
6 0.473047 0.709722 0.042969 0.069444
6 0.336328 0.765972 0.066406 0.087500
6 0.314844 0.787500 0.053125 0.097222
7 0.080469 0.938194 0.050000 0.040278
7 0.039453 0.977083 0.078906 0.043056
7 0.068359 0.815278 0.038281 0.030556
7 0.296484 0.738889 0.017969 0.013889
7 0.185547 0.786111 0.010156 0.013889
7 0.020703 0.665972 0.019531 0.004167
8 0.185938 0.841667 0.000000 0.000000
8 0.301563 0.770833 0.003125 0.025000
5 0.301172 0.754861 0.003906 0.009722
8 0.375781 0.740972 0.012500 0.009722
5 0.374219 0.738889 0.009375 0.011111
8 0.390234 0.733333 0.019531 0.011111
5 0.373047 0.730556 0.046094 0.013889
8 0.421094 0.757639 0.018750 0.034722
5 0.403125 0.742361 0.048438 0.012500
8 0.421094 0.748611 0.051562 0.033333
5 0.420312 0.734722 0.046875 0.013889
8 0.393750 0.765972 0.048438 0.034722
5 0.391797 0.750694 0.044531 0.015278
8 0.384375 0.775694 0.029687 0.037500
5 0.382812 0.760417 0.026562 0.015278
8 0.834766 0.736806 0.047656 0.012500
5 0.833984 0.734028 0.042969 0.009722
8 0.838281 0.734028 0.046875 0.023611
5 0.837500 0.726389 0.042188 0.008333
8 0.834766 0.756944 0.047656 0.038889
5 0.833203 0.742361 0.044531 0.012500
8 0.833203 0.768056 0.044531 0.036111
5 0.831641 0.753472 0.041406 0.015278
8 0.780469 0.725000 0.035937 0.002778
5 0.781641 0.722222 0.035156 0.008333
8 0.799219 0.756944 0.000000 0.000000
5 0.779297 0.729167 0.039844 0.008333
8 0.779297 0.754861 0.039844 0.023611
5 0.779297 0.738194 0.039844 0.012500
8 0.772266 0.758333 0.050781 0.027778
5 0.771484 0.747222 0.046094 0.013889
8 0.793359 0.816667 0.046094 0.047222
5 0.796094 0.798611 0.034375 0.022222
8 0.842969 0.820833 0.045312 0.052778
5 0.842578 0.804861 0.039844 0.023611
8 0.751172 0.809028 0.038281 0.048611
5 0.751172 0.795833 0.038281 0.022222
8 0.698828 0.811806 0.039844 0.037500
5 0.700391 0.790278 0.038281 0.022222
8 0.817187 0.780556 0.051562 0.027778
5 0.816406 0.768056 0.046875 0.011111
8 0.816797 0.793750 0.052344 0.040278
5 0.815234 0.781250 0.049219 0.018056
8 0.760938 0.792361 0.043750 0.043056
5 0.760938 0.778472 0.039062 0.018056
8 0.723047 0.782639 0.030469 0.026389
5 0.720703 0.773611 0.030469 0.016667
8 0.770312 0.900000 0.076563 0.052778
5 0.768750 0.888889 0.070312 0.030556
8 0.778125 0.886111 0.073438 0.061111
5 0.777344 0.868056 0.067187 0.025000
8 0.716016 0.984722 0.063281 0.027778
5 0.721094 0.970139 0.067187 0.037500
8 0.730078 0.960417 0.050781 0.070833
5 0.733594 0.940972 0.057813 0.031944
8 0.630469 0.967361 0.079687 0.062500
5 0.627344 0.954861 0.073438 0.040278
8 0.641406 0.954167 0.087500 0.066667
5 0.640625 0.929167 0.079687 0.033333
0 0.475391 0.825000 0.100781 0.261111
0 0.616016 0.736806 0.050781 0.187500
0 0.585156 0.652083 0.046875 0.112500
1 0.185547 0.616667 0.010156 0.013889
1 0.185938 0.618750 0.009375 0.004167
1 0.185547 0.615278 0.008594 0.016667
1 0.101172 0.637500 0.008594 0.069444
1 0.091406 0.639583 0.028125 0.073611
1 0.046875 0.626389 0.054688 0.072222
1 0.024609 0.683333 0.049219 0.097222
1 0.008203 0.673611 0.016406 0.077778
1 0.982812 0.703472 0.032813 0.106944
2 0.983984 0.665972 0.030469 0.009722
2 0.986328 0.686111 0.025781 0.033333
2 0.977734 0.727083 0.008594 0.037500
2 0.978906 0.667361 0.018750 0.006944
2 0.993750 0.665972 0.010937 0.001389
2 0.979688 0.668750 0.018750 0.004167
2 0.994531 0.668750 0.009375 0.001389
1 0.989453 0.739583 0.019531 0.131944
2 0.982812 0.750000 0.001563 0.033333
2 0.991016 0.704167 0.016406 0.036111
2 0.994141 0.716667 0.010156 0.038889
2 0.991406 0.761806 0.015625 0.048611
2 0.991797 0.706944 0.014844 0.033333
2 0.992188 0.710417 0.014063 0.034722
1 0.940234 0.703472 0.042969 0.112500
2 0.940234 0.660417 0.033594 0.004167
2 0.941406 0.683333 0.035937 0.033333
2 0.924219 0.722917 0.003125 0.037500
2 0.931250 0.662500 0.015625 0.002778
2 0.948828 0.663194 0.017969 0.001389
2 0.931641 0.665278 0.016406 0.002778
2 0.949609 0.666667 0.017969 0.002778
1 0.951172 0.737500 0.050781 0.133333
2 0.949219 0.700694 0.040625 0.034722
2 0.952344 0.714583 0.042188 0.040278
2 0.951172 0.760417 0.044531 0.045833
2 0.941016 0.688889 0.017969 0.002778
2 0.960547 0.689583 0.021094 0.004167
2 0.941016 0.691667 0.017969 0.002778
2 0.960938 0.693056 0.020313 0.002778
2 0.826172 0.956250 0.132031 0.084722
2 0.795703 0.991667 0.107031 0.013889
2 0.819531 0.972222 0.142187 0.052778
2 0.683203 0.903472 0.071094 0.090278
2 0.623047 0.892361 0.064844 0.084722
2 0.842187 0.701389 0.003125 0.036111
2 0.779297 0.706944 0.039844 0.036111
2 0.825391 0.710417 0.028906 0.037500
2 0.779687 0.677778 0.039062 0.036111
2 0.825391 0.680556 0.028906 0.036111
2 0.779687 0.648611 0.039062 0.036111
2 0.825781 0.650694 0.029687 0.037500
5 0.090625 0.806250 0.029687 0.023611
5 0.090625 0.820139 0.029687 0.018056
5 0.090625 0.830556 0.029687 0.016667
5 0.090625 0.840972 0.029687 0.018056
5 0.090625 0.863889 0.029687 0.016667
5 0.090625 0.852083 0.029687 0.018056
5 0.091406 0.883333 0.028125 0.016667
5 0.090625 0.872917 0.029687 0.015278
5 0.185547 0.838194 0.010156 0.020833
5 0.185547 0.848611 0.010156 0.022222
5 0.186328 0.870833 0.010156 0.022222
5 0.185547 0.859722 0.010156 0.022222
5 0.186328 0.892361 0.010156 0.023611
5 0.186328 0.881250 0.010156 0.020833
5 0.000000 0.738889 0.000000 0.000000
5 0.185547 0.827778 0.010156 0.022222
5 0.185547 0.814583 0.010156 0.026389
5 0.271875 0.841667 0.015625 0.019444
5 0.271875 0.853472 0.015625 0.020833
5 0.271875 0.875000 0.015625 0.019444
5 0.271875 0.864583 0.015625 0.020833
5 0.271875 0.896528 0.015625 0.020833
5 0.271875 0.885417 0.015625 0.020833
5 0.022656 0.743750 0.045312 0.012500
5 0.022656 0.751389 0.045312 0.013889
5 0.271875 0.831944 0.015625 0.019444
5 0.271875 0.820833 0.015625 0.019444
5 0.271875 0.756250 0.015625 0.018056
5 0.271875 0.767361 0.015625 0.018056
5 0.271875 0.789583 0.015625 0.018056
5 0.271875 0.778472 0.015625 0.018056
5 0.271875 0.810417 0.015625 0.018056
5 0.271875 0.800000 0.015625 0.019444
5 0.022656 0.737500 0.045312 0.013889
5 0.022656 0.729861 0.045312 0.015278
5 0.271875 0.746528 0.015625 0.015278
5 0.271875 0.735417 0.015625 0.018056