3 0.497266 0.852778 0.994531 0.291667
4 0.394141 0.806250 0.005469 0.076389
4 0.401953 0.852778 0.036719 0.094444
4 0.429688 0.887500 0.012500 0.100000
4 0.430859 0.922917 0.044531 0.118056
4 0.469531 0.955556 0.004687 0.086111
4 0.476953 0.976389 0.047656 0.044444
8 0.537500 0.981250 0.073438 0.034722
5 0.350781 0.713194 0.046875 0.012500
5 0.350781 0.713194 0.046875 0.012500
5 0.350781 0.713194 0.046875 0.012500
5 0.350781 0.702778 0.046875 0.013889
5 0.350781 0.702778 0.046875 0.013889
5 0.350781 0.702778 0.046875 0.013889
5 0.350781 0.722222 0.046875 0.011111
5 0.350781 0.722222 0.046875 0.011111
5 0.350781 0.722222 0.046875 0.011111
5 0.417187 0.720139 0.046875 0.012500
5 0.417187 0.720139 0.046875 0.012500
5 0.417187 0.720139 0.046875 0.012500
5 0.417187 0.711111 0.046875 0.011111
5 0.417187 0.711111 0.046875 0.011111
5 0.417187 0.711111 0.046875 0.011111
5 0.417187 0.701389 0.046875 0.011111
5 0.417187 0.701389 0.046875 0.011111
5 0.417187 0.701389 0.046875 0.011111
5 0.417187 0.690972 0.046875 0.012500
5 0.417187 0.690972 0.046875 0.012500
5 0.417187 0.690972 0.046875 0.012500
6 0.497266 0.739583 0.033594 0.051389
6 0.481250 0.734028 0.035937 0.076389
6 0.504297 0.684722 0.047656 0.080556
6 0.490625 0.738194 0.040625 0.070833
6 0.530469 0.812500 0.075000 0.108333
6 0.575391 0.827778 0.089844 0.105556
7 0.284375 0.927083 0.040625 0.048611
7 0.337891 0.799306 0.060156 0.020833
7 0.356641 0.865278 0.074219 0.027778
8 0.554297 0.910417 0.053906 0.070833
5 0.554688 0.890278 0.053125 0.033333
8 0.492578 0.920833 0.071094 0.075000
5 0.483984 0.896528 0.042969 0.034722
8 0.457031 0.823611 0.064062 0.050000
5 0.456250 0.806944 0.057813 0.016667
8 0.450781 0.812500 0.060937 0.044444
5 0.446875 0.793056 0.050000 0.013889
8 0.440234 0.801389 0.053906 0.044444
5 0.441406 0.784722 0.053125 0.013889
8 0.436719 0.790972 0.056250 0.040278
5 0.432812 0.772917 0.043750 0.009722
8 0.485938 0.802778 0.010937 0.036111
5 0.486719 0.783333 0.012500 0.013889
8 0.477734 0.780556 0.011719 0.022222
5 0.497266 0.770833 0.033594 0.008333
8 0.490625 0.801389 0.004687 0.027778
5 0.491406 0.790972 0.003125 0.009722
8 0.848828 0.742361 0.049219 0.029167
5 0.850781 0.730556 0.048438 0.011111
8 0.825000 0.725694 0.032813 0.006944
5 0.837891 0.724306 0.036719 0.009722
8 0.862109 0.747917 0.039844 0.029167
5 0.869141 0.736111 0.049219 0.011111
8 0.889062 0.752778 0.057813 0.025000
5 0.888672 0.743056 0.052344 0.011111
5 0.786719 0.722917 0.043750 0.004167
5 0.816797 0.729167 0.016406 0.005556
8 0.840234 0.761806 0.003906 0.009722
5 0.833203 0.735417 0.019531 0.006944
8 0.850781 0.759722 0.029687 0.027778
5 0.848828 0.744444 0.027344 0.011111
8 0.987891 0.797917 0.002344 0.012500
5 0.987109 0.782639 0.000781 0.015278
8 0.926172 0.785417 0.025781 0.015278
5 0.927344 0.783333 0.023438 0.016667
8 0.899219 0.802083 0.062500 0.045833
5 0.898438 0.785417 0.054688 0.018056
8 0.911328 0.765278 0.038281 0.022222
5 0.917188 0.756944 0.043750 0.011111
8 0.935547 0.770833 0.007031 0.005556
5 0.931641 0.765972 0.014844 0.012500
8 0.910547 0.784028 0.057031 0.040278
5 0.910156 0.770833 0.051562 0.016667
8 0.867969 0.787500 0.057813 0.044444
5 0.866797 0.772222 0.050781 0.016667
0 0.953516 0.818056 0.082031 0.266667
0 0.808594 0.740972 0.098437 0.198611
0 0.515625 0.675000 0.040625 0.122222
1 0.027734 0.699306 0.055469 0.101389
1 0.024219 0.704861 0.048438 0.104167
1 0.992188 0.654167 0.001563 0.025000
1 0.922266 0.690278 0.033594 0.097222
2 0.911328 0.694444 0.000781 0.000000
2 0.920703 0.654167 0.030469 0.002778
2 0.934766 0.671528 0.008594 0.026389
2 0.925781 0.709722 0.026562 0.033333
2 0.923047 0.655556 0.021094 0.002778
2 0.933203 0.654861 0.010156 0.001389
2 0.929688 0.670139 0.017188 0.029167
2 0.937109 0.655556 0.002344 0.000000
1 0.989844 0.663194 0.004687 0.012500
2 0.991406 0.668750 0.001563 0.001389
1 0.898047 0.693750 0.069531 0.101389
2 0.875000 0.706250 0.017188 0.029167
2 0.883203 0.691667 0.000781 0.000000
2 0.874609 0.668056 0.017969 0.027778
2 0.911719 0.673611 0.035937 0.030556
2 0.902734 0.711806 0.055469 0.034722
2 0.878906 0.670139 0.009375 0.029167
2 0.901172 0.655556 0.014844 0.000000
2 0.889062 0.670833 0.012500 0.027778
2 0.910547 0.656944 0.010156 0.000000
1 0.989844 0.713889 0.006250 0.094444
2 0.987109 0.669444 0.000781 0.000000
2 0.989844 0.693056 0.006250 0.033333
2 0.987891 0.734722 0.002344 0.036111
2 0.989844 0.671528 0.006250 0.001389
2 0.989844 0.674306 0.006250 0.001389
2 0.992188 0.673611 0.001563 0.000000
2 0.684766 0.707639 0.010156 0.034722
2 0.715234 0.715278 0.049219 0.036111
2 0.759375 0.716667 0.037500 0.030556
2 0.715234 0.685417 0.049219 0.034722
2 0.758984 0.686111 0.038281 0.030556
2 0.715234 0.656250 0.049219 0.034722
2 0.753125 0.654861 0.050000 0.034722
5 0.530078 0.885417 0.088281 0.037500
5 0.530078 0.901389 0.088281 0.038889
5 0.530078 0.916667 0.088281 0.036111
5 0.530078 0.931250 0.088281 0.037500
5 0.530078 0.959722 0.088281 0.033333
5 0.530078 0.945833 0.088281 0.036111
5 0.530078 0.985417 0.088281 0.026389
5 0.530078 0.974306 0.088281 0.034722
5 0.621094 0.909722 0.078125 0.033333
5 0.621094 0.925000 0.078125 0.036111
5 0.621094 0.955556 0.078125 0.036111
5 0.621094 0.940278 0.078125 0.036111
5 0.621094 0.981944 0.078125 0.033333
5 0.621094 0.968750 0.078125 0.037500
5 0.621094 0.895833 0.078125 0.036111
5 0.621094 0.879167 0.078125 0.036111
5 0.730469 0.902083 0.093750 0.034722
5 0.731250 0.917361 0.093750 0.034722
5 0.731250 0.947222 0.093750 0.036111
5 0.731250 0.931944 0.093750 0.036111
5 0.731250 0.975694 0.093750 0.037500
5 0.731250 0.961111 0.093750 0.036111
5 0.730469 0.889583 0.093750 0.031944
5 0.730469 0.874306 0.093750 0.031944
5 0.730469 0.788889 0.093750 0.027778
5 0.730469 0.803472 0.093750 0.029167
5 0.730469 0.833333 0.093750 0.030556
5 0.730469 0.818750 0.093750 0.029167
5 0.730469 0.860417 0.093750 0.034722
5 0.730469 0.846528 0.093750 0.031944
5 0.730469 0.775694 0.093750 0.026389
5 0.730469 0.759722 0.093750 0.027778