3 0.499609 0.841667 0.999219 0.313889
4 0.612109 0.979167 0.003906 0.038889
5 0.176172 0.787500 0.075781 0.030556
5 0.176172 0.787500 0.075781 0.030556
5 0.176172 0.787500 0.075781 0.030556
5 0.176172 0.772917 0.075781 0.031944
5 0.176172 0.772917 0.075781 0.031944
5 0.176172 0.772917 0.075781 0.031944
5 0.176172 0.800000 0.075781 0.030556
5 0.176172 0.800000 0.075781 0.030556
5 0.176172 0.800000 0.075781 0.030556
5 0.262109 0.783333 0.071094 0.027778
5 0.262109 0.783333 0.071094 0.027778
5 0.262109 0.783333 0.071094 0.027778
5 0.262109 0.770833 0.071094 0.027778
5 0.262109 0.770833 0.071094 0.027778
5 0.262109 0.770833 0.071094 0.027778
5 0.262109 0.757639 0.071094 0.029167
5 0.262109 0.757639 0.071094 0.029167
5 0.262109 0.757639 0.071094 0.029167
5 0.262109 0.743056 0.071094 0.027778
5 0.262109 0.743056 0.071094 0.027778
5 0.262109 0.743056 0.071094 0.027778
6 0.569922 0.866667 0.083594 0.119444
6 0.466016 0.822917 0.061719 0.118056
6 0.570703 0.768056 0.085156 0.125000
6 0.518359 0.834028 0.080469 0.109722
6 0.848828 0.952083 0.091406 0.093056
6 0.960547 0.974306 0.077344 0.048611
7 0.410547 0.979861 0.097656 0.037500
8 0.693359 0.986111 0.107031 0.025000
5 0.693359 0.985417 0.096094 0.026389
8 0.638672 0.972222 0.102344 0.052778
5 0.638672 0.970139 0.091406 0.048611
8 0.591797 0.962500 0.097656 0.072222
5 0.591406 0.947917 0.087500 0.045833
8 0.546484 0.953472 0.092969 0.068056
5 0.545703 0.924306 0.083594 0.040278
8 0.662891 0.927778 0.092969 0.047222
5 0.662500 0.922917 0.082812 0.040278
8 0.616406 0.907639 0.089063 0.045833
5 0.616016 0.902083 0.078906 0.037500
8 0.710547 0.961111 0.096094 0.047222
5 0.710156 0.943056 0.085938 0.044444
8 0.739844 0.981944 0.048438 0.033333
5 0.742188 0.970139 0.043750 0.045833
8 0.831250 0.766667 0.050000 0.036111
5 0.828516 0.750000 0.049219 0.016667
8 0.792969 0.747917 0.056250 0.015278
5 0.810937 0.740972 0.014063 0.009722
8 0.861719 0.776389 0.059375 0.038889
5 0.861719 0.758333 0.053125 0.019444
8 0.891016 0.786806 0.042969 0.040278
5 0.893359 0.768056 0.039844 0.019444
8 0.744922 0.768750 0.039844 0.037500
5 0.746484 0.750694 0.036719 0.018056
8 0.788672 0.775000 0.060156 0.033333
5 0.788672 0.759028 0.053906 0.009722
8 0.828516 0.786806 0.049219 0.040278
5 0.826953 0.768056 0.046094 0.019444
8 0.861328 0.797917 0.063281 0.043056
5 0.861719 0.778472 0.056250 0.020833
8 0.982422 0.798611 0.014844 0.005556
5 0.974609 0.788194 0.030469 0.020833
5 0.986328 0.802083 0.010156 0.004167
0 0.952344 0.804861 0.093750 0.243056
0 0.426563 0.720833 0.095312 0.175000
1 0.967969 0.640278 0.062500 0.052778
2 0.949219 0.662500 0.000000 0.000000
2 0.944531 0.631944 0.015625 0.013889
2 0.984766 0.645833 0.028906 0.030556
2 0.955078 0.665278 0.011719 0.002778
2 0.951172 0.642361 0.019531 0.029167
2 0.960938 0.627083 0.015625 0.001389
2 0.965625 0.644444 0.020313 0.030556
2 0.975391 0.629167 0.019531 0.002778
1 0.910937 0.669444 0.082812 0.094444
2 0.883203 0.684028 0.021094 0.018056
2 0.891797 0.673611 0.008594 0.002778
2 0.887891 0.642361 0.030469 0.018056
2 0.942578 0.654861 0.011719 0.029167
2 0.901172 0.692361 0.027344 0.034722
2 0.896875 0.652778 0.020313 0.030556
2 0.906250 0.636806 0.017188 0.001389
2 0.908203 0.654861 0.013281 0.031944
2 0.914453 0.638194 0.000781 0.001389
1 0.848047 0.690278 0.086719 0.116667
2 0.824609 0.647222 0.032031 0.005556
2 0.870313 0.668750 0.034375 0.034722
2 0.866016 0.710417 0.042969 0.037500
2 0.833594 0.650694 0.021875 0.004167
2 0.843750 0.647222 0.020313 0.002778
2 0.848437 0.652083 0.021875 0.004167
2 0.861328 0.650000 0.021094 0.002778
1 0.954297 0.660417 0.022656 0.018056
2 0.963672 0.668056 0.033594 0.008333
2 0.978125 0.671528 0.026562 0.006944
2 0.986719 0.668750 0.023438 0.004167
2 0.991406 0.675000 0.015625 0.005556
2 0.996094 0.670139 0.006250 0.001389
1 0.833984 0.697222 0.060156 0.102778
2 0.804688 0.693056 0.000000 0.000000
2 0.809375 0.650000 0.009375 0.002778
2 0.842578 0.674306 0.035156 0.037500
2 0.832422 0.715972 0.057031 0.043056
2 0.811328 0.670139 0.013281 0.034722
2 0.818750 0.652778 0.018750 0.002778
2 0.821875 0.672917 0.025000 0.034722
2 0.830859 0.654167 0.017969 0.002778
1 0.957031 0.715972 0.084375 0.118056
2 0.940234 0.738194 0.008594 0.037500
2 0.940625 0.718750 0.009375 0.001389
2 0.945703 0.689583 0.019531 0.040278
2 0.987109 0.700000 0.024219 0.041667
2 0.968359 0.744444 0.061719 0.047222
2 0.950000 0.694444 0.025000 0.038889
2 0.961719 0.674306 0.023438 0.004167
2 0.969141 0.697222 0.025781 0.038889
2 0.981250 0.677083 0.025000 0.004167
2 0.570312 0.724306 0.039062 0.048611
2 0.587500 0.700000 0.004687 0.002778
2 0.625000 0.738194 0.068750 0.045833
2 0.676562 0.734028 0.032813 0.040278
2 0.625000 0.702778 0.068750 0.044444
2 0.676562 0.699306 0.032813 0.037500
2 0.625000 0.665972 0.068750 0.045833
2 0.658984 0.660417 0.067969 0.045833