3 0.499609 0.828472 0.999219 0.340278
4 0.185156 0.727778 0.000000 0.000000
4 0.141406 0.707639 0.001563 0.012500
4 0.082812 0.708333 0.010937 0.002778
4 0.020313 0.750694 0.009375 0.065278
4 0.075000 0.677778 0.001563 0.022222
8 0.025391 0.772222 0.050781 0.047222
8 0.585156 0.761806 0.075000 0.020833
5 0.515234 0.674306 0.025781 0.006944
5 0.515234 0.674306 0.025781 0.006944
5 0.515234 0.674306 0.025781 0.006944
5 0.521875 0.665972 0.039062 0.009722
5 0.521875 0.665972 0.039062 0.009722
5 0.521875 0.665972 0.039062 0.009722
5 0.517578 0.681250 0.030469 0.006944
5 0.517578 0.681250 0.030469 0.006944
5 0.517578 0.681250 0.030469 0.006944
5 0.563672 0.675000 0.002344 0.002778
5 0.563672 0.675000 0.002344 0.002778
5 0.563672 0.675000 0.002344 0.002778
5 0.563281 0.671528 0.003125 0.001389
5 0.563281 0.671528 0.003125 0.001389
5 0.563281 0.671528 0.003125 0.001389
5 0.562891 0.657639 0.003906 0.004167
5 0.562891 0.657639 0.003906 0.004167
5 0.562891 0.657639 0.003906 0.004167
6 0.447656 0.693056 0.045312 0.061111
6 0.492969 0.684028 0.037500 0.056944
6 0.448437 0.640972 0.046875 0.059722
6 0.470703 0.688194 0.042969 0.059722
6 0.308984 0.713889 0.057031 0.072222
6 0.275391 0.724306 0.039844 0.076389
7 0.041406 0.800694 0.065625 0.026389
7 0.003516 0.816667 0.007031 0.016667
7 0.257422 0.908333 0.096094 0.041667
7 0.299609 0.878472 0.035156 0.031944
7 0.044922 0.981250 0.089844 0.034722
7 0.167187 0.953472 0.060937 0.051389
7 0.029687 0.709722 0.040625 0.013889
7 0.214844 0.732639 0.037500 0.015278
7 0.089063 0.665278 0.004687 0.005556
7 0.139844 0.662500 0.003125 0.005556
7 0.032031 0.672222 0.031250 0.008333
7 0.062500 0.669444 0.029687 0.008333
8 0.178516 0.750000 0.058594 0.027778
5 0.191016 0.738889 0.014844 0.011111
5 0.150000 0.736806 0.001563 0.001389
5 0.337500 0.702778 0.000000 0.000000
5 0.350391 0.701389 0.025781 0.005556
8 0.362500 0.704167 0.000000 0.000000
5 0.363281 0.696528 0.001563 0.004167
8 0.398828 0.715278 0.000781 0.008333
5 0.398828 0.706944 0.000781 0.008333
8 0.415625 0.714583 0.032813 0.026389
5 0.422656 0.702778 0.014063 0.008333
5 0.337500 0.711111 0.000000 0.000000
8 0.790234 0.726389 0.042969 0.030556
5 0.786719 0.711806 0.043750 0.009722
8 0.799219 0.721528 0.048438 0.029167
5 0.798438 0.709028 0.043750 0.009722
8 0.781641 0.730556 0.046094 0.030556
5 0.778125 0.716667 0.045312 0.011111
8 0.767578 0.736111 0.049219 0.030556
5 0.766016 0.722222 0.046094 0.011111
8 0.767969 0.706944 0.014063 0.005556
5 0.750781 0.704861 0.042188 0.009722
8 0.745703 0.719444 0.035156 0.022222
5 0.738281 0.709028 0.043750 0.009722
8 0.744141 0.715972 0.002344 0.001389
5 0.726562 0.712500 0.040625 0.008333
8 0.712500 0.723611 0.045312 0.013889
5 0.713672 0.718056 0.042969 0.011111
8 0.690234 0.761111 0.044531 0.038889
5 0.688672 0.745139 0.041406 0.015278
8 0.728125 0.765278 0.051562 0.038889
5 0.727734 0.749306 0.046094 0.015278
8 0.648047 0.759028 0.047656 0.034722
5 0.649219 0.741667 0.045312 0.013889
8 0.611328 0.752778 0.050781 0.036111
5 0.610938 0.737500 0.045312 0.013889
8 0.736719 0.743750 0.053125 0.029167
5 0.735938 0.730556 0.048438 0.011111
8 0.725391 0.752083 0.055469 0.034722
5 0.724219 0.735417 0.050000 0.012500
8 0.675781 0.747222 0.048438 0.033333
5 0.675000 0.733333 0.043750 0.013889
8 0.630859 0.746528 0.032031 0.031944
5 0.637109 0.729861 0.042969 0.012500
8 0.603516 0.809028 0.036719 0.045833
5 0.601172 0.788194 0.032031 0.018056
8 0.615234 0.798611 0.060156 0.044444
5 0.608984 0.779167 0.063281 0.019444
0 0.944531 0.856250 0.109375 0.284722
0 0.341016 0.723611 0.116406 0.200000
0 0.531250 0.688194 0.067187 0.154167
0 0.600781 0.649306 0.048438 0.106944
1 0.304688 0.643750 0.046875 0.068056
1 0.283984 0.645139 0.053906 0.065278
1 0.259766 0.640972 0.052344 0.065278
1 0.238672 0.644444 0.047656 0.066667
1 0.221094 0.639583 0.051562 0.062500
1 0.198437 0.641667 0.043750 0.066667
1 0.163672 0.632639 0.047656 0.056944
1 0.075000 0.659722 0.034375 0.072222
1 0.063281 0.657639 0.057813 0.076389
1 0.947656 0.688194 0.050000 0.101389
2 0.962500 0.705556 0.015625 0.030556
2 0.952734 0.663889 0.035156 0.030556
2 0.942578 0.668750 0.035156 0.031944
2 0.957812 0.709722 0.020313 0.036111
2 0.947266 0.651389 0.000781 0.000000
2 0.958594 0.666667 0.018750 0.030556
2 0.937500 0.651389 0.017188 0.000000
2 0.955469 0.667361 0.020313 0.031944
1 0.925391 0.700694 0.058594 0.104167
2 0.919922 0.706944 0.008594 0.000000
2 0.944531 0.711806 0.014063 0.009722
2 0.930859 0.678472 0.041406 0.034722
2 0.920703 0.684028 0.042969 0.037500
2 0.923828 0.727778 0.049219 0.041667
2 0.925781 0.663889 0.000000 0.000000
2 0.938672 0.680556 0.021094 0.036111
2 0.914844 0.664583 0.020313 0.001389
2 0.934375 0.681944 0.021875 0.036111
1 0.900781 0.647917 0.050000 0.023611
2 0.906641 0.653472 0.035156 0.012500
2 0.896484 0.657639 0.036719 0.012500
2 0.901563 0.706250 0.014063 0.006944
2 0.890625 0.648611 0.010937 0.000000
2 0.917969 0.654861 0.006250 0.009722
2 0.890625 0.650000 0.018750 0.000000
2 0.910547 0.654861 0.014844 0.009722
1 0.873828 0.706250 0.058594 0.120833
2 0.876172 0.704167 0.007031 0.000000
2 0.890625 0.708333 0.020313 0.008333
2 0.881250 0.661806 0.039062 0.006944
2 0.867969 0.680556 0.042188 0.036111
2 0.871875 0.725000 0.048438 0.041667
2 0.870313 0.660417 0.007812 0.001389
2 0.892188 0.677778 0.007812 0.033333
2 0.862500 0.661806 0.017188 0.001389
2 0.882422 0.679861 0.021094 0.034722
2 0.847266 0.924306 0.044531 0.090278
2 0.745313 0.962500 0.157812 0.072222
2 0.744922 0.889583 0.158594 0.120833
2 0.800000 0.846528 0.137500 0.101389
2 0.523438 0.809722 0.121875 0.086111
2 0.441016 0.842361 0.138281 0.098611
2 0.488281 0.919444 0.043750 0.088889
2 0.567187 0.877083 0.034375 0.076389
2 0.485156 0.825000 0.129688 0.091667
2 0.391797 0.862500 0.147656 0.108333
2 0.391797 0.944444 0.147656 0.097222
2 0.530469 0.896528 0.039062 0.081944
2 0.529297 0.769444 0.039844 0.005556
2 0.461328 0.775694 0.085156 0.031944
2 0.839063 0.696528 0.010937 0.031944
2 0.770703 0.695833 0.032031 0.022222
2 0.810156 0.701389 0.045312 0.030556
2 0.770703 0.672222 0.032031 0.030556
2 0.810156 0.672917 0.045312 0.031944
2 0.773438 0.642361 0.037500 0.031944
2 0.810156 0.644444 0.045312 0.033333
5 0.073828 0.716667 0.035156 0.013889
5 0.073438 0.726389 0.035937 0.013889
5 0.073438 0.734722 0.035937 0.011111
5 0.073438 0.743056 0.035937 0.013889
5 0.073438 0.761111 0.035937 0.013889
5 0.073438 0.752083 0.035937 0.012500
5 0.073438 0.777778 0.035937 0.013889
5 0.073438 0.769444 0.035937 0.013889
5 0.030078 0.697917 0.041406 0.006944
5 0.014063 0.704167 0.010937 0.005556
5 0.142969 0.740278 0.010937 0.008333
5 0.144141 0.748611 0.013281 0.008333
5 0.142969 0.766667 0.010937 0.008333
5 0.142969 0.758333 0.010937 0.008333
5 0.142578 0.784722 0.010156 0.008333
5 0.142969 0.775000 0.010937 0.008333
5 0.052734 0.700694 0.035156 0.009722
5 0.059766 0.707639 0.021094 0.006944
5 0.144141 0.730556 0.013281 0.008333
5 0.143359 0.720139 0.011719 0.012500
5 0.173437 0.743750 0.062500 0.015278
5 0.173437 0.753472 0.062500 0.015278
5 0.173437 0.772222 0.062500 0.016667
5 0.173437 0.762500 0.062500 0.016667
5 0.173437 0.789583 0.062500 0.018056
5 0.173437 0.780556 0.062500 0.016667
5 0.078125 0.704861 0.026562 0.006944
5 0.073828 0.709028 0.017969 0.004167
5 0.173437 0.735417 0.062500 0.015278
5 0.173437 0.727083 0.062500 0.015278
5 0.173828 0.672917 0.063281 0.012500
5 0.173828 0.681944 0.063281 0.013889
5 0.173828 0.701389 0.063281 0.013889
5 0.173828 0.692361 0.063281 0.012500
5 0.173437 0.718750 0.062500 0.015278
5 0.173828 0.709722 0.063281 0.013889
5 0.078516 0.698611 0.025781 0.008333
5 0.078125 0.692361 0.026562 0.009722
5 0.173828 0.665278 0.063281 0.011111
5 0.173828 0.654861 0.063281 0.012500