3 0.494531 0.863194 0.989062 0.270833
5 0.015625 0.965972 0.031250 0.043056
5 0.015625 0.965972 0.031250 0.043056
5 0.015625 0.965972 0.031250 0.043056
5 0.015625 0.946528 0.031250 0.043056
5 0.015625 0.946528 0.031250 0.043056
5 0.015625 0.946528 0.031250 0.043056
5 0.015625 0.926389 0.031250 0.041667
5 0.015625 0.926389 0.031250 0.041667
5 0.015625 0.926389 0.031250 0.041667
5 0.015625 0.903472 0.031250 0.040278
5 0.015625 0.903472 0.031250 0.040278
5 0.015625 0.903472 0.031250 0.040278
6 0.667578 0.937500 0.094531 0.122222
6 0.478516 0.925694 0.097656 0.145833
6 0.666797 0.820139 0.094531 0.143056
6 0.570703 0.927083 0.094531 0.143056
7 0.916797 0.744444 0.028906 0.016667
7 0.971094 0.745139 0.031250 0.018056
7 0.844922 0.742361 0.025781 0.018056
7 0.792188 0.742361 0.023438 0.018056
8 0.951172 0.993056 0.069531 0.011111
5 0.954688 0.992361 0.065625 0.012500
8 0.875781 0.991667 0.068750 0.013889
5 0.879687 0.990972 0.064062 0.015278
8 0.791016 0.988889 0.066406 0.019444
5 0.794141 0.988194 0.061719 0.020833
8 0.866797 0.971528 0.075781 0.054167
5 0.867578 0.965972 0.066406 0.043056
8 0.786719 0.969444 0.068750 0.058333
5 0.787500 0.961111 0.059375 0.044444
8 0.937891 0.972917 0.082031 0.051389
5 0.938672 0.968056 0.072656 0.044444
8 0.982812 0.975000 0.012500 0.047222
5 0.985547 0.962500 0.007031 0.022222
8 0.577344 0.799306 0.040625 0.043056
5 0.577734 0.784028 0.035156 0.015278
8 0.532422 0.797917 0.041406 0.043056
5 0.533203 0.781944 0.036719 0.013889
8 0.617578 0.797917 0.038281 0.040278
5 0.617969 0.784722 0.034375 0.013889
8 0.662891 0.799306 0.036719 0.037500
5 0.664062 0.786806 0.031250 0.015278
8 0.523438 0.812500 0.043750 0.047222
5 0.523828 0.797222 0.038281 0.019444
8 0.570703 0.813889 0.042969 0.047222
5 0.571094 0.799306 0.037500 0.018056
8 0.612891 0.814583 0.041406 0.045833
5 0.613281 0.800000 0.035937 0.019444
8 0.662109 0.816667 0.038281 0.047222
5 0.661719 0.802083 0.034375 0.018056
8 0.900781 0.795139 0.001563 0.001389
5 0.900781 0.796528 0.004687 0.006944
8 0.869922 0.786806 0.058594 0.009722
5 0.869141 0.785417 0.052344 0.009722
8 0.913672 0.809028 0.007031 0.009722
5 0.908203 0.806250 0.010156 0.009722
8 0.918750 0.815972 0.001563 0.001389
5 0.917188 0.817361 0.006250 0.006944
8 0.758203 0.806944 0.022656 0.044444
5 0.756250 0.791667 0.021875 0.016667
8 0.794922 0.806944 0.046094 0.044444
5 0.795703 0.792361 0.039844 0.018056
8 0.812891 0.821528 0.055469 0.045833
5 0.813672 0.802778 0.052344 0.011111
8 0.814063 0.832639 0.051562 0.045833
5 0.814453 0.816667 0.049219 0.016667
0 0.912500 0.789583 0.151562 0.215278
0 0.226172 0.817361 0.169531 0.237500
1 0.531250 0.695833 0.067187 0.091667
2 0.508594 0.664583 0.017188 0.009722
2 0.552734 0.674306 0.014844 0.029167
2 0.558203 0.711111 0.008594 0.030556
2 0.522656 0.665278 0.015625 0.008333
2 0.525000 0.659722 0.014063 0.000000
2 0.537891 0.665278 0.014844 0.008333
2 0.539844 0.660417 0.014063 0.001389
1 0.660937 0.661111 0.065625 0.019444
2 0.638281 0.666667 0.014063 0.011111
2 0.684375 0.665972 0.015625 0.009722
2 0.653516 0.666667 0.014844 0.008333
2 0.653906 0.661111 0.014063 0.000000
2 0.669141 0.666667 0.014844 0.008333
2 0.669141 0.661806 0.014844 0.001389
1 0.520312 0.709722 0.073438 0.100000
2 0.495703 0.676389 0.019531 0.013889
2 0.544922 0.686806 0.017969 0.031944
2 0.549609 0.726389 0.008594 0.033333
2 0.510938 0.677083 0.017188 0.009722
2 0.513281 0.670833 0.015625 0.000000
2 0.527734 0.677778 0.016406 0.011111
2 0.529687 0.670833 0.015625 0.000000
1 0.634766 0.705556 0.017969 0.088889
2 0.643750 0.740972 0.000000 0.006944
2 0.636719 0.679167 0.015625 0.013889
2 0.685937 0.678472 0.015625 0.012500
2 0.653125 0.679167 0.015625 0.011111
2 0.653516 0.678472 0.016406 0.012500
2 0.670312 0.679167 0.015625 0.011111
2 0.669922 0.672917 0.016406 0.001389
1 0.543750 0.724306 0.006250 0.104167
2 0.483984 0.686111 0.011719 0.005556
2 0.532031 0.702083 0.017188 0.034722
2 0.539453 0.747222 0.002344 0.033333
2 0.496094 0.687500 0.018750 0.002778
2 0.499219 0.684028 0.018750 0.001389
2 0.514453 0.687500 0.019531 0.002778
2 0.516406 0.684028 0.017188 0.001389
1 0.632812 0.706250 0.020313 0.065278
2 0.634375 0.702778 0.017188 0.036111
2 0.687109 0.688889 0.013281 0.005556
2 0.652734 0.688889 0.017969 0.002778
2 0.653125 0.686806 0.017188 0.001389
2 0.671484 0.690278 0.017969 0.002778
2 0.671484 0.686806 0.017969 0.001389
1 0.499609 0.734722 0.085156 0.113889
2 0.471094 0.754167 0.020313 0.036111
2 0.481250 0.735417 0.004687 0.001389
2 0.472266 0.707639 0.022656 0.037500
2 0.527734 0.709028 0.021094 0.037500
2 0.509375 0.754167 0.057813 0.038889
2 0.489063 0.709028 0.018750 0.034722
2 0.492578 0.690972 0.017969 0.001389
2 0.508203 0.710417 0.019531 0.034722
2 0.510547 0.690972 0.019531 0.001389
1 0.657422 0.731250 0.072656 0.104167
2 0.633594 0.758333 0.018750 0.036111
2 0.633984 0.754167 0.017969 0.033333
2 0.633203 0.710417 0.017969 0.037500
2 0.687500 0.711806 0.012500 0.037500
2 0.669141 0.757639 0.049219 0.040278
2 0.652344 0.712500 0.018750 0.036111
2 0.652734 0.692361 0.017969 0.001389
2 0.671875 0.712500 0.018750 0.036111
2 0.671875 0.693056 0.018750 0.002778
2 0.271875 0.805556 0.064062 0.050000
2 0.278516 0.775000 0.049219 0.011111
2 0.362891 0.811111 0.047656 0.052778
2 0.394141 0.798611 0.013281 0.050000
2 0.348047 0.769444 0.077344 0.050000
2 0.394141 0.758333 0.013281 0.047222
2 0.346094 0.726389 0.081250 0.050000
2 0.369922 0.716667 0.061719 0.047222