3 0.500000 0.866667 0.998437 0.263889
4 0.014844 0.754861 0.006250 0.018056
8 0.385937 0.888889 0.128125 0.097222
5 0.599609 0.750000 0.036719 0.011111
5 0.599609 0.750000 0.036719 0.011111
5 0.599609 0.750000 0.036719 0.011111
5 0.599609 0.739583 0.036719 0.012500
5 0.599609 0.739583 0.036719 0.012500
5 0.599609 0.739583 0.036719 0.012500
5 0.600000 0.760417 0.037500 0.009722
5 0.600000 0.760417 0.037500 0.009722
5 0.600000 0.760417 0.037500 0.009722
6 0.409766 0.761806 0.067969 0.079167
6 0.500000 0.753472 0.046875 0.073611
6 0.410547 0.689583 0.069531 0.079167
6 0.453516 0.727778 0.064844 0.016667
6 0.150781 0.781250 0.060937 0.101389
6 0.082812 0.786806 0.067187 0.098611
7 0.143750 0.733333 0.023438 0.008333
7 0.171875 0.731250 0.018750 0.006944
7 0.057031 0.735417 0.012500 0.004167
7 0.089844 0.734028 0.026562 0.004167
8 0.242969 0.794444 0.031250 0.036111
5 0.242578 0.773611 0.030469 0.011111
8 0.277344 0.800000 0.028125 0.011111
5 0.266016 0.768750 0.053906 0.006944
8 0.308203 0.786111 0.047656 0.033333
5 0.305859 0.765972 0.052344 0.006944
8 0.305469 0.794444 0.059375 0.038889
5 0.303125 0.776389 0.056250 0.013889
8 0.344531 0.790972 0.060937 0.037500
5 0.342969 0.772917 0.054688 0.012500
8 0.268359 0.798611 0.063281 0.041667
5 0.267188 0.779861 0.057813 0.012500
8 0.241797 0.802083 0.028906 0.037500
5 0.239453 0.784028 0.024219 0.012500
8 0.880078 0.824306 0.077344 0.048611
5 0.875000 0.801389 0.076563 0.016667
8 0.904687 0.820139 0.064062 0.043056
5 0.901563 0.795833 0.070312 0.016667
8 0.856641 0.830556 0.080469 0.050000
5 0.851953 0.806250 0.078906 0.018056
8 0.820703 0.835417 0.089844 0.054167
5 0.819141 0.812500 0.080469 0.019444
8 0.834766 0.806250 0.075781 0.040278
5 0.832812 0.788194 0.068750 0.012500
8 0.829688 0.813194 0.028125 0.040278
5 0.807422 0.791667 0.063281 0.011111
8 0.807031 0.820833 0.028125 0.047222
5 0.778906 0.795833 0.073438 0.011111
8 0.741797 0.822917 0.074219 0.045833
5 0.743359 0.803472 0.071094 0.018056
8 0.627344 0.870139 0.090625 0.065278
5 0.624609 0.841667 0.085156 0.025000
8 0.682031 0.881250 0.104688 0.070833
5 0.682031 0.851389 0.093750 0.027778
8 0.567578 0.859722 0.091406 0.055556
5 0.570703 0.832639 0.086719 0.020833
8 0.508594 0.853472 0.070312 0.056944
5 0.511328 0.826389 0.064844 0.022222
8 0.749219 0.848611 0.095312 0.058333
5 0.748047 0.822917 0.085156 0.020833
8 0.714063 0.857639 0.098437 0.062500
5 0.712500 0.830556 0.089063 0.022222
8 0.636328 0.844444 0.091406 0.047222
5 0.636719 0.822917 0.081250 0.018056
8 0.585938 0.838194 0.087500 0.048611
5 0.603516 0.815278 0.042969 0.016667
8 0.289844 0.947917 0.128125 0.095833
5 0.285938 0.907639 0.117188 0.043056
8 0.369922 0.930556 0.125781 0.088889
5 0.367969 0.893056 0.112500 0.038889
8 0.060156 0.968056 0.120313 0.038889
5 0.054688 0.950694 0.109375 0.054167
8 0.023047 0.948611 0.046094 0.061111
5 0.018359 0.917361 0.036719 0.034722
0 0.042969 0.767361 0.085938 0.295833
0 0.427734 0.747917 0.144531 0.240278
0 0.664062 0.711806 0.090625 0.148611
1 0.342187 0.710417 0.060937 0.081944
1 0.316406 0.710417 0.062500 0.081944
1 0.296094 0.708333 0.048438 0.077778
1 0.276953 0.709722 0.057031 0.080556
1 0.270313 0.706250 0.043750 0.076389
1 0.247656 0.706944 0.039062 0.075000
1 0.241016 0.697917 0.025781 0.059722
1 0.044141 0.718750 0.085156 0.093056
1 0.032813 0.711111 0.065625 0.077778
1 0.964844 0.791667 0.068750 0.208333
2 0.988281 0.784722 0.021875 0.002778
2 0.987500 0.708333 0.023438 0.000000
2 0.967578 0.742361 0.063281 0.062500
2 0.967969 0.822222 0.062500 0.075000
2 0.981641 0.709722 0.035156 0.000000
2 0.971094 0.710417 0.039062 0.001389
2 0.995313 0.711806 0.007812 0.001389
2 0.128906 0.978472 0.257812 0.040278
2 0.181641 0.915278 0.182031 0.105556
2 0.110547 0.904861 0.138281 0.112500
2 0.882031 0.777083 0.048438 0.023611
2 0.950000 0.790278 0.065625 0.041667
2 0.881250 0.744444 0.048438 0.044444
2 0.926172 0.746528 0.019531 0.043056
2 0.888281 0.700694 0.064062 0.045833
2 0.953906 0.701389 0.076563 0.044444
5 0.021094 0.761111 0.004687 0.005556
5 0.018750 0.754167 0.012500 0.008333