3 0.499609 0.916667 0.999219 0.163889
5 0.332031 0.833333 0.087500 0.036111
5 0.332031 0.833333 0.087500 0.036111
5 0.332031 0.833333 0.087500 0.036111
5 0.332031 0.815278 0.087500 0.036111
5 0.332031 0.815278 0.087500 0.036111
5 0.332031 0.815278 0.087500 0.036111
5 0.332031 0.850694 0.087500 0.037500
5 0.332031 0.850694 0.087500 0.037500
5 0.332031 0.850694 0.087500 0.037500
5 0.456250 0.858333 0.082812 0.025000
5 0.456250 0.858333 0.082812 0.025000
5 0.456250 0.858333 0.082812 0.025000
5 0.456250 0.841667 0.082812 0.025000
5 0.456250 0.841667 0.082812 0.025000
5 0.456250 0.841667 0.082812 0.025000
5 0.456250 0.822917 0.082812 0.026389
5 0.456250 0.822917 0.082812 0.026389
5 0.456250 0.822917 0.082812 0.026389
5 0.456250 0.798611 0.082812 0.036111
5 0.456250 0.798611 0.082812 0.036111
5 0.456250 0.798611 0.082812 0.036111
6 0.458203 0.976389 0.086719 0.044444
6 0.425000 0.963194 0.120313 0.070833
0 0.621484 0.840972 0.080469 0.309722
2 0.988672 0.874306 0.021094 0.081944