3 0.505078 0.893750 0.988281 0.209722
5 0.703516 0.868056 0.028906 0.019444
5 0.703516 0.868056 0.028906 0.019444
5 0.703516 0.868056 0.028906 0.019444
5 0.705469 0.851389 0.032813 0.022222
5 0.705469 0.851389 0.032813 0.022222
5 0.705469 0.851389 0.032813 0.022222
5 0.702734 0.881944 0.027344 0.019444
5 0.702734 0.881944 0.027344 0.019444
5 0.702734 0.881944 0.027344 0.019444
5 0.774219 0.840278 0.000000 0.000000
5 0.774219 0.840278 0.000000 0.000000
5 0.774219 0.840278 0.000000 0.000000
6 0.332422 0.932639 0.111719 0.131944
6 0.496875 0.912500 0.103125 0.138889
6 0.333203 0.815278 0.110156 0.138889
6 0.419141 0.923611 0.107031 0.144444
7 0.160938 0.928472 0.026562 0.020833
7 0.217578 0.799306 0.005469 0.012500
7 0.262109 0.797222 0.028906 0.011111
7 0.100000 0.808333 0.028125 0.008333
7 0.150781 0.802778 0.028125 0.013889
8 0.044922 0.974306 0.067969 0.048611
5 0.048047 0.945139 0.050781 0.026389
8 0.110937 0.961111 0.075000 0.072222
5 0.109375 0.938194 0.067187 0.029167
8 0.179688 0.951389 0.065625 0.066667
5 0.179688 0.929167 0.059375 0.027778
8 0.123438 0.972222 0.067187 0.052778
5 0.127344 0.961111 0.067187 0.033333
8 0.223438 0.968056 0.060937 0.061111
5 0.220312 0.954167 0.054688 0.033333
8 0.057031 0.977083 0.081250 0.043056
5 0.052344 0.973611 0.065625 0.038889
0 0.115234 0.881250 0.230469 0.234722
0 0.800391 0.844444 0.169531 0.252778
1 0.421094 0.786111 0.071875 0.113889
1 0.383203 0.786806 0.072656 0.112500
1 0.380859 0.770833 0.066406 0.088889
1 0.344922 0.781250 0.066406 0.106944
1 0.346094 0.765278 0.062500 0.083333
1 0.317578 0.773611 0.049219 0.100000
1 0.328906 0.757639 0.067187 0.084722
1 0.028125 0.799306 0.056250 0.118056
1 0.022266 0.797222 0.044531 0.119444