3 0.499609 0.970139 0.999219 0.056944
4 0.677734 0.901389 0.027344 0.175000
4 0.995703 0.852778 0.007031 0.155556
5 0.096094 0.929167 0.095312 0.016667
5 0.096094 0.929167 0.095312 0.016667
5 0.096094 0.929167 0.095312 0.016667
5 0.096875 0.911111 0.095312 0.016667
5 0.096875 0.911111 0.095312 0.016667
5 0.096875 0.911111 0.095312 0.016667
5 0.095703 0.945833 0.096094 0.016667
5 0.095703 0.945833 0.096094 0.016667
5 0.095703 0.945833 0.096094 0.016667
5 0.204297 0.944444 0.088281 0.013889
5 0.204297 0.944444 0.088281 0.013889
5 0.204297 0.944444 0.088281 0.013889
5 0.205078 0.928472 0.088281 0.015278
5 0.205078 0.928472 0.088281 0.015278
5 0.205078 0.928472 0.088281 0.015278
5 0.205469 0.911806 0.087500 0.015278
5 0.205469 0.911806 0.087500 0.015278
5 0.205469 0.911806 0.087500 0.015278
5 0.206250 0.895139 0.087500 0.015278
5 0.206250 0.895139 0.087500 0.015278
5 0.206250 0.895139 0.087500 0.015278
6 0.595313 0.894444 0.106250 0.144444
6 0.458984 0.897917 0.083594 0.126389
6 0.596094 0.768750 0.107813 0.148611
6 0.525000 0.897222 0.104688 0.130556
6 0.978516 0.881250 0.041406 0.218056
7 0.381250 0.959028 0.137500 0.037500
7 0.807031 0.975694 0.190625 0.045833
8 0.788281 0.938889 0.153125 0.083333
5 0.788281 0.901389 0.137500 0.019444
8 0.703125 0.940278 0.142187 0.083333
5 0.696484 0.902778 0.114844 0.016667
8 0.633984 0.939583 0.135156 0.079167
5 0.629297 0.904167 0.113281 0.016667
8 0.568750 0.938194 0.126562 0.073611
5 0.556250 0.904861 0.089063 0.015278
8 0.727734 0.940278 0.122656 0.069444
5 0.703906 0.907639 0.006250 0.006944
8 0.655859 0.945139 0.105469 0.048611
5 0.650391 0.908333 0.035156 0.008333
8 0.796875 0.929167 0.128125 0.050000
5 0.761719 0.907639 0.018750 0.006944
8 0.861328 0.940278 0.094531 0.083333
5 0.866406 0.902778 0.082812 0.016667
8 0.878516 0.935417 0.039844 0.029167
8 0.862891 0.940278 0.024219 0.016667
8 0.905078 0.935417 0.008594 0.029167
8 0.803906 0.934722 0.068750 0.027778
8 0.846094 0.936111 0.067187 0.030556
8 0.880078 0.936806 0.049219 0.031944
8 0.906641 0.926389 0.003906 0.011111
0 0.414062 0.847222 0.103125 0.208333
1 0.878125 0.886111 0.056250 0.116667
1 0.863672 0.883333 0.089844 0.127778
2 0.833984 0.906944 0.019531 0.036111
2 0.840234 0.925000 0.000781 0.000000
2 0.832031 0.855556 0.018750 0.036111
2 0.892188 0.852778 0.028125 0.038889
2 0.875781 0.905556 0.065625 0.038889
2 0.850000 0.854861 0.018750 0.037500
2 0.868750 0.853472 0.020313 0.037500
2 0.875000 0.872222 0.001563 0.000000
2 0.576953 0.925694 0.042969 0.009722
2 0.645703 0.934028 0.080469 0.026389
2 0.705078 0.931944 0.038281 0.022222
2 0.644531 0.876389 0.081250 0.033333
2 0.704297 0.877083 0.038281 0.031944
2 0.643750 0.838889 0.081250 0.044444
2 0.703516 0.840972 0.038281 0.043056