3 0.499609 0.804861 0.999219 0.387500
4 0.117578 0.872222 0.003906 0.066667
4 0.326562 0.731944 0.006250 0.063889
4 0.173047 0.724306 0.032031 0.062500
4 0.116406 0.720139 0.009375 0.062500
4 0.039453 0.716667 0.030469 0.061111
8 0.426563 0.615972 0.001563 0.015278
6 0.430078 0.593056 0.008594 0.047222
6 0.432422 0.570139 0.002344 0.004167
6 0.305859 0.960417 0.128906 0.076389
6 0.573047 0.968750 0.028906 0.059722
6 0.305859 0.873611 0.128906 0.180556
6 0.392578 0.960417 0.083594 0.076389
7 0.262891 0.748611 0.044531 0.027778
7 0.342187 0.903472 0.048438 0.018056
7 0.037500 0.890972 0.075000 0.051389
7 0.743750 0.679861 0.018750 0.018056
7 0.789062 0.686806 0.004687 0.009722
7 0.620703 0.674306 0.022656 0.018056
7 0.669531 0.676389 0.015625 0.016667
7 0.222656 0.659028 0.032813 0.009722
7 0.171875 0.661806 0.017188 0.001389
7 0.269531 0.661111 0.004687 0.011111
6 0.070312 0.638889 0.067187 0.077778
6 0.107031 0.627778 0.062500 0.072222
6 0.070703 0.704861 0.066406 0.079167
6 0.107422 0.689583 0.061719 0.073611
6 0.101172 0.616667 0.044531 0.052778
6 0.074219 0.605556 0.009375 0.030556
8 0.054297 0.936111 0.099219 0.063889
5 0.054688 0.920833 0.089063 0.047222
8 0.119141 0.943750 0.097656 0.065278
5 0.119531 0.928472 0.085938 0.048611
8 0.180469 0.954861 0.095312 0.079167
5 0.180469 0.933333 0.084375 0.050000
8 0.245312 0.965278 0.084375 0.066667
5 0.243359 0.942361 0.069531 0.048611
8 0.123438 0.979861 0.107813 0.037500
5 0.123438 0.975694 0.095312 0.045833
8 0.218359 0.981250 0.061719 0.034722
5 0.198047 0.980556 0.088281 0.036111
8 0.056641 0.977083 0.110156 0.043056
5 0.057031 0.972917 0.098437 0.051389
8 0.021875 0.972917 0.043750 0.051389
5 0.018750 0.962500 0.037500 0.044444
0 0.914453 0.925694 0.169531 0.145833
0 0.006250 0.615278 0.012500 0.075000
0 0.037891 0.655556 0.075781 0.152778
1 0.873437 0.731250 0.068750 0.156944
1 0.819531 0.727778 0.062500 0.155556
1 0.856641 0.696528 0.060156 0.126389
1 0.807031 0.701389 0.056250 0.138889
1 0.842969 0.675000 0.054688 0.113889
1 0.797266 0.679861 0.050781 0.126389
1 0.888672 0.644444 0.077344 0.102778
1 0.403906 0.693056 0.060937 0.125000
1 0.412109 0.674306 0.044531 0.104167
1 0.211719 0.673611 0.092188 0.116667
1 0.189062 0.684722 0.096875 0.122222
1 0.046484 0.618056 0.064844 0.080556
2 0.048828 0.637500 0.007031 0.013889
2 0.023828 0.641667 0.003906 0.022222
2 0.034766 0.607639 0.035156 0.026389
2 0.065234 0.599306 0.025781 0.023611
2 0.053516 0.636806 0.050781 0.029167
2 0.050781 0.605556 0.010937 0.027778
2 0.045312 0.591667 0.000000 0.000000
2 0.061719 0.602778 0.017188 0.025000
2 0.049219 0.589583 0.007812 0.001389
1 0.003125 0.577083 0.001563 0.001389
1 0.022266 0.609028 0.042969 0.065278
2 0.007031 0.636111 0.014063 0.013889
2 0.007422 0.605556 0.011719 0.025000
2 0.027344 0.588194 0.021875 0.001389
2 0.014453 0.627778 0.027344 0.005556
2 0.017969 0.599306 0.003125 0.012500
2 0.022656 0.588889 0.012500 0.000000
2 0.013281 0.587500 0.000000 0.000000
5 0.382031 0.651389 0.021875 0.008333
5 0.387500 0.645833 0.032813 0.008333
5 0.387500 0.634028 0.032813 0.009722
5 0.387500 0.639583 0.032813 0.009722
5 0.345703 0.728472 0.047656 0.018056
5 0.350781 0.737500 0.031250 0.016667
5 0.333984 0.743750 0.035156 0.020833
5 0.339453 0.753472 0.019531 0.018056
5 0.303125 0.761806 0.053125 0.018056
5 0.300391 0.771528 0.053906 0.018056
5 0.303125 0.754167 0.053125 0.016667
5 0.300391 0.745833 0.053906 0.019444