3 0.499609 0.850000 0.999219 0.297222
5 0.202344 0.802778 0.079687 0.030556
5 0.202344 0.802778 0.079687 0.030556
5 0.202344 0.802778 0.079687 0.030556
5 0.202344 0.783333 0.079687 0.038889
5 0.202344 0.783333 0.079687 0.038889
5 0.202344 0.783333 0.079687 0.038889
5 0.202734 0.818056 0.080469 0.030556
5 0.202734 0.818056 0.080469 0.030556
5 0.202734 0.818056 0.080469 0.030556
5 0.307422 0.801389 0.077344 0.027778
5 0.307422 0.801389 0.077344 0.027778
5 0.307422 0.801389 0.077344 0.027778
5 0.307422 0.788194 0.077344 0.029167
5 0.307422 0.788194 0.077344 0.029167
5 0.307422 0.788194 0.077344 0.029167
5 0.307031 0.770833 0.078125 0.033333
5 0.307031 0.770833 0.078125 0.033333
5 0.307031 0.770833 0.078125 0.033333
5 0.307031 0.753472 0.078125 0.034722
5 0.307031 0.753472 0.078125 0.034722
5 0.307031 0.753472 0.078125 0.034722
6 0.541797 0.954861 0.102344 0.087500
6 0.466797 0.906250 0.083594 0.159722
6 0.543750 0.871528 0.106250 0.184722
6 0.500781 0.928472 0.089063 0.140278
8 0.983203 0.833333 0.032031 0.022222
5 0.985156 0.829861 0.028125 0.026389
8 0.961328 0.811806 0.069531 0.031944
5 0.964844 0.808333 0.068750 0.027778
8 0.905469 0.836806 0.081250 0.062500
5 0.904687 0.818750 0.073438 0.029167
8 0.946094 0.863194 0.085938 0.059722
5 0.945703 0.840278 0.077344 0.030556
8 0.971094 0.884028 0.056250 0.062500
5 0.973047 0.860417 0.052344 0.034722
8 0.994141 0.902778 0.010156 0.050000
5 0.996484 0.883333 0.005469 0.013889
0 0.484766 0.747917 0.082031 0.218056
1 0.982422 0.727778 0.033594 0.130556
2 0.984766 0.754167 0.028906 0.047222
2 0.985156 0.698611 0.028125 0.047222
2 0.993750 0.759028 0.010937 0.043056
2 0.994141 0.704167 0.010156 0.041667
2 0.699219 0.748611 0.031250 0.066667
2 0.756641 0.775000 0.083594 0.066667
2 0.823047 0.775000 0.049219 0.050000
2 0.757031 0.731250 0.082812 0.062500
2 0.823828 0.731250 0.049219 0.048611
2 0.757422 0.685417 0.083594 0.065278
2 0.806641 0.680556 0.083594 0.063889