3 0.499609 0.912500 0.999219 0.172222
5 0.494141 0.861806 0.078906 0.026389
5 0.494141 0.861806 0.078906 0.026389
5 0.494141 0.861806 0.078906 0.026389
5 0.494141 0.845833 0.078906 0.027778
5 0.494141 0.845833 0.078906 0.027778
5 0.494141 0.845833 0.078906 0.027778
5 0.494141 0.877083 0.078906 0.026389
5 0.494141 0.877083 0.078906 0.026389
5 0.494141 0.877083 0.078906 0.026389
5 0.594531 0.886806 0.079687 0.026389
5 0.594531 0.886806 0.079687 0.026389
5 0.594531 0.886806 0.079687 0.026389
5 0.594531 0.872917 0.079687 0.026389
5 0.594531 0.872917 0.079687 0.026389
5 0.594531 0.872917 0.079687 0.026389
5 0.594531 0.857639 0.079687 0.023611
5 0.594531 0.857639 0.079687 0.023611
5 0.594531 0.857639 0.079687 0.023611
5 0.594531 0.838194 0.079687 0.026389
5 0.594531 0.838194 0.079687 0.026389
5 0.594531 0.838194 0.079687 0.026389
6 0.377344 0.965278 0.121875 0.066667
6 0.474219 0.936806 0.096875 0.123611
6 0.379688 0.882639 0.126562 0.187500
6 0.431250 0.947917 0.107813 0.101389
0 0.844141 0.940278 0.177344 0.116667
0 0.686719 0.845139 0.093750 0.251389
1 0.053516 0.800000 0.107031 0.138889
1 0.035156 0.809722 0.070312 0.141667
1 0.013281 0.784722 0.025000 0.111111