3 0.507031 0.877083 0.984375 0.243056
5 0.550000 0.797222 0.060937 0.016667
5 0.550000 0.797222 0.060937 0.016667
5 0.550000 0.797222 0.060937 0.016667
5 0.550391 0.782639 0.060156 0.018056
5 0.550391 0.782639 0.060156 0.018056
5 0.550391 0.782639 0.060156 0.018056
5 0.551562 0.809028 0.057813 0.015278
5 0.551562 0.809028 0.057813 0.015278
5 0.551562 0.809028 0.057813 0.015278
6 0.396484 0.864583 0.089844 0.123611
6 0.485156 0.836111 0.076563 0.111111
6 0.397656 0.763194 0.092188 0.118056
6 0.444531 0.848611 0.082812 0.119444
6 0.063672 0.926389 0.124219 0.144444
6 0.003125 0.942361 0.006250 0.112500
7 0.174609 0.884028 0.066406 0.026389
8 0.134766 0.939583 0.017969 0.056944
5 0.130469 0.913194 0.012500 0.012500
8 0.165625 0.927778 0.073438 0.061111
5 0.160156 0.899306 0.070312 0.029167
8 0.199219 0.909722 0.092188 0.052778
5 0.198047 0.887500 0.082031 0.027778
8 0.250000 0.883333 0.087500 0.022222
5 0.248828 0.874306 0.078906 0.023611
8 0.265625 0.929167 0.096875 0.063889
5 0.264062 0.900000 0.085938 0.030556
8 0.315234 0.913194 0.091406 0.059722
5 0.313672 0.886111 0.082031 0.027778
8 0.220703 0.943750 0.102344 0.068056
5 0.219531 0.914583 0.090625 0.031944
8 0.169531 0.963194 0.089063 0.070833
5 0.165625 0.931250 0.082812 0.034722
8 0.958594 0.900000 0.006250 0.002778
5 0.978906 0.898611 0.040625 0.016667
8 0.957031 0.936111 0.000000 0.000000
5 0.970703 0.911806 0.057031 0.020833
8 0.966797 0.970139 0.047656 0.018056
5 0.970703 0.929861 0.057031 0.026389
8 0.951172 0.967361 0.096094 0.062500
5 0.953125 0.954167 0.092188 0.038889
8 0.994922 0.996528 0.002344 0.004167
5 0.997266 0.995139 0.003906 0.006944
5 0.814453 0.992361 0.083594 0.012500
0 0.033594 0.898611 0.067187 0.200000
0 0.566797 0.857639 0.160156 0.281944
0 0.655469 0.768056 0.025000 0.191667
1 0.212500 0.743056 0.081250 0.105556
1 0.182031 0.747222 0.084375 0.108333
1 0.155078 0.738889 0.078906 0.102778
1 0.129688 0.743056 0.068750 0.105556
1 0.102344 0.736111 0.076563 0.097222
1 0.070703 0.736111 0.078906 0.097222
1 0.046094 0.721528 0.059375 0.087500
2 0.992578 0.869444 0.013281 0.041667
2 0.992188 0.820833 0.014063 0.052778
2 0.991797 0.763194 0.014844 0.062500