3 0.467578 0.843750 0.935156 0.309722
4 0.144141 0.769444 0.002344 0.019444
4 0.014063 0.729167 0.001563 0.027778
8 0.217578 0.985417 0.096094 0.026389
5 0.617969 0.744444 0.035937 0.013889
5 0.617969 0.744444 0.035937 0.013889
5 0.617969 0.744444 0.035937 0.013889
5 0.618359 0.731944 0.036719 0.016667
5 0.618359 0.731944 0.036719 0.016667
5 0.618359 0.731944 0.036719 0.016667
5 0.617188 0.754861 0.034375 0.015278
5 0.617188 0.754861 0.034375 0.015278
5 0.617188 0.754861 0.034375 0.015278
5 0.714844 0.752083 0.001563 0.006944
5 0.714844 0.752083 0.001563 0.006944
5 0.714844 0.752083 0.001563 0.006944
5 0.714844 0.742361 0.001563 0.009722
5 0.714844 0.742361 0.001563 0.009722
5 0.714844 0.742361 0.001563 0.009722
5 0.714844 0.730556 0.001563 0.011111
5 0.714844 0.730556 0.001563 0.011111
5 0.714844 0.730556 0.001563 0.011111
6 0.392969 0.777778 0.064062 0.066667
6 0.496875 0.771528 0.062500 0.090278
6 0.392969 0.709722 0.064062 0.091667
6 0.448437 0.775694 0.070312 0.084722
6 0.111328 0.821528 0.069531 0.115278
6 0.030859 0.840972 0.061719 0.123611
7 0.262109 0.789583 0.039844 0.012500
7 0.036328 0.829861 0.038281 0.029167
7 0.191797 0.699306 0.027344 0.009722
7 0.228516 0.697222 0.027344 0.011111
7 0.103906 0.706944 0.015625 0.011111
7 0.139844 0.704167 0.026562 0.011111
8 0.166406 0.829861 0.042188 0.043056
5 0.164453 0.807639 0.036719 0.020833
8 0.206641 0.818750 0.060156 0.043056
5 0.205469 0.800694 0.053125 0.020833
8 0.246484 0.811806 0.058594 0.043056
5 0.245703 0.794444 0.052344 0.019444
8 0.291797 0.804861 0.058594 0.040278
5 0.286719 0.788194 0.043750 0.018056
8 0.277344 0.826389 0.062500 0.047222
5 0.276172 0.806250 0.055469 0.020833
8 0.320312 0.813889 0.056250 0.036111
5 0.322656 0.799306 0.054688 0.018056
8 0.235937 0.833333 0.064062 0.050000
5 0.235156 0.813194 0.056250 0.020833
8 0.184375 0.840972 0.064062 0.051389
5 0.183203 0.820833 0.057031 0.022222
8 0.874219 0.906944 0.095312 0.066667
5 0.869531 0.880556 0.079687 0.030556
8 0.899219 0.886111 0.065625 0.047222
5 0.889453 0.865278 0.039844 0.022222
8 0.841797 0.919444 0.099219 0.069444
5 0.840234 0.892361 0.089844 0.034722
8 0.804297 0.936806 0.086719 0.065278
5 0.800781 0.905556 0.081250 0.036111
8 0.838281 0.858333 0.087500 0.025000
5 0.836719 0.851389 0.078125 0.027778
8 0.803125 0.877083 0.081250 0.034722
5 0.798828 0.861111 0.077344 0.027778
8 0.765625 0.895833 0.090625 0.061111
5 0.764453 0.872222 0.082031 0.027778
8 0.721094 0.896528 0.093750 0.043056
5 0.719922 0.881944 0.083594 0.030556
8 0.532031 0.980556 0.117188 0.036111
5 0.532422 0.968056 0.105469 0.047222
8 0.587891 0.993750 0.124219 0.009722
5 0.588672 0.983333 0.111719 0.030556
8 0.502344 0.970833 0.073438 0.055556
5 0.500000 0.948611 0.068750 0.044444
8 0.438672 0.959722 0.105469 0.075000
5 0.439453 0.929167 0.094531 0.036111
8 0.701172 0.959722 0.107031 0.077778
5 0.699609 0.929167 0.096094 0.041667
8 0.650391 0.968056 0.111719 0.061111
5 0.648828 0.946528 0.099219 0.045833
8 0.570312 0.950000 0.104688 0.055556
5 0.570703 0.927083 0.094531 0.040278
8 0.523438 0.928472 0.100000 0.048611
5 0.523828 0.908333 0.089844 0.036111
0 0.338281 0.823611 0.173437 0.280556
0 0.679688 0.722222 0.089063 0.163889
1 0.380859 0.683333 0.060156 0.080556
1 0.356641 0.688889 0.053906 0.088889
1 0.350781 0.674306 0.042188 0.070833
1 0.316016 0.680556 0.057031 0.077778
1 0.309766 0.673611 0.053906 0.075000
1 0.282422 0.679167 0.053906 0.080556
1 0.280469 0.663194 0.056250 0.070833
1 0.067187 0.706250 0.084375 0.098611
1 0.052734 0.701389 0.082031 0.091667
1 0.951172 0.887500 0.096094 0.222222
2 0.984375 0.805556 0.029687 0.008333
2 0.954297 0.863194 0.089844 0.090278
2 0.954297 0.952778 0.089844 0.091667
2 0.975000 0.811806 0.048438 0.009722
2 0.994141 0.816667 0.010156 0.005556
2 0.957031 0.816667 0.046875 0.011111
2 0.984375 0.823611 0.029687 0.011111
2 0.010156 0.991667 0.020313 0.013889
2 0.911719 0.831250 0.057813 0.051389
2 0.911719 0.784722 0.057813 0.052778
2 0.976953 0.788889 0.044531 0.038889
2 0.928906 0.733333 0.092188 0.058333
2 0.976953 0.741667 0.044531 0.063889
5 0.019141 0.765278 0.038281 0.013889
5 0.018359 0.771528 0.036719 0.015278
5 0.019141 0.759722 0.038281 0.011111
5 0.018359 0.750000 0.036719 0.013889