3 0.499609 0.852778 0.999219 0.291667
4 0.110156 0.867361 0.003125 0.059722
4 0.242188 0.770139 0.001563 0.031944
4 0.090234 0.784028 0.032031 0.059722
4 0.032031 0.784028 0.009375 0.059722
8 0.406250 0.721528 0.021875 0.020833
5 0.380469 0.696528 0.032813 0.006944
5 0.380469 0.696528 0.032813 0.006944
5 0.380469 0.696528 0.032813 0.006944
5 0.380469 0.689583 0.032813 0.006944
5 0.380469 0.689583 0.032813 0.006944
5 0.380469 0.689583 0.032813 0.006944
5 0.381641 0.703472 0.030469 0.006944
5 0.381641 0.703472 0.030469 0.006944
5 0.381641 0.703472 0.030469 0.006944
5 0.347656 0.705556 0.031250 0.005556
5 0.347656 0.705556 0.031250 0.005556
5 0.347656 0.705556 0.031250 0.005556
5 0.347656 0.698611 0.031250 0.005556
5 0.347656 0.698611 0.031250 0.005556
5 0.347656 0.698611 0.031250 0.005556
5 0.347656 0.691667 0.031250 0.005556
5 0.347656 0.691667 0.031250 0.005556
5 0.347656 0.691667 0.031250 0.005556
5 0.349219 0.683333 0.034375 0.008333
5 0.349219 0.683333 0.034375 0.008333
5 0.349219 0.683333 0.034375 0.008333
6 0.419141 0.660417 0.003906 0.040278
6 0.419141 0.687500 0.003906 0.038889
6 0.317969 0.688889 0.014063 0.041667
5 0.949609 0.913889 0.058594 0.036111
5 0.949609 0.913889 0.058594 0.036111
5 0.949609 0.913889 0.058594 0.036111
5 0.954688 0.891667 0.068750 0.041667
5 0.954688 0.891667 0.068750 0.041667
5 0.954688 0.891667 0.068750 0.041667
5 0.949609 0.931250 0.058594 0.034722
5 0.949609 0.931250 0.058594 0.034722
5 0.949609 0.931250 0.058594 0.034722
5 0.980469 0.971528 0.037500 0.045833
5 0.980469 0.971528 0.037500 0.045833
5 0.980469 0.971528 0.037500 0.045833
5 0.980469 0.952083 0.037500 0.045833
5 0.980469 0.952083 0.037500 0.045833
5 0.980469 0.952083 0.037500 0.045833
5 0.980469 0.930556 0.037500 0.044444
5 0.980469 0.930556 0.037500 0.044444
5 0.980469 0.930556 0.037500 0.044444
5 0.980078 0.908333 0.038281 0.044444
5 0.980078 0.908333 0.038281 0.044444
5 0.980078 0.908333 0.038281 0.044444
6 0.328125 0.929861 0.100000 0.137500
6 0.516016 0.929861 0.092969 0.137500
6 0.328906 0.817361 0.100000 0.134722
6 0.421875 0.929861 0.095312 0.137500
7 0.180469 0.804167 0.039062 0.022222
7 0.307812 0.901389 0.045312 0.036111
7 0.025000 0.900000 0.050000 0.038889
7 0.601562 0.747222 0.014063 0.013889
7 0.645312 0.747917 0.017188 0.012500
7 0.489453 0.746528 0.017969 0.012500
7 0.536328 0.746528 0.016406 0.012500
7 0.103906 0.745139 0.028125 0.012500
7 0.057031 0.744444 0.031250 0.013889
7 0.164062 0.745139 0.028125 0.012500
6 0.007422 0.709028 0.014844 0.070833
6 0.022656 0.702083 0.037500 0.068056
6 0.007031 0.772222 0.014063 0.072222
6 0.022656 0.761806 0.037500 0.070833
8 0.064844 0.925000 0.081250 0.069444
5 0.065234 0.902778 0.072656 0.027778
8 0.129297 0.926389 0.077344 0.069444
5 0.128906 0.903472 0.068750 0.029167
8 0.187109 0.925694 0.074219 0.068056
5 0.186719 0.903472 0.065625 0.029167
8 0.251563 0.927083 0.070312 0.068056
5 0.249219 0.904861 0.057813 0.029167
8 0.154688 0.956250 0.082812 0.076389
5 0.154688 0.932639 0.073438 0.034722
8 0.224609 0.957639 0.078906 0.076389
5 0.224609 0.934028 0.069531 0.034722
8 0.091406 0.956250 0.087500 0.076389
5 0.091797 0.932639 0.077344 0.034722
8 0.033984 0.954861 0.067969 0.076389
5 0.031250 0.931250 0.062500 0.034722
0 0.840625 0.875694 0.178125 0.245833
1 0.728516 0.759028 0.060156 0.123611
1 0.683984 0.759028 0.057031 0.123611
1 0.709375 0.738194 0.053125 0.098611
1 0.667578 0.745833 0.050781 0.113889
1 0.693359 0.726389 0.049219 0.091667
1 0.657422 0.733333 0.041406 0.105556
1 0.721875 0.709028 0.065625 0.081944
1 0.327734 0.750694 0.085156 0.112500
1 0.343359 0.743750 0.066406 0.106944
1 0.117969 0.742361 0.089063 0.106944
1 0.100391 0.750000 0.092969 0.111111
5 0.262891 0.738194 0.030469 0.006944
5 0.262891 0.732639 0.030469 0.006944
5 0.262891 0.721528 0.030469 0.006944
5 0.262891 0.727083 0.030469 0.006944
5 0.253906 0.787500 0.040625 0.013889
5 0.266406 0.795833 0.010937 0.011111
5 0.254688 0.797222 0.015625 0.013889
5 0.253516 0.806250 0.013281 0.012500
5 0.225000 0.809722 0.046875 0.013889
5 0.222266 0.818750 0.047656 0.012500
5 0.225000 0.801389 0.046875 0.013889
5 0.222266 0.794444 0.047656 0.013889