3 0.499609 0.855556 0.999219 0.286111
4 0.429688 0.716667 0.000000 0.011111
4 0.451172 0.703472 0.005469 0.004167
4 0.562109 0.722917 0.017969 0.006944
4 0.614062 0.783333 0.010937 0.113889
4 0.651953 0.798611 0.042969 0.133333
4 0.949609 0.893750 0.033594 0.209722
4 0.019531 0.725000 0.003125 0.055556
4 0.001563 0.734028 0.003125 0.054167
8 0.616406 0.781944 0.017188 0.058333
8 0.975781 0.720139 0.046875 0.004167
5 0.355469 0.706944 0.043750 0.008333
5 0.355469 0.706944 0.043750 0.008333
5 0.355469 0.706944 0.043750 0.008333
5 0.355469 0.698611 0.043750 0.008333
5 0.355469 0.698611 0.043750 0.008333
5 0.355469 0.698611 0.043750 0.008333
5 0.355469 0.715278 0.043750 0.008333
5 0.355469 0.715278 0.043750 0.008333
5 0.355469 0.715278 0.043750 0.008333
5 0.414062 0.715278 0.043750 0.008333
5 0.414062 0.715278 0.043750 0.008333
5 0.414062 0.715278 0.043750 0.008333
5 0.414062 0.706944 0.043750 0.008333
5 0.414062 0.706944 0.043750 0.008333
5 0.414062 0.706944 0.043750 0.008333
5 0.414453 0.698611 0.042969 0.008333
5 0.414453 0.698611 0.042969 0.008333
5 0.414453 0.698611 0.042969 0.008333
5 0.414453 0.688889 0.042969 0.008333
5 0.414453 0.688889 0.042969 0.008333
5 0.414453 0.688889 0.042969 0.008333
6 0.507031 0.634028 0.042188 0.034722
6 0.553125 0.691667 0.039062 0.022222
6 0.589453 0.723611 0.071094 0.080556
7 0.735547 0.797917 0.042969 0.020833
7 0.763281 0.814583 0.040625 0.026389
7 0.405078 0.811111 0.022656 0.033333
7 0.032031 0.847917 0.060937 0.045833
7 0.367188 0.771528 0.040625 0.023611
7 0.016406 0.763889 0.032813 0.019444
7 0.370703 0.738889 0.052344 0.013889
7 0.397266 0.756944 0.042969 0.016667
6 0.994531 0.829861 0.009375 0.201389
8 0.837109 0.845139 0.119531 0.081944
5 0.839453 0.811806 0.113281 0.026389
8 0.900781 0.862500 0.148438 0.088889
5 0.899609 0.825694 0.133594 0.029167
8 0.771875 0.814583 0.101562 0.070833
5 0.772656 0.786806 0.090625 0.023611
8 0.699219 0.818056 0.100000 0.072222
5 0.700000 0.789583 0.089063 0.023611
8 0.617188 0.741667 0.000000 0.000000
5 0.608203 0.738889 0.000781 0.000000
8 0.450000 0.720139 0.004687 0.001389
5 0.451172 0.719444 0.003906 0.002778
5 0.450391 0.716667 0.005469 0.002778
8 0.434375 0.718056 0.006250 0.005556
5 0.443359 0.717361 0.021094 0.006944
8 0.813281 0.722917 0.007812 0.001389
5 0.801172 0.702083 0.016406 0.001389
8 0.800781 0.722917 0.001563 0.001389
5 0.794531 0.700694 0.003125 0.001389
8 0.805859 0.722917 0.003906 0.015278
5 0.814844 0.704167 0.042188 0.002778
8 0.832422 0.715278 0.047656 0.016667
5 0.831250 0.707639 0.043750 0.006944
8 0.795312 0.709028 0.000000 0.001389
8 0.806250 0.720833 0.012500 0.025000
5 0.801562 0.707639 0.015625 0.004167
8 0.966016 0.719444 0.011719 0.005556
5 0.964453 0.716667 0.008594 0.005556
8 0.856641 0.734722 0.003906 0.016667
5 0.856250 0.713889 0.001563 0.000000
8 0.837500 0.731250 0.040625 0.031944
5 0.838281 0.718056 0.037500 0.008333
8 0.835938 0.709722 0.001563 0.000000
5 0.847656 0.709028 0.020313 0.001389
8 0.843750 0.729861 0.026562 0.023611
5 0.843359 0.712500 0.027344 0.002778
8 0.819141 0.729167 0.038281 0.027778
5 0.816016 0.714583 0.041406 0.006944
0 0.921875 0.685417 0.128125 0.198611
0 0.770312 0.675694 0.078125 0.148611
0 0.510938 0.631250 0.034375 0.037500
0 0.509375 0.730556 0.204687 0.536111
1 0.058984 0.684722 0.072656 0.088889
1 0.054688 0.686111 0.075000 0.091667
1 0.011719 0.684722 0.015625 0.088889
1 0.007422 0.686111 0.007031 0.091667
1 0.991406 0.679167 0.010937 0.075000
2 0.992578 0.693056 0.007031 0.022222
2 0.992188 0.661111 0.007812 0.022222
2 0.999219 0.690278 0.000000 0.016667
2 0.998437 0.652083 0.000000 0.004167
1 0.977734 0.681250 0.003906 0.079167
2 0.967969 0.684722 0.017188 0.002778
1 0.997656 0.681250 0.003125 0.081944
2 0.999219 0.662500 0.000000 0.025000
1 0.876563 0.657639 0.007812 0.031944
2 0.873828 0.661806 0.013281 0.023611
2 0.855469 0.683333 0.007812 0.000000
1 0.971875 0.681250 0.026562 0.081944
2 0.970313 0.663889 0.021875 0.027778
2 0.970703 0.701389 0.022656 0.027778
1 0.837109 0.672917 0.060156 0.062500
2 0.813672 0.692361 0.007031 0.018056
2 0.812891 0.661806 0.007031 0.023611
2 0.848047 0.662500 0.024219 0.025000
2 0.837891 0.695139 0.041406 0.023611
2 0.820312 0.661806 0.006250 0.023611
2 0.825781 0.661806 0.003125 0.023611
1 0.885938 0.656944 0.015625 0.033333
2 0.884375 0.661806 0.006250 0.023611
2 0.994141 0.723611 0.010156 0.000000
2 0.976172 0.749306 0.046094 0.051389
2 0.648438 0.702083 0.015625 0.020833
2 0.664062 0.697222 0.014063 0.008333
2 0.717969 0.714583 0.000000 0.009722
2 0.664062 0.679861 0.014063 0.026389
2 0.722266 0.678472 0.010156 0.020833
2 0.671484 0.654167 0.028906 0.025000
2 0.722266 0.654167 0.010156 0.025000
5 0.580859 0.709722 0.055469 0.013889
5 0.575781 0.721528 0.065625 0.012500
5 0.591406 0.731250 0.032813 0.012500
5 0.608203 0.745139 0.000781 0.009722
5 0.608203 0.755556 0.000781 0.008333
5 0.641016 0.730556 0.061719 0.013889
5 0.642969 0.742361 0.057813 0.015278
5 0.642969 0.765278 0.057813 0.016667
5 0.642969 0.754167 0.057813 0.013889
5 0.641406 0.787500 0.054688 0.016667
5 0.642969 0.775694 0.057813 0.015278
5 0.005859 0.750000 0.011719 0.005556
5 0.641016 0.720139 0.061719 0.012500
5 0.640625 0.709028 0.060937 0.012500
5 0.723047 0.729167 0.072656 0.013889
5 0.723437 0.740972 0.073438 0.012500
5 0.723828 0.763194 0.072656 0.015278
5 0.723437 0.752083 0.073438 0.015278
5 0.713672 0.780556 0.052344 0.008333
5 0.723828 0.772917 0.072656 0.015278
5 0.057813 0.752083 0.053125 0.012500
5 0.059375 0.761806 0.053125 0.012500
5 0.723047 0.718750 0.072656 0.012500
5 0.723047 0.707639 0.072656 0.012500
5 0.722656 0.642361 0.071875 0.009722
5 0.723047 0.653472 0.072656 0.009722
5 0.723047 0.676389 0.072656 0.011111
5 0.723047 0.664583 0.072656 0.009722
5 0.733594 0.697917 0.051562 0.012500
5 0.723047 0.686111 0.072656 0.011111
5 0.057813 0.744444 0.053125 0.011111
5 0.059375 0.734722 0.053125 0.011111
5 0.722266 0.631250 0.072656 0.009722
5 0.722266 0.620833 0.072656 0.011111