3 0.499609 0.904861 0.999219 0.187500
5 0.204687 0.863194 0.079687 0.023611
5 0.204687 0.863194 0.079687 0.023611
5 0.204687 0.863194 0.079687 0.023611
5 0.205078 0.844444 0.080469 0.027778
5 0.205078 0.844444 0.080469 0.027778
5 0.205078 0.844444 0.080469 0.027778
5 0.204687 0.878472 0.079687 0.023611
5 0.204687 0.878472 0.079687 0.023611
5 0.204687 0.878472 0.079687 0.023611
5 0.310937 0.869444 0.078125 0.022222
5 0.310937 0.869444 0.078125 0.022222
5 0.310937 0.869444 0.078125 0.022222
5 0.310937 0.854861 0.078125 0.020833
5 0.310937 0.854861 0.078125 0.020833
5 0.310937 0.854861 0.078125 0.020833
5 0.310937 0.839583 0.078125 0.020833
5 0.310937 0.839583 0.078125 0.020833
5 0.310937 0.839583 0.078125 0.020833
5 0.310937 0.820833 0.078125 0.025000
5 0.310937 0.820833 0.078125 0.025000
5 0.310937 0.820833 0.078125 0.025000
6 0.539062 0.944444 0.103125 0.108333
6 0.471875 0.915278 0.071875 0.147222
6 0.540625 0.839583 0.106250 0.162500
6 0.499219 0.929167 0.089063 0.138889
8 0.985547 0.872917 0.003906 0.004167
5 0.993750 0.872917 0.010937 0.009722
8 0.969141 0.879861 0.052344 0.043056
5 0.972656 0.862500 0.053125 0.019444
8 0.919922 0.890278 0.083594 0.052778
5 0.919531 0.868750 0.075000 0.020833
8 0.958203 0.904861 0.082031 0.054167
5 0.960156 0.882639 0.078125 0.023611
8 0.978516 0.918056 0.041406 0.058333
5 0.980859 0.895139 0.036719 0.023611
0 0.486719 0.802083 0.087500 0.209722
1 0.991016 0.794444 0.016406 0.119444
2 0.993750 0.826389 0.010937 0.041667
2 0.993359 0.770139 0.011719 0.043056
2 0.706641 0.831250 0.038281 0.056944
2 0.769141 0.847917 0.085156 0.059722
2 0.837109 0.847222 0.050781 0.050000
2 0.768750 0.802778 0.084375 0.055556
2 0.837109 0.802778 0.050781 0.047222
2 0.768359 0.756944 0.085156 0.055556
2 0.819141 0.754861 0.085156 0.054167