3 0.229297 0.941667 0.458594 0.113889
4 0.126172 0.854167 0.002344 0.027778
8 0.217188 0.871528 0.028125 0.009722
5 0.175000 0.868056 0.032813 0.005556
5 0.175000 0.868056 0.032813 0.005556
5 0.175000 0.868056 0.032813 0.005556
5 0.175000 0.861111 0.032813 0.005556
5 0.175000 0.861111 0.032813 0.005556
5 0.175000 0.861111 0.032813 0.005556
5 0.142578 0.868750 0.030469 0.004167
5 0.142578 0.868750 0.030469 0.004167
5 0.142578 0.868750 0.030469 0.004167
5 0.142578 0.862500 0.030469 0.005556
5 0.142578 0.862500 0.030469 0.005556
5 0.142578 0.862500 0.030469 0.005556
5 0.143359 0.855556 0.032031 0.005556
5 0.143359 0.855556 0.032031 0.005556
5 0.143359 0.855556 0.032031 0.005556
6 0.237500 0.855556 0.003125 0.030556
6 0.226953 0.831944 0.025781 0.038889
6 0.226953 0.857639 0.027344 0.037500
6 0.116797 0.853472 0.005469 0.029167
6 0.337109 0.866667 0.061719 0.113889
6 0.338281 0.765278 0.060937 0.113889
6 0.417969 0.867361 0.023438 0.109722
7 0.266406 0.904861 0.026562 0.004167
7 0.420703 0.879167 0.014844 0.008333
7 0.330078 0.879861 0.000781 0.006944
7 0.361328 0.881250 0.011719 0.006944
8 0.134766 0.883333 0.036719 0.019444
5 0.134375 0.875694 0.040625 0.009722
8 0.188281 0.895833 0.046875 0.047222
5 0.185547 0.875694 0.046094 0.009722
8 0.251563 0.879861 0.040625 0.015278
5 0.247266 0.875694 0.035156 0.009722
8 0.180469 0.897222 0.056250 0.047222
5 0.180078 0.876389 0.049219 0.011111
8 0.247266 0.881250 0.052344 0.015278
5 0.246484 0.876389 0.046094 0.011111
8 0.135156 0.878472 0.032813 0.006944
5 0.129688 0.877083 0.034375 0.009722
8 0.419141 0.925000 0.019531 0.075000
5 0.421484 0.891667 0.014844 0.016667
8 0.005078 0.924306 0.010156 0.043056
5 0.004297 0.892361 0.008594 0.018056
8 0.253906 0.945833 0.123438 0.105556
5 0.251563 0.901389 0.107813 0.027778
8 0.101953 0.945833 0.127344 0.105556
5 0.100781 0.903472 0.110937 0.029167
8 0.080859 0.941667 0.161719 0.102778
5 0.082031 0.897222 0.150000 0.025000
8 0.098437 0.933333 0.148438 0.091667
5 0.101172 0.893750 0.133594 0.020833
0 0.057422 0.776389 0.114844 0.350000
0 0.767969 0.784028 0.101562 0.012500
1 0.203906 0.836806 0.081250 0.093056
1 0.203516 0.835417 0.075781 0.084722
1 0.007812 0.793056 0.003125 0.008333
1 0.879297 0.499306 0.239844 0.998611
2 0.903125 0.288194 0.192188 0.576389
2 0.908203 0.845139 0.182031 0.306944
1 0.724609 0.704167 0.527344 0.588889
2 0.916406 0.687500 0.101562 0.058333
2 0.566797 0.613194 0.171094 0.237500
2 0.651563 0.893056 0.345313 0.211111
2 0.812109 0.614583 0.108594 0.204167
2 0.706250 0.608333 0.110937 0.211111
1 0.616797 0.751389 0.403906 0.494444
2 0.456641 0.662500 0.049219 0.183333
2 0.453906 0.890972 0.050000 0.176389
5 0.123047 0.869444 0.017969 0.000000