3 0.487891 0.768056 0.975781 0.333333
4 0.091797 0.748611 0.027344 0.063889
4 0.009766 0.750000 0.002344 0.061111
4 0.301172 0.662500 0.000781 0.019444
4 0.183594 0.662500 0.018750 0.019444
4 0.075391 0.661806 0.019531 0.018056
4 0.030469 0.661111 0.001563 0.019444
8 0.419922 0.617361 0.024219 0.018056
5 0.397266 0.593750 0.024219 0.004167
5 0.397266 0.593750 0.024219 0.004167
5 0.397266 0.593750 0.024219 0.004167
5 0.397266 0.586806 0.024219 0.006944
5 0.397266 0.586806 0.024219 0.006944
5 0.397266 0.586806 0.024219 0.006944
5 0.397266 0.599306 0.024219 0.004167
5 0.397266 0.599306 0.024219 0.004167
5 0.397266 0.599306 0.024219 0.004167
5 0.376563 0.600694 0.015625 0.004167
5 0.376563 0.600694 0.015625 0.004167
5 0.376563 0.600694 0.015625 0.004167
5 0.376563 0.594444 0.015625 0.005556
5 0.376563 0.594444 0.015625 0.005556
5 0.376563 0.594444 0.015625 0.005556
5 0.376563 0.588194 0.015625 0.004167
5 0.376563 0.588194 0.015625 0.004167
5 0.376563 0.588194 0.015625 0.004167
5 0.377734 0.581250 0.017969 0.006944
5 0.377734 0.581250 0.017969 0.006944
5 0.377734 0.581250 0.017969 0.006944
6 0.433203 0.561806 0.005469 0.034722
6 0.433203 0.584722 0.005469 0.033333
6 0.342187 0.586806 0.020313 0.037500
5 0.802344 0.771528 0.023438 0.026389
5 0.802344 0.771528 0.023438 0.026389
5 0.802344 0.771528 0.023438 0.026389
5 0.814453 0.758333 0.047656 0.027778
5 0.814453 0.758333 0.047656 0.027778
5 0.814453 0.758333 0.047656 0.027778
5 0.802344 0.783333 0.023438 0.027778
5 0.802344 0.783333 0.023438 0.027778
5 0.802344 0.783333 0.023438 0.027778
5 0.843359 0.812500 0.058594 0.030556
5 0.843359 0.812500 0.058594 0.030556
5 0.843359 0.812500 0.058594 0.030556
5 0.843359 0.793056 0.058594 0.019444
5 0.843359 0.793056 0.058594 0.019444
5 0.843359 0.793056 0.058594 0.019444
5 0.843359 0.785417 0.058594 0.031944
5 0.843359 0.785417 0.058594 0.031944
5 0.843359 0.785417 0.058594 0.031944
5 0.843359 0.770833 0.058594 0.030556
5 0.843359 0.770833 0.058594 0.030556
5 0.843359 0.770833 0.058594 0.030556
6 0.385937 0.784722 0.064062 0.091667
6 0.517578 0.784722 0.046094 0.094444
6 0.385937 0.708333 0.064062 0.088889
6 0.436719 0.784722 0.039062 0.094444
6 0.125000 0.773611 0.060937 0.094444
6 0.037109 0.777083 0.072656 0.090278
7 0.065234 0.748611 0.049219 0.016667
7 0.364453 0.765278 0.028906 0.025000
7 0.166016 0.763889 0.022656 0.025000
7 0.578906 0.640278 0.006250 0.011111
7 0.617969 0.641667 0.007812 0.011111
7 0.497656 0.640278 0.006250 0.011111
7 0.531641 0.640278 0.013281 0.011111
7 0.175000 0.638889 0.021875 0.011111
7 0.137109 0.638889 0.024219 0.011111
6 0.096094 0.616667 0.048438 0.055556
6 0.110156 0.610417 0.037500 0.054167
6 0.096094 0.654861 0.048438 0.034722
6 0.110547 0.652778 0.038281 0.038889
6 0.064844 0.607639 0.020313 0.034722
8 0.000391 0.761111 0.000781 0.016667
8 0.193359 0.783333 0.035156 0.025000
5 0.194922 0.765278 0.032031 0.019444
8 0.259766 0.777083 0.019531 0.037500
5 0.256641 0.765972 0.019531 0.018056
8 0.285156 0.777083 0.046875 0.037500
5 0.284766 0.765972 0.041406 0.018056
8 0.329688 0.777778 0.045312 0.038889
5 0.329297 0.767361 0.039844 0.020833
8 0.270313 0.800694 0.046875 0.048611
5 0.268750 0.784722 0.043750 0.022222
8 0.315625 0.801389 0.048438 0.050000
5 0.315625 0.786111 0.042188 0.022222
8 0.226172 0.800694 0.052344 0.048611
5 0.226172 0.785417 0.046094 0.020833
8 0.179688 0.799306 0.054688 0.048611
5 0.179297 0.784028 0.047656 0.020833
0 0.078516 0.815278 0.157031 0.219444
0 0.711719 0.765278 0.104688 0.197222
0 0.016797 0.622917 0.033594 0.095833
0 0.055078 0.622917 0.052344 0.095833
1 0.678906 0.656250 0.043750 0.095833
1 0.655078 0.655556 0.019531 0.097222
1 0.666797 0.636806 0.039844 0.076389
1 0.633984 0.636806 0.038281 0.076389
1 0.659766 0.627778 0.028906 0.075000
1 0.614453 0.630556 0.014844 0.080556
1 0.684766 0.610417 0.053906 0.070833
1 0.366406 0.638889 0.065625 0.069444
1 0.371484 0.636806 0.063281 0.073611
1 0.187891 0.636111 0.046094 0.072222
1 0.181641 0.638194 0.058594 0.068056
1 0.030078 0.601389 0.049219 0.044444
2 0.030078 0.625694 0.013281 0.009722
2 0.015625 0.621528 0.015625 0.001389
2 0.022266 0.602778 0.028906 0.022222
2 0.043750 0.597222 0.017188 0.022222
2 0.027344 0.622917 0.021875 0.012500
2 0.034375 0.600694 0.015625 0.020833
2 0.021484 0.590278 0.008594 0.000000
2 0.041406 0.599306 0.012500 0.020833
2 0.027344 0.588194 0.015625 0.001389
1 0.012891 0.597917 0.016406 0.031944
2 0.000781 0.601389 0.001563 0.019444
2 0.009375 0.587500 0.018750 0.002778
2 0.013281 0.619444 0.010937 0.002778
2 0.003906 0.600000 0.007812 0.019444
2 0.004687 0.589583 0.009375 0.004167
2 0.000000 0.587500 0.000000 0.000000
2 0.746484 0.906250 0.014844 0.054167
2 0.758203 0.931944 0.007031 0.002778
2 0.803125 0.861806 0.128125 0.090278
2 0.824609 0.890278 0.139844 0.088889
5 0.304297 0.632639 0.024219 0.006944
5 0.304297 0.627778 0.024219 0.005556
5 0.304297 0.618750 0.024219 0.006944
5 0.304297 0.622917 0.024219 0.006944
5 0.309766 0.672222 0.025781 0.000000
5 0.286719 0.701389 0.028125 0.000000
5 0.287500 0.704861 0.034375 0.006944