3 0.499219 0.972917 0.998437 0.051389
4 0.355469 0.975000 0.009375 0.047222
5 0.191016 0.950000 0.085156 0.019444
5 0.191016 0.950000 0.085156 0.019444
5 0.191016 0.950000 0.085156 0.019444
5 0.191797 0.931944 0.085156 0.019444
5 0.191797 0.931944 0.085156 0.019444
5 0.191797 0.931944 0.085156 0.019444
5 0.191016 0.966667 0.085156 0.019444
5 0.191016 0.966667 0.085156 0.019444
5 0.191016 0.966667 0.085156 0.019444
5 0.305469 0.963194 0.082812 0.018056
5 0.305469 0.963194 0.082812 0.018056
5 0.305469 0.963194 0.082812 0.018056
5 0.305859 0.947917 0.083594 0.018056
5 0.305859 0.947917 0.083594 0.018056
5 0.305859 0.947917 0.083594 0.018056
5 0.305859 0.929861 0.083594 0.018056
5 0.305859 0.929861 0.083594 0.018056
5 0.305859 0.929861 0.083594 0.018056
5 0.306250 0.913194 0.082812 0.018056
5 0.306250 0.913194 0.082812 0.018056
5 0.306250 0.913194 0.082812 0.018056
6 0.530859 0.942361 0.097656 0.112500
6 0.462500 0.939583 0.089063 0.118056
6 0.530469 0.820833 0.096875 0.166667
6 0.496875 0.940972 0.096875 0.115278
6 0.787109 0.953472 0.250781 0.090278
6 0.949609 0.959028 0.099219 0.079167
5 0.422266 0.995139 0.124219 0.006944
5 0.621094 0.998611 0.014063 0.000000
8 0.495312 0.995833 0.004687 0.005556
5 0.561719 0.992361 0.126562 0.012500
8 0.959766 0.967361 0.078906 0.045833
5 0.955078 0.947222 0.061719 0.005556
8 0.980859 0.972222 0.036719 0.052778
5 0.983203 0.950000 0.032031 0.008333
0 0.494922 0.871528 0.086719 0.226389
2 0.732031 0.913889 0.040625 0.002778
2 0.844141 0.927778 0.002344 0.000000
2 0.873047 0.929861 0.053906 0.006944
2 0.798438 0.892361 0.092188 0.045833
2 0.872656 0.890972 0.056250 0.043056
2 0.797656 0.845833 0.092188 0.050000
2 0.871094 0.845139 0.056250 0.048611