3 0.499609 0.852778 0.999219 0.291667
4 0.436328 0.972222 0.003906 0.052778
5 0.264062 0.756944 0.064062 0.025000
5 0.264062 0.756944 0.064062 0.025000
5 0.264062 0.756944 0.064062 0.025000
5 0.264062 0.743056 0.064062 0.025000
5 0.264062 0.743056 0.064062 0.025000
5 0.264062 0.743056 0.064062 0.025000
5 0.264062 0.768750 0.064062 0.023611
5 0.264062 0.768750 0.064062 0.023611
5 0.264062 0.768750 0.064062 0.023611
5 0.348047 0.761111 0.063281 0.019444
5 0.348047 0.761111 0.063281 0.019444
5 0.348047 0.761111 0.063281 0.019444
5 0.348047 0.749306 0.063281 0.020833
5 0.348047 0.749306 0.063281 0.020833
5 0.348047 0.749306 0.063281 0.020833
5 0.348047 0.736806 0.063281 0.020833
5 0.348047 0.736806 0.063281 0.020833
5 0.348047 0.736806 0.063281 0.020833
5 0.348047 0.722917 0.063281 0.023611
5 0.348047 0.722917 0.063281 0.023611
5 0.348047 0.722917 0.063281 0.023611
6 0.523047 0.848611 0.064844 0.100000
6 0.474219 0.810417 0.062500 0.112500
6 0.523047 0.763889 0.064844 0.122222
6 0.498437 0.831250 0.064062 0.120833
6 0.659766 0.961111 0.122656 0.075000
6 0.717578 0.986806 0.024219 0.023611
7 0.317188 0.954167 0.090625 0.044444
8 0.482812 0.991667 0.006250 0.013889
5 0.530469 0.985417 0.093750 0.026389
8 0.505469 0.970139 0.096875 0.056944
5 0.504687 0.962500 0.087500 0.041667
8 0.480469 0.958333 0.092188 0.080556
5 0.479687 0.936806 0.082812 0.037500
8 0.459375 0.929861 0.085938 0.070833
5 0.458594 0.910417 0.078125 0.034722
8 0.569141 0.942361 0.091406 0.054167
5 0.568359 0.925000 0.082031 0.036111
8 0.528516 0.915278 0.053906 0.047222
5 0.541797 0.899306 0.074219 0.031944
8 0.587109 0.963889 0.074219 0.069444
5 0.593750 0.945139 0.079687 0.034722
8 0.587891 0.984028 0.021094 0.029167
5 0.597266 0.980556 0.002344 0.030556
8 0.915625 0.786111 0.026562 0.019444
5 0.917188 0.773611 0.046875 0.019444
8 0.909375 0.771528 0.007812 0.018056
5 0.884766 0.760417 0.049219 0.012500
8 0.941797 0.799306 0.067969 0.037500
5 0.942187 0.784028 0.062500 0.018056
8 0.962891 0.820139 0.017969 0.031944
5 0.964063 0.798611 0.023438 0.019444
8 0.828906 0.784028 0.064062 0.040278
5 0.814063 0.768056 0.028125 0.016667
8 0.842578 0.787500 0.036719 0.025000
5 0.844141 0.777083 0.033594 0.012500
8 0.891406 0.807639 0.062500 0.031944
5 0.889453 0.788889 0.058594 0.016667
8 0.925391 0.814583 0.063281 0.018056
5 0.910156 0.804167 0.032813 0.019444
0 0.946094 0.847222 0.106250 0.280556
0 0.489453 0.709722 0.069531 0.166667
1 0.955469 0.678472 0.050000 0.062500
2 0.953516 0.663194 0.039844 0.006944
2 0.978125 0.689583 0.004687 0.031944
2 0.978906 0.716667 0.001563 0.000000
2 0.960938 0.667361 0.026562 0.006944
2 0.971875 0.664583 0.017188 0.004167
2 0.970703 0.670833 0.019531 0.005556
2 0.979297 0.667361 0.002344 0.001389
1 0.938281 0.711806 0.089063 0.123611
2 0.903516 0.727778 0.017969 0.036111
2 0.915234 0.681944 0.041406 0.038889
2 0.957812 0.692361 0.043750 0.037500
2 0.942187 0.737500 0.067187 0.047222
2 0.920312 0.686111 0.025000 0.036111
2 0.937109 0.668056 0.021094 0.002778
2 0.935547 0.689583 0.027344 0.037500
2 0.951562 0.670833 0.026562 0.002778
2 0.669141 0.727083 0.028906 0.048611
2 0.717187 0.743750 0.065625 0.048611
2 0.771875 0.743750 0.042188 0.040278
2 0.717578 0.706944 0.066406 0.047222
2 0.771875 0.707639 0.042188 0.037500
2 0.717578 0.670833 0.066406 0.047222
2 0.759375 0.668056 0.067187 0.047222