3 0.499609 0.811111 0.999219 0.375000
4 0.229297 0.732639 0.005469 0.040278
4 0.142969 0.748611 0.000000 0.005556
4 0.098047 0.797917 0.005469 0.062500
4 0.044141 0.818056 0.007031 0.075000
4 0.075000 0.688194 0.001563 0.040278
8 0.089063 0.824306 0.042188 0.054167
8 0.652734 0.802778 0.066406 0.041667
5 0.497266 0.648611 0.035156 0.008333
5 0.497266 0.648611 0.035156 0.008333
5 0.497266 0.648611 0.035156 0.008333
5 0.496484 0.640278 0.036719 0.011111
5 0.496484 0.640278 0.036719 0.011111
5 0.496484 0.640278 0.036719 0.011111
5 0.496875 0.655556 0.035937 0.008333
5 0.496875 0.655556 0.035937 0.008333
5 0.496875 0.655556 0.035937 0.008333
5 0.540625 0.660417 0.031250 0.006944
5 0.540625 0.660417 0.031250 0.006944
5 0.540625 0.660417 0.031250 0.006944
5 0.540625 0.652778 0.031250 0.008333
5 0.540625 0.652778 0.031250 0.008333
5 0.540625 0.652778 0.031250 0.008333
5 0.540625 0.645833 0.031250 0.008333
5 0.540625 0.645833 0.031250 0.008333
5 0.540625 0.645833 0.031250 0.008333
5 0.543750 0.636111 0.037500 0.011111
5 0.543750 0.636111 0.037500 0.011111
5 0.543750 0.636111 0.037500 0.011111
6 0.457813 0.691667 0.040625 0.061111
6 0.490234 0.675000 0.036719 0.058333
6 0.458594 0.640972 0.042188 0.059722
6 0.478516 0.682639 0.032031 0.059722
6 0.348438 0.729861 0.054688 0.073611
6 0.327734 0.747222 0.041406 0.080556
7 0.179297 0.861806 0.005469 0.018056
7 0.085156 0.888194 0.050000 0.031944
7 0.461719 0.991667 0.087500 0.013889
7 0.501953 0.965972 0.080469 0.043056
7 0.003516 0.826389 0.007031 0.008333
7 0.033984 0.716667 0.042969 0.013889
7 0.319141 0.704861 0.002344 0.004167
7 0.228906 0.745139 0.018750 0.012500
7 0.057422 0.643056 0.028906 0.002778
7 0.009375 0.653472 0.003125 0.006944
7 0.010547 0.648611 0.005469 0.008333
8 0.027344 0.895139 0.054688 0.059722
5 0.025391 0.875694 0.050781 0.031944
8 0.006641 0.878472 0.011719 0.040278
5 0.004297 0.861111 0.008594 0.011111
8 0.232813 0.788194 0.010937 0.009722
5 0.233203 0.777778 0.010156 0.008333
8 0.230078 0.785417 0.002344 0.009722
5 0.229687 0.766667 0.003125 0.002778
8 0.318750 0.735417 0.001563 0.020833
5 0.318750 0.720833 0.001563 0.005556
8 0.378516 0.712500 0.002344 0.002778
5 0.376172 0.712500 0.000781 0.005556
8 0.384766 0.709028 0.014844 0.009722
5 0.375391 0.706250 0.028906 0.012500
8 0.386719 0.702778 0.043750 0.008333
5 0.386328 0.700000 0.039844 0.011111
8 0.410938 0.727083 0.015625 0.023611
5 0.403906 0.709722 0.029687 0.008333
8 0.410938 0.713889 0.014063 0.019444
5 0.423047 0.702083 0.035156 0.006944
8 0.398047 0.730556 0.041406 0.030556
5 0.396484 0.718056 0.041406 0.013889
8 0.389844 0.738889 0.026562 0.030556
5 0.387891 0.725694 0.024219 0.012500
8 0.803125 0.720833 0.006250 0.025000
5 0.784766 0.709028 0.036719 0.009722
8 0.790625 0.715278 0.042188 0.027778
5 0.790234 0.703472 0.038281 0.012500
8 0.780469 0.729861 0.043750 0.029167
5 0.780078 0.717361 0.039844 0.012500
8 0.775781 0.737500 0.040625 0.030556
5 0.774609 0.725000 0.038281 0.013889
8 0.761719 0.705556 0.009375 0.016667
5 0.744922 0.697917 0.030469 0.009722
8 0.737891 0.711111 0.042969 0.013889
5 0.737500 0.704861 0.039062 0.009722
8 0.734375 0.724306 0.029687 0.015278
5 0.732812 0.711111 0.032813 0.011111
8 0.725000 0.731250 0.045312 0.026389
5 0.724219 0.720139 0.040625 0.012500
8 0.724609 0.778472 0.042969 0.040278
5 0.724219 0.763889 0.037500 0.019444
8 0.764844 0.784028 0.042188 0.040278
5 0.764844 0.768056 0.037500 0.019444
8 0.688672 0.775000 0.041406 0.038889
5 0.692187 0.759722 0.031250 0.019444
8 0.648438 0.770139 0.039062 0.031944
5 0.649609 0.754861 0.036719 0.018056
8 0.755859 0.747917 0.046094 0.023611
5 0.755078 0.738194 0.041406 0.012500
8 0.751953 0.754861 0.046094 0.026389
5 0.750391 0.749306 0.042969 0.015278
8 0.703125 0.761806 0.037500 0.031944
5 0.703906 0.745833 0.035937 0.016667
8 0.667188 0.754167 0.040625 0.033333
5 0.667188 0.741667 0.035937 0.013889
8 0.675391 0.842361 0.064844 0.026389
5 0.674609 0.834028 0.058594 0.023611
8 0.690625 0.836111 0.057813 0.041667
5 0.688672 0.818750 0.053906 0.020833
8 0.592969 0.904167 0.017188 0.019444
5 0.606250 0.888889 0.018750 0.022222
8 0.610938 0.875694 0.015625 0.004167
5 0.618750 0.869444 0.026562 0.019444
8 0.542188 0.901389 0.073438 0.052778
5 0.537500 0.879861 0.057813 0.029167
8 0.562500 0.881944 0.070312 0.050000
5 0.557813 0.860417 0.054688 0.026389
0 0.442188 0.775694 0.089063 0.201389
0 0.574219 0.709722 0.060937 0.155556
0 0.579297 0.630556 0.041406 0.097222
1 0.270703 0.618056 0.053906 0.069444
1 0.255859 0.622222 0.055469 0.069444
1 0.230469 0.615972 0.045312 0.068056
1 0.214844 0.620139 0.045312 0.068056
1 0.192578 0.609028 0.035156 0.054167
1 0.167187 0.619444 0.050000 0.063889
1 0.097656 0.601389 0.014063 0.055556
1 0.079687 0.655556 0.059375 0.083333
1 0.063281 0.654167 0.046875 0.086111
1 0.923828 0.653472 0.036719 0.034722
2 0.925000 0.647222 0.031250 0.002778
2 0.923438 0.661111 0.032813 0.016667
2 0.916406 0.649306 0.015625 0.001389
2 0.932422 0.650000 0.014844 0.002778
2 0.916406 0.652083 0.014063 0.001389
2 0.932031 0.652778 0.015625 0.002778
1 0.921875 0.717361 0.042188 0.118056
2 0.923828 0.671528 0.035156 0.004167
2 0.921484 0.697222 0.036719 0.036111
2 0.921484 0.737500 0.036719 0.041667
2 0.914062 0.674306 0.017188 0.004167
2 0.931641 0.675000 0.016406 0.002778
2 0.913281 0.676389 0.017188 0.002778
2 0.931250 0.677778 0.017188 0.002778
1 0.881641 0.684028 0.038281 0.101389
2 0.898828 0.693750 0.000781 0.026389
2 0.883594 0.654167 0.031250 0.022222
2 0.879687 0.658333 0.031250 0.016667
2 0.897656 0.701389 0.000000 0.016667
2 0.875000 0.646528 0.015625 0.001389
2 0.890625 0.660417 0.015625 0.029167
2 0.873828 0.648611 0.014844 0.002778
2 0.888672 0.650000 0.013281 0.002778
1 0.874609 0.712500 0.044531 0.116667
2 0.894141 0.725000 0.000781 0.030556
2 0.877344 0.681250 0.034375 0.031944
2 0.873047 0.693056 0.035156 0.036111
2 0.874219 0.732639 0.039062 0.040278
2 0.867188 0.671528 0.017188 0.004167
2 0.885156 0.686806 0.017188 0.031944
2 0.865625 0.672917 0.017188 0.001389
2 0.883203 0.674306 0.014844 0.001389
2 0.939453 0.969444 0.119531 0.058333
2 0.945703 0.920833 0.107031 0.072222
2 0.678906 0.893056 0.104688 0.088889
2 0.641797 0.947222 0.117969 0.102778
2 0.694141 0.986111 0.013281 0.025000
2 0.724219 0.954861 0.014063 0.079167
2 0.661719 0.918750 0.110937 0.095833
2 0.620313 0.961111 0.126562 0.075000
2 0.709375 0.970139 0.015625 0.056944
2 0.611719 0.843056 0.065625 0.069444
2 0.551953 0.833333 0.066406 0.063889
2 0.808984 0.677778 0.007031 0.033333
2 0.749219 0.681250 0.035937 0.026389
2 0.786719 0.686111 0.037500 0.030556
2 0.749219 0.658333 0.035937 0.030556
2 0.786719 0.660417 0.037500 0.031944
2 0.750391 0.630556 0.038281 0.033333
2 0.786719 0.633333 0.037500 0.033333
5 0.166797 0.760417 0.047656 0.015278
5 0.162109 0.768750 0.038281 0.015278
5 0.164062 0.776389 0.042188 0.013889
5 0.160547 0.788889 0.035156 0.008333
5 0.160547 0.805556 0.035156 0.008333
5 0.163672 0.797222 0.041406 0.008333
5 0.180469 0.820833 0.007812 0.008333
5 0.160547 0.813194 0.035156 0.006944
5 0.026562 0.699306 0.037500 0.009722
5 0.010937 0.705556 0.006250 0.008333
5 0.207813 0.784722 0.059375 0.019444
5 0.204687 0.793056 0.053125 0.019444
5 0.205469 0.811111 0.053125 0.019444
5 0.205078 0.802778 0.052344 0.019444
5 0.205078 0.827083 0.052344 0.020833
5 0.205078 0.819444 0.052344 0.019444
5 0.056641 0.702083 0.033594 0.012500
5 0.056641 0.709722 0.033594 0.011111
5 0.204687 0.777083 0.053125 0.018056
5 0.204687 0.766667 0.053125 0.022222
5 0.261719 0.793056 0.059375 0.019444
5 0.261719 0.801389 0.059375 0.019444
5 0.261719 0.819444 0.059375 0.019444
5 0.261719 0.811111 0.059375 0.019444
5 0.261719 0.836806 0.059375 0.020833
5 0.261719 0.827083 0.059375 0.020833
5 0.089063 0.708333 0.040625 0.011111
5 0.088672 0.713889 0.041406 0.011111
5 0.261719 0.784722 0.059375 0.019444
5 0.261719 0.775694 0.059375 0.018056
5 0.261719 0.724306 0.059375 0.018056
5 0.261719 0.733333 0.059375 0.016667
5 0.261719 0.751389 0.059375 0.016667
5 0.261719 0.742361 0.059375 0.018056
5 0.261719 0.768056 0.059375 0.019444
5 0.261719 0.759028 0.059375 0.018056
5 0.089063 0.702778 0.040625 0.011111
5 0.088672 0.696528 0.041406 0.012500
5 0.261719 0.716667 0.059375 0.016667
5 0.261719 0.705556 0.059375 0.019444