3 0.499609 0.799306 0.999219 0.398611
8 0.795703 0.817361 0.097656 0.068056
6 0.885156 0.986111 0.050000 0.025000
7 0.918359 0.626389 0.024219 0.016667
7 0.980469 0.614583 0.037500 0.015278
7 0.952734 0.619444 0.044531 0.016667
7 0.591016 0.673611 0.044531 0.022222
7 0.630469 0.665972 0.029687 0.020833
7 0.741406 0.650000 0.045312 0.019444
7 0.699219 0.656250 0.045312 0.020833
7 0.469141 0.690278 0.044531 0.025000
7 0.523047 0.682639 0.044531 0.023611
7 0.402734 0.702778 0.022656 0.025000
8 0.176953 0.924306 0.078906 0.098611
5 0.177734 0.900000 0.069531 0.052778
8 0.096484 0.940972 0.078906 0.104167
5 0.097656 0.916667 0.068750 0.055556
8 0.238672 0.900694 0.072656 0.079167
5 0.241406 0.884722 0.067187 0.050000
8 0.273828 0.860417 0.000781 0.006944
8 0.114844 0.965972 0.085938 0.065278
5 0.116016 0.964583 0.075781 0.065278
8 0.201563 0.956944 0.087500 0.083333
5 0.202734 0.945833 0.077344 0.061111
8 0.251563 0.954167 0.046875 0.088889
5 0.254297 0.928472 0.041406 0.054167
8 0.594141 0.836111 0.088281 0.061111
5 0.592969 0.821528 0.079687 0.034722
8 0.561328 0.813889 0.083594 0.055556
5 0.560937 0.800694 0.075000 0.031944
8 0.628516 0.859028 0.092969 0.073611
5 0.628125 0.840972 0.082812 0.037500
8 0.645312 0.893750 0.053125 0.070833
5 0.650000 0.865972 0.053125 0.040278
8 0.433984 0.875000 0.083594 0.075000
5 0.435156 0.848611 0.075000 0.041667
8 0.491797 0.859722 0.083594 0.072222
5 0.493359 0.834028 0.074219 0.040278
8 0.547656 0.879861 0.095312 0.081944
5 0.546875 0.857639 0.085938 0.040278
8 0.583594 0.907639 0.101562 0.087500
5 0.582812 0.884722 0.090625 0.044444
8 0.829688 0.782639 0.056250 0.056944
5 0.841016 0.761806 0.067969 0.029167
8 0.798438 0.788194 0.078125 0.051389
5 0.799219 0.769444 0.070312 0.027778
8 0.966406 0.749306 0.065625 0.040278
5 0.968750 0.735417 0.060937 0.026389
8 0.934375 0.751389 0.076563 0.030556
5 0.935937 0.742361 0.068750 0.026389
8 0.999219 0.751389 0.000000 0.002778
8 0.980078 0.768750 0.038281 0.020833
5 0.982812 0.763889 0.032813 0.025000
0 0.833594 0.574306 0.060937 0.101389
0 0.771094 0.843056 0.201563 0.311111
1 0.000781 0.648611 0.001563 0.036111
1 0.148828 0.676389 0.107031 0.147222
2 0.117969 0.703472 0.026562 0.045833
2 0.111328 0.698611 0.022656 0.041667
2 0.114844 0.647917 0.031250 0.048611
2 0.182031 0.631944 0.031250 0.027778
2 0.131250 0.694444 0.007812 0.030556
2 0.139844 0.638889 0.026562 0.025000
2 0.135547 0.624306 0.025781 0.004167
2 0.162891 0.636111 0.025781 0.025000
2 0.157422 0.622222 0.024219 0.005556
1 0.015234 0.679167 0.011719 0.058333
2 0.007812 0.688889 0.015625 0.041667
1 0.182812 0.709028 0.118750 0.165278
2 0.149219 0.739583 0.029687 0.051389
2 0.143359 0.733333 0.028906 0.047222
2 0.145703 0.677778 0.035156 0.055556
2 0.219141 0.661806 0.036719 0.037500
2 0.167187 0.736111 0.017188 0.050000
2 0.174219 0.677083 0.029687 0.048611
2 0.167969 0.650694 0.029687 0.006944
2 0.198828 0.667361 0.028906 0.034722
2 0.191797 0.647917 0.028906 0.006944
1 0.039844 0.706944 0.014063 0.038889
2 0.020703 0.718750 0.039844 0.023611
2 0.003906 0.725694 0.007812 0.012500
2 0.001953 0.714583 0.003906 0.006944
1 0.217188 0.752778 0.112500 0.191667
2 0.185156 0.790278 0.021875 0.055556
2 0.172656 0.780556 0.010937 0.055556
2 0.187109 0.716667 0.041406 0.063889
2 0.260547 0.684028 0.025781 0.018056
2 0.218750 0.694444 0.034375 0.013889
2 0.210938 0.686111 0.032813 0.008333
2 0.246484 0.690278 0.033594 0.013889
2 0.237109 0.681944 0.032031 0.008333
1 0.031250 0.806944 0.062500 0.202778
2 0.032813 0.765972 0.043750 0.076389
2 0.028125 0.847917 0.056250 0.073611
2 0.009766 0.772917 0.019531 0.065278
2 0.007031 0.736111 0.014063 0.008333
1 0.226562 0.780556 0.095312 0.188889
2 0.212109 0.811806 0.036719 0.065278
2 0.192188 0.803472 0.012500 0.059722
2 0.207031 0.736111 0.045312 0.069444
2 0.272266 0.694444 0.002344 0.002778
2 0.248828 0.804167 0.050781 0.066667
2 0.241016 0.735417 0.036719 0.062500
2 0.231641 0.702083 0.035156 0.009722
2 0.262500 0.731250 0.023438 0.059722
2 0.257812 0.698611 0.031250 0.008333
2 0.809375 0.683333 0.076563 0.050000
2 0.876953 0.672917 0.058594 0.043056
2 0.874219 0.634028 0.075000 0.048611
2 0.809375 0.644444 0.076563 0.052778
2 0.953125 0.683333 0.092188 0.063889
2 0.987500 0.645833 0.023438 0.008333
2 0.952734 0.726389 0.092969 0.055556
2 0.970703 0.654861 0.057031 0.018056
2 0.999219 0.726389 0.000000 0.013889
2 0.912500 0.795833 0.107813 0.083333
2 0.957031 0.818750 0.084375 0.090278