3 0.463281 0.841667 0.926562 0.313889
8 0.587109 0.722917 0.014844 0.026389
7 0.342187 0.793750 0.065625 0.020833
7 0.372656 0.780556 0.031250 0.013889
7 0.219141 0.834028 0.074219 0.026389
7 0.275781 0.815972 0.070312 0.023611
7 0.069531 0.891667 0.012500 0.025000
7 0.113672 0.868056 0.080469 0.030556
7 0.838281 0.946528 0.078125 0.048611
7 0.824219 0.981944 0.050000 0.033333
7 0.925391 0.790278 0.000781 0.005556
7 0.916016 0.802778 0.019531 0.019444
7 0.894141 0.850000 0.064844 0.025000
7 0.916016 0.816667 0.019531 0.002778
6 0.056250 0.915278 0.112500 0.111111
8 0.708984 0.688194 0.010156 0.018056
5 0.709375 0.673611 0.009375 0.002778
8 0.703906 0.686111 0.020313 0.013889
5 0.704297 0.679861 0.019531 0.006944
8 0.709375 0.688889 0.000000 0.000000
8 0.647266 0.709722 0.000781 0.025000
5 0.647266 0.695833 0.000781 0.005556
8 0.693359 0.706250 0.008594 0.020833
5 0.692187 0.697917 0.006250 0.006944
8 0.611719 0.710417 0.021875 0.018056
8 0.597656 0.709028 0.015625 0.004167
8 0.700000 0.697222 0.017188 0.025000
5 0.697266 0.686111 0.016406 0.008333
8 0.693750 0.701389 0.009375 0.025000
5 0.692578 0.689583 0.007031 0.006944
8 0.622266 0.706944 0.000781 0.008333
8 0.609375 0.706944 0.025000 0.005556
8 0.578125 0.736806 0.029687 0.031944
5 0.576172 0.722917 0.025781 0.009722
8 0.587109 0.731250 0.047656 0.031944
5 0.588281 0.717361 0.037500 0.009722
0 0.406250 0.907639 0.278125 0.181944
0 0.775781 0.777778 0.173437 0.247222
0 0.162891 0.949306 0.325781 0.098611
1 0.919531 0.672917 0.012500 0.095833
2 0.925781 0.634722 0.000000 0.000000
2 0.925391 0.652083 0.000781 0.026389
2 0.925391 0.697222 0.000781 0.019444
2 0.925391 0.637500 0.000781 0.000000
1 0.868750 0.661806 0.020313 0.073611
2 0.860938 0.654861 0.004687 0.001389
2 0.871094 0.667361 0.014063 0.023611
2 0.876172 0.635417 0.003906 0.023611
2 0.858984 0.638194 0.022656 0.023611
2 0.862109 0.670139 0.027344 0.029167
2 0.873047 0.636111 0.005469 0.025000
2 0.869141 0.636806 0.007031 0.023611
1 0.833984 0.670833 0.047656 0.086111
2 0.824219 0.666667 0.000000 0.000000
2 0.851562 0.681250 0.009375 0.026389
2 0.851172 0.645139 0.010156 0.026389
2 0.821875 0.645139 0.018750 0.018056
2 0.835938 0.684722 0.032813 0.030556
2 0.849219 0.646528 0.006250 0.026389
2 0.847656 0.647917 0.003125 0.026389
1 0.822266 0.666667 0.000781 0.000000
2 0.821484 0.666667 0.003906 0.000000
1 0.808594 0.678472 0.020313 0.068056
2 0.801953 0.649306 0.007031 0.009722
2 0.804297 0.683333 0.011719 0.027778
2 0.807813 0.647917 0.003125 0.009722
2 0.712500 0.775694 0.003125 0.004167
2 0.660547 0.820833 0.099219 0.061111
2 0.660547 0.763889 0.099219 0.058333
2 0.701562 0.745139 0.025000 0.054167
2 0.550781 0.737500 0.023438 0.036111
2 0.498828 0.754861 0.027344 0.040278
2 0.498828 0.793750 0.027344 0.054167
2 0.550781 0.774306 0.023438 0.048611
2 0.526172 0.745833 0.025781 0.038889
2 0.436719 0.763889 0.095312 0.041667
2 0.436719 0.802778 0.095312 0.050000
2 0.526172 0.784028 0.025781 0.051389