3 0.096484 0.863889 0.136719 0.269444
4 0.036328 0.731250 0.014844 0.009722
4 0.247656 0.718750 0.017188 0.015278
4 0.157031 0.718056 0.006250 0.013889
4 0.111719 0.727083 0.000000 0.001389
4 0.057813 0.722917 0.017188 0.026389
6 0.175391 0.722917 0.042969 0.006944
6 0.099609 0.725694 0.058594 0.012500
7 0.252734 0.725694 0.010156 0.001389
6 0.052344 0.718750 0.037500 0.040278
6 0.040625 0.722222 0.028125 0.044444
6 0.041016 0.680556 0.028906 0.047222
6 0.053125 0.679861 0.037500 0.045833
6 0.165625 0.680556 0.031250 0.047222
6 0.183594 0.680556 0.028125 0.047222
6 0.166797 0.713194 0.027344 0.023611
6 0.197266 0.711806 0.000781 0.023611
6 0.160938 0.704861 0.006250 0.029167
5 0.032813 0.755556 0.001563 0.000000
5 0.032813 0.752778 0.001563 0.002778
0 0.122266 0.684722 0.102344 0.094444
0 0.098047 0.689583 0.036719 0.084722
0 0.135156 0.683333 0.043750 0.072222
1 0.245703 0.697917 0.024219 0.051389
1 0.240625 0.700000 0.034375 0.052778
1 0.121094 0.681944 0.043750 0.022222
2 0.114844 0.686111 0.021875 0.016667
2 0.137109 0.680556 0.000781 0.005556
2 0.128906 0.677778 0.004687 0.000000
2 0.133594 0.685417 0.004687 0.015278
1 0.058203 0.702083 0.046094 0.062500
2 0.057813 0.714583 0.009375 0.015278
2 0.049609 0.686806 0.025781 0.015278
2 0.063281 0.713194 0.015625 0.018056
2 0.065234 0.685417 0.003906 0.012500
1 0.200781 0.874306 0.109375 0.248611
2 0.210938 0.888194 0.092188 0.176389
2 0.252344 0.897917 0.009375 0.156944
1 0.058203 0.860417 0.116406 0.276389
2 0.065625 0.940972 0.076563 0.109722
2 0.039062 0.947917 0.078125 0.101389
2 0.052734 0.813194 0.105469 0.112500
2 0.019922 0.897917 0.039844 0.015278
2 0.025781 0.759028 0.051562 0.004167
2 0.001953 0.777778 0.003906 0.033333
1 0.131641 0.822917 0.211719 0.231944
2 0.161328 0.883333 0.010156 0.080556
2 0.194531 0.775000 0.070312 0.083333
2 0.071094 0.744444 0.073438 0.022222
2 0.112109 0.877778 0.108594 0.091667
2 0.159375 0.734722 0.046875 0.002778
2 0.141797 0.776389 0.050781 0.080556
2 0.126562 0.734722 0.048438 0.002778
2 0.103516 0.774306 0.058594 0.076389
1 0.169141 0.751389 0.177344 0.097222
2 0.232813 0.763194 0.050000 0.070833
2 0.119531 0.729167 0.060937 0.005556
2 0.202344 0.728472 0.043750 0.001389
2 0.185938 0.731250 0.045312 0.004167
2 0.169141 0.727778 0.036719 0.002778
2 0.151953 0.730556 0.052344 0.002778
1 0.090234 0.702083 0.046094 0.062500
2 0.070312 0.705556 0.001563 0.000000
2 0.077344 0.685417 0.015625 0.015278