3 0.499609 0.827083 0.999219 0.343056
6 0.765234 0.956250 0.164844 0.084722
7 0.969922 0.709028 0.032031 0.029167
8 0.675391 0.820833 0.057031 0.069444
5 0.675781 0.801389 0.050000 0.033333
8 0.616016 0.813889 0.058594 0.069444
5 0.616406 0.795139 0.051562 0.031944
8 0.728906 0.825000 0.054688 0.069444
5 0.729688 0.806250 0.048438 0.034722
8 0.791406 0.829861 0.053125 0.068056
5 0.792188 0.813194 0.046875 0.034722
8 0.598047 0.845833 0.063281 0.075000
5 0.598828 0.826389 0.055469 0.038889
8 0.661328 0.853472 0.061719 0.076389
5 0.661719 0.833333 0.054688 0.038889
8 0.718750 0.859028 0.059375 0.079167
5 0.719531 0.839583 0.053125 0.040278
8 0.785937 0.866667 0.057813 0.080556
5 0.786328 0.847222 0.050781 0.041667
8 0.923047 0.850694 0.035156 0.070833
5 0.921484 0.830556 0.032031 0.036111
8 0.971875 0.853472 0.054688 0.073611
5 0.974219 0.833333 0.050000 0.036111
8 0.981250 0.872222 0.035937 0.047222
5 0.982812 0.863194 0.032813 0.029167
8 0.983594 0.913889 0.031250 0.075000
5 0.985156 0.893056 0.028125 0.033333
0 0.181250 0.873611 0.182812 0.250000
1 0.638281 0.633333 0.084375 0.116667
2 0.610547 0.597222 0.022656 0.022222
2 0.666016 0.608333 0.021094 0.038889
2 0.668359 0.653472 0.016406 0.040278
2 0.627734 0.600000 0.019531 0.019444
2 0.630859 0.588889 0.017969 0.002778
2 0.646484 0.601389 0.019531 0.019444
2 0.649219 0.590278 0.018750 0.002778
1 0.760156 0.598611 0.003125 0.033333
2 0.771094 0.606944 0.018750 0.027778
2 0.828125 0.607639 0.015625 0.023611
2 0.790625 0.608333 0.018750 0.019444
2 0.791406 0.600694 0.018750 0.012500
2 0.810547 0.609028 0.019531 0.020833
2 0.810937 0.597917 0.018750 0.004167
1 0.619141 0.660417 0.092969 0.131944
2 0.589453 0.622917 0.025781 0.029167
2 0.649609 0.633333 0.024219 0.044444
2 0.651953 0.682639 0.021094 0.045833
2 0.607812 0.625694 0.021875 0.026389
2 0.611719 0.611806 0.021875 0.004167
2 0.628125 0.627083 0.021875 0.026389
2 0.631641 0.611806 0.021094 0.004167
1 0.753516 0.624306 0.003906 0.043056
2 0.766016 0.634722 0.021094 0.036111
2 0.828125 0.634722 0.014063 0.030556
2 0.787500 0.635417 0.020313 0.026389
2 0.788281 0.633333 0.020313 0.030556
2 0.809766 0.636806 0.021094 0.026389
2 0.809766 0.621528 0.021094 0.004167
1 0.596094 0.695833 0.101562 0.150000
2 0.560937 0.643750 0.029687 0.015278
2 0.628906 0.663889 0.028125 0.047222
2 0.636719 0.720833 0.012500 0.052778
2 0.581641 0.647222 0.025781 0.008333
2 0.586328 0.640278 0.024219 0.005556
2 0.603906 0.648611 0.025000 0.008333
2 0.608203 0.641667 0.024219 0.005556
1 0.745313 0.679861 0.004687 0.095833
2 0.769531 0.729861 0.000000 0.004167
2 0.758984 0.656944 0.024219 0.019444
2 0.828125 0.658333 0.014063 0.013889
2 0.794531 0.715972 0.000000 0.001389
2 0.783594 0.661806 0.023438 0.015278
2 0.784375 0.655556 0.023438 0.013889
2 0.808594 0.659722 0.023438 0.008333
2 0.808594 0.652778 0.023438 0.005556
1 0.591797 0.710417 0.092969 0.143056
2 0.552344 0.736806 0.014063 0.048611
2 0.552734 0.711806 0.014844 0.001389
2 0.554297 0.676389 0.017969 0.052778
2 0.618750 0.681250 0.029687 0.054167
2 0.595313 0.738889 0.078125 0.055556
2 0.568750 0.680556 0.026562 0.047222
2 0.573828 0.654167 0.025781 0.005556
2 0.592969 0.682639 0.026562 0.048611
2 0.597266 0.655556 0.025781 0.005556
1 0.795312 0.727778 0.114062 0.166667
2 0.755078 0.752083 0.025781 0.051389
2 0.764062 0.745139 0.009375 0.037500
2 0.755859 0.689583 0.025781 0.056944
2 0.828125 0.694444 0.014063 0.055556
2 0.801953 0.755556 0.064844 0.055556
2 0.781250 0.693750 0.025000 0.051389
2 0.782422 0.687500 0.024219 0.050000
2 0.807422 0.696528 0.025781 0.051389
2 0.808203 0.667361 0.024219 0.006944
2 0.269141 0.820139 0.086719 0.084722
2 0.286719 0.769444 0.051562 0.027778
2 0.367969 0.836111 0.109375 0.077778
2 0.434375 0.808333 0.023438 0.072222
2 0.367578 0.781250 0.108594 0.073611
2 0.434375 0.756944 0.023438 0.066667
2 0.367188 0.722917 0.109375 0.079167
2 0.394922 0.702083 0.102344 0.073611