3 0.500391 0.829861 0.997656 0.337500
4 0.034766 0.833333 0.000781 0.047222
8 0.691797 0.934028 0.105469 0.062500
5 0.507422 0.697917 0.041406 0.006944
5 0.507422 0.697917 0.041406 0.006944
5 0.507422 0.697917 0.041406 0.006944
5 0.487500 0.684722 0.006250 0.011111
5 0.487500 0.684722 0.006250 0.011111
5 0.487500 0.684722 0.006250 0.011111
5 0.507422 0.704861 0.041406 0.009722
5 0.507422 0.704861 0.041406 0.009722
5 0.507422 0.704861 0.041406 0.009722
5 0.565234 0.711111 0.022656 0.008333
5 0.565234 0.711111 0.022656 0.008333
5 0.565234 0.711111 0.022656 0.008333
5 0.565234 0.702083 0.022656 0.009722
5 0.565234 0.702083 0.022656 0.009722
5 0.565234 0.702083 0.022656 0.009722
5 0.564844 0.692361 0.021875 0.009722
5 0.564844 0.692361 0.021875 0.009722
5 0.564844 0.692361 0.021875 0.009722
5 0.564844 0.679167 0.021875 0.013889
5 0.564844 0.679167 0.021875 0.013889
5 0.564844 0.679167 0.021875 0.013889
6 0.439453 0.752778 0.055469 0.083333
6 0.476562 0.725000 0.028125 0.066667
6 0.440234 0.685417 0.058594 0.081944
6 0.464844 0.740278 0.051562 0.080556
6 0.268750 0.808333 0.078125 0.105556
6 0.226953 0.835417 0.053906 0.118056
7 0.283594 0.763194 0.034375 0.004167
7 0.141016 0.827778 0.047656 0.027778
7 0.033203 0.674306 0.014844 0.009722
8 0.125000 0.888194 0.014063 0.045833
5 0.119922 0.871528 0.003906 0.004167
5 0.316016 0.780556 0.002344 0.008333
8 0.329297 0.785417 0.002344 0.015278
5 0.323437 0.772222 0.039062 0.016667
8 0.342969 0.761806 0.059375 0.004167
5 0.342187 0.759722 0.053125 0.008333
8 0.368359 0.797222 0.061719 0.041667
5 0.366797 0.778472 0.057031 0.015278
8 0.404297 0.786111 0.038281 0.038889
5 0.394922 0.769444 0.049219 0.016667
8 0.350781 0.807639 0.056250 0.043056
5 0.350781 0.788194 0.048438 0.018056
8 0.329297 0.824306 0.025781 0.034722
5 0.329297 0.802083 0.025781 0.018056
8 0.884375 0.800694 0.060937 0.034722
5 0.886719 0.783333 0.050000 0.013889
8 0.892578 0.789583 0.058594 0.045833
5 0.891406 0.773611 0.053125 0.016667
8 0.880469 0.814583 0.064062 0.043056
5 0.879687 0.795139 0.057813 0.018056
8 0.875000 0.827083 0.059375 0.045833
5 0.873047 0.808333 0.055469 0.022222
8 0.826953 0.781944 0.053906 0.030556
5 0.827734 0.768056 0.052344 0.016667
8 0.847266 0.785417 0.003906 0.020833
5 0.818359 0.775000 0.053906 0.013889
8 0.815625 0.806250 0.043750 0.026389
5 0.814453 0.787500 0.046094 0.019444
8 0.801562 0.813889 0.064062 0.036111
5 0.800781 0.799306 0.057813 0.020833
8 0.803516 0.894444 0.064844 0.063889
5 0.803125 0.870833 0.056250 0.033333
8 0.865625 0.901389 0.064062 0.072222
5 0.865625 0.881250 0.056250 0.034722
8 0.753906 0.886806 0.054688 0.062500
5 0.752734 0.864583 0.050781 0.031944
8 0.686328 0.881944 0.050781 0.050000
5 0.687891 0.854167 0.047656 0.030556
8 0.848047 0.840278 0.067969 0.038889
5 0.847266 0.829861 0.061719 0.020833
8 0.844531 0.860417 0.065625 0.051389
5 0.842187 0.846528 0.060937 0.026389
8 0.771875 0.864583 0.057813 0.051389
5 0.772656 0.840972 0.053125 0.026389
8 0.728125 0.854167 0.040625 0.055556
5 0.723047 0.833333 0.044531 0.027778
5 0.725781 0.990972 0.095312 0.015278
8 0.750000 0.984028 0.098437 0.029167
5 0.746875 0.977083 0.092188 0.043056
0 0.358594 0.868056 0.137500 0.261111
0 0.591406 0.786111 0.075000 0.233333
0 0.611328 0.677778 0.060156 0.133333
1 0.236719 0.657639 0.065625 0.081944
1 0.215625 0.660417 0.067187 0.087500
1 0.178125 0.652083 0.050000 0.081944
1 0.163281 0.657639 0.065625 0.081944
1 0.136328 0.647222 0.063281 0.077778
1 0.109375 0.652778 0.054688 0.083333
1 0.065234 0.635417 0.058594 0.076389
1 0.996875 0.740972 0.004687 0.123611
2 0.999219 0.693750 0.000000 0.001389
2 0.998047 0.713889 0.002344 0.022222
2 0.998828 0.697222 0.000781 0.002778
2 0.998437 0.700000 0.001563 0.000000
1 0.995313 0.792361 0.007812 0.165278
2 0.998437 0.727083 0.001563 0.004167
2 0.996875 0.763889 0.004687 0.047222
2 0.996875 0.822222 0.004687 0.055556
2 0.998047 0.731250 0.002344 0.004167
2 0.997656 0.736111 0.003125 0.002778
2 0.616406 0.977083 0.117188 0.043056
2 0.527344 0.968750 0.120313 0.059722
2 0.911719 0.738889 0.007812 0.044444
2 0.832812 0.744444 0.042188 0.033333
2 0.884375 0.749306 0.045312 0.043056
2 0.832812 0.715278 0.042188 0.036111
2 0.884375 0.715278 0.045312 0.044444
2 0.832812 0.675000 0.042188 0.044444
2 0.884375 0.679861 0.045312 0.045833
5 0.018359 0.903472 0.033594 0.026389
5 0.023438 0.916667 0.043750 0.027778
5 0.018359 0.943056 0.033594 0.027778
5 0.018359 0.930556 0.033594 0.027778
5 0.018359 0.968750 0.033594 0.029167
5 0.018359 0.955556 0.033594 0.027778
5 0.023828 0.890972 0.044531 0.026389
5 0.023047 0.871528 0.042969 0.037500
5 0.083203 0.915972 0.096094 0.034722
5 0.083203 0.929861 0.096094 0.037500
5 0.083594 0.957639 0.095312 0.037500
5 0.083203 0.943750 0.096094 0.037500
5 0.083594 0.981250 0.095312 0.034722
5 0.083594 0.969444 0.095312 0.038889
5 0.083203 0.903472 0.096094 0.034722
5 0.083203 0.890278 0.096094 0.033333
5 0.083203 0.810417 0.096094 0.029167
5 0.083203 0.823611 0.096094 0.030556
5 0.083203 0.852083 0.096094 0.031944
5 0.083203 0.837500 0.096094 0.030556
5 0.083203 0.877778 0.096094 0.033333
5 0.083203 0.863889 0.096094 0.033333
5 0.083203 0.797917 0.096094 0.029167
5 0.083203 0.781944 0.096094 0.033333