3 0.497266 0.934722 0.994531 0.127778
8 0.553125 0.945833 0.054688 0.080556
5 0.548828 0.922222 0.053906 0.038889
8 0.618359 0.943056 0.069531 0.080556
5 0.617188 0.920139 0.060937 0.037500
8 0.601562 0.909722 0.062500 0.072222
5 0.600391 0.888194 0.055469 0.031944
8 0.546094 0.908333 0.040625 0.066667
5 0.535937 0.890278 0.051562 0.030556
8 0.087891 0.952778 0.100781 0.072222
5 0.089844 0.928472 0.090625 0.026389
8 0.065234 0.970833 0.108594 0.055556
5 0.066797 0.958333 0.097656 0.033333
8 0.101172 0.928472 0.094531 0.065278
5 0.102734 0.904861 0.085156 0.020833
8 0.118359 0.913889 0.086719 0.047222
5 0.117969 0.892361 0.071875 0.004167
8 0.264453 0.954861 0.027344 0.081944
5 0.266016 0.930556 0.024219 0.038889
8 0.205469 0.956944 0.065625 0.083333
5 0.204687 0.934722 0.057813 0.041667
8 0.197656 0.928472 0.089063 0.068056
5 0.198828 0.905556 0.080469 0.027778
8 0.209766 0.911806 0.082031 0.048611
5 0.209375 0.890278 0.070312 0.005556
0 0.112891 0.892361 0.110156 0.004167
1 0.892969 0.966667 0.212500 0.063889
2 0.974219 0.984722 0.050000 0.027778
2 0.832812 0.988889 0.070312 0.019444
2 0.937109 0.984722 0.075781 0.022222
2 0.961719 0.997222 0.034375 0.002778
2 0.885156 0.987500 0.073438 0.022222
2 0.916016 0.998611 0.011719 0.000000
1 0.565234 0.979861 0.011719 0.037500
1 0.793750 0.931250 0.209375 0.134722
2 0.853125 0.919444 0.075000 0.102778
2 0.731250 0.925694 0.067187 0.104167
2 0.746875 0.985417 0.100000 0.026389
2 0.803906 0.876389 0.054688 0.013889
2 0.820312 0.928472 0.056250 0.090278
2 0.764062 0.877778 0.053125 0.013889
2 0.778906 0.930556 0.054688 0.091667
1 0.467969 0.937500 0.129688 0.122222
2 0.498047 0.940278 0.053906 0.111111
2 0.451172 0.894444 0.046094 0.013889
2 0.454297 0.950000 0.047656 0.097222
2 0.416406 0.895833 0.026562 0.013889
2 0.417969 0.950694 0.029687 0.095833
1 0.765625 0.931250 0.170313 0.134722
2 0.824219 0.865972 0.037500 0.004167
2 0.704297 0.902083 0.047656 0.068056
2 0.696094 0.965972 0.031250 0.065278
2 0.785937 0.868056 0.037500 0.005556
2 0.747656 0.869444 0.037500 0.005556
1 0.513672 0.879861 0.005469 0.006944
2 0.488672 0.881250 0.041406 0.009722
2 0.446875 0.884722 0.040625 0.011111
2 0.414453 0.884722 0.022656 0.008333
2 0.942578 0.863194 0.060156 0.006944
2 0.955859 0.908333 0.086719 0.083333
2 0.898828 0.918750 0.027344 0.062500
2 0.877734 0.875000 0.067969 0.027778