3 0.499609 0.847917 0.999219 0.301389
4 0.306250 0.745833 0.001563 0.055556
4 0.241016 0.762500 0.005469 0.052778
4 0.215234 0.761806 0.002344 0.015278
4 0.167187 0.809722 0.020313 0.088889
4 0.125781 0.835417 0.014063 0.093056
4 0.057422 0.854167 0.019531 0.097222
4 0.002344 0.952083 0.004687 0.004167
8 0.149219 0.868056 0.084375 0.072222
8 0.842187 0.806944 0.079687 0.047222
5 0.442188 0.695139 0.040625 0.009722
5 0.442188 0.695139 0.040625 0.009722
5 0.442188 0.695139 0.040625 0.009722
5 0.441797 0.686806 0.039844 0.009722
5 0.441797 0.686806 0.039844 0.009722
5 0.441797 0.686806 0.039844 0.009722
5 0.442188 0.704167 0.040625 0.008333
5 0.442188 0.704167 0.040625 0.008333
5 0.442188 0.704167 0.040625 0.008333
5 0.501953 0.704861 0.038281 0.009722
5 0.501953 0.704861 0.038281 0.009722
5 0.501953 0.704861 0.038281 0.009722
5 0.501172 0.696528 0.039844 0.009722
5 0.501172 0.696528 0.039844 0.009722
5 0.501172 0.696528 0.039844 0.009722
5 0.501172 0.688194 0.039844 0.009722
5 0.501172 0.688194 0.039844 0.009722
5 0.501172 0.688194 0.039844 0.009722
5 0.502734 0.678472 0.036719 0.009722
5 0.502734 0.678472 0.036719 0.009722
5 0.502734 0.678472 0.036719 0.009722
6 0.468359 0.722222 0.039844 0.072222
6 0.485938 0.709028 0.034375 0.065278
6 0.469141 0.661806 0.042969 0.068056
6 0.478125 0.715278 0.037500 0.069444
6 0.388672 0.755556 0.064844 0.083333
6 0.386719 0.772917 0.060937 0.093056
7 0.248047 0.906250 0.100781 0.037500
7 0.202734 0.941667 0.111719 0.044444
7 0.896875 0.977778 0.123438 0.041667
7 0.117188 0.813194 0.057813 0.029167
7 0.310156 0.750000 0.043750 0.016667
8 0.020703 0.986806 0.022656 0.023611
5 0.011328 0.985417 0.022656 0.026389
8 0.095703 0.952778 0.108594 0.091667
5 0.096094 0.925000 0.096875 0.041667
8 0.036328 0.945139 0.072656 0.081944
5 0.033203 0.920833 0.066406 0.041667
8 0.303125 0.815972 0.053125 0.043056
5 0.316406 0.800694 0.020313 0.015278
8 0.238672 0.813194 0.000781 0.004167
5 0.238672 0.796528 0.000781 0.012500
8 0.331250 0.771528 0.001563 0.026389
5 0.331250 0.752778 0.001563 0.008333
8 0.452734 0.755556 0.011719 0.033333
5 0.438281 0.740278 0.034375 0.008333
8 0.460547 0.749306 0.014844 0.034722
5 0.442969 0.735417 0.043750 0.009722
8 0.441797 0.762500 0.021094 0.036111
5 0.435156 0.747222 0.028125 0.011111
8 0.431641 0.770139 0.021094 0.037500
5 0.429688 0.754861 0.017188 0.012500
8 0.847656 0.735417 0.043750 0.026389
5 0.848828 0.724306 0.042969 0.006944
8 0.845703 0.732639 0.046094 0.029167
5 0.844922 0.718750 0.041406 0.004167
8 0.851953 0.740972 0.042969 0.029167
5 0.852734 0.727778 0.041406 0.005556
8 0.859766 0.743750 0.050781 0.023611
5 0.858984 0.736111 0.046094 0.011111
8 0.792969 0.731944 0.043750 0.030556
5 0.792578 0.717361 0.039844 0.004167
8 0.793750 0.734028 0.043750 0.026389
5 0.794141 0.724306 0.041406 0.009722
8 0.799219 0.738194 0.046875 0.026389
5 0.798438 0.726389 0.042188 0.005556
8 0.801562 0.745833 0.048438 0.030556
5 0.800781 0.734722 0.043750 0.011111
8 0.867578 0.781250 0.044531 0.040278
5 0.866797 0.766667 0.038281 0.016667
8 0.919531 0.786806 0.043750 0.034722
5 0.917188 0.769444 0.039062 0.016667
8 0.823828 0.779861 0.041406 0.040278
5 0.823047 0.765972 0.036719 0.015278
8 0.774609 0.780556 0.038281 0.044444
5 0.773828 0.764583 0.033594 0.015278
8 0.860938 0.761806 0.051562 0.037500
5 0.862500 0.746528 0.051562 0.009722
8 0.872656 0.766667 0.059375 0.033333
5 0.871484 0.754861 0.053906 0.012500
8 0.820312 0.769444 0.039062 0.038889
5 0.819531 0.755556 0.034375 0.013889
8 0.773438 0.765278 0.035937 0.033333
5 0.773047 0.753472 0.032031 0.015278
8 0.926953 0.844444 0.082031 0.055556
5 0.925781 0.826389 0.073438 0.022222
8 0.912109 0.830556 0.066406 0.052778
5 0.912891 0.809722 0.063281 0.013889
8 0.958594 0.905556 0.081250 0.069444
5 0.960547 0.882639 0.077344 0.029167
8 0.953125 0.886806 0.092188 0.068056
5 0.953906 0.860417 0.085938 0.020833
8 0.850391 0.900694 0.092969 0.073611
5 0.849219 0.877083 0.084375 0.029167
8 0.843750 0.881250 0.087500 0.068056
5 0.842187 0.855556 0.078125 0.019444
0 0.635156 0.772917 0.070312 0.256944
0 0.677734 0.713889 0.047656 0.180556
0 0.564844 0.665972 0.039062 0.118056
1 0.163672 0.670139 0.067969 0.079167
1 0.149219 0.672917 0.070312 0.081944
1 0.111719 0.670139 0.051562 0.079167
1 0.087500 0.672917 0.070312 0.081944
1 0.039844 0.668750 0.057813 0.079167
1 0.032031 0.671528 0.062500 0.081944
1 0.976953 0.654861 0.044531 0.020833
2 0.963281 0.656944 0.014063 0.002778
2 0.983594 0.664583 0.031250 0.009722
2 0.992969 0.714583 0.003125 0.001389
2 0.969922 0.661111 0.019531 0.008333
2 0.987500 0.656944 0.014063 0.000000
2 0.973828 0.661806 0.019531 0.006944
2 0.992969 0.658333 0.012500 0.000000
1 0.997266 0.709028 0.003906 0.106944
2 0.998828 0.715278 0.000781 0.002778
2 0.998437 0.668750 0.001563 0.004167
1 0.935937 0.693056 0.053125 0.097222
2 0.917188 0.707639 0.010937 0.029167
2 0.939063 0.694444 0.009375 0.000000
2 0.927734 0.668750 0.032031 0.029167
2 0.941016 0.672917 0.038281 0.029167
2 0.935156 0.713194 0.040625 0.034722
2 0.918750 0.669444 0.007812 0.027778
2 0.926562 0.671528 0.017188 0.029167
2 0.939844 0.656944 0.007812 0.000000
1 0.971875 0.715278 0.054688 0.119444
2 0.962109 0.711806 0.013281 0.001389
2 0.976172 0.712500 0.013281 0.000000
2 0.969922 0.666667 0.030469 0.000000
2 0.979688 0.689583 0.039062 0.034722
2 0.977344 0.734722 0.043750 0.041667
2 0.964453 0.684722 0.019531 0.033333
2 0.984375 0.669444 0.018750 0.000000
2 0.966797 0.686806 0.022656 0.034722
2 0.988281 0.670833 0.018750 0.000000
2 0.850000 0.843056 0.075000 0.075000
2 0.771875 0.842361 0.067187 0.079167
2 0.745703 0.702778 0.000781 0.027778
2 0.784766 0.701389 0.002344 0.025000
2 0.764453 0.711806 0.035156 0.034722
2 0.805469 0.709028 0.037500 0.029167
2 0.764453 0.683333 0.035156 0.030556
2 0.805469 0.683333 0.037500 0.033333
2 0.764453 0.653472 0.035156 0.031944
2 0.805469 0.654167 0.037500 0.033333
5 0.208203 0.780556 0.077344 0.022222
5 0.207813 0.793750 0.076563 0.020833
5 0.207031 0.804167 0.076563 0.022222
5 0.207031 0.815972 0.076563 0.020833
5 0.207031 0.839583 0.076563 0.023611
5 0.207031 0.827778 0.076563 0.022222
5 0.206641 0.863194 0.075781 0.023611
5 0.207031 0.850694 0.076563 0.023611
5 0.283594 0.806944 0.075000 0.022222
5 0.283203 0.819444 0.075781 0.022222
5 0.283203 0.843056 0.075781 0.025000
5 0.283203 0.831944 0.075781 0.022222
5 0.283203 0.866667 0.075781 0.025000
5 0.283203 0.854167 0.075781 0.025000
5 0.283594 0.796528 0.075000 0.020833
5 0.283594 0.783333 0.075000 0.022222
5 0.369531 0.809722 0.073438 0.022222
5 0.369531 0.822222 0.073438 0.022222
5 0.369531 0.847222 0.073438 0.025000
5 0.369531 0.834028 0.073438 0.023611
5 0.369141 0.870833 0.072656 0.025000
5 0.369141 0.858333 0.072656 0.025000
5 0.008203 0.759722 0.016406 0.011111
5 0.008203 0.768056 0.016406 0.011111
5 0.369531 0.799306 0.073438 0.020833
5 0.369531 0.786111 0.073438 0.022222
5 0.369531 0.715278 0.073438 0.016667
5 0.369531 0.727778 0.073438 0.019444
5 0.369531 0.752778 0.073438 0.019444
5 0.369531 0.740278 0.073438 0.019444
5 0.369531 0.775694 0.073438 0.020833
5 0.369531 0.763889 0.073438 0.019444
5 0.008203 0.752083 0.016406 0.009722
5 0.008203 0.744444 0.016406 0.011111
5 0.369531 0.704167 0.073438 0.016667
5 0.369531 0.691667 0.073438 0.016667