3 0.499609 0.838194 0.999219 0.320833
4 0.138281 0.829861 0.015625 0.076389
4 0.004297 0.846528 0.008594 0.018056
8 0.790625 0.918750 0.053125 0.045833
5 0.481250 0.699306 0.040625 0.009722
5 0.481250 0.699306 0.040625 0.009722
5 0.481250 0.699306 0.040625 0.009722
5 0.479687 0.688889 0.043750 0.013889
5 0.479687 0.688889 0.043750 0.013889
5 0.479687 0.688889 0.043750 0.013889
5 0.482812 0.706944 0.037500 0.011111
5 0.482812 0.706944 0.037500 0.011111
5 0.482812 0.706944 0.037500 0.011111
5 0.539453 0.711111 0.046094 0.011111
5 0.539453 0.711111 0.046094 0.011111
5 0.539453 0.711111 0.046094 0.011111
5 0.539453 0.702083 0.046094 0.012500
5 0.539453 0.702083 0.046094 0.012500
5 0.539453 0.702083 0.046094 0.012500
5 0.539453 0.692361 0.046094 0.012500
5 0.539453 0.692361 0.046094 0.012500
5 0.539453 0.692361 0.046094 0.012500
5 0.539453 0.681944 0.046094 0.013889
5 0.539453 0.681944 0.046094 0.013889
5 0.539453 0.681944 0.046094 0.013889
6 0.449609 0.752083 0.052344 0.081944
6 0.486328 0.727083 0.044531 0.068056
6 0.450781 0.685417 0.054688 0.081944
6 0.469531 0.739583 0.048438 0.079167
6 0.308594 0.811806 0.079687 0.106944
6 0.281250 0.838889 0.064062 0.122222
7 0.000000 0.856944 0.000000 0.000000
7 0.269141 0.774306 0.010156 0.009722
7 0.133594 0.835417 0.026562 0.018056
8 0.124219 0.908333 0.020313 0.016667
5 0.132031 0.884722 0.004687 0.013889
8 0.131641 0.877778 0.005469 0.002778
5 0.117578 0.868750 0.033594 0.015278
8 0.266016 0.818056 0.003906 0.027778
5 0.266016 0.796528 0.003906 0.012500
8 0.356250 0.779167 0.015625 0.013889
5 0.340234 0.775000 0.039844 0.016667
8 0.355078 0.769444 0.060156 0.013889
5 0.353906 0.765972 0.054688 0.015278
8 0.389844 0.798611 0.062500 0.041667
5 0.388672 0.780556 0.057031 0.016667
8 0.409766 0.787500 0.060156 0.038889
5 0.408984 0.770833 0.053906 0.016667
8 0.377344 0.809028 0.057813 0.043056
5 0.375391 0.790972 0.053906 0.018056
8 0.366406 0.821528 0.035937 0.045833
5 0.364453 0.804167 0.032031 0.019444
8 0.917578 0.771528 0.002344 0.006944
5 0.901172 0.770139 0.028906 0.009722
8 0.909375 0.768750 0.020313 0.020833
5 0.901563 0.760417 0.029687 0.009722
8 0.908594 0.793056 0.025000 0.030556
5 0.902344 0.780556 0.031250 0.013889
8 0.903516 0.804861 0.033594 0.031944
5 0.901953 0.793056 0.030469 0.016667
8 0.855078 0.765278 0.002344 0.022222
5 0.830078 0.754861 0.047656 0.009722
8 0.826562 0.768056 0.054688 0.008333
5 0.809375 0.762500 0.015625 0.008333
8 0.826172 0.779861 0.057031 0.023611
5 0.808594 0.772222 0.017188 0.011111
8 0.794531 0.783333 0.004687 0.011111
5 0.805859 0.784028 0.022656 0.015278
8 0.871094 0.864583 0.034375 0.043056
5 0.869531 0.850694 0.031250 0.026389
8 0.924609 0.877778 0.052344 0.066667
5 0.924219 0.858333 0.045312 0.030556
8 0.799609 0.871528 0.035156 0.043056
5 0.800781 0.855556 0.032813 0.011111
8 0.750000 0.867361 0.054688 0.045833
5 0.747266 0.847222 0.042969 0.013889
8 0.901172 0.822222 0.027344 0.027778
5 0.897266 0.812500 0.025781 0.013889
8 0.886328 0.846528 0.064844 0.048611
5 0.883984 0.829167 0.060156 0.019444
8 0.802734 0.863194 0.003906 0.012500
8 0.779297 0.857639 0.008594 0.018056
8 0.861719 0.983333 0.098437 0.030556
5 0.860547 0.979167 0.088281 0.038889
8 0.883203 0.965278 0.058594 0.050000
5 0.880469 0.949306 0.053125 0.034722
0 0.487500 0.863194 0.115625 0.270833
0 0.637500 0.777778 0.073438 0.227778
0 0.593750 0.677778 0.051562 0.133333
1 0.192578 0.664583 0.069531 0.087500
1 0.173047 0.669444 0.071094 0.088889
1 0.135937 0.661806 0.067187 0.084722
1 0.120313 0.667361 0.059375 0.084722
1 0.081641 0.659028 0.067969 0.079167
1 0.059375 0.662500 0.068750 0.083333
1 0.012891 0.643750 0.025781 0.070833
1 0.990234 0.733333 0.017969 0.130556
2 0.985547 0.744444 0.002344 0.033333
2 0.991797 0.699306 0.014844 0.034722
2 0.995703 0.709028 0.007031 0.037500
2 0.992578 0.754861 0.013281 0.045833
2 0.992969 0.701389 0.012500 0.033333
2 0.993750 0.704861 0.010937 0.034722
2 0.755078 0.966667 0.096094 0.063889
2 0.660156 0.961111 0.100000 0.075000
2 0.806250 0.740278 0.021875 0.033333
2 0.855078 0.742361 0.002344 0.029167
2 0.806250 0.706944 0.021875 0.033333
2 0.855078 0.709722 0.002344 0.033333
2 0.806250 0.669444 0.021875 0.041667
2 0.855078 0.675694 0.002344 0.031944
5 0.034766 0.869444 0.069531 0.036111
5 0.029687 0.885417 0.059375 0.031944
5 0.028516 0.900694 0.057031 0.026389
5 0.023828 0.913889 0.047656 0.027778
5 0.028516 0.941667 0.057031 0.030556
5 0.028516 0.928472 0.057031 0.029167
5 0.023438 0.968056 0.046875 0.030556
5 0.023438 0.950694 0.046875 0.037500
5 0.091016 0.908333 0.086719 0.033333
5 0.091016 0.922222 0.086719 0.036111
5 0.091016 0.949306 0.086719 0.040278
5 0.091016 0.934722 0.086719 0.038889
5 0.091016 0.976389 0.086719 0.038889
5 0.091016 0.962500 0.086719 0.038889
5 0.091016 0.895833 0.086719 0.033333
5 0.096094 0.879167 0.096875 0.038889
5 0.183203 0.920833 0.097656 0.036111
5 0.183203 0.935417 0.097656 0.037500
5 0.183203 0.963889 0.097656 0.038889
5 0.183203 0.949306 0.097656 0.037500
5 0.183203 0.984722 0.097656 0.027778
5 0.183203 0.975000 0.097656 0.041667
5 0.183203 0.907639 0.097656 0.034722
5 0.183203 0.892361 0.097656 0.037500
5 0.183594 0.810417 0.096875 0.029167
5 0.183594 0.825000 0.096875 0.030556
5 0.183594 0.853472 0.096875 0.031944
5 0.183594 0.839583 0.096875 0.031944
5 0.183203 0.880556 0.097656 0.033333
5 0.183594 0.866667 0.096875 0.033333
5 0.183594 0.797917 0.096875 0.029167
5 0.183594 0.781250 0.096875 0.031944