3 0.499609 0.828472 0.999219 0.340278
4 0.437109 0.742361 0.007031 0.056944
4 0.458594 0.775000 0.028125 0.066667
4 0.486719 0.795833 0.007812 0.066667
4 0.496875 0.817361 0.032813 0.076389
4 0.531641 0.843056 0.005469 0.072222
4 0.546094 0.871528 0.034375 0.084722
4 0.596484 0.913889 0.013281 0.094444
4 0.625781 0.943056 0.028125 0.111111
4 0.076563 0.763889 0.009375 0.058333
4 0.062500 0.808333 0.015625 0.077778
4 0.050391 0.829167 0.011719 0.075000
4 0.042188 0.862500 0.018750 0.091667
4 0.026172 0.890278 0.014844 0.088889
4 0.015625 0.936806 0.017188 0.112500
8 0.580859 0.870139 0.057031 0.062500
8 0.913281 0.748611 0.065625 0.025000
5 0.365234 0.668750 0.039844 0.009722
5 0.365234 0.668750 0.039844 0.009722
5 0.365234 0.668750 0.039844 0.009722
5 0.365234 0.659722 0.039844 0.011111
5 0.365234 0.659722 0.039844 0.011111
5 0.365234 0.659722 0.039844 0.011111
5 0.365234 0.675694 0.039844 0.009722
5 0.365234 0.675694 0.039844 0.009722
5 0.365234 0.675694 0.039844 0.009722
5 0.419922 0.673611 0.039844 0.008333
5 0.419922 0.673611 0.039844 0.008333
5 0.419922 0.673611 0.039844 0.008333
5 0.419922 0.665972 0.039844 0.009722
5 0.419922 0.665972 0.039844 0.009722
5 0.419922 0.665972 0.039844 0.009722
5 0.419922 0.657639 0.039844 0.009722
5 0.419922 0.657639 0.039844 0.009722
5 0.419922 0.657639 0.039844 0.009722
5 0.419922 0.648611 0.039844 0.011111
5 0.419922 0.648611 0.039844 0.011111
5 0.419922 0.648611 0.039844 0.011111
6 0.506641 0.697917 0.038281 0.051389
6 0.483984 0.684028 0.033594 0.056944
6 0.507422 0.647917 0.039844 0.062500
6 0.494531 0.690972 0.034375 0.059722
6 0.540234 0.745139 0.050781 0.079167
6 0.579688 0.756250 0.064062 0.076389
7 0.700391 0.889583 0.078906 0.031944
7 0.740625 0.919444 0.082812 0.030556
7 0.437500 0.917361 0.045312 0.045833
7 0.133594 0.984028 0.034375 0.029167
7 0.387109 0.825000 0.036719 0.030556
7 0.061719 0.804861 0.059375 0.020833
7 0.384375 0.738194 0.046875 0.015278
7 0.419531 0.784722 0.054688 0.019444
6 0.015625 0.761806 0.031250 0.112500
6 0.016016 0.848611 0.032031 0.116667
6 0.925781 0.986111 0.084375 0.025000
8 0.780469 0.981944 0.104688 0.033333
5 0.772266 0.981250 0.080469 0.034722
5 0.833984 0.997917 0.003906 0.001389
8 0.728125 0.942361 0.081250 0.079167
5 0.728906 0.921528 0.071875 0.040278
8 0.667969 0.950694 0.079687 0.081944
5 0.668750 0.929861 0.070312 0.040278
8 0.600391 0.818750 0.007031 0.031944
5 0.596875 0.800000 0.000000 0.011111
8 0.520703 0.817361 0.028906 0.048611
5 0.522656 0.801389 0.025000 0.022222
8 0.485547 0.755556 0.049219 0.033333
5 0.481641 0.741667 0.038281 0.013889
8 0.476953 0.746528 0.047656 0.031944
5 0.476953 0.732639 0.042969 0.009722
8 0.466016 0.738194 0.041406 0.034722
5 0.467578 0.726389 0.041406 0.011111
8 0.460938 0.729861 0.043750 0.031944
5 0.460156 0.717361 0.040625 0.009722
8 0.498437 0.729861 0.004687 0.006944
5 0.505078 0.723611 0.017969 0.008333
8 0.492188 0.722222 0.010937 0.016667
5 0.505859 0.714583 0.035156 0.006944
8 0.510938 0.746528 0.006250 0.026389
5 0.510938 0.731944 0.006250 0.011111
8 0.513281 0.743056 0.001563 0.013889
8 0.759766 0.680556 0.013281 0.005556
5 0.773047 0.679167 0.036719 0.008333
8 0.758984 0.676389 0.014844 0.002778
5 0.760547 0.674306 0.035156 0.006944
8 0.782031 0.693056 0.031250 0.022222
5 0.787500 0.683333 0.037500 0.008333
8 0.794141 0.697222 0.025781 0.019444
5 0.794922 0.689583 0.024219 0.009722
8 0.704688 0.684028 0.003125 0.020833
5 0.714063 0.675000 0.018750 0.005556
5 0.752734 0.679861 0.000781 0.001389
8 0.766406 0.696528 0.004687 0.020833
5 0.759766 0.684028 0.014844 0.004167
8 0.773828 0.702778 0.021094 0.022222
5 0.771875 0.690972 0.020313 0.009722
8 0.874219 0.729167 0.026562 0.019444
5 0.872266 0.718750 0.025781 0.012500
8 0.904297 0.732639 0.042969 0.026389
5 0.901172 0.717361 0.041406 0.012500
8 0.848047 0.727778 0.032031 0.013889
5 0.846875 0.720139 0.029687 0.012500
8 0.800000 0.734028 0.026562 0.034722
5 0.800781 0.722222 0.025000 0.013889
8 0.808203 0.705556 0.005469 0.013889
5 0.821875 0.699306 0.029687 0.006944
8 0.866406 0.718056 0.010937 0.022222
5 0.848828 0.706944 0.032031 0.008333
8 0.816016 0.715278 0.038281 0.019444
5 0.817187 0.709722 0.037500 0.011111
8 0.785937 0.724306 0.042188 0.031944
5 0.785156 0.711806 0.037500 0.012500
5 0.990625 0.761806 0.017188 0.006944
8 0.973047 0.754167 0.046094 0.005556
5 0.975781 0.753472 0.046875 0.009722
8 0.991406 0.809722 0.015625 0.036111
5 0.992969 0.796528 0.012500 0.012500
0 0.876563 0.748611 0.089063 0.194444
0 0.742578 0.688889 0.072656 0.147222
0 0.511328 0.637500 0.030469 0.102778
0 0.519141 0.927083 0.128906 0.143056
1 0.009375 0.947222 0.018750 0.102778
1 0.061719 0.943056 0.110937 0.111111
1 0.094531 0.662500 0.064062 0.086111
1 0.091797 0.667361 0.066406 0.090278
1 0.026172 0.667361 0.052344 0.056944
1 0.026953 0.670139 0.053906 0.084722
1 0.025000 0.722917 0.050000 0.118056
1 0.010937 0.788194 0.021875 0.154167
1 0.974609 0.637500 0.049219 0.069444
2 0.955859 0.650694 0.007031 0.020833
2 0.966016 0.621528 0.027344 0.020833
2 0.987891 0.621528 0.022656 0.012500
2 0.964453 0.656944 0.008594 0.002778
2 0.967578 0.618750 0.014844 0.012500
2 0.981641 0.612500 0.011719 0.000000
2 0.975391 0.619444 0.014844 0.011111
2 0.989844 0.613889 0.012500 0.000000
1 0.912891 0.637500 0.057031 0.063889
2 0.895312 0.620139 0.017188 0.015278
2 0.925781 0.625694 0.025000 0.018056
2 0.930469 0.667361 0.017188 0.004167
2 0.899219 0.621528 0.009375 0.012500
2 0.914844 0.614583 0.003125 0.001389
2 0.910156 0.617361 0.012500 0.001389
2 0.921875 0.615972 0.010937 0.001389
1 0.977734 0.661111 0.042969 0.088889
2 0.967187 0.671528 0.017188 0.026389
2 0.975391 0.659028 0.010156 0.001389
2 0.973047 0.638889 0.028906 0.025000
2 0.992969 0.644444 0.012500 0.025000
2 0.983594 0.676389 0.031250 0.030556
2 0.977344 0.640278 0.018750 0.025000
2 0.987891 0.628472 0.013281 0.001389
2 0.985547 0.642361 0.017969 0.026389
2 0.994141 0.629861 0.010156 0.001389
1 0.851562 0.618056 0.032813 0.022222
2 0.833984 0.615278 0.002344 0.000000
2 0.860938 0.624306 0.009375 0.009722
2 0.833984 0.649306 0.002344 0.001389
2 0.833984 0.617361 0.002344 0.001389
2 0.834375 0.616667 0.001563 0.000000
2 0.833984 0.620139 0.002344 0.001389
1 0.910547 0.665278 0.063281 0.091667
2 0.892578 0.630556 0.022656 0.002778
2 0.926562 0.647917 0.026562 0.026389
2 0.917188 0.680556 0.045312 0.030556
2 0.896875 0.632639 0.014063 0.001389
2 0.909375 0.631250 0.010937 0.001389
2 0.908984 0.634722 0.010156 0.002778
2 0.922266 0.632639 0.014844 0.001389
1 0.810156 0.648611 0.053125 0.080556
2 0.792188 0.659028 0.012500 0.023611
2 0.792188 0.628472 0.012500 0.023611
2 0.820703 0.633333 0.028906 0.022222
2 0.813672 0.662500 0.042969 0.027778
2 0.795312 0.629861 0.006250 0.023611
1 0.880078 0.665278 0.047656 0.088889
2 0.859375 0.668750 0.006250 0.009722
2 0.863672 0.663889 0.000781 0.000000
2 0.867188 0.642361 0.021875 0.023611
2 0.889062 0.649306 0.029687 0.026389
2 0.882422 0.683333 0.042969 0.030556
2 0.866797 0.641667 0.017969 0.019444
2 0.877344 0.632639 0.014063 0.001389
2 0.873437 0.644444 0.015625 0.019444
2 0.889453 0.634028 0.010156 0.001389
2 0.966016 0.784722 0.066406 0.058333
2 0.930078 0.788889 0.071094 0.058333
2 0.636719 0.660417 0.014063 0.029167
2 0.664453 0.667361 0.039844 0.029167
2 0.700391 0.668056 0.030469 0.025000
2 0.664844 0.643056 0.040625 0.027778
2 0.700391 0.643056 0.030469 0.025000
2 0.664844 0.618750 0.040625 0.029167
2 0.696875 0.618056 0.037500 0.027778
5 0.566016 0.790278 0.060156 0.022222
5 0.566016 0.801389 0.060156 0.022222
5 0.566016 0.810417 0.060156 0.020833
5 0.566016 0.820833 0.060156 0.022222
5 0.566406 0.840972 0.059375 0.023611
5 0.566016 0.829861 0.060156 0.020833
5 0.566406 0.861111 0.059375 0.022222
5 0.566406 0.850694 0.059375 0.020833
5 0.005469 0.783333 0.010937 0.005556
5 0.628516 0.805556 0.061719 0.022222
5 0.628516 0.815972 0.061719 0.020833
5 0.628516 0.835417 0.061719 0.023611
5 0.628516 0.825000 0.061719 0.022222
5 0.628516 0.854167 0.061719 0.022222
5 0.628516 0.844444 0.061719 0.022222
5 0.050391 0.786806 0.038281 0.018056
5 0.047266 0.795833 0.047656 0.019444
5 0.628516 0.795833 0.061719 0.022222
5 0.628516 0.785417 0.061719 0.023611
5 0.695703 0.800694 0.061719 0.018056
5 0.695312 0.810417 0.062500 0.020833
5 0.695312 0.829167 0.062500 0.022222
5 0.695312 0.819444 0.062500 0.022222
5 0.695703 0.849306 0.061719 0.020833
5 0.701953 0.838194 0.049219 0.020833
5 0.110156 0.783333 0.045312 0.016667
5 0.112109 0.790972 0.044531 0.018056
5 0.695703 0.791667 0.061719 0.019444
5 0.695703 0.782639 0.061719 0.018056
5 0.695703 0.725694 0.061719 0.018056
5 0.695703 0.735417 0.061719 0.018056
5 0.695703 0.754861 0.061719 0.018056
5 0.695703 0.745139 0.061719 0.018056
5 0.695703 0.773611 0.061719 0.019444
5 0.695703 0.763889 0.061719 0.019444
5 0.109766 0.776389 0.044531 0.016667
5 0.111719 0.768056 0.045312 0.019444
5 0.695703 0.716667 0.061719 0.016667
5 0.695703 0.706250 0.061719 0.018056