3 0.499609 0.754167 0.999219 0.488889
8 0.655078 0.715278 0.071094 0.052778
6 0.694922 0.971528 0.135156 0.054167
6 0.535156 0.995139 0.014063 0.006944
6 0.694141 0.888889 0.139844 0.213889
6 0.606250 0.974306 0.145313 0.048611
6 0.980859 0.866667 0.036719 0.116667
7 0.933984 0.657639 0.042969 0.023611
7 0.986719 0.633333 0.025000 0.016667
7 0.971094 0.645139 0.054688 0.020833
7 0.748047 0.564583 0.025781 0.015278
7 0.804688 0.553472 0.035937 0.012500
7 0.778906 0.558333 0.035937 0.013889
7 0.522656 0.604861 0.029687 0.018056
7 0.604297 0.589583 0.038281 0.015278
7 0.574219 0.595833 0.028125 0.016667
7 0.376953 0.630556 0.039844 0.019444
7 0.422266 0.622222 0.039844 0.019444
7 0.306250 0.642361 0.028125 0.020833
7 0.277344 0.654861 0.006250 0.015278
8 0.996484 0.965972 0.005469 0.012500
8 0.964453 0.981250 0.038281 0.026389
5 0.976172 0.983333 0.046094 0.030556
8 0.942969 0.995833 0.006250 0.002778
5 0.949219 0.996528 0.017188 0.004167
8 0.866016 0.970833 0.119531 0.055556
5 0.867188 0.970833 0.107813 0.055556
8 0.771484 0.983333 0.044531 0.030556
5 0.803906 0.983333 0.093750 0.030556
8 0.906250 0.959028 0.117188 0.079167
5 0.907813 0.952778 0.104688 0.061111
8 0.953516 0.938889 0.091406 0.080556
5 0.953906 0.927778 0.090625 0.058333
8 0.183203 0.813889 0.069531 0.072222
5 0.184375 0.795139 0.060937 0.037500
8 0.123047 0.829167 0.069531 0.075000
5 0.123828 0.809722 0.061719 0.038889
8 0.232031 0.796528 0.068750 0.062500
5 0.232813 0.781944 0.060937 0.036111
8 0.285938 0.784722 0.067187 0.047222
5 0.286719 0.769444 0.059375 0.033333
8 0.150781 0.860417 0.075000 0.084722
5 0.151953 0.840278 0.066406 0.044444
8 0.214453 0.843750 0.074219 0.079167
5 0.214844 0.823611 0.065625 0.041667
8 0.264844 0.833333 0.073438 0.066667
5 0.266016 0.809028 0.064844 0.040278
8 0.321094 0.818056 0.071875 0.063889
5 0.321875 0.795139 0.064062 0.037500
8 0.521094 0.734722 0.026562 0.044444
5 0.519141 0.720833 0.022656 0.016667
8 0.443359 0.721528 0.008594 0.023611
5 0.444922 0.712500 0.005469 0.011111
8 0.535937 0.759028 0.056250 0.048611
5 0.533984 0.737500 0.052344 0.027778
8 0.545312 0.775694 0.043750 0.051389
5 0.548047 0.753472 0.042969 0.029167
8 0.378516 0.771528 0.067969 0.054167
5 0.378906 0.749306 0.060937 0.029167
8 0.417969 0.758333 0.059375 0.052778
5 0.419922 0.738194 0.055469 0.029167
8 0.439453 0.770139 0.016406 0.040278
5 0.441016 0.754861 0.013281 0.018056
8 0.522266 0.780556 0.028906 0.052778
5 0.520312 0.766667 0.025000 0.025000
8 0.683984 0.693056 0.035156 0.038889
5 0.687500 0.674306 0.050000 0.020833
8 0.656250 0.698611 0.057813 0.041667
5 0.655859 0.681944 0.053906 0.022222
8 0.787891 0.661806 0.057031 0.029167
5 0.789062 0.650694 0.051562 0.018056
8 0.760156 0.665972 0.057813 0.026389
5 0.760938 0.656944 0.051562 0.019444
8 0.827344 0.680556 0.037500 0.038889
5 0.834766 0.665278 0.044531 0.019444
8 0.810547 0.686806 0.061719 0.037500
5 0.811328 0.672917 0.055469 0.020833
0 0.883594 0.504861 0.068750 0.095833
0 0.680859 0.522917 0.049219 0.084722
0 0.899219 0.668750 0.109375 0.187500
0 0.639062 0.731250 0.143750 0.234722
0 0.065234 0.922917 0.130469 0.151389
0 0.917578 0.500694 0.058594 0.093056
1 0.993359 0.511806 0.011719 0.065278
2 0.994141 0.524306 0.010156 0.020833
2 0.994531 0.495139 0.009375 0.020833
2 0.998047 0.484722 0.002344 0.000000
1 0.932422 0.497222 0.033594 0.061111
2 0.930469 0.513194 0.003125 0.018056
2 0.924219 0.486806 0.017188 0.020833
2 0.940234 0.484028 0.017969 0.020833
2 0.939063 0.511111 0.020313 0.022222
2 0.934375 0.486111 0.009375 0.019444
2 0.923438 0.476389 0.003125 0.000000
2 0.939453 0.486111 0.011719 0.019444
2 0.927344 0.475000 0.010937 0.000000
1 0.978125 0.493056 0.042188 0.063889
2 0.973828 0.504861 0.013281 0.018056
2 0.958203 0.503472 0.002344 0.018056
2 0.969141 0.479167 0.022656 0.019444
2 0.987500 0.476389 0.018750 0.016667
2 0.982031 0.503472 0.028125 0.020833
2 0.981250 0.479167 0.009375 0.019444
2 0.970703 0.469444 0.005469 0.000000
2 0.985547 0.478472 0.011719 0.018056
2 0.973828 0.468056 0.007031 0.000000
1 0.101562 0.622222 0.095312 0.122222
2 0.076953 0.650000 0.025781 0.038889
2 0.070312 0.646528 0.023438 0.037500
2 0.072656 0.602778 0.031250 0.041667
2 0.130469 0.587500 0.029687 0.025000
2 0.094531 0.647222 0.023438 0.038889
2 0.096094 0.601389 0.023438 0.038889
2 0.089453 0.581250 0.021094 0.004167
2 0.115234 0.590972 0.024219 0.023611
2 0.108594 0.578472 0.021875 0.004167
1 0.006250 0.634722 0.012500 0.041667
2 0.003516 0.640972 0.007031 0.031944
1 0.142969 0.651389 0.103125 0.141667
2 0.117188 0.678472 0.028125 0.043056
2 0.109375 0.674306 0.026562 0.040278
2 0.112500 0.626389 0.034375 0.047222
2 0.174219 0.611111 0.032813 0.033333
2 0.139844 0.674306 0.032813 0.043056
2 0.137891 0.625000 0.025781 0.041667
2 0.130078 0.602778 0.025781 0.005556
2 0.158203 0.615972 0.025781 0.029167
2 0.150781 0.600000 0.025000 0.005556
1 0.052734 0.655556 0.003906 0.019444
2 0.018750 0.662500 0.015625 0.016667
2 0.011719 0.668750 0.023438 0.012500
2 0.008203 0.660417 0.016406 0.006944
1 0.195312 0.684028 0.112500 0.159722
2 0.165625 0.715278 0.025000 0.044444
2 0.150781 0.709028 0.012500 0.045833
2 0.162500 0.655556 0.039062 0.052778
2 0.228516 0.627083 0.038281 0.015278
2 0.190234 0.636111 0.028906 0.011111
2 0.180078 0.629861 0.027344 0.006944
2 0.211719 0.632639 0.029687 0.009722
2 0.203125 0.626389 0.028125 0.005556
1 0.038672 0.730556 0.077344 0.163889
2 0.061328 0.696528 0.019531 0.059722
2 0.036328 0.767361 0.072656 0.065278
2 0.007422 0.708333 0.014844 0.052778
2 0.003516 0.679167 0.007031 0.005556
2 0.018359 0.706944 0.019531 0.055556
2 0.014453 0.675694 0.024219 0.009722
1 0.220312 0.697222 0.118750 0.163889
2 0.191797 0.731250 0.032031 0.051389
2 0.174609 0.725000 0.016406 0.050000
2 0.186328 0.670139 0.041406 0.056944
2 0.254297 0.658333 0.039844 0.052778
2 0.237891 0.721528 0.074219 0.059722
2 0.214453 0.668056 0.030469 0.050000
2 0.203516 0.642361 0.028906 0.006944
2 0.236719 0.664583 0.031250 0.048611
2 0.227734 0.638194 0.028906 0.006944
2 0.661328 0.615972 0.061719 0.040278
2 0.716016 0.604861 0.046094 0.034722
2 0.714063 0.572917 0.060937 0.040278
2 0.661719 0.582639 0.062500 0.043056
2 0.775391 0.609722 0.071094 0.050000
2 0.828125 0.597917 0.068750 0.045833
2 0.849219 0.636111 0.025000 0.036111
2 0.774609 0.644444 0.071094 0.041667
2 0.801953 0.603472 0.069531 0.048611
2 0.852734 0.593056 0.067969 0.044444
2 0.862500 0.631944 0.000000 0.030556
2 0.823828 0.642361 0.025781 0.037500
2 0.742188 0.697222 0.081250 0.063889
2 0.785937 0.711111 0.084375 0.066667