3 0.499609 0.813194 0.999219 0.370833
4 0.041406 0.690278 0.001563 0.025000
8 0.515234 0.913889 0.094531 0.083333
5 0.551953 0.676389 0.044531 0.013889
5 0.551953 0.676389 0.044531 0.013889
5 0.551953 0.676389 0.044531 0.013889
5 0.551562 0.666667 0.045312 0.013889
5 0.551562 0.666667 0.045312 0.013889
5 0.551562 0.666667 0.045312 0.013889
5 0.551562 0.684722 0.045312 0.011111
5 0.551562 0.684722 0.045312 0.011111
5 0.551562 0.684722 0.045312 0.011111
5 0.584766 0.691667 0.010156 0.008333
5 0.584766 0.691667 0.010156 0.008333
5 0.584766 0.691667 0.010156 0.008333
5 0.585156 0.681944 0.010937 0.011111
5 0.585156 0.681944 0.010937 0.011111
5 0.585156 0.681944 0.010937 0.011111
5 0.585156 0.673611 0.010937 0.008333
5 0.585156 0.673611 0.010937 0.008333
5 0.585156 0.673611 0.010937 0.008333
5 0.590625 0.663194 0.021875 0.012500
5 0.590625 0.663194 0.021875 0.012500
5 0.590625 0.663194 0.021875 0.012500
6 0.425000 0.730556 0.039062 0.069444
6 0.493359 0.706250 0.046094 0.065278
6 0.424609 0.668750 0.039844 0.073611
6 0.465625 0.718750 0.042188 0.073611
6 0.248047 0.765972 0.063281 0.081944
6 0.198437 0.792361 0.046875 0.095833
7 0.300000 0.737500 0.039062 0.016667
7 0.158203 0.781250 0.016406 0.023611
7 0.157422 0.640972 0.014844 0.009722
7 0.040234 0.656944 0.030469 0.011111
7 0.075391 0.651389 0.030469 0.008333
8 0.084766 0.836111 0.041406 0.044444
5 0.084375 0.816667 0.040625 0.022222
8 0.075781 0.820139 0.006250 0.031944
5 0.069531 0.804861 0.010937 0.004167
8 0.283594 0.770833 0.006250 0.030556
5 0.281250 0.756944 0.003125 0.005556
8 0.300781 0.763889 0.034375 0.033333
5 0.296875 0.748611 0.034375 0.016667
8 0.316016 0.754167 0.052344 0.030556
5 0.315625 0.740972 0.046875 0.015278
8 0.345313 0.742361 0.051562 0.020833
5 0.344531 0.733333 0.045312 0.013889
8 0.354687 0.765278 0.053125 0.036111
5 0.353125 0.750000 0.048438 0.016667
8 0.382812 0.757639 0.053125 0.034722
5 0.382031 0.741667 0.046875 0.016667
8 0.329297 0.774306 0.055469 0.037500
5 0.328125 0.757639 0.050000 0.018056
8 0.302734 0.784028 0.044531 0.037500
5 0.300781 0.766667 0.042188 0.019444
8 0.819922 0.797917 0.061719 0.040278
5 0.819141 0.779861 0.055469 0.018056
8 0.837891 0.788194 0.060156 0.040278
5 0.837500 0.770833 0.054688 0.019444
8 0.806250 0.808333 0.064062 0.041667
5 0.805078 0.789583 0.057031 0.020833
8 0.786719 0.820139 0.064062 0.043056
5 0.785156 0.800694 0.059375 0.023611
8 0.801562 0.766667 0.020313 0.013889
5 0.788281 0.760417 0.039062 0.018056
8 0.763672 0.779167 0.058594 0.025000
5 0.762500 0.770139 0.053125 0.018056
8 0.748437 0.790278 0.060937 0.027778
5 0.747266 0.777083 0.055469 0.018056
8 0.726953 0.802778 0.063281 0.033333
5 0.726172 0.788889 0.057031 0.022222
8 0.664844 0.876389 0.067187 0.055556
5 0.663672 0.854167 0.061719 0.030556
8 0.712109 0.890278 0.071094 0.058333
5 0.712109 0.867361 0.063281 0.031944
8 0.621484 0.865278 0.067969 0.052778
5 0.621094 0.845139 0.060937 0.026389
8 0.577734 0.854167 0.066406 0.052778
5 0.578125 0.833333 0.059375 0.027778
8 0.741406 0.841667 0.068750 0.047222
5 0.740234 0.820833 0.061719 0.025000
8 0.720703 0.852083 0.071094 0.040278
5 0.720313 0.835417 0.064062 0.026389
8 0.662109 0.839583 0.061719 0.037500
5 0.660937 0.825694 0.057813 0.026389
8 0.618359 0.835417 0.063281 0.048611
5 0.618750 0.815972 0.056250 0.026389
8 0.498047 0.979167 0.071094 0.038889
5 0.494531 0.962500 0.065625 0.044444
8 0.528906 0.965972 0.090625 0.065278
5 0.527344 0.939583 0.081250 0.043056
5 0.357031 0.998611 0.004687 0.000000
8 0.228906 0.993056 0.000000 0.000000
5 0.225000 0.995139 0.029687 0.006944
8 0.289062 0.982639 0.098437 0.031944
5 0.287891 0.982639 0.088281 0.031944
0 0.217969 0.854167 0.134375 0.272222
0 0.503516 0.765278 0.083594 0.205556
0 0.625000 0.664583 0.068750 0.126389
1 0.319141 0.630556 0.057031 0.077778
1 0.298438 0.634028 0.057813 0.079167
1 0.278125 0.626389 0.054688 0.075000
1 0.262109 0.629861 0.044531 0.076389
1 0.243359 0.623611 0.047656 0.069444
1 0.219141 0.626389 0.053906 0.072222
1 0.182812 0.608333 0.034375 0.063889
1 0.069141 0.661111 0.072656 0.086111
1 0.050781 0.660417 0.070312 0.090278
1 0.994531 0.721528 0.009375 0.034722
2 0.995703 0.727083 0.007031 0.026389
1 0.969531 0.809722 0.059375 0.175000
2 0.982031 0.742361 0.034375 0.009722
2 0.971484 0.781250 0.055469 0.054167
2 0.971484 0.839583 0.055469 0.062500
2 0.973828 0.746528 0.028906 0.006944
2 0.991797 0.750000 0.014844 0.005556
2 0.966406 0.751389 0.029687 0.008333
2 0.988281 0.754861 0.021875 0.006944
1 0.965625 0.712500 0.067187 0.061111
2 0.975781 0.705556 0.045312 0.019444
2 0.958594 0.726389 0.048438 0.038889
2 0.959766 0.701389 0.024219 0.005556
2 0.980859 0.720139 0.024219 0.037500
2 0.954297 0.704861 0.022656 0.004167
2 0.975781 0.722222 0.023438 0.033333
1 0.916406 0.797917 0.082812 0.168056
2 0.950391 0.809722 0.003906 0.002778
2 0.928906 0.740278 0.051562 0.022222
2 0.906641 0.770833 0.055469 0.052778
2 0.913281 0.826389 0.068750 0.058333
2 0.909766 0.736806 0.028906 0.006944
2 0.933984 0.759722 0.028906 0.044444
2 0.902344 0.741667 0.028125 0.005556
2 0.925391 0.766667 0.028906 0.050000
2 0.384766 0.955556 0.085156 0.086111
2 0.343750 0.944444 0.115625 0.102778
2 0.904297 0.725000 0.019531 0.025000
2 0.812500 0.742361 0.043750 0.037500
2 0.864453 0.747917 0.058594 0.045833
2 0.812891 0.709028 0.044531 0.037500
2 0.864453 0.713194 0.058594 0.043056
2 0.819531 0.671528 0.056250 0.045833
2 0.864844 0.677083 0.059375 0.045833
5 0.019141 0.706250 0.007031 0.004167
5 0.005469 0.838889 0.000000 0.000000
5 0.024219 0.713889 0.017188 0.013889
5 0.024219 0.722222 0.017188 0.011111
5 0.005469 0.827778 0.000000 0.000000
5 0.036328 0.850000 0.072656 0.025000
5 0.036328 0.861806 0.072656 0.026389
5 0.036328 0.883333 0.072656 0.027778
5 0.036328 0.872222 0.072656 0.027778
5 0.036328 0.904167 0.072656 0.027778
5 0.036328 0.893056 0.072656 0.027778
5 0.050781 0.722222 0.045312 0.013889
5 0.050000 0.727083 0.045312 0.009722
5 0.036328 0.840278 0.072656 0.025000
5 0.036328 0.829167 0.072656 0.025000
5 0.035937 0.765278 0.071875 0.025000
5 0.035937 0.775694 0.071875 0.026389
5 0.035937 0.797917 0.071875 0.026389
5 0.035937 0.786806 0.071875 0.026389
5 0.035937 0.818750 0.071875 0.026389
5 0.035937 0.808333 0.071875 0.025000
5 0.050781 0.715972 0.045312 0.012500
5 0.050000 0.709028 0.045312 0.015278
5 0.035937 0.754861 0.071875 0.023611
5 0.035937 0.742361 0.071875 0.026389