3 0.499609 0.865972 0.999219 0.265278
4 0.445312 0.945139 0.014063 0.106944
4 0.531250 0.988889 0.053125 0.019444
5 0.264844 0.770833 0.064062 0.016667
5 0.264844 0.770833 0.064062 0.016667
5 0.264844 0.770833 0.064062 0.016667
5 0.264844 0.755556 0.064062 0.022222
5 0.264844 0.755556 0.064062 0.022222
5 0.264844 0.755556 0.064062 0.022222
5 0.264844 0.781944 0.064062 0.016667
5 0.264844 0.781944 0.064062 0.016667
5 0.264844 0.781944 0.064062 0.016667
5 0.347266 0.775000 0.061719 0.016667
5 0.347266 0.775000 0.061719 0.016667
5 0.347266 0.775000 0.061719 0.016667
5 0.347266 0.763889 0.061719 0.016667
5 0.347266 0.763889 0.061719 0.016667
5 0.347266 0.763889 0.061719 0.016667
5 0.347266 0.751389 0.061719 0.016667
5 0.347266 0.751389 0.061719 0.016667
5 0.347266 0.751389 0.061719 0.016667
5 0.347266 0.737500 0.061719 0.019444
5 0.347266 0.737500 0.061719 0.019444
5 0.347266 0.737500 0.061719 0.019444
6 0.527344 0.838194 0.070312 0.112500
6 0.475000 0.804167 0.062500 0.105556
6 0.527344 0.746528 0.070312 0.112500
6 0.499609 0.816667 0.064844 0.105556
6 0.661719 0.933333 0.118750 0.130556
6 0.765625 0.951389 0.125000 0.094444
7 0.325781 0.920833 0.089063 0.038889
8 0.536328 0.965972 0.097656 0.065278
5 0.536719 0.940972 0.090625 0.037500
8 0.510938 0.940278 0.093750 0.077778
5 0.509766 0.917361 0.085156 0.031944
8 0.485547 0.920833 0.089844 0.072222
5 0.484766 0.899306 0.080469 0.031944
8 0.464062 0.900000 0.084375 0.066667
5 0.463281 0.879167 0.076563 0.027778
8 0.556250 0.902083 0.057813 0.040278
5 0.566797 0.889583 0.072656 0.029167
8 0.544531 0.882639 0.081250 0.034722
5 0.545312 0.870139 0.075000 0.026389
8 0.569141 0.930556 0.032031 0.061111
5 0.580078 0.906944 0.046094 0.027778
8 0.591797 0.943056 0.021094 0.044444
5 0.594141 0.930556 0.017969 0.025000
8 0.891797 0.781944 0.002344 0.002778
5 0.902734 0.776389 0.024219 0.013889
8 0.879297 0.770139 0.042969 0.004167
5 0.877344 0.768056 0.040625 0.005556
8 0.927734 0.791667 0.063281 0.019444
5 0.929297 0.782639 0.060156 0.009722
8 0.955859 0.802778 0.008594 0.008333
5 0.951562 0.795833 0.015625 0.016667
8 0.807813 0.788194 0.039062 0.037500
5 0.808984 0.772917 0.036719 0.015278
8 0.821094 0.795139 0.012500 0.034722
5 0.837891 0.779861 0.039844 0.012500
8 0.857812 0.802778 0.000000 0.011111
5 0.882031 0.789583 0.048438 0.012500
0 0.943750 0.816667 0.110937 0.263889
0 0.489453 0.719444 0.060156 0.158333
1 0.957812 0.672222 0.082812 0.016667
2 0.939844 0.678472 0.039062 0.004167
2 0.980078 0.691667 0.038281 0.016667
2 0.946875 0.727778 0.010937 0.002778
2 0.946094 0.681250 0.025000 0.004167
2 0.958203 0.679861 0.014844 0.001389
2 0.956250 0.684028 0.018750 0.004167
2 0.965625 0.680556 0.000000 0.000000
1 0.927734 0.723611 0.080469 0.113889
2 0.899609 0.740972 0.013281 0.034722
2 0.907422 0.724306 0.013281 0.001389
2 0.903125 0.695139 0.031250 0.034722
2 0.943750 0.702778 0.042188 0.036111
2 0.929297 0.747917 0.066406 0.043056
2 0.908203 0.699306 0.025781 0.034722
2 0.925000 0.681944 0.018750 0.002778
2 0.919531 0.701389 0.021875 0.036111
2 0.936719 0.684028 0.026562 0.001389
2 0.662109 0.745833 0.028906 0.044444
2 0.709375 0.757639 0.065625 0.045833
2 0.762891 0.756944 0.039844 0.038889
2 0.709375 0.721528 0.065625 0.043056
2 0.762891 0.722222 0.039844 0.036111
2 0.709375 0.686111 0.065625 0.044444
2 0.750000 0.684028 0.065625 0.043056