3 0.499609 0.865278 0.999219 0.266667
4 0.439844 0.709722 0.007812 0.072222
4 0.454297 0.711806 0.010156 0.073611
4 0.459375 0.709722 0.037500 0.086111
4 0.494922 0.711806 0.010156 0.087500
4 0.504297 0.709028 0.046094 0.104167
4 0.552344 0.709028 0.015625 0.115278
4 0.583594 0.709028 0.037500 0.131944
4 0.821875 0.706944 0.034375 0.219444
4 0.927734 0.706250 0.142969 0.281944
4 0.001953 0.709722 0.003906 0.069444
8 0.549609 0.731250 0.064844 0.054167
5 0.440625 0.729167 0.000000 0.000000
5 0.440625 0.729167 0.000000 0.000000
5 0.440625 0.729167 0.000000 0.000000
5 0.440234 0.702083 0.005469 0.006944
5 0.440234 0.702083 0.005469 0.006944
5 0.440234 0.702083 0.005469 0.006944
6 0.495312 0.696528 0.009375 0.048611
6 0.482422 0.704861 0.035156 0.059722
6 0.503906 0.643750 0.042188 0.065278
6 0.488281 0.704167 0.023438 0.061111
6 0.519531 0.704861 0.037500 0.073611
6 0.571094 0.690972 0.071875 0.065278
7 0.676562 0.747222 0.040625 0.016667
7 0.736328 0.751389 0.102344 0.022222
7 0.005078 0.736111 0.010156 0.013889
6 0.950391 0.686806 0.097656 0.240278
8 0.769531 0.743056 0.128125 0.075000
5 0.754297 0.709028 0.086719 0.015278
8 0.823438 0.745833 0.153125 0.083333
5 0.821875 0.709028 0.137500 0.018056
8 0.717187 0.738889 0.098437 0.063889
5 0.713281 0.709028 0.078125 0.012500
8 0.641797 0.738194 0.091406 0.065278
5 0.639844 0.709028 0.085938 0.012500
8 0.558594 0.734028 0.040625 0.031944
5 0.561328 0.707639 0.052344 0.004167
8 0.490234 0.729167 0.025781 0.041667
5 0.503125 0.709722 0.043750 0.008333
8 0.468750 0.725694 0.054688 0.031944
5 0.462109 0.710417 0.036719 0.006944
8 0.459766 0.725000 0.046094 0.030556
5 0.460547 0.710417 0.039844 0.006944
8 0.456250 0.725000 0.040625 0.030556
5 0.446875 0.709722 0.020313 0.005556
8 0.464844 0.728472 0.006250 0.020833
8 0.493359 0.725000 0.005469 0.011111
8 0.498828 0.728472 0.003906 0.018056
8 0.798438 0.731250 0.001563 0.006944
8 0.800391 0.730556 0.003906 0.008333
0 0.907031 0.643750 0.089063 0.193056
0 0.761719 0.661806 0.071875 0.145833
0 0.510547 0.658333 0.028906 0.077778
0 0.347656 0.527778 0.178125 0.600000
1 0.062891 0.688889 0.074219 0.088889
1 0.057422 0.688194 0.075781 0.090278
1 0.014844 0.688194 0.020313 0.087500
1 0.010937 0.684028 0.015625 0.079167
1 0.963672 0.669444 0.046094 0.041667
1 0.962109 0.669444 0.049219 0.058333
2 0.980469 0.665278 0.031250 0.027778
2 0.976172 0.694444 0.021094 0.008333
2 0.971875 0.679167 0.000000 0.000000
1 0.833203 0.686111 0.003906 0.002778
2 0.833594 0.695833 0.003125 0.005556
2 0.833203 0.670833 0.003906 0.025000
1 0.942187 0.669444 0.025000 0.058333
2 0.945703 0.665278 0.016406 0.027778
2 0.948438 0.693750 0.012500 0.006944
2 0.972266 0.724306 0.050781 0.048611
2 0.661719 0.720139 0.010937 0.020833
2 0.684766 0.720139 0.033594 0.015278
2 0.726562 0.727083 0.000000 0.001389
2 0.684766 0.690278 0.033594 0.022222
2 0.725000 0.689583 0.001563 0.020833
2 0.684375 0.663889 0.034375 0.013889
2 0.734766 0.664583 0.021094 0.026389
5 0.537109 0.665972 0.066406 0.012500
5 0.537109 0.677778 0.066406 0.011111
5 0.537109 0.688889 0.066406 0.011111
5 0.537109 0.700694 0.066406 0.009722
5 0.537109 0.725000 0.066406 0.011111
5 0.537109 0.713194 0.066406 0.009722
5 0.535547 0.747917 0.063281 0.012500
5 0.537109 0.736111 0.066406 0.011111
5 0.610156 0.688889 0.062500 0.011111
5 0.610156 0.700694 0.062500 0.009722
5 0.608203 0.725000 0.053906 0.011111
5 0.608984 0.713194 0.060156 0.009722
5 0.610547 0.747917 0.063281 0.012500
5 0.610938 0.736111 0.062500 0.011111
5 0.610156 0.677778 0.062500 0.011111
5 0.610156 0.665972 0.062500 0.012500
5 0.696875 0.688889 0.073438 0.011111
5 0.696875 0.698611 0.073438 0.005556
5 0.696875 0.727083 0.073438 0.006944
5 0.686328 0.712500 0.032031 0.005556
5 0.691016 0.731250 0.061719 0.001389
5 0.037500 0.730556 0.056250 0.008333
5 0.039062 0.740278 0.056250 0.008333
5 0.696484 0.678472 0.072656 0.009722
5 0.696484 0.667361 0.072656 0.012500
5 0.695703 0.599306 0.072656 0.015278
5 0.695703 0.611111 0.072656 0.013889
5 0.696094 0.634028 0.073438 0.012500
5 0.696094 0.623611 0.073438 0.013889
5 0.696094 0.656944 0.073438 0.011111
5 0.696094 0.645139 0.073438 0.012500
5 0.037891 0.723611 0.055469 0.008333
5 0.039844 0.713889 0.056250 0.008333
5 0.695703 0.588889 0.072656 0.013889
5 0.695703 0.577778 0.072656 0.016667