3 0.499609 0.836806 0.999219 0.323611
4 0.342969 0.718750 0.001563 0.045833
4 0.298828 0.736806 0.013281 0.045833
4 0.284766 0.734722 0.002344 0.013889
4 0.253906 0.774306 0.014063 0.070833
4 0.231250 0.794444 0.003125 0.072222
4 0.189062 0.809028 0.020313 0.073611
4 0.159375 0.841667 0.007812 0.086111
4 0.119922 0.867361 0.027344 0.106944
4 0.028516 0.716667 0.005469 0.052778
8 0.257812 0.812500 0.059375 0.038889
8 0.808984 0.770833 0.066406 0.044444
5 0.438672 0.668750 0.033594 0.001389
5 0.438672 0.668750 0.033594 0.001389
5 0.438672 0.668750 0.033594 0.001389
5 0.437109 0.664583 0.036719 0.009722
5 0.437109 0.664583 0.036719 0.009722
5 0.437109 0.664583 0.036719 0.009722
5 0.431250 0.677778 0.003125 0.000000
5 0.431250 0.677778 0.003125 0.000000
5 0.431250 0.677778 0.003125 0.000000
5 0.491797 0.681250 0.033594 0.006944
5 0.491797 0.681250 0.033594 0.006944
5 0.491797 0.681250 0.033594 0.006944
5 0.491797 0.673611 0.033594 0.008333
5 0.491797 0.673611 0.033594 0.008333
5 0.491797 0.673611 0.033594 0.008333
5 0.500781 0.665278 0.015625 0.008333
5 0.500781 0.665278 0.015625 0.008333
5 0.500781 0.665278 0.015625 0.008333
5 0.491016 0.656944 0.035156 0.008333
5 0.491016 0.656944 0.035156 0.008333
5 0.491016 0.656944 0.035156 0.008333
6 0.475781 0.697917 0.032813 0.062500
6 0.487109 0.683333 0.028906 0.052778
6 0.476953 0.644444 0.035156 0.061111
6 0.482422 0.691667 0.030469 0.061111
6 0.419141 0.728472 0.055469 0.073611
6 0.419922 0.740278 0.053906 0.075000
7 0.360156 0.850694 0.051562 0.026389
7 0.324609 0.877778 0.083594 0.030556
7 0.887109 0.927083 0.099219 0.034722
7 0.863281 0.894444 0.092188 0.030556
7 0.922266 0.982639 0.117969 0.031944
7 0.086719 0.843056 0.060937 0.033333
7 0.196094 0.779861 0.040625 0.023611
7 0.010156 0.746528 0.020313 0.015278
7 0.340625 0.723611 0.043750 0.013889
7 0.272656 0.756250 0.020313 0.012500
6 0.030859 0.988194 0.061719 0.020833
6 0.058594 0.961111 0.117188 0.075000
6 0.107031 0.940972 0.126562 0.115278
8 0.174609 0.934028 0.103906 0.073611
5 0.173828 0.908333 0.094531 0.027778
8 0.151562 0.953472 0.096875 0.062500
5 0.148047 0.934722 0.089844 0.033333
8 0.250391 0.891667 0.071094 0.055556
5 0.238672 0.867361 0.038281 0.012500
8 0.184766 0.883333 0.074219 0.069444
5 0.184375 0.861111 0.062500 0.030556
8 0.360547 0.778472 0.002344 0.004167
5 0.355859 0.771528 0.007031 0.009722
8 0.312109 0.784722 0.033594 0.011111
5 0.328906 0.762500 0.000000 0.005556
8 0.375781 0.733333 0.029687 0.013889
5 0.376563 0.725694 0.028125 0.009722
8 0.376953 0.731250 0.011719 0.023611
5 0.381641 0.716667 0.017969 0.005556
8 0.385547 0.737500 0.003906 0.000000
5 0.386328 0.711806 0.008594 0.004167
5 0.389062 0.706944 0.003125 0.002778
8 0.467578 0.725694 0.010156 0.026389
5 0.464453 0.713889 0.010156 0.005556
8 0.473828 0.721528 0.008594 0.029167
5 0.467578 0.709722 0.016406 0.008333
8 0.464062 0.733333 0.009375 0.030556
5 0.462891 0.720833 0.007031 0.008333
8 0.460938 0.733333 0.003125 0.019444
5 0.459375 0.725694 0.000000 0.006944
8 0.805078 0.709028 0.038281 0.026389
5 0.805859 0.697917 0.036719 0.006944
8 0.802734 0.704167 0.039844 0.025000
5 0.801953 0.692361 0.036719 0.004167
8 0.810547 0.709028 0.038281 0.018056
5 0.811328 0.701389 0.038281 0.005556
8 0.811719 0.714583 0.034375 0.020833
5 0.814453 0.707639 0.036719 0.009722
8 0.757422 0.703472 0.038281 0.026389
5 0.756641 0.690972 0.035156 0.004167
8 0.758594 0.707639 0.037500 0.026389
5 0.758984 0.696528 0.035156 0.006944
8 0.764062 0.706250 0.040625 0.015278
5 0.763672 0.700000 0.036719 0.005556
8 0.767188 0.715972 0.042188 0.023611
5 0.766406 0.706944 0.037500 0.008333
8 0.826562 0.745833 0.037500 0.033333
5 0.825781 0.734028 0.032813 0.012500
8 0.870703 0.749306 0.035156 0.026389
5 0.865625 0.735417 0.025000 0.012500
8 0.789844 0.745139 0.035937 0.034722
5 0.789453 0.733333 0.032031 0.013889
8 0.748828 0.745833 0.033594 0.036111
5 0.748437 0.732639 0.029687 0.012500
8 0.801953 0.729167 0.010156 0.030556
5 0.820312 0.716667 0.043750 0.008333
8 0.829297 0.734722 0.050781 0.027778
5 0.826172 0.724306 0.039844 0.009722
8 0.785547 0.736806 0.033594 0.034722
5 0.785156 0.724306 0.029687 0.012500
8 0.746094 0.736111 0.032813 0.033333
5 0.745313 0.723611 0.028125 0.011111
8 0.879687 0.797222 0.065625 0.044444
5 0.878906 0.781250 0.059375 0.015278
8 0.867188 0.786111 0.054688 0.041667
5 0.868359 0.768750 0.052344 0.009722
8 0.913281 0.843056 0.075000 0.055556
5 0.914453 0.824306 0.071094 0.020833
8 0.903516 0.827778 0.074219 0.052778
5 0.902344 0.806944 0.067187 0.013889
8 0.824219 0.839583 0.073438 0.054167
5 0.823047 0.820139 0.066406 0.020833
8 0.816797 0.824306 0.069531 0.051389
5 0.815625 0.804167 0.062500 0.013889
0 0.887500 0.956944 0.223438 0.083333
0 0.649219 0.739583 0.056250 0.206944
0 0.665625 0.690278 0.043750 0.152778
0 0.264844 0.903472 0.193750 0.190278
0 0.552344 0.646528 0.032813 0.104167
1 0.181250 0.650694 0.060937 0.073611
1 0.169531 0.653472 0.062500 0.076389
1 0.130078 0.650694 0.050781 0.073611
1 0.111328 0.653472 0.063281 0.076389
1 0.063281 0.644444 0.043750 0.061111
1 0.054297 0.652778 0.063281 0.075000
1 0.025781 0.681250 0.051562 0.093056
1 0.006250 0.674306 0.012500 0.079167
1 0.994922 0.668750 0.008594 0.081944
2 0.996094 0.683333 0.006250 0.025000
2 0.996094 0.649306 0.006250 0.026389
2 0.998437 0.685417 0.001563 0.023611
2 0.998437 0.650000 0.001563 0.025000
1 0.923828 0.657639 0.039844 0.062500
2 0.916016 0.636111 0.024219 0.000000
2 0.924609 0.644444 0.033594 0.008333
2 0.929297 0.687500 0.002344 0.000000
2 0.910547 0.637500 0.013281 0.000000
2 0.924219 0.637500 0.012500 0.000000
2 0.912500 0.642361 0.017188 0.006944
2 0.930078 0.638889 0.011719 0.000000
1 0.960156 0.689583 0.057813 0.104167
2 0.940625 0.688194 0.014063 0.004167
2 0.966016 0.687500 0.007031 0.000000
2 0.951562 0.649306 0.035937 0.004167
2 0.966406 0.668056 0.039062 0.030556
2 0.962500 0.706250 0.048438 0.034722
2 0.944141 0.662500 0.011719 0.027778
2 0.946484 0.665972 0.007031 0.029167
2 0.966406 0.651389 0.009375 0.000000
1 0.879687 0.671528 0.046875 0.090278
2 0.862500 0.681944 0.007812 0.025000
2 0.874219 0.647222 0.031250 0.025000
2 0.880859 0.652083 0.025781 0.026389
2 0.878125 0.686111 0.032813 0.030556
2 0.865625 0.648611 0.007812 0.025000
2 0.892969 0.637500 0.001563 0.000000
2 0.871484 0.650694 0.013281 0.026389
2 0.889844 0.637500 0.006250 0.000000
1 0.915625 0.688194 0.054688 0.104167
2 0.892578 0.700000 0.003906 0.027778
2 0.907031 0.661111 0.032813 0.027778
2 0.921484 0.667361 0.036719 0.029167
2 0.917578 0.705556 0.046094 0.036111
2 0.902734 0.662500 0.016406 0.027778
2 0.920703 0.649306 0.017969 0.001389
2 0.910156 0.650694 0.014063 0.001389
2 0.924609 0.650694 0.019531 0.001389
2 0.980859 0.802083 0.036719 0.065278
2 0.967187 0.859028 0.009375 0.062500
2 0.991797 0.820139 0.014844 0.073611
2 0.991797 0.882639 0.014844 0.070833
2 0.818750 0.788194 0.062500 0.043056
2 0.756250 0.796528 0.057813 0.062500
2 0.711719 0.678472 0.001563 0.026389
2 0.746875 0.676389 0.001563 0.022222
2 0.729297 0.686111 0.032031 0.030556
2 0.763281 0.684028 0.029687 0.026389
2 0.729297 0.659722 0.032031 0.030556
2 0.763281 0.660417 0.029687 0.029167
2 0.729297 0.634028 0.032031 0.029167
2 0.763281 0.634028 0.029687 0.029167
5 0.294141 0.750694 0.060156 0.018056
5 0.294141 0.761111 0.060156 0.016667
5 0.294141 0.769444 0.060156 0.016667
5 0.294141 0.779861 0.060156 0.018056
5 0.293750 0.800694 0.059375 0.018056
5 0.294141 0.789583 0.060156 0.018056
5 0.305469 0.813194 0.035937 0.006944
5 0.293750 0.807639 0.059375 0.015278
5 0.358203 0.771528 0.058594 0.018056
5 0.358203 0.781250 0.058594 0.018056
5 0.358203 0.801389 0.058594 0.019444
5 0.358203 0.790972 0.058594 0.018056
5 0.362891 0.820833 0.049219 0.019444
5 0.358203 0.810417 0.058594 0.018056
5 0.014063 0.732639 0.028125 0.009722
5 0.016406 0.740972 0.023438 0.009722
5 0.358203 0.762500 0.058594 0.016667
5 0.358203 0.752083 0.058594 0.018056
5 0.430469 0.773611 0.056250 0.016667
5 0.430469 0.783333 0.056250 0.016667
5 0.430469 0.802778 0.056250 0.019444
5 0.430469 0.793750 0.056250 0.018056
5 0.430469 0.822222 0.056250 0.019444
5 0.430469 0.812500 0.056250 0.019444
5 0.044531 0.735417 0.031250 0.009722
5 0.054297 0.743056 0.049219 0.011111
5 0.430469 0.763889 0.056250 0.016667
5 0.430469 0.754861 0.056250 0.015278
5 0.430859 0.695833 0.055469 0.013889
5 0.430859 0.705556 0.055469 0.016667
5 0.430469 0.726389 0.056250 0.016667
5 0.430859 0.715972 0.055469 0.015278
5 0.430469 0.745139 0.056250 0.015278
5 0.430469 0.735417 0.056250 0.015278
5 0.044531 0.729167 0.031250 0.011111
5 0.045312 0.722222 0.031250 0.011111
5 0.430859 0.686806 0.055469 0.015278
5 0.430859 0.676389 0.055469 0.013889