3 0.062500 0.832639 0.125000 0.331944
4 0.073438 0.695139 0.004687 0.001389
4 0.003125 0.734028 0.006250 0.059722
4 0.005078 0.688889 0.010156 0.044444
8 0.013281 0.750694 0.026562 0.037500
7 0.016797 0.778472 0.033594 0.023611
7 0.103516 0.872917 0.042969 0.034722
7 0.019531 0.910417 0.039062 0.043056
7 0.054297 0.698611 0.027344 0.011111
7 0.080078 0.666667 0.019531 0.008333
7 0.116016 0.662500 0.008594 0.002778
8 0.115234 0.738889 0.007031 0.016667
5 0.112109 0.722222 0.000781 0.000000
1 0.108203 0.650694 0.035156 0.062500
1 0.098437 0.652083 0.054688 0.070833
1 0.004297 0.664583 0.008594 0.076389
5 0.064453 0.702778 0.055469 0.013889
5 0.059766 0.712500 0.046094 0.011111
5 0.059766 0.718750 0.046094 0.012500
5 0.055469 0.728472 0.037500 0.009722
5 0.055469 0.743056 0.037500 0.013889
5 0.055469 0.734722 0.037500 0.013889
5 0.055469 0.760417 0.037500 0.012500
5 0.055469 0.751389 0.037500 0.013889
5 0.063281 0.689583 0.037500 0.006944
5 0.059766 0.693056 0.032031 0.000000
5 0.090625 0.723611 0.043750 0.013889
5 0.090625 0.731944 0.043750 0.013889
5 0.089844 0.750000 0.043750 0.013889
5 0.090234 0.740972 0.042969 0.012500
5 0.086328 0.765278 0.036719 0.013889
5 0.086328 0.756944 0.036719 0.013889
5 0.077734 0.692361 0.024219 0.006944
5 0.084766 0.697917 0.010156 0.006944
5 0.090625 0.716667 0.043750 0.011111
5 0.094531 0.706944 0.051562 0.013889
5 0.115625 0.729167 0.020313 0.011111
5 0.115625 0.738889 0.020313 0.011111
5 0.115625 0.756944 0.020313 0.011111
5 0.115625 0.746528 0.020313 0.012500
5 0.115234 0.772222 0.019531 0.013889
5 0.115625 0.763889 0.020313 0.011111
5 0.101562 0.695833 0.021875 0.002778
5 0.112500 0.705556 0.000000 0.000000
5 0.115625 0.722222 0.020313 0.011111
5 0.115625 0.713194 0.020313 0.009722
5 0.116016 0.661806 0.019531 0.009722
5 0.116016 0.671528 0.019531 0.009722
5 0.115625 0.688194 0.020313 0.009722
5 0.116016 0.679861 0.019531 0.009722
5 0.115625 0.705556 0.020313 0.011111
5 0.115625 0.696528 0.020313 0.009722
5 0.105469 0.690972 0.029687 0.004167
5 0.101172 0.684722 0.022656 0.008333
5 0.116016 0.654167 0.019531 0.008333
5 0.116016 0.645139 0.019531 0.009722