3 0.499609 0.906944 0.999219 0.183333
5 0.521875 0.879167 0.087500 0.033333
5 0.521875 0.879167 0.087500 0.033333
5 0.521875 0.879167 0.087500 0.033333
5 0.521875 0.861806 0.087500 0.034722
5 0.521875 0.861806 0.087500 0.034722
5 0.521875 0.861806 0.087500 0.034722
5 0.521875 0.895833 0.087500 0.033333
5 0.521875 0.895833 0.087500 0.033333
5 0.521875 0.895833 0.087500 0.033333
5 0.630078 0.911806 0.086719 0.034722
5 0.630078 0.911806 0.086719 0.034722
5 0.630078 0.911806 0.086719 0.034722
5 0.630859 0.894444 0.088281 0.036111
5 0.630859 0.894444 0.088281 0.036111
5 0.630859 0.894444 0.088281 0.036111
5 0.630469 0.876389 0.087500 0.036111
5 0.630469 0.876389 0.087500 0.036111
5 0.630469 0.876389 0.087500 0.036111
5 0.630859 0.856944 0.088281 0.036111
5 0.630859 0.856944 0.088281 0.036111
5 0.630859 0.856944 0.088281 0.036111
6 0.473828 0.963194 0.113281 0.070833
6 0.342969 0.922222 0.156250 0.152778
6 0.420312 0.981250 0.120313 0.034722
0 0.729297 0.867361 0.113281 0.262500
1 0.055078 0.798611 0.110156 0.152778
1 0.035156 0.813194 0.070312 0.154167
1 0.016797 0.781250 0.028906 0.118056