3 0.499609 0.834722 0.999219 0.327778
4 0.436328 0.788889 0.008594 0.066667
4 0.467187 0.835417 0.034375 0.081944
4 0.506250 0.867361 0.010937 0.084722
4 0.523438 0.900000 0.042188 0.097222
4 0.575391 0.945139 0.013281 0.101389
4 0.603125 0.965972 0.040625 0.065278
4 0.678906 0.997917 0.004687 0.001389
4 0.003516 0.825000 0.007031 0.075000
8 0.638672 0.965972 0.078906 0.065278
8 0.971094 0.786806 0.034375 0.012500
5 0.343359 0.688194 0.046094 0.012500
5 0.343359 0.688194 0.046094 0.012500
5 0.343359 0.688194 0.046094 0.012500
5 0.343359 0.677778 0.046094 0.013889
5 0.343359 0.677778 0.046094 0.013889
5 0.343359 0.677778 0.046094 0.013889
5 0.343359 0.696528 0.046094 0.012500
5 0.343359 0.696528 0.046094 0.012500
5 0.343359 0.696528 0.046094 0.012500
5 0.403906 0.693056 0.045312 0.011111
5 0.403906 0.693056 0.045312 0.011111
5 0.403906 0.693056 0.045312 0.011111
5 0.403906 0.684722 0.045312 0.011111
5 0.403906 0.684722 0.045312 0.011111
5 0.403906 0.684722 0.045312 0.011111
5 0.403906 0.675694 0.045312 0.012500
5 0.403906 0.675694 0.045312 0.012500
5 0.403906 0.675694 0.045312 0.012500
5 0.403906 0.665278 0.045312 0.013889
5 0.403906 0.665278 0.045312 0.013889
5 0.403906 0.665278 0.045312 0.013889
6 0.510547 0.727778 0.044531 0.063889
6 0.480859 0.711806 0.036719 0.070833
6 0.511719 0.670833 0.046875 0.072222
6 0.494141 0.720833 0.038281 0.072222
6 0.558984 0.792361 0.060156 0.095833
6 0.610938 0.811806 0.076563 0.095833
7 0.796094 0.988889 0.075000 0.019444
7 0.384375 0.905556 0.046875 0.044444
7 0.008984 0.877083 0.017969 0.026389
7 0.371094 0.779167 0.056250 0.019444
7 0.418750 0.845139 0.067187 0.026389
8 0.612891 0.882639 0.057031 0.043056
5 0.614844 0.859722 0.054688 0.016667
8 0.555078 0.892361 0.050781 0.068056
5 0.557031 0.873611 0.046875 0.033333
8 0.492969 0.802083 0.059375 0.045833
5 0.489453 0.787500 0.047656 0.016667
8 0.482031 0.790972 0.056250 0.040278
5 0.477344 0.774306 0.043750 0.015278
8 0.466406 0.779167 0.046875 0.041667
5 0.469141 0.765278 0.049219 0.013889
8 0.460156 0.768750 0.053125 0.040278
5 0.459766 0.755556 0.047656 0.013889
8 0.505859 0.775000 0.013281 0.033333
5 0.518750 0.762500 0.020313 0.013889
8 0.515625 0.756250 0.053125 0.020833
5 0.515234 0.751389 0.047656 0.013889
8 0.520312 0.786806 0.015625 0.040278
5 0.525781 0.772222 0.006250 0.013889
8 0.526172 0.790278 0.003906 0.022222
5 0.527734 0.781250 0.002344 0.006944
8 0.783203 0.700694 0.002344 0.004167
5 0.803906 0.700000 0.042188 0.008333
8 0.782813 0.700000 0.000000 0.000000
5 0.782813 0.693750 0.001563 0.006944
8 0.817969 0.718750 0.039062 0.029167
5 0.819141 0.706250 0.038281 0.009722
8 0.841406 0.722917 0.050000 0.023611
5 0.840625 0.713889 0.045312 0.011111
8 0.732812 0.708333 0.017188 0.027778
5 0.744922 0.696528 0.038281 0.009722
8 0.740234 0.706250 0.002344 0.012500
5 0.762500 0.701389 0.042188 0.005556
8 0.802344 0.709722 0.001563 0.000000
5 0.791406 0.706944 0.018750 0.005556
8 0.816406 0.725694 0.010937 0.018056
5 0.809375 0.715972 0.020313 0.009722
8 0.929297 0.764583 0.055469 0.037500
5 0.930859 0.751389 0.044531 0.016667
8 0.964453 0.761806 0.053906 0.037500
5 0.964453 0.747917 0.049219 0.015278
8 0.899219 0.768750 0.054688 0.040278
5 0.898047 0.754167 0.049219 0.016667
8 0.862109 0.770833 0.053906 0.041667
5 0.860938 0.756250 0.048438 0.018056
8 0.874219 0.732639 0.053125 0.015278
5 0.873828 0.727083 0.047656 0.012500
8 0.899609 0.750000 0.055469 0.033333
5 0.899219 0.736111 0.050000 0.013889
8 0.867188 0.754861 0.051562 0.037500
5 0.866797 0.740972 0.046094 0.015278
8 0.834766 0.759722 0.044531 0.033333
5 0.832812 0.743056 0.042188 0.016667
0 0.948047 0.804861 0.102344 0.240278
0 0.796484 0.721528 0.074219 0.173611
0 0.503125 0.654861 0.045312 0.118056
1 0.035547 0.684028 0.071094 0.095833
1 0.034375 0.690278 0.068750 0.100000
1 0.992969 0.649306 0.012500 0.076389
2 0.996094 0.663889 0.006250 0.025000
2 0.994531 0.631944 0.009375 0.025000
2 0.999219 0.665972 0.000000 0.023611
2 0.999219 0.633333 0.000000 0.022222
1 0.945312 0.629167 0.056250 0.030556
2 0.935547 0.633333 0.030469 0.022222
2 0.960547 0.637500 0.025781 0.019444
2 0.936328 0.634028 0.014844 0.018056
2 0.950391 0.625000 0.011719 0.000000
2 0.947266 0.634028 0.017969 0.015278
2 0.956250 0.627083 0.009375 0.001389
1 0.880859 0.663194 0.047656 0.093056
2 0.858594 0.627778 0.021875 0.002778
2 0.885156 0.645139 0.032813 0.026389
2 0.879297 0.679167 0.044531 0.030556
2 0.863281 0.629167 0.012500 0.002778
2 0.873047 0.628472 0.016406 0.001389
2 0.867578 0.631944 0.014844 0.002778
2 0.880078 0.629861 0.008594 0.001389
1 0.958594 0.680556 0.075000 0.097222
2 0.941016 0.645139 0.033594 0.004167
2 0.974219 0.665278 0.035937 0.030556
2 0.968359 0.701389 0.049219 0.030556
2 0.944922 0.647917 0.021094 0.004167
2 0.956250 0.646528 0.012500 0.001389
2 0.953906 0.650694 0.017188 0.004167
2 0.962500 0.648611 0.000000 0.000000
1 0.840234 0.663889 0.063281 0.091667
2 0.819531 0.675694 0.015625 0.026389
2 0.828516 0.662500 0.000781 0.000000
2 0.825000 0.640972 0.026562 0.026389
2 0.852344 0.646528 0.032813 0.026389
2 0.844141 0.679861 0.049219 0.031944
2 0.828125 0.643056 0.017188 0.025000
2 0.841797 0.629861 0.013281 0.001389
2 0.832812 0.645139 0.010937 0.026389
1 0.923438 0.687500 0.073438 0.105556
2 0.899609 0.697917 0.021094 0.029167
2 0.908984 0.684028 0.005469 0.001389
2 0.906250 0.659722 0.034375 0.030556
2 0.938672 0.667361 0.036719 0.031944
2 0.928125 0.704861 0.057813 0.037500
2 0.908984 0.662500 0.019531 0.030556
2 0.924219 0.647917 0.021875 0.001389
2 0.919531 0.665278 0.020313 0.030556
2 0.933984 0.650694 0.017969 0.001389
2 0.644531 0.676389 0.017188 0.033333
2 0.676953 0.684722 0.046094 0.033333
2 0.717187 0.685417 0.032813 0.029167
2 0.676953 0.657639 0.046094 0.031944
2 0.717187 0.658333 0.032813 0.027778
2 0.676953 0.631250 0.046094 0.031944
2 0.710547 0.629861 0.046094 0.031944
5 0.611719 0.868056 0.078125 0.036111
5 0.611328 0.883333 0.078906 0.030556
5 0.611328 0.894444 0.078906 0.030556
5 0.611328 0.907639 0.078906 0.031944
5 0.611328 0.929861 0.078906 0.029167
5 0.611328 0.920139 0.078906 0.031944
5 0.611328 0.956250 0.078906 0.034722
5 0.610547 0.944444 0.077344 0.033333
5 0.689063 0.885417 0.075000 0.029167
5 0.689063 0.897917 0.075000 0.031944
5 0.688672 0.922917 0.075781 0.031944
5 0.688672 0.910417 0.075781 0.031944
5 0.689844 0.945833 0.073438 0.033333
5 0.689063 0.934028 0.075000 0.031944
5 0.687109 0.874306 0.078906 0.031944
5 0.687109 0.859722 0.078906 0.033333
5 0.767188 0.873611 0.079687 0.025000
5 0.767188 0.886111 0.079687 0.025000
5 0.767188 0.910417 0.079687 0.026389
5 0.767188 0.897917 0.079687 0.026389
5 0.767188 0.933333 0.079687 0.027778
5 0.767188 0.920833 0.079687 0.027778
5 0.042969 0.847917 0.056250 0.023611
5 0.044922 0.856944 0.057031 0.027778
5 0.767188 0.863889 0.079687 0.025000
5 0.767188 0.851389 0.079687 0.025000
5 0.767578 0.781944 0.078906 0.022222
5 0.767188 0.794444 0.079687 0.022222
5 0.767188 0.818750 0.079687 0.023611
5 0.767188 0.806250 0.079687 0.023611
5 0.767188 0.840972 0.079687 0.023611
5 0.767188 0.828472 0.079687 0.023611
5 0.042578 0.838889 0.055469 0.025000
5 0.044531 0.828472 0.056250 0.026389
5 0.767578 0.771528 0.078906 0.020833
5 0.767969 0.758333 0.079687 0.022222