3 0.750000 0.881944 0.498437 0.233333
4 0.560156 0.768750 0.009375 0.081944
4 0.690234 0.777083 0.044531 0.095833
4 0.798047 0.781944 0.016406 0.105556
4 0.884766 0.788194 0.063281 0.115278
4 0.538672 0.872222 0.075781 0.252778
4 0.733984 0.875000 0.014844 0.247222
6 0.544141 0.751389 0.058594 0.077778
6 0.501172 0.750694 0.000781 0.070833
6 0.543750 0.678472 0.057813 0.081944
6 0.520703 0.750694 0.039844 0.076389
6 0.729297 0.761111 0.072656 0.102778
6 0.821094 0.763889 0.075000 0.108333
7 0.997656 0.865972 0.003125 0.031944
7 0.907813 0.963194 0.182812 0.070833
7 0.681641 0.827778 0.082031 0.033333
7 0.562891 0.810417 0.016406 0.020833
6 0.245703 0.831250 0.391406 0.334722
6 0.615625 0.838194 0.350000 0.320833
6 0.613672 0.486806 0.344531 0.476389
6 0.250391 0.415972 0.385156 0.623611
6 0.182812 0.581944 0.157812 0.191667
6 0.000000 0.481250 0.000000 0.015278
8 0.900391 0.806944 0.071094 0.052778
5 0.901172 0.779861 0.067969 0.015278
8 0.870703 0.809028 0.105469 0.059722
5 0.871875 0.782639 0.095312 0.015278
8 0.651172 0.787500 0.021094 0.041667
5 0.648828 0.766667 0.017969 0.008333
8 0.561328 0.787500 0.019531 0.033333
5 0.565234 0.770833 0.011719 0.000000
8 0.546094 0.786806 0.050000 0.031944
8 0.530078 0.783333 0.058594 0.030556
5 0.501953 0.761806 0.002344 0.004167
8 0.641016 0.792361 0.000781 0.004167
8 0.559766 0.785417 0.022656 0.020833
8 0.652734 0.780556 0.024219 0.025000
5 0.652344 0.764583 0.025000 0.009722
8 0.676953 0.787500 0.064844 0.033333
5 0.656250 0.766667 0.017188 0.008333
8 0.782813 0.767361 0.034375 0.015278
5 0.768359 0.750000 0.005469 0.005556
8 0.768750 0.765972 0.006250 0.015278
8 0.805469 0.764583 0.010937 0.020833
8 0.814453 0.765278 0.003906 0.025000
5 0.813281 0.751389 0.000000 0.005556
8 0.767969 0.762500 0.003125 0.008333
8 0.768359 0.764583 0.005469 0.026389
5 0.779687 0.751389 0.028125 0.005556
8 0.800391 0.764583 0.027344 0.026389
5 0.799219 0.752083 0.029687 0.006944
8 0.972656 0.777778 0.001563 0.005556
5 0.975781 0.759028 0.000000 0.001389
8 0.975781 0.765278 0.000000 0.000000
8 0.951953 0.769444 0.047656 0.022222
5 0.952344 0.756944 0.045312 0.008333
8 0.925000 0.767361 0.020313 0.012500
5 0.924609 0.757639 0.021094 0.006944
5 0.910547 0.750000 0.005469 0.000000
8 0.925000 0.765972 0.020313 0.001389
5 0.926172 0.750694 0.016406 0.001389
8 0.923438 0.766667 0.017188 0.002778
5 0.919922 0.752083 0.017969 0.001389
0 0.863672 0.703472 0.100781 0.159722
0 0.442188 0.684722 0.000000 0.000000
0 0.189453 0.636806 0.378906 0.723611
0 0.129688 0.593750 0.259375 0.459722
1 0.933984 0.706944 0.000781 0.041667
2 0.919922 0.727778 0.027344 0.000000
1 0.993750 0.704167 0.003125 0.038889
1 0.833203 0.688889 0.002344 0.005556
1 0.983984 0.720833 0.030469 0.002778
2 0.992969 0.704861 0.012500 0.026389
2 0.973437 0.740278 0.004687 0.022222
2 0.969922 0.704861 0.003906 0.026389
2 0.969141 0.718056 0.000781 0.000000
2 0.979297 0.704861 0.014844 0.026389
2 0.983594 0.718056 0.001563 0.000000
1 0.814844 0.706250 0.046875 0.043056
2 0.827344 0.700694 0.023438 0.015278
1 0.889062 0.686806 0.015625 0.001389
2 0.925000 0.729167 0.018750 0.000000
1 0.800391 0.713889 0.033594 0.063889
2 0.799609 0.704861 0.030469 0.026389
2 0.789844 0.737500 0.048438 0.016667
2 0.783594 0.709028 0.000000 0.018056
1 0.897656 0.713889 0.073438 0.072222
2 0.866406 0.700000 0.010937 0.019444
2 0.919531 0.703472 0.028125 0.029167
2 0.920312 0.739583 0.028125 0.020833
2 0.873437 0.697917 0.001563 0.009722
2 0.893359 0.697917 0.007031 0.015278
2 0.564453 0.745139 0.017969 0.006944
2 0.642188 0.750000 0.004687 0.016667
2 0.654687 0.750000 0.020313 0.016667
2 0.622656 0.734028 0.043750 0.012500
2 0.654687 0.726389 0.020313 0.027778
2 0.658984 0.705556 0.011719 0.011111
5 0.973828 0.731944 0.050781 0.013889
5 0.974219 0.747222 0.050000 0.013889
5 0.974219 0.761806 0.050000 0.015278
5 0.974609 0.777778 0.049219 0.016667
5 0.975000 0.809722 0.048438 0.016667
5 0.974609 0.794444 0.049219 0.016667
5 0.975000 0.840278 0.048438 0.019444
5 0.975000 0.823611 0.048438 0.019444