3 0.499609 0.845139 0.999219 0.306944
4 0.447266 0.699306 0.007031 0.059722
4 0.459375 0.703472 0.007812 0.062500
4 0.462891 0.707639 0.028906 0.068056
4 0.488672 0.713889 0.005469 0.072222
4 0.487109 0.718750 0.016406 0.076389
4 0.551172 0.714583 0.011719 0.051389
4 0.893750 0.760417 0.039062 0.026389
4 0.088672 0.690278 0.002344 0.044444
4 0.068750 0.704861 0.015625 0.065278
4 0.054297 0.708333 0.010156 0.066667
4 0.041406 0.715278 0.018750 0.075000
4 0.022656 0.720139 0.012500 0.079167
4 0.007422 0.728472 0.014844 0.087500
8 0.531250 0.725694 0.042188 0.031944
5 0.450000 0.681250 0.001563 0.004167
5 0.450000 0.681250 0.001563 0.004167
5 0.450000 0.681250 0.001563 0.004167
5 0.450000 0.674306 0.001563 0.006944
5 0.450000 0.674306 0.001563 0.006944
5 0.450000 0.674306 0.001563 0.006944
5 0.433594 0.665972 0.034375 0.006944
5 0.433594 0.665972 0.034375 0.006944
5 0.433594 0.665972 0.034375 0.006944
6 0.502344 0.667361 0.025000 0.029167
6 0.483203 0.667361 0.027344 0.031944
6 0.502344 0.629167 0.025000 0.055556
6 0.487109 0.671528 0.017969 0.029167
6 0.532031 0.663194 0.035937 0.015278
6 0.546484 0.686111 0.044531 0.058333
7 0.100781 0.767361 0.042188 0.029167
7 0.071094 0.721528 0.057813 0.015278
6 0.018750 0.626389 0.037500 0.088889
6 0.017969 0.707639 0.035937 0.090278
6 0.930859 0.768750 0.136719 0.162500
6 0.976562 0.786806 0.045312 0.187500
6 0.844531 0.723611 0.103125 0.083333
6 0.808984 0.721528 0.091406 0.087500
8 0.558984 0.733333 0.003906 0.013889
8 0.554688 0.713194 0.004687 0.006944
5 0.538281 0.704167 0.028125 0.008333
8 0.485547 0.720139 0.016406 0.034722
5 0.487500 0.704861 0.014063 0.009722
8 0.472266 0.703472 0.044531 0.023611
5 0.471484 0.692361 0.041406 0.006944
8 0.463281 0.702083 0.037500 0.026389
5 0.465625 0.690278 0.032813 0.005556
8 0.461719 0.702083 0.034375 0.023611
5 0.461328 0.688889 0.033594 0.005556
8 0.469531 0.709028 0.004687 0.004167
5 0.458203 0.684722 0.027344 0.000000
8 0.492578 0.701389 0.002344 0.025000
8 0.487500 0.688194 0.014063 0.004167
5 0.482031 0.686111 0.000000 0.000000
8 0.493359 0.690972 0.000781 0.004167
5 0.494531 0.688889 0.000000 0.000000
5 0.766406 0.676389 0.007812 0.000000
5 0.863672 0.686111 0.003906 0.000000
5 0.870703 0.685417 0.017969 0.001389
8 0.768359 0.688889 0.000781 0.002778
5 0.771875 0.688194 0.004687 0.004167
8 0.765234 0.687500 0.003906 0.000000
5 0.768750 0.688194 0.010937 0.004167
8 0.996484 0.718056 0.000781 0.000000
8 0.979297 0.725000 0.039844 0.036111
5 0.978125 0.710417 0.032813 0.004167
8 0.974609 0.722222 0.041406 0.030556
5 0.964063 0.708333 0.017188 0.002778
0 0.814844 0.656944 0.079687 0.161111
0 0.509766 0.642361 0.028906 0.079167
0 0.717187 0.561806 0.503125 0.873611
0 0.391016 0.680556 0.107031 0.344444
1 0.038281 0.714583 0.076563 0.229167
1 0.121484 0.661806 0.061719 0.076389
1 0.117578 0.661806 0.063281 0.079167
1 0.057031 0.661806 0.062500 0.076389
1 0.053125 0.661806 0.054688 0.079167
1 0.015234 0.687500 0.000781 0.000000
1 0.008594 0.661111 0.017188 0.077778
1 0.048828 0.667361 0.042969 0.095833
1 0.008203 0.664583 0.016406 0.076389
1 0.016797 0.676389 0.033594 0.113889
1 0.962891 0.643750 0.021094 0.037500
2 0.957422 0.662500 0.007031 0.000000
2 0.976953 0.661806 0.030469 0.001389
1 0.972266 0.657639 0.039844 0.068056
2 0.957031 0.675000 0.007812 0.022222
2 0.956641 0.643056 0.007031 0.022222
2 0.984375 0.643056 0.014063 0.022222
2 0.976562 0.676389 0.031250 0.025000
2 0.964063 0.643056 0.007812 0.022222
2 0.972656 0.643056 0.007812 0.022222
1 0.854297 0.643056 0.019531 0.038889
2 0.836328 0.641667 0.002344 0.016667
2 0.853906 0.662500 0.018750 0.000000
2 0.832031 0.634722 0.000000 0.002778
1 0.886719 0.661111 0.017188 0.000000
2 0.878906 0.663889 0.001563 0.000000
2 0.891797 0.663889 0.007031 0.000000
1 0.808984 0.636806 0.050781 0.026389
2 0.786328 0.640278 0.002344 0.016667
2 0.826562 0.641667 0.010937 0.016667
2 0.795312 0.638889 0.001563 0.013889
1 0.869531 0.649306 0.051562 0.051389
2 0.850781 0.672222 0.012500 0.016667
2 0.863672 0.663889 0.011719 0.000000
2 0.846094 0.643056 0.004687 0.022222
2 0.879297 0.643750 0.032031 0.023611
2 0.872266 0.674306 0.046094 0.020833
2 0.852344 0.643056 0.006250 0.022222
2 0.859766 0.643750 0.007031 0.023611
2 0.959766 0.722917 0.008594 0.018056
2 0.875000 0.713889 0.042188 0.038889
5 0.532422 0.675694 0.038281 0.009722
5 0.532422 0.685417 0.038281 0.009722
5 0.532031 0.693750 0.039062 0.009722
5 0.531641 0.703472 0.039844 0.009722
5 0.531250 0.722917 0.040625 0.006944
5 0.531641 0.711806 0.039844 0.009722
5 0.530859 0.738194 0.041406 0.006944
5 0.531250 0.730556 0.042188 0.011111
5 0.028516 0.710417 0.002344 0.001389
5 0.028516 0.724306 0.003906 0.001389
5 0.560937 0.693056 0.007812 0.008333
5 0.560547 0.702083 0.007031 0.009722
5 0.559375 0.720139 0.004687 0.006944
5 0.559766 0.711111 0.005469 0.008333
5 0.557031 0.736806 0.000000 0.006944
5 0.558984 0.727778 0.003906 0.008333
5 0.062500 0.713889 0.040625 0.008333
5 0.055469 0.722222 0.018750 0.008333
5 0.561328 0.684722 0.008594 0.008333
5 0.562109 0.675000 0.010156 0.008333
5 0.119922 0.713194 0.042969 0.009722
5 0.121094 0.720833 0.042188 0.008333
5 0.622266 0.629167 0.002344 0.002778
5 0.119922 0.706944 0.042969 0.008333
5 0.121484 0.698611 0.042969 0.008333