3 0.499609 0.770833 0.999219 0.455556
4 0.990234 0.987500 0.003906 0.022222
4 0.965625 0.962500 0.050000 0.025000
4 0.933984 0.854861 0.013281 0.101389
4 0.936328 0.820139 0.021094 0.098611
4 0.908203 0.816667 0.000781 0.005556
4 0.918359 0.753472 0.030469 0.084722
4 0.898828 0.724306 0.007031 0.070833
4 0.891797 0.707639 0.008594 0.076389
4 0.888672 0.640972 0.008594 0.054167
4 0.866406 0.617361 0.003125 0.051389
4 0.863672 0.595833 0.002344 0.041667
8 0.893359 0.765972 0.003906 0.029167
8 0.174219 0.829167 0.103125 0.072222
6 0.636328 0.953472 0.138281 0.090278
6 0.758594 0.922222 0.112500 0.152778
6 0.736719 0.855556 0.109375 0.127778
7 0.760547 0.767361 0.067969 0.026389
7 0.763281 0.743750 0.064062 0.020833
7 0.398047 0.699306 0.050781 0.020833
7 0.379297 0.715972 0.060156 0.023611
7 0.446484 0.664583 0.050781 0.018056
7 0.428906 0.677083 0.053125 0.015278
7 0.487891 0.635417 0.041406 0.015278
7 0.473047 0.645833 0.044531 0.013889
7 0.995703 0.991667 0.007031 0.013889
7 0.189062 0.608333 0.042188 0.013889
7 0.165625 0.615972 0.042188 0.012500
7 0.002734 0.681250 0.005469 0.012500
6 0.518750 0.578472 0.031250 0.054167
6 0.601172 0.527778 0.027344 0.033333
6 0.601172 0.498611 0.027344 0.033333
6 0.557031 0.498611 0.028125 0.036111
6 0.557031 0.529167 0.028125 0.036111
6 0.798438 0.503472 0.028125 0.034722
6 0.798438 0.534028 0.028125 0.034722
6 0.843750 0.504861 0.001563 0.034722
6 0.843750 0.534028 0.001563 0.031944
6 0.474609 0.572917 0.027344 0.045833
6 0.549609 0.558333 0.027344 0.047222
6 0.508594 0.553472 0.026562 0.040278
6 0.480078 0.600000 0.036719 0.055556
6 0.428125 0.601389 0.034375 0.061111
6 0.794531 0.627778 0.031250 0.069444
6 0.795312 0.615278 0.029687 0.058333
6 0.799219 0.633333 0.032813 0.063889
6 0.798438 0.647917 0.034375 0.076389
6 0.797656 0.550694 0.023438 0.001389
6 0.798047 0.547917 0.022656 0.004167
8 0.817969 0.693056 0.050000 0.033333
5 0.819531 0.683333 0.046875 0.016667
8 0.817969 0.677778 0.050000 0.022222
5 0.818750 0.670833 0.045312 0.011111
8 0.805078 0.722917 0.039844 0.048611
5 0.804297 0.707639 0.035156 0.020833
8 0.850391 0.725000 0.033594 0.047222
5 0.854297 0.710417 0.025781 0.020833
8 0.804688 0.849306 0.056250 0.076389
5 0.803906 0.828472 0.048438 0.037500
8 0.873828 0.855556 0.061719 0.077778
5 0.876563 0.834722 0.045312 0.038889
8 0.811719 0.993750 0.006250 0.009722
5 0.853516 0.993750 0.077344 0.009722
8 0.733203 0.984722 0.105469 0.027778
5 0.732031 0.984722 0.101562 0.027778
8 0.017969 0.910417 0.029687 0.056944
5 0.013281 0.890278 0.026562 0.027778
8 0.045312 0.915972 0.090625 0.068056
5 0.042578 0.906250 0.085156 0.051389
8 0.101172 0.941667 0.108594 0.100000
5 0.101562 0.916667 0.096875 0.052778
8 0.008594 0.945833 0.017188 0.022222
5 0.005469 0.942361 0.010937 0.020833
8 0.050000 0.968056 0.073438 0.061111
5 0.040234 0.968056 0.080469 0.061111
8 0.180078 0.791667 0.067969 0.047222
5 0.186719 0.768056 0.071875 0.025000
8 0.152734 0.804167 0.083594 0.061111
5 0.154297 0.786111 0.075781 0.027778
8 0.282031 0.728472 0.056250 0.031944
5 0.291016 0.716667 0.033594 0.016667
8 0.251172 0.745833 0.052344 0.027778
5 0.250781 0.731944 0.051562 0.016667
8 0.343750 0.734722 0.067187 0.041667
5 0.344922 0.722917 0.060156 0.020833
8 0.324219 0.740278 0.065625 0.025000
5 0.323047 0.736806 0.063281 0.020833
8 0.500391 0.603472 0.035156 0.023611
5 0.499609 0.592361 0.033594 0.006944
8 0.455859 0.596528 0.038281 0.015278
5 0.455469 0.589583 0.032813 0.006944
8 0.444922 0.601389 0.038281 0.011111
5 0.446484 0.595833 0.035156 0.008333
8 0.490625 0.608333 0.037500 0.025000
5 0.489844 0.597917 0.035937 0.009722
8 0.534375 0.579861 0.031250 0.020833
5 0.533984 0.570139 0.030469 0.006944
8 0.496094 0.579167 0.029687 0.016667
5 0.496094 0.568056 0.029687 0.005556
8 0.487500 0.579861 0.034375 0.018056
5 0.487891 0.572917 0.030469 0.006944
8 0.526953 0.583333 0.033594 0.022222
5 0.526563 0.574306 0.031250 0.006944
0 0.260547 0.546528 0.074219 0.101389
0 0.582422 0.569444 0.039844 0.116667
0 0.649609 0.517361 0.025781 0.079167
0 0.614453 0.533333 0.030469 0.091667
0 0.361328 0.510417 0.032031 0.076389
0 0.079297 0.585417 0.057031 0.104167
0 0.450781 0.715972 0.084375 0.226389
0 0.242969 0.845833 0.159375 0.305556
0 0.713281 0.540278 0.028125 0.100000
0 0.690625 0.585417 0.040625 0.131944
0 0.748047 0.520139 0.025781 0.084722
0 0.421484 0.489583 0.025781 0.034722
0 0.280859 0.540278 0.060156 0.097222
0 0.998828 0.502778 0.000781 0.022222
0 0.948828 0.576389 0.000781 0.069444
0 0.995703 0.633333 0.007031 0.127778
1 0.786719 0.531250 0.028125 0.037500
1 0.785156 0.528472 0.026562 0.040278
1 0.809766 0.531250 0.016406 0.034722
1 0.808984 0.529861 0.017969 0.043056
1 0.789844 0.591667 0.062500 0.091667
2 0.769531 0.609028 0.015625 0.029167
2 0.769922 0.606250 0.014844 0.029167
2 0.769531 0.570833 0.015625 0.030556
2 0.816016 0.573611 0.011719 0.030556
2 0.799609 0.609028 0.042969 0.031944
2 0.785156 0.572222 0.015625 0.027778
2 0.786328 0.557639 0.014844 0.001389
2 0.801562 0.572222 0.015625 0.025000
2 0.801953 0.570833 0.014844 0.027778
1 0.762109 0.568750 0.002344 0.051389
2 0.778125 0.594444 0.000000 0.002778
2 0.770703 0.554167 0.014844 0.005556
2 0.816016 0.554861 0.011719 0.004167
2 0.786328 0.554167 0.014844 0.002778
2 0.786719 0.553472 0.014063 0.004167
2 0.801562 0.555556 0.014063 0.002778
2 0.801953 0.554167 0.014844 0.005556
1 0.461328 0.532639 0.035156 0.062500
2 0.464453 0.545139 0.007031 0.015278
2 0.453906 0.547222 0.001563 0.019444
2 0.456641 0.520833 0.022656 0.019444
2 0.469141 0.517361 0.016406 0.018056
2 0.469141 0.543750 0.016406 0.020833
2 0.466406 0.518750 0.009375 0.018056
2 0.457031 0.509722 0.007812 0.000000
2 0.471094 0.518750 0.006250 0.018056
2 0.454688 0.508333 0.000000 0.000000
1 0.432422 0.545833 0.039844 0.072222
2 0.432031 0.559722 0.014063 0.019444
2 0.421094 0.559028 0.014063 0.020833
2 0.426563 0.531250 0.025000 0.020833
2 0.437500 0.517361 0.015625 0.001389
2 0.432812 0.556944 0.025000 0.025000
2 0.440234 0.529861 0.005469 0.020833
2 0.425781 0.519444 0.010937 0.000000
2 0.441406 0.528472 0.007812 0.020833
2 0.430078 0.518056 0.010156 0.000000
1 0.403125 0.545139 0.040625 0.070833
2 0.403125 0.559028 0.014063 0.020833
2 0.390625 0.557639 0.010937 0.020833
2 0.397266 0.529861 0.024219 0.020833
2 0.410156 0.518056 0.023438 0.002778
2 0.408984 0.556250 0.025781 0.023611
2 0.410938 0.529861 0.006250 0.020833
2 0.412891 0.518750 0.010156 0.001389
1 0.434375 0.508333 0.035937 0.016667
2 0.429297 0.513889 0.022656 0.008333
2 0.437109 0.506944 0.011719 0.000000
2 0.437500 0.513194 0.010937 0.006944
2 0.430859 0.509722 0.000781 0.000000
2 0.442188 0.509028 0.006250 0.001389
1 0.371484 0.544444 0.033594 0.072222
2 0.374219 0.557639 0.014063 0.020833
2 0.362109 0.557639 0.011719 0.020833
2 0.368359 0.529861 0.024219 0.020833
2 0.379297 0.515278 0.013281 0.000000
2 0.376563 0.554861 0.023438 0.023611
2 0.379297 0.528472 0.011719 0.020833
2 0.367188 0.518056 0.010937 0.000000
2 0.383594 0.518056 0.009375 0.002778
2 0.372266 0.516667 0.011719 0.000000
1 0.416406 0.507639 0.020313 0.015278
2 0.405078 0.513194 0.017969 0.006944
2 0.416016 0.506944 0.017969 0.000000
2 0.411719 0.511806 0.007812 0.006944
2 0.406641 0.508333 0.000781 0.000000
2 0.418750 0.509722 0.001563 0.000000
2 0.406250 0.506944 0.000000 0.000000
1 0.290625 0.538194 0.040625 0.062500
2 0.283203 0.526389 0.024219 0.019444
2 0.305469 0.523611 0.007812 0.019444
2 0.294922 0.550000 0.028906 0.019444
2 0.296094 0.525694 0.001563 0.020833
2 0.283203 0.515278 0.010156 0.000000
2 0.300000 0.523611 0.009375 0.019444
2 0.285938 0.513889 0.004687 0.000000
1 0.325781 0.528472 0.037500 0.059722
2 0.321094 0.542361 0.003125 0.018056
2 0.314063 0.535417 0.010937 0.006944
2 0.315625 0.515278 0.014063 0.016667
2 0.337500 0.513194 0.010937 0.018056
2 0.332031 0.539583 0.023438 0.020833
2 0.333594 0.515972 0.003125 0.018056
2 0.335547 0.514583 0.007031 0.018056
2 0.087891 0.700694 0.071094 0.048611
2 0.148438 0.677778 0.050000 0.044444
2 0.135156 0.640278 0.076563 0.047222
2 0.087109 0.660417 0.071094 0.051389
2 0.247656 0.670833 0.076563 0.052778
2 0.286328 0.650000 0.074219 0.050000
2 0.315234 0.689583 0.016406 0.043056
2 0.248047 0.707639 0.075781 0.037500
2 0.266406 0.660417 0.079687 0.051389
2 0.307422 0.638889 0.072656 0.044444
2 0.338281 0.676389 0.010937 0.041667
2 0.296094 0.693750 0.020313 0.031944
2 0.259766 0.782639 0.089844 0.081944
2 0.322266 0.788889 0.088281 0.083333
5 0.860156 0.750000 0.062500 0.030556
5 0.859766 0.763194 0.061719 0.026389
5 0.859766 0.770833 0.061719 0.022222
5 0.847656 0.782639 0.037500 0.023611
5 0.859375 0.805556 0.062500 0.027778
5 0.859375 0.795139 0.062500 0.031944
5 0.857812 0.831944 0.059375 0.016667
5 0.855859 0.815972 0.055469 0.023611
5 0.778906 0.766667 0.059375 0.027778
5 0.778906 0.777778 0.059375 0.027778
5 0.778516 0.799306 0.058594 0.026389
5 0.778906 0.789583 0.059375 0.029167
5 0.776953 0.821528 0.055469 0.026389
5 0.776563 0.809722 0.054688 0.025000
5 0.778906 0.755556 0.059375 0.027778
5 0.778906 0.743750 0.059375 0.029167
5 0.693359 0.760417 0.060156 0.026389
5 0.693359 0.770833 0.060156 0.027778
5 0.693359 0.793056 0.060156 0.027778
5 0.693359 0.781250 0.060156 0.026389
5 0.693359 0.814583 0.060156 0.029167
5 0.693359 0.804167 0.060156 0.027778
5 0.693750 0.749306 0.060937 0.026389
5 0.693750 0.738889 0.060937 0.025000
5 0.694141 0.672917 0.060156 0.023611
5 0.694141 0.684722 0.060156 0.025000
5 0.693750 0.706944 0.060937 0.025000
5 0.694141 0.695833 0.060156 0.025000
5 0.693750 0.727778 0.060937 0.025000
5 0.693750 0.718056 0.060937 0.025000
5 0.694141 0.662500 0.060156 0.022222
5 0.694141 0.652083 0.060156 0.023611
5 0.843750 0.554861 0.001563 0.006944
5 0.810547 0.551389 0.000781 0.000000
5 0.843750 0.561111 0.001563 0.002778