3 0.436328 0.957639 0.671094 0.081944
4 0.201172 0.908333 0.002344 0.030556
8 0.353516 0.909028 0.021094 0.004167
5 0.330859 0.906944 0.032031 0.002778
5 0.330859 0.906944 0.032031 0.002778
5 0.330859 0.906944 0.032031 0.002778
5 0.330078 0.897222 0.028906 0.005556
5 0.330078 0.897222 0.028906 0.005556
5 0.330078 0.897222 0.028906 0.005556
5 0.326562 0.912500 0.023438 0.005556
5 0.326562 0.912500 0.023438 0.005556
5 0.326562 0.912500 0.023438 0.005556
5 0.303125 0.913889 0.025000 0.005556
5 0.303125 0.913889 0.025000 0.005556
5 0.303125 0.913889 0.025000 0.005556
5 0.301953 0.907639 0.022656 0.004167
5 0.301953 0.907639 0.022656 0.004167
5 0.301953 0.907639 0.022656 0.004167
5 0.304688 0.897917 0.020313 0.004167
5 0.304688 0.897917 0.020313 0.004167
5 0.304688 0.897917 0.020313 0.004167
5 0.304688 0.894444 0.020313 0.000000
5 0.304688 0.894444 0.020313 0.000000
5 0.304688 0.894444 0.020313 0.000000
6 0.375000 0.867361 0.007812 0.040278
6 0.375000 0.895139 0.007812 0.040278
6 0.257422 0.895833 0.017969 0.041667
6 0.316016 0.943750 0.105469 0.109722
6 0.516797 0.943750 0.097656 0.109722
6 0.318359 0.834028 0.103906 0.134722
6 0.415625 0.943750 0.098437 0.109722
7 0.144141 0.945833 0.021094 0.013889
7 0.282422 0.981944 0.046094 0.025000
7 0.571484 0.926389 0.007031 0.011111
7 0.607812 0.927083 0.009375 0.009722
7 0.500391 0.927083 0.017969 0.009722
7 0.110156 0.925694 0.017188 0.006944
8 0.112109 0.979167 0.024219 0.038889
5 0.113281 0.955556 0.025000 0.008333
8 0.164453 0.976389 0.064844 0.044444
5 0.163281 0.959028 0.059375 0.015278
8 0.227734 0.976389 0.071094 0.044444
5 0.228125 0.959028 0.064062 0.015278
8 0.134766 0.979861 0.071094 0.037500
5 0.132812 0.967361 0.065625 0.018056
8 0.203125 0.979861 0.081250 0.037500
5 0.203125 0.967361 0.071875 0.018056
8 0.101172 0.985417 0.002344 0.004167
0 0.817969 0.861806 0.101562 0.273611
1 0.705859 0.897222 0.064844 0.119444
1 0.662891 0.897222 0.057031 0.119444
1 0.683594 0.895139 0.057813 0.109722
1 0.641016 0.895139 0.055469 0.109722
1 0.664453 0.893056 0.052344 0.102778
1 0.625000 0.893056 0.050000 0.102778
1 0.689844 0.887500 0.067187 0.080556
1 0.289844 0.894444 0.090625 0.111111
1 0.297656 0.895139 0.085938 0.109722
1 0.105469 0.894444 0.007812 0.094444
1 0.910937 0.765972 0.176563 0.465278
2 0.928516 0.846528 0.141406 0.304167
1 0.071875 0.754167 0.143750 0.488889
2 0.054297 0.840278 0.108594 0.316667
5 0.217188 0.926389 0.023438 0.005556
5 0.212891 0.920833 0.032031 0.005556
5 0.213281 0.908333 0.031250 0.005556
5 0.212891 0.915278 0.032031 0.005556
5 0.220312 0.938889 0.023438 0.008333
5 0.217188 0.947222 0.023438 0.008333
5 0.198047 0.942361 0.046094 0.009722
5 0.212109 0.949306 0.011719 0.004167
5 0.183203 0.946528 0.049219 0.009722
5 0.194531 0.954861 0.020313 0.006944
5 0.183203 0.938889 0.049219 0.008333
5 0.180469 0.929861 0.050000 0.009722