3 0.500391 0.826389 0.997656 0.344444
8 0.846484 0.743750 0.060156 0.048611
5 0.020703 0.986111 0.007031 0.025000
5 0.020703 0.986111 0.007031 0.025000
5 0.020703 0.986111 0.007031 0.025000
5 0.012109 0.975000 0.024219 0.047222
5 0.012109 0.975000 0.024219 0.047222
5 0.012109 0.975000 0.024219 0.047222
5 0.012109 0.962500 0.024219 0.063889
5 0.012109 0.962500 0.024219 0.063889
5 0.012109 0.962500 0.024219 0.063889
5 0.012109 0.938889 0.024219 0.061111
5 0.012109 0.938889 0.024219 0.061111
5 0.012109 0.938889 0.024219 0.061111
6 0.638672 0.884028 0.061719 0.129167
6 0.491797 0.894444 0.091406 0.138889
6 0.638672 0.783333 0.061719 0.125000
6 0.573438 0.886806 0.092188 0.137500
6 0.980078 0.864583 0.038281 0.126389
7 0.787109 0.671528 0.013281 0.009722
7 0.819922 0.666667 0.032031 0.013889
7 0.906250 0.662500 0.017188 0.013889
7 0.874609 0.663889 0.033594 0.013889
7 0.666797 0.668750 0.005469 0.009722
7 0.619531 0.674306 0.026562 0.015278
7 0.575000 0.677083 0.026562 0.015278
8 0.964844 0.936111 0.068750 0.077778
5 0.967969 0.913194 0.062500 0.040278
8 0.913281 0.940972 0.089063 0.079167
5 0.914453 0.918056 0.078906 0.041667
8 0.858984 0.946528 0.086719 0.081944
5 0.859766 0.923611 0.077344 0.041667
8 0.806641 0.950694 0.057031 0.084722
5 0.804688 0.928472 0.053125 0.043056
8 0.817187 0.903472 0.078125 0.068056
5 0.818359 0.887500 0.069531 0.036111
8 0.785937 0.920139 0.015625 0.043056
5 0.784375 0.897222 0.012500 0.022222
8 0.867969 0.897222 0.079687 0.063889
5 0.869141 0.881944 0.071094 0.036111
8 0.926953 0.898611 0.082031 0.069444
5 0.928125 0.878472 0.073438 0.034722
8 0.441406 0.752083 0.037500 0.043056
5 0.441797 0.738194 0.033594 0.015278
8 0.398828 0.753472 0.036719 0.040278
5 0.409375 0.739583 0.012500 0.015278
8 0.478125 0.750000 0.039062 0.038889
5 0.478906 0.736806 0.034375 0.018056
8 0.519922 0.748611 0.039844 0.041667
5 0.520312 0.734028 0.035937 0.015278
8 0.412891 0.770139 0.019531 0.045833
5 0.412109 0.756250 0.017969 0.018056
8 0.448437 0.768750 0.040625 0.045833
5 0.448828 0.754167 0.035156 0.019444
8 0.487109 0.765972 0.041406 0.045833
5 0.487500 0.752083 0.035937 0.018056
8 0.530859 0.763889 0.042969 0.044444
5 0.531250 0.750000 0.037500 0.019444
8 0.666406 0.722917 0.006250 0.012500
5 0.667188 0.720139 0.004687 0.009722
8 0.594531 0.747222 0.045312 0.041667
5 0.594141 0.733333 0.039844 0.016667
8 0.622656 0.746528 0.021875 0.034722
5 0.633594 0.730556 0.040625 0.016667
8 0.639844 0.756250 0.015625 0.037500
5 0.651563 0.742361 0.035937 0.012500
8 0.656250 0.768056 0.026562 0.038889
5 0.657422 0.753472 0.024219 0.015278
8 0.892578 0.732639 0.028906 0.037500
5 0.901563 0.718750 0.039062 0.015278
8 0.866797 0.734028 0.049219 0.037500
5 0.867188 0.720833 0.043750 0.016667
8 0.999219 0.709028 0.000000 0.001389
8 0.980469 0.718750 0.034375 0.018056
5 0.983203 0.715972 0.032031 0.015278
8 0.998437 0.727083 0.001563 0.006944
0 0.986719 0.615278 0.025000 0.102778
0 0.810156 0.726389 0.062500 0.177778
0 0.204297 0.812500 0.183594 0.247222
1 0.330859 0.647222 0.066406 0.091667
2 0.308594 0.617361 0.014063 0.012500
2 0.354297 0.617361 0.013281 0.012500
2 0.323828 0.619444 0.014844 0.011111
2 0.323047 0.611806 0.014844 0.001389
2 0.333203 0.618750 0.003906 0.009722
2 0.332813 0.611806 0.004687 0.001389
1 0.455078 0.641667 0.066406 0.088889
2 0.432422 0.658333 0.011719 0.027778
2 0.429297 0.655556 0.008594 0.025000
2 0.433203 0.622222 0.017969 0.027778
2 0.476172 0.612500 0.017969 0.011111
2 0.448828 0.614583 0.014844 0.009722
2 0.446875 0.607639 0.014063 0.001389
2 0.463672 0.614583 0.014844 0.009722
2 0.460938 0.607639 0.015625 0.001389
1 0.335938 0.663889 0.071875 0.100000
2 0.303125 0.691667 0.000000 0.000000
2 0.311719 0.633333 0.015625 0.016667
2 0.360156 0.631944 0.017188 0.016667
2 0.327344 0.634722 0.015625 0.013889
2 0.327344 0.625694 0.015625 0.001389
2 0.350000 0.633333 0.004687 0.013889
2 0.342969 0.624306 0.015625 0.001389
1 0.469922 0.657639 0.071094 0.095833
2 0.447656 0.675694 0.014063 0.029167
2 0.444141 0.672222 0.014844 0.027778
2 0.446484 0.636806 0.019531 0.031944
2 0.492969 0.627083 0.020313 0.015278
2 0.463281 0.629167 0.017188 0.013889
2 0.460547 0.620833 0.014844 0.000000
2 0.478906 0.628472 0.017188 0.012500
2 0.476562 0.620139 0.015625 0.001389
1 0.342187 0.684722 0.078125 0.111111
2 0.315625 0.645139 0.017188 0.006944
2 0.368750 0.643750 0.018750 0.006944
2 0.325781 0.694444 0.000000 0.000000
2 0.329688 0.647222 0.010937 0.005556
2 0.328906 0.642361 0.010937 0.001389
2 0.353906 0.645833 0.012500 0.002778
2 0.353516 0.641667 0.011719 0.002778
1 0.488672 0.677083 0.078906 0.106944
2 0.460547 0.697222 0.005469 0.033333
2 0.453516 0.693056 0.002344 0.030556
2 0.463281 0.653472 0.021875 0.034722
2 0.514453 0.638194 0.021094 0.006944
2 0.481250 0.640972 0.018750 0.004167
2 0.478516 0.636806 0.017969 0.001389
2 0.498437 0.640278 0.018750 0.002778
2 0.495703 0.636806 0.017969 0.001389
1 0.342578 0.693750 0.077344 0.115278
2 0.317578 0.715278 0.017969 0.036111
2 0.317188 0.695139 0.017188 0.001389
2 0.317578 0.669444 0.017969 0.038889
2 0.371484 0.667361 0.019531 0.037500
2 0.353906 0.712500 0.054688 0.038889
2 0.330859 0.670139 0.008594 0.034722
2 0.330469 0.650694 0.009375 0.001389
2 0.355859 0.668750 0.016406 0.034722
2 0.354687 0.650000 0.014063 0.002778
1 0.497266 0.682639 0.082031 0.104167
2 0.472656 0.706250 0.018750 0.034722
2 0.468750 0.702778 0.018750 0.033333
2 0.470703 0.662500 0.022656 0.036111
2 0.523438 0.660417 0.023438 0.037500
2 0.507031 0.704167 0.056250 0.038889
2 0.490234 0.663194 0.019531 0.034722
2 0.487109 0.644444 0.019531 0.002778
2 0.507422 0.662500 0.019531 0.033333
2 0.503906 0.643750 0.018750 0.001389
2 0.944141 0.681250 0.057031 0.037500
2 0.987109 0.676389 0.017969 0.030556
2 0.988672 0.647917 0.021094 0.031944
2 0.944141 0.652778 0.057031 0.036111
2 0.998047 0.674306 0.002344 0.031944
2 0.998047 0.700000 0.002344 0.019444
2 0.946875 0.740972 0.079687 0.048611
2 0.966797 0.754861 0.064844 0.051389
2 0.152344 0.788194 0.079687 0.059722
2 0.156641 0.752778 0.071094 0.016667
2 0.230469 0.788194 0.075000 0.048611
2 0.268359 0.775694 0.000781 0.029167
2 0.230078 0.747917 0.074219 0.045833
2 0.229687 0.700694 0.075000 0.054167
2 0.233203 0.675694 0.071094 0.023611