3 0.534375 0.844444 0.929688 0.308333
4 0.218359 0.696528 0.003906 0.045833
4 0.125781 0.702778 0.003125 0.044444
8 0.090625 0.728472 0.034375 0.034722
5 0.500391 0.688194 0.033594 0.006944
5 0.500391 0.688194 0.033594 0.006944
5 0.500391 0.688194 0.033594 0.006944
5 0.498828 0.679861 0.036719 0.006944
5 0.498828 0.679861 0.036719 0.006944
5 0.498828 0.679861 0.036719 0.006944
5 0.500000 0.695139 0.034375 0.006944
5 0.500000 0.695139 0.034375 0.006944
5 0.500000 0.695139 0.034375 0.006944
5 0.536719 0.696528 0.018750 0.006944
5 0.536719 0.696528 0.018750 0.006944
5 0.536719 0.696528 0.018750 0.006944
5 0.536719 0.688889 0.018750 0.005556
5 0.536719 0.688889 0.018750 0.005556
5 0.536719 0.688889 0.018750 0.005556
5 0.539453 0.681250 0.024219 0.006944
5 0.539453 0.681250 0.024219 0.006944
5 0.539453 0.681250 0.024219 0.006944
5 0.539844 0.672917 0.025000 0.006944
5 0.539844 0.672917 0.025000 0.006944
5 0.539844 0.672917 0.025000 0.006944
6 0.493750 0.684028 0.029687 0.054167
6 0.457813 0.631944 0.037500 0.050000
6 0.486328 0.684722 0.014844 0.052778
6 0.338281 0.695139 0.057813 0.068056
6 0.315234 0.698611 0.042969 0.072222
7 0.118359 0.751389 0.067969 0.019444
7 0.083594 0.764583 0.021875 0.006944
7 0.451562 0.793750 0.085938 0.029167
7 0.489844 0.781250 0.090625 0.026389
7 0.305078 0.833333 0.119531 0.038889
7 0.366016 0.813889 0.097656 0.033333
7 0.089844 0.913194 0.039062 0.054167
7 0.155859 0.875000 0.152344 0.052778
7 0.103906 0.722222 0.020313 0.008333
7 0.308203 0.705556 0.000781 0.002778
7 0.230078 0.719444 0.046094 0.002778
7 0.082422 0.688889 0.016406 0.008333
6 0.124219 0.862500 0.248438 0.272222
8 0.224219 0.718750 0.057813 0.020833
5 0.225000 0.709028 0.035937 0.004167
8 0.183984 0.718056 0.049219 0.019444
5 0.191797 0.708333 0.013281 0.002778
8 0.322266 0.712500 0.030469 0.022222
5 0.307812 0.696528 0.001563 0.004167
8 0.364063 0.713889 0.015625 0.016667
5 0.368750 0.693056 0.001563 0.000000
8 0.374609 0.711111 0.010156 0.011111
5 0.375781 0.692361 0.015625 0.001389
8 0.380859 0.714583 0.014844 0.004167
5 0.377734 0.690972 0.021094 0.001389
8 0.385547 0.712500 0.005469 0.013889
8 0.378125 0.713889 0.020313 0.016667
5 0.378125 0.696528 0.020313 0.006944
8 0.369922 0.712500 0.036719 0.027778
5 0.378125 0.698611 0.020313 0.005556
8 0.810547 0.707639 0.019531 0.026389
5 0.798828 0.695139 0.036719 0.006944
8 0.806250 0.705556 0.039062 0.025000
5 0.805469 0.693056 0.035937 0.005556
8 0.807031 0.709722 0.018750 0.027778
5 0.792969 0.696528 0.042188 0.006944
8 0.800000 0.711111 0.020313 0.027778
5 0.786719 0.697917 0.040625 0.006944
8 0.775000 0.692361 0.006250 0.001389
5 0.756250 0.690972 0.031250 0.001389
8 0.769922 0.693750 0.002344 0.001389
5 0.754297 0.693056 0.027344 0.002778
8 0.761719 0.706944 0.009375 0.025000
5 0.750391 0.695833 0.019531 0.005556
8 0.753906 0.699306 0.009375 0.006944
5 0.748047 0.695833 0.014844 0.002778
8 0.748828 0.722222 0.014844 0.033333
5 0.747656 0.706944 0.012500 0.008333
8 0.777344 0.722917 0.045312 0.034722
5 0.776953 0.708333 0.039844 0.008333
8 0.769922 0.714583 0.044531 0.029167
5 0.766797 0.700694 0.044531 0.004167
8 0.764453 0.718056 0.046094 0.030556
5 0.762891 0.702083 0.042969 0.004167
8 0.521484 0.750694 0.049219 0.037500
5 0.523047 0.733333 0.046094 0.013889
8 0.534375 0.750694 0.023438 0.037500
5 0.535156 0.724306 0.021875 0.004167
8 0.002344 0.992361 0.004687 0.012500
0 0.431250 0.666667 0.096875 0.186111
0 0.580078 0.634028 0.055469 0.093056
0 0.587500 0.627778 0.028125 0.052778
1 0.264453 0.662500 0.047656 0.066667
1 0.250391 0.663194 0.057031 0.068056
1 0.217188 0.661806 0.048438 0.062500
1 0.207031 0.661111 0.050000 0.063889
1 0.176563 0.661111 0.054688 0.061111
1 0.159375 0.661111 0.054688 0.061111
1 0.106641 0.659722 0.049219 0.058333
1 0.087891 0.667361 0.027344 0.079167
1 0.942969 0.649306 0.035937 0.048611
1 0.942578 0.649306 0.044531 0.051389
2 0.942187 0.652083 0.039062 0.031944
2 0.958203 0.654861 0.007031 0.026389
1 0.899219 0.672917 0.040625 0.093056
2 0.895703 0.673611 0.010156 0.000000
2 0.909375 0.675000 0.015625 0.002778
2 0.917188 0.654167 0.000000 0.016667
2 0.898828 0.676389 0.035156 0.005556
2 0.916016 0.649306 0.000781 0.026389
1 0.892578 0.676389 0.046094 0.105556
2 0.887109 0.677778 0.016406 0.000000
2 0.904687 0.678472 0.017188 0.001389
2 0.912891 0.650694 0.000781 0.029167
2 0.890625 0.652083 0.037500 0.031944
2 0.892188 0.695139 0.040625 0.034722
2 0.912109 0.651389 0.000781 0.030556
2 0.882422 0.666667 0.013281 0.000000
2 0.893359 0.666667 0.000781 0.000000
2 0.952734 0.800000 0.092969 0.083333
2 0.951953 0.722222 0.094531 0.083333
2 0.958203 0.678472 0.082031 0.004167
2 0.683984 0.704861 0.113281 0.065278
2 0.645312 0.713889 0.123438 0.075000
2 0.698047 0.783333 0.019531 0.075000
2 0.733594 0.765972 0.015625 0.065278
2 0.669141 0.709028 0.111719 0.068056
2 0.617188 0.719444 0.140625 0.080556
2 0.617188 0.793750 0.140625 0.081944
2 0.716797 0.774306 0.017969 0.070833
2 0.530078 0.734028 0.033594 0.051389
2 0.823047 0.694444 0.007031 0.027778
2 0.760156 0.686806 0.037500 0.009722
2 0.799219 0.692361 0.039062 0.020833
2 0.760156 0.668056 0.037500 0.027778
2 0.799219 0.668056 0.039062 0.027778
2 0.760156 0.640972 0.037500 0.026389
2 0.798828 0.640972 0.039844 0.026389
5 0.134375 0.679861 0.057813 0.009722
5 0.134375 0.689583 0.057813 0.009722
5 0.134375 0.697917 0.057813 0.009722
5 0.134375 0.706944 0.057813 0.008333
5 0.134375 0.724306 0.057813 0.009722
5 0.134766 0.715972 0.057031 0.009722
5 0.144141 0.743056 0.036719 0.008333
5 0.123438 0.727778 0.026562 0.002778
5 0.185156 0.699306 0.062500 0.009722
5 0.185156 0.707639 0.062500 0.009722
5 0.180859 0.725000 0.055469 0.005556
5 0.184766 0.717361 0.063281 0.009722
5 0.184375 0.745139 0.062500 0.009722
5 0.170703 0.739583 0.035156 0.001389
5 0.185156 0.690278 0.062500 0.008333
5 0.185156 0.681250 0.062500 0.009722
5 0.241016 0.700000 0.063281 0.011111
5 0.241016 0.709722 0.063281 0.011111
5 0.241016 0.728472 0.063281 0.009722
5 0.241016 0.719444 0.063281 0.011111
5 0.241016 0.747222 0.063281 0.011111
5 0.241016 0.736806 0.063281 0.012500
5 0.083984 0.705556 0.021094 0.005556
5 0.083594 0.711806 0.020313 0.006944
5 0.241406 0.692361 0.064062 0.009722
5 0.241797 0.681944 0.063281 0.008333
5 0.241797 0.626389 0.063281 0.008333
5 0.241797 0.636111 0.063281 0.008333
5 0.241797 0.655556 0.063281 0.008333
5 0.241797 0.645833 0.063281 0.008333
5 0.241797 0.673611 0.063281 0.008333
5 0.241797 0.663889 0.063281 0.008333
5 0.083984 0.700694 0.021094 0.006944
5 0.083984 0.693750 0.021094 0.006944
5 0.241797 0.618056 0.063281 0.008333
5 0.241797 0.609028 0.063281 0.009722