3 0.499609 0.826389 0.999219 0.344444
4 0.023047 0.906944 0.003906 0.097222
5 0.651953 0.770139 0.067969 0.026389
5 0.651953 0.770139 0.067969 0.026389
5 0.651953 0.770139 0.067969 0.026389
5 0.651953 0.754861 0.067969 0.029167
5 0.651953 0.754861 0.067969 0.029167
5 0.651953 0.754861 0.067969 0.029167
5 0.646875 0.782639 0.057813 0.026389
5 0.646875 0.782639 0.057813 0.026389
5 0.646875 0.782639 0.057813 0.026389
5 0.703516 0.771528 0.028906 0.012500
5 0.703516 0.771528 0.028906 0.012500
5 0.703516 0.771528 0.028906 0.012500
5 0.726172 0.756944 0.074219 0.027778
5 0.726172 0.756944 0.074219 0.027778
5 0.726172 0.756944 0.074219 0.027778
6 0.350781 0.897222 0.071875 0.127778
6 0.500000 0.851389 0.073438 0.130556
6 0.350781 0.784028 0.071875 0.129167
6 0.432812 0.864583 0.092188 0.115278
6 0.001953 0.961111 0.003906 0.075000
7 0.191016 0.877083 0.055469 0.040278
7 0.134375 0.677778 0.031250 0.013889
7 0.178125 0.673611 0.031250 0.013889
7 0.014844 0.693056 0.015625 0.016667
7 0.071875 0.686806 0.031250 0.015278
8 0.039062 0.956944 0.070312 0.083333
5 0.035547 0.937500 0.066406 0.047222
8 0.105469 0.936111 0.079687 0.075000
5 0.103906 0.920139 0.070312 0.043056
8 0.162109 0.917361 0.078906 0.065278
5 0.160938 0.903472 0.068750 0.040278
8 0.224219 0.895833 0.076563 0.052778
5 0.223047 0.886806 0.067969 0.034722
8 0.198828 0.955556 0.083594 0.086111
5 0.187109 0.934028 0.052344 0.045833
8 0.268750 0.946528 0.073438 0.065278
5 0.264844 0.915278 0.070312 0.038889
8 0.139844 0.963889 0.085938 0.069444
5 0.138672 0.952778 0.075781 0.050000
8 0.064844 0.972917 0.087500 0.051389
5 0.063672 0.972917 0.077344 0.051389
0 0.300391 0.921528 0.172656 0.154167
0 0.737891 0.779167 0.130469 0.219444
1 0.351562 0.677083 0.068750 0.109722
1 0.319531 0.679167 0.071875 0.108333
1 0.308984 0.659028 0.066406 0.090278
1 0.276172 0.672917 0.067969 0.104167
1 0.269922 0.651389 0.063281 0.083333
1 0.227344 0.660417 0.042188 0.101389
1 0.227734 0.631944 0.041406 0.080556
1 0.008203 0.718056 0.016406 0.122222
1 0.000000 0.702778 0.000000 0.094444