3 0.499609 0.882639 0.999219 0.231944
5 0.680859 0.870139 0.078906 0.029167
5 0.680859 0.870139 0.078906 0.029167
5 0.680859 0.870139 0.078906 0.029167
5 0.681641 0.852083 0.080469 0.031944
5 0.681641 0.852083 0.080469 0.031944
5 0.681641 0.852083 0.080469 0.031944
5 0.680078 0.885417 0.077344 0.029167
5 0.680078 0.885417 0.077344 0.029167
5 0.680078 0.885417 0.077344 0.029167
5 0.774219 0.848611 0.089063 0.019444
5 0.774219 0.848611 0.089063 0.019444
5 0.774219 0.848611 0.089063 0.019444
6 0.491016 0.934028 0.111719 0.129167
6 0.431641 0.941667 0.082031 0.113889
7 0.112500 0.981944 0.018750 0.033333
7 0.091406 0.785417 0.034375 0.015278
7 0.141406 0.781250 0.034375 0.015278
7 0.018750 0.792361 0.034375 0.015278
5 0.025000 0.995833 0.021875 0.005556
8 0.147656 0.984722 0.089063 0.027778
5 0.144531 0.984028 0.082812 0.029167
0 0.124219 0.940972 0.175000 0.115278
0 0.796875 0.863889 0.160938 0.269444
1 0.212500 0.788194 0.000000 0.001389
1 0.173047 0.756944 0.008594 0.100000
1 0.176953 0.735417 0.002344 0.084722