3 0.499609 0.940278 0.999219 0.116667
5 0.550000 0.890278 0.073438 0.013889
5 0.550000 0.890278 0.073438 0.013889
5 0.550000 0.890278 0.073438 0.013889
5 0.550000 0.875694 0.073438 0.015278
5 0.550000 0.875694 0.073438 0.015278
5 0.550000 0.875694 0.073438 0.015278
5 0.514453 0.904861 0.003906 0.012500
5 0.514453 0.904861 0.003906 0.012500
5 0.514453 0.904861 0.003906 0.012500
6 0.373437 0.925694 0.112500 0.145833
6 0.478125 0.907639 0.082812 0.129167
6 0.375781 0.800000 0.114062 0.141667
6 0.432422 0.915972 0.100781 0.137500
6 0.005078 0.940972 0.010156 0.115278
8 0.025781 0.978472 0.037500 0.026389
5 0.020703 0.968750 0.030469 0.023611
8 0.080078 0.975000 0.086719 0.044444
5 0.061328 0.955556 0.110156 0.025000
8 0.152344 0.971528 0.057813 0.054167
5 0.122656 0.944444 0.104688 0.019444
8 0.191016 0.965278 0.110156 0.061111
5 0.189062 0.936111 0.098437 0.019444
8 0.207031 0.975694 0.120313 0.045833
5 0.203906 0.956944 0.110937 0.027778
8 0.271094 0.970833 0.115625 0.055556
5 0.269141 0.947222 0.103906 0.025000
8 0.144922 0.981250 0.132031 0.034722
5 0.143359 0.968750 0.117969 0.031944
8 0.069531 0.987500 0.125000 0.022222
5 0.064844 0.981250 0.115625 0.034722
0 0.613672 0.820139 0.208594 0.356944
0 0.705078 0.832639 0.103906 0.218056
1 0.165625 0.841667 0.092188 0.116667
1 0.131250 0.842361 0.098437 0.120833
1 0.101562 0.838889 0.089063 0.111111
1 0.071094 0.840972 0.084375 0.115278
1 0.042188 0.837500 0.084375 0.108333
1 0.026172 0.837500 0.052344 0.108333
1 0.004687 0.825694 0.009375 0.084722