3 0.565234 0.863194 0.867969 0.270833
8 0.771875 0.913194 0.115625 0.048611
5 0.496094 0.729167 0.046875 0.011111
5 0.496094 0.729167 0.046875 0.011111
5 0.496094 0.729167 0.046875 0.011111
5 0.494531 0.718750 0.050000 0.012500
5 0.494531 0.718750 0.050000 0.012500
5 0.494531 0.718750 0.050000 0.012500
5 0.496484 0.738889 0.046094 0.011111
5 0.496484 0.738889 0.046094 0.011111
5 0.496484 0.738889 0.046094 0.011111
5 0.556641 0.743750 0.047656 0.009722
5 0.556641 0.743750 0.047656 0.009722
5 0.556641 0.743750 0.047656 0.009722
5 0.556250 0.734028 0.046875 0.009722
5 0.556250 0.734028 0.046875 0.009722
5 0.556250 0.734028 0.046875 0.009722
5 0.556641 0.723611 0.047656 0.011111
5 0.556641 0.723611 0.047656 0.011111
5 0.556641 0.723611 0.047656 0.011111
5 0.556641 0.711806 0.047656 0.012500
5 0.556641 0.711806 0.047656 0.012500
5 0.556641 0.711806 0.047656 0.012500
6 0.437891 0.763194 0.057031 0.079167
6 0.486328 0.749306 0.050781 0.079167
6 0.440234 0.693056 0.061719 0.083333
6 0.464453 0.753472 0.055469 0.076389
6 0.287500 0.812500 0.039062 0.108333
8 0.314063 0.806250 0.010937 0.034722
5 0.310937 0.790972 0.007812 0.009722
8 0.328906 0.802083 0.025000 0.040278
5 0.321875 0.784722 0.029687 0.013889
8 0.350391 0.777778 0.033594 0.008333
5 0.335156 0.776389 0.056250 0.013889
8 0.362109 0.808333 0.060156 0.041667
5 0.362891 0.784722 0.058594 0.005556
8 0.392188 0.796528 0.064062 0.034722
5 0.390625 0.780556 0.059375 0.013889
8 0.344141 0.816667 0.071094 0.041667
5 0.328906 0.793750 0.035937 0.012500
8 0.326953 0.829861 0.039844 0.040278
5 0.326953 0.806250 0.039844 0.018056
8 0.925391 0.788889 0.061719 0.013889
5 0.923828 0.784722 0.057031 0.008333
8 0.930469 0.786111 0.057813 0.025000
5 0.927734 0.779167 0.055469 0.013889
8 0.935156 0.815278 0.045312 0.044444
5 0.923828 0.795139 0.058594 0.015278
8 0.924609 0.825000 0.060156 0.047222
5 0.922266 0.804861 0.055469 0.018056
8 0.880859 0.795139 0.002344 0.031944
5 0.856641 0.775000 0.050781 0.013889
8 0.851953 0.797222 0.060156 0.033333
5 0.851953 0.780556 0.057031 0.011111
8 0.852344 0.802083 0.059375 0.037500
5 0.850000 0.786111 0.056250 0.008333
8 0.848828 0.812500 0.053906 0.027778
5 0.845313 0.798611 0.046875 0.016667
8 0.872266 0.877778 0.064844 0.063889
5 0.877344 0.853472 0.046875 0.029167
8 0.943750 0.883333 0.064062 0.072222
5 0.943750 0.861111 0.056250 0.030556
8 0.808984 0.877083 0.061719 0.051389
5 0.810937 0.848611 0.057813 0.027778
8 0.746094 0.863889 0.067187 0.058333
5 0.745703 0.840972 0.058594 0.023611
8 0.904687 0.828472 0.071875 0.029167
5 0.903516 0.819444 0.064844 0.013889
8 0.905469 0.854861 0.073438 0.059722
5 0.903125 0.834722 0.068750 0.022222
8 0.827344 0.849306 0.060937 0.048611
5 0.826953 0.829861 0.053906 0.018056
8 0.766016 0.847917 0.061719 0.056944
5 0.778125 0.826389 0.029687 0.022222
8 0.839844 0.971528 0.121875 0.054167
5 0.838281 0.966667 0.110937 0.047222
8 0.853516 0.959028 0.113281 0.076389
5 0.851562 0.938194 0.103125 0.037500
5 0.612500 0.995139 0.060937 0.006944
0 0.401953 0.838194 0.150781 0.320833
0 0.619141 0.772222 0.092969 0.244444
0 0.607422 0.697222 0.053906 0.136111
1 0.133984 0.692361 0.000781 0.054167
1 0.133984 0.698611 0.000781 0.061111
2 0.870703 0.994444 0.067969 0.008333
2 0.710938 0.959722 0.126562 0.077778
2 0.602344 0.953472 0.129688 0.090278
2 0.877734 0.751389 0.002344 0.036111
2 0.930469 0.754861 0.003125 0.037500
2 0.851172 0.758333 0.049219 0.033333
2 0.903516 0.765278 0.049219 0.041667
2 0.850781 0.728472 0.050000 0.037500
2 0.903516 0.728472 0.049219 0.043056
2 0.850391 0.688889 0.049219 0.041667
2 0.903125 0.690972 0.048438 0.043056