3 0.477344 0.823611 0.954688 0.350000
4 0.253906 0.768056 0.001563 0.038889
4 0.129688 0.745833 0.026562 0.016667
4 0.053125 0.767361 0.003125 0.062500
4 0.013281 0.760417 0.012500 0.056944
4 0.397656 0.715278 0.003125 0.044444
4 0.280469 0.708333 0.023438 0.047222
4 0.237891 0.705556 0.007031 0.047222
4 0.179688 0.703472 0.023438 0.045833
4 0.139063 0.700694 0.006250 0.045833
4 0.083594 0.697917 0.021875 0.045833
4 0.046094 0.695833 0.004687 0.044444
4 0.000781 0.690278 0.000000 0.036111
8 0.574609 0.665972 0.025781 0.018056
8 0.482812 0.650694 0.003125 0.006944
5 0.570312 0.642361 0.031250 0.006944
5 0.570312 0.642361 0.031250 0.006944
5 0.570312 0.642361 0.031250 0.006944
5 0.570312 0.635417 0.031250 0.006944
5 0.570312 0.635417 0.031250 0.006944
5 0.570312 0.635417 0.031250 0.006944
5 0.570312 0.647917 0.031250 0.006944
5 0.570312 0.647917 0.031250 0.006944
5 0.570312 0.647917 0.031250 0.006944
5 0.541406 0.648611 0.028125 0.005556
5 0.541406 0.648611 0.028125 0.005556
5 0.541406 0.648611 0.028125 0.005556
5 0.540625 0.643056 0.026562 0.005556
5 0.540625 0.643056 0.026562 0.005556
5 0.540625 0.643056 0.026562 0.005556
5 0.540625 0.636111 0.026562 0.005556
5 0.540625 0.636111 0.026562 0.005556
5 0.540625 0.636111 0.026562 0.005556
5 0.542578 0.628472 0.030469 0.006944
5 0.542578 0.628472 0.030469 0.006944
5 0.542578 0.628472 0.030469 0.006944
6 0.487891 0.635417 0.013281 0.037500
6 0.501953 0.633333 0.025781 0.038889
5 0.896875 0.839583 0.004687 0.020833
5 0.896875 0.839583 0.004687 0.020833
5 0.896875 0.839583 0.004687 0.020833
5 0.898047 0.825000 0.007031 0.025000
5 0.898047 0.825000 0.007031 0.025000
5 0.898047 0.825000 0.007031 0.025000
5 0.896484 0.854167 0.003906 0.019444
5 0.896484 0.854167 0.003906 0.019444
5 0.896484 0.854167 0.003906 0.019444
5 0.948828 0.903472 0.011719 0.034722
5 0.948828 0.903472 0.011719 0.034722
5 0.948828 0.903472 0.011719 0.034722
5 0.949609 0.885417 0.010156 0.037500
5 0.949609 0.885417 0.010156 0.037500
5 0.949609 0.885417 0.010156 0.037500
5 0.952734 0.866667 0.011719 0.036111
5 0.952734 0.866667 0.011719 0.036111
5 0.952734 0.866667 0.011719 0.036111
5 0.953906 0.846528 0.009375 0.037500
5 0.953906 0.846528 0.009375 0.037500
5 0.953906 0.846528 0.009375 0.037500
6 0.377344 0.829861 0.071875 0.101389
6 0.517969 0.836111 0.079687 0.113889
6 0.377344 0.739583 0.071875 0.104167
6 0.448437 0.831250 0.079687 0.109722
6 0.128516 0.796528 0.072656 0.101389
6 0.043359 0.791667 0.066406 0.094444
7 0.019141 0.723611 0.028906 0.011111
7 0.090625 0.772222 0.001563 0.011111
7 0.346875 0.727778 0.029687 0.016667
7 0.400391 0.806250 0.024219 0.026389
7 0.192188 0.790278 0.045312 0.022222
7 0.739453 0.694444 0.017969 0.013889
7 0.781641 0.696528 0.013281 0.012500
7 0.642969 0.690278 0.010937 0.011111
7 0.679297 0.692361 0.016406 0.012500
7 0.314063 0.676389 0.025000 0.011111
7 0.279687 0.675000 0.026562 0.011111
7 0.359766 0.678472 0.017969 0.009722
6 0.092188 0.681944 0.042188 0.052778
6 0.061328 0.688889 0.049219 0.055556
6 0.061328 0.640278 0.049219 0.055556
6 0.091797 0.636111 0.046094 0.052778
6 0.202734 0.645139 0.049219 0.056944
6 0.228906 0.640972 0.046875 0.054167
6 0.202734 0.696528 0.049219 0.059722
6 0.228906 0.688889 0.045312 0.055556
6 0.215234 0.647222 0.035156 0.038889
6 0.196094 0.644444 0.017188 0.030556
8 0.008984 0.786806 0.000781 0.012500
8 0.026172 0.786111 0.027344 0.033333
5 0.021875 0.774306 0.028125 0.015278
8 0.215234 0.811111 0.061719 0.047222
5 0.215625 0.793750 0.054688 0.020833
8 0.258594 0.814583 0.060937 0.048611
5 0.258594 0.797222 0.054688 0.019444
8 0.298828 0.817361 0.060156 0.048611
5 0.298828 0.800000 0.053906 0.022222
8 0.341406 0.821528 0.054688 0.037500
5 0.343359 0.803472 0.050781 0.020833
8 0.264844 0.836111 0.065625 0.052778
5 0.264844 0.817361 0.057813 0.023611
8 0.312109 0.840278 0.063281 0.052778
5 0.312109 0.821528 0.057031 0.023611
8 0.222266 0.832639 0.066406 0.051389
5 0.222656 0.814583 0.059375 0.023611
8 0.177344 0.828472 0.067187 0.051389
5 0.177344 0.810417 0.059375 0.023611
0 0.030078 0.838194 0.058594 0.259722
0 0.762891 0.828472 0.189844 0.259722
0 0.011328 0.650694 0.021094 0.101389
0 0.124219 0.659722 0.042188 0.113889
0 0.174219 0.659722 0.064062 0.111111
1 0.814453 0.709722 0.042969 0.113889
1 0.772656 0.704167 0.040625 0.105556
1 0.810156 0.689583 0.039062 0.090278
1 0.771875 0.687500 0.035937 0.088889
1 0.806250 0.679167 0.035937 0.083333
1 0.770312 0.677083 0.034375 0.081944
1 0.858984 0.663889 0.061719 0.080556
1 0.480078 0.689583 0.053906 0.095833
1 0.483984 0.682639 0.061719 0.093056
1 0.309375 0.676389 0.070312 0.088889
1 0.292578 0.681250 0.072656 0.093056
1 0.184375 0.645833 0.034375 0.069444
2 0.169141 0.652778 0.000781 0.000000
2 0.173437 0.633333 0.012500 0.019444
2 0.196875 0.630556 0.004687 0.019444
2 0.183984 0.655556 0.030469 0.013889
2 0.180469 0.632639 0.010937 0.020833
2 0.168750 0.622222 0.003125 0.000000
2 0.185547 0.631944 0.008594 0.022222
1 0.103516 0.646528 0.030469 0.070833
2 0.102734 0.664583 0.002344 0.015278
2 0.094531 0.665972 0.009375 0.012500
2 0.103125 0.631944 0.026562 0.022222
2 0.123828 0.618750 0.021094 0.001389
2 0.114062 0.647917 0.025000 0.001389
2 0.119531 0.629167 0.007812 0.016667
2 0.123438 0.620139 0.014063 0.001389
2 0.113281 0.619444 0.004687 0.000000
1 0.145313 0.633333 0.050000 0.038889
2 0.127344 0.652778 0.000000 0.002778
2 0.133594 0.632639 0.023438 0.020833
2 0.168359 0.619444 0.002344 0.000000
2 0.155469 0.648611 0.028125 0.000000
2 0.145313 0.620833 0.000000 0.000000
2 0.139453 0.620833 0.010156 0.000000
2 0.143359 0.619444 0.003906 0.000000
2 0.791406 0.989583 0.001563 0.018056
2 0.710938 0.937500 0.162500 0.122222
2 0.696094 0.956250 0.181250 0.084722
5 0.458203 0.676389 0.010156 0.005556
5 0.458203 0.672222 0.010156 0.005556
5 0.455859 0.668750 0.005469 0.001389
5 0.405469 0.714583 0.015625 0.006944
5 0.400781 0.718056 0.000000 0.000000
5 0.405859 0.725000 0.014844 0.011111
5 0.405859 0.732639 0.014844 0.009722
5 0.380859 0.734722 0.038281 0.011111
5 0.377344 0.740278 0.040625 0.011111
5 0.380859 0.727778 0.038281 0.011111
5 0.377344 0.720833 0.040625 0.011111