3 0.493750 0.846528 0.987500 0.304167
4 0.543359 0.766667 0.010156 0.055556
4 0.639844 0.781944 0.040625 0.077778
4 0.720313 0.796528 0.003125 0.084722
4 0.783203 0.811806 0.042969 0.090278
4 0.887500 0.846528 0.015625 0.065278
4 0.964063 0.850000 0.042188 0.105556
4 0.210547 0.795833 0.013281 0.002778
4 0.308594 0.838889 0.006250 0.008333
4 0.471875 0.961806 0.031250 0.073611
4 0.572266 0.972917 0.005469 0.051389
8 0.944141 0.853472 0.080469 0.070833
5 0.289062 0.716667 0.034375 0.011111
5 0.289062 0.716667 0.034375 0.011111
5 0.289062 0.716667 0.034375 0.011111
5 0.290625 0.706250 0.032813 0.012500
5 0.290625 0.706250 0.032813 0.012500
5 0.290625 0.706250 0.032813 0.012500
5 0.338672 0.721528 0.027344 0.006944
5 0.338672 0.721528 0.027344 0.006944
5 0.338672 0.721528 0.027344 0.006944
5 0.337891 0.713194 0.027344 0.009722
5 0.337891 0.713194 0.027344 0.009722
5 0.337891 0.713194 0.027344 0.009722
5 0.337109 0.703472 0.027344 0.009722
5 0.337109 0.703472 0.027344 0.009722
5 0.337109 0.703472 0.027344 0.009722
5 0.343750 0.693056 0.042188 0.011111
5 0.343750 0.693056 0.042188 0.011111
5 0.343750 0.693056 0.042188 0.011111
6 0.539062 0.726389 0.054688 0.069444
6 0.477344 0.715972 0.040625 0.068056
6 0.539453 0.664583 0.057031 0.070833
6 0.508984 0.718750 0.050781 0.065278
6 0.680859 0.753472 0.061719 0.090278
6 0.750000 0.757639 0.065625 0.084722
7 0.895312 0.907639 0.085938 0.034722
7 0.607812 0.838889 0.042188 0.033333
7 0.104297 0.856250 0.013281 0.018056
7 0.431641 0.769444 0.058594 0.016667
7 0.568750 0.804167 0.068750 0.022222
6 0.307422 0.970139 0.185156 0.056944
6 0.512500 0.958333 0.150000 0.080556
6 0.512500 0.835417 0.150000 0.256944
6 0.307812 0.859028 0.184375 0.279167
6 0.253125 0.747917 0.100000 0.148611
6 0.104297 0.768750 0.111719 0.179167
6 0.223828 0.835417 0.035156 0.023611
6 0.103125 0.910417 0.112500 0.176389
8 0.813672 0.818056 0.024219 0.036111
5 0.820312 0.800000 0.001563 0.000000
8 0.787891 0.819444 0.061719 0.041667
5 0.786328 0.801389 0.058594 0.011111
8 0.595313 0.773611 0.062500 0.036111
5 0.594531 0.756944 0.056250 0.013889
8 0.568359 0.768750 0.060156 0.037500
5 0.566797 0.752083 0.055469 0.012500
8 0.540625 0.765972 0.051562 0.031944
5 0.541406 0.747917 0.053125 0.012500
8 0.527734 0.764583 0.025781 0.015278
5 0.527734 0.739583 0.025781 0.006944
8 0.587500 0.756250 0.053125 0.029167
5 0.590234 0.741667 0.052344 0.008333
8 0.548438 0.752083 0.020313 0.029167
5 0.564453 0.737500 0.050781 0.008333
8 0.601562 0.763889 0.029687 0.036111
5 0.607812 0.746528 0.037500 0.009722
8 0.620313 0.768056 0.012500 0.033333
5 0.621875 0.751389 0.009375 0.005556
8 0.749609 0.716667 0.033594 0.016667
5 0.750000 0.701389 0.037500 0.002778
8 0.731641 0.709722 0.027344 0.016667
5 0.728125 0.699306 0.037500 0.004167
8 0.753516 0.715972 0.003906 0.023611
5 0.760547 0.704167 0.014844 0.002778
8 0.694141 0.712500 0.038281 0.019444
5 0.696484 0.703472 0.038281 0.006944
8 0.717578 0.716667 0.041406 0.025000
5 0.717578 0.705556 0.036719 0.008333
8 0.739062 0.720139 0.040625 0.026389
5 0.740625 0.708333 0.040625 0.008333
8 0.754687 0.721528 0.025000 0.023611
5 0.756250 0.711111 0.023438 0.008333
8 0.918750 0.733333 0.046875 0.019444
5 0.912109 0.722917 0.041406 0.009722
8 0.939453 0.729167 0.027344 0.013889
5 0.934375 0.720833 0.037500 0.008333
8 0.908984 0.734028 0.028906 0.018056
5 0.895312 0.725694 0.048438 0.009722
8 0.882812 0.734722 0.029687 0.013889
5 0.873437 0.725694 0.040625 0.006944
8 0.864844 0.712500 0.001563 0.000000
5 0.858203 0.712500 0.010156 0.002778
8 0.875000 0.718750 0.043750 0.006944
5 0.873437 0.715972 0.040625 0.006944
8 0.858594 0.722222 0.000000 0.000000
5 0.865234 0.719444 0.024219 0.005556
8 0.853906 0.722222 0.001563 0.000000
0 0.796094 0.690278 0.057813 0.147222
0 0.462500 0.669444 0.050000 0.113889
0 0.808594 0.859722 0.359375 0.277778
0 0.261328 0.829861 0.225781 0.337500
0 0.204687 0.826389 0.209375 0.344444
1 0.897656 0.914583 0.182812 0.168056
1 0.951172 0.882639 0.074219 0.106944
1 0.008594 0.700000 0.009375 0.091667
1 0.013281 0.702778 0.018750 0.097222
1 0.030469 0.753472 0.060937 0.151389
1 0.043359 0.833333 0.086719 0.250000
1 0.121094 0.823611 0.125000 0.233333
1 0.885938 0.656944 0.060937 0.050000
2 0.865234 0.640278 0.014844 0.002778
2 0.900781 0.645139 0.023438 0.006944
2 0.890625 0.681250 0.025000 0.001389
2 0.875781 0.643750 0.014063 0.006944
2 0.883203 0.643750 0.010156 0.006944
2 0.895703 0.640278 0.014844 0.000000
1 0.966016 0.669444 0.032031 0.066667
2 0.965625 0.644444 0.021875 0.002778
2 0.982031 0.686806 0.000000 0.009722
2 0.974609 0.652778 0.002344 0.016667
2 0.980859 0.652778 0.008594 0.016667
1 0.860156 0.640972 0.015625 0.012500
2 0.858984 0.645139 0.013281 0.004167
2 0.821875 0.653472 0.003125 0.018056
1 0.928125 0.675694 0.054688 0.079167
2 0.909375 0.690972 0.010937 0.020833
2 0.922266 0.677778 0.011719 0.000000
2 0.912109 0.657639 0.017969 0.023611
2 0.947656 0.659028 0.015625 0.023611
2 0.933984 0.690972 0.035156 0.026389
2 0.921094 0.658333 0.010937 0.025000
2 0.932813 0.645833 0.015625 0.000000
2 0.934375 0.659028 0.014063 0.023611
1 0.776563 0.654861 0.053125 0.040278
2 0.758984 0.675694 0.008594 0.001389
2 0.763281 0.643750 0.009375 0.001389
2 0.794141 0.656944 0.017969 0.022222
2 0.775000 0.676389 0.023438 0.002778
2 0.767578 0.644444 0.010156 0.000000
2 0.780859 0.644444 0.005469 0.000000
2 0.790234 0.644444 0.011719 0.000000
1 0.883984 0.678472 0.063281 0.079167
2 0.855859 0.682639 0.005469 0.001389
2 0.874219 0.681944 0.001563 0.000000
2 0.858203 0.647917 0.011719 0.001389
2 0.897656 0.663194 0.029687 0.026389
2 0.886328 0.696528 0.053906 0.029167
2 0.865234 0.648611 0.010156 0.000000
2 0.878906 0.648611 0.010937 0.000000
2 0.877734 0.650000 0.008594 0.000000
2 0.887109 0.648611 0.003906 0.000000
1 0.757422 0.670139 0.063281 0.068056
2 0.734375 0.686111 0.012500 0.019444
2 0.747266 0.676389 0.011719 0.000000
2 0.741016 0.656250 0.025781 0.023611
2 0.772656 0.658333 0.028125 0.025000
2 0.763281 0.688194 0.048438 0.023611
2 0.742969 0.656944 0.009375 0.022222
2 0.756250 0.644444 0.003125 0.000000
2 0.757422 0.657639 0.017969 0.023611
1 0.855859 0.679861 0.072656 0.076389
2 0.822656 0.654861 0.001563 0.009722
2 0.873437 0.664583 0.029687 0.026389
2 0.871094 0.698611 0.035937 0.027778
2 0.853516 0.650000 0.000781 0.000000
2 0.855469 0.663194 0.004687 0.026389
2 0.862891 0.650000 0.014844 0.000000
2 0.568750 0.699306 0.026562 0.029167
2 0.604688 0.703472 0.043750 0.029167
2 0.655078 0.701389 0.010156 0.025000
2 0.604688 0.677083 0.043750 0.029167
2 0.655078 0.676389 0.010156 0.025000
2 0.604688 0.650694 0.043750 0.029167
2 0.635156 0.649306 0.050000 0.026389
5 0.861328 0.774306 0.025781 0.009722
5 0.883594 0.780556 0.062500 0.016667
5 0.887500 0.791667 0.054688 0.016667
5 0.880859 0.806944 0.067969 0.016667
5 0.881250 0.829167 0.067187 0.022222
5 0.880859 0.818056 0.067969 0.019444
5 0.880469 0.852083 0.062500 0.020833
5 0.880859 0.840972 0.064844 0.023611
5 0.023047 0.846528 0.041406 0.026389
5 0.023047 0.861806 0.041406 0.023611
5 0.939063 0.788194 0.046875 0.015278
5 0.933594 0.798611 0.057813 0.019444
5 0.933594 0.822222 0.057813 0.019444
5 0.933594 0.809722 0.057813 0.019444
5 0.941406 0.844444 0.042188 0.019444
5 0.939063 0.831944 0.046875 0.016667
5 0.087500 0.837500 0.045312 0.005556
5 0.079687 0.854861 0.046875 0.012500
5 0.937500 0.781944 0.028125 0.005556
5 0.967969 0.785417 0.009375 0.001389
5 0.966016 0.791667 0.025781 0.013889
5 0.967187 0.811806 0.026562 0.020833
5 0.966016 0.796528 0.025781 0.009722
5 0.972656 0.831944 0.018750 0.019444
5 0.967578 0.822222 0.027344 0.019444
5 0.210547 0.839583 0.007031 0.009722
5 0.959766 0.690972 0.052344 0.015278
5 0.959766 0.702778 0.052344 0.013889
5 0.959766 0.725694 0.052344 0.015278
5 0.959766 0.713889 0.052344 0.013889
5 0.960156 0.732639 0.053125 0.015278
5 0.153906 0.818750 0.001563 0.004167
5 0.154688 0.813194 0.000000 0.004167
5 0.959766 0.681250 0.052344 0.012500
5 0.959375 0.669444 0.053125 0.013889