3 0.499609 0.861111 0.999219 0.275000
5 0.050391 0.896528 0.100781 0.045833
5 0.050391 0.896528 0.100781 0.045833
5 0.050391 0.896528 0.100781 0.045833
5 0.050391 0.875694 0.100781 0.048611
5 0.050391 0.875694 0.100781 0.048611
5 0.050391 0.875694 0.100781 0.048611
5 0.050391 0.915972 0.100781 0.043056
5 0.050391 0.915972 0.100781 0.043056
5 0.050391 0.915972 0.100781 0.043056
5 0.165625 0.885417 0.095312 0.037500
5 0.165625 0.885417 0.095312 0.037500
5 0.165625 0.885417 0.095312 0.037500
5 0.165625 0.868056 0.095312 0.041667
5 0.165625 0.868056 0.095312 0.041667
5 0.165625 0.868056 0.095312 0.041667
5 0.165625 0.850000 0.095312 0.041667
5 0.165625 0.850000 0.095312 0.041667
5 0.165625 0.850000 0.095312 0.041667
5 0.165625 0.831250 0.095312 0.040278
5 0.165625 0.831250 0.095312 0.040278
5 0.165625 0.831250 0.095312 0.040278
6 0.623437 0.967361 0.103125 0.062500
6 0.464453 0.929861 0.108594 0.137500
6 0.624219 0.876389 0.104688 0.186111
6 0.532813 0.940972 0.115625 0.115278
8 0.882422 0.843750 0.069531 0.048611
5 0.882422 0.822917 0.061719 0.023611
8 0.835156 0.831944 0.067187 0.047222
5 0.835156 0.811806 0.060937 0.023611
8 0.928516 0.854861 0.071094 0.051389
5 0.928516 0.832639 0.063281 0.026389
8 0.972266 0.870139 0.053906 0.051389
5 0.974609 0.845139 0.049219 0.026389
8 0.793359 0.846528 0.071094 0.051389
5 0.793359 0.825000 0.063281 0.025000
8 0.841016 0.859722 0.072656 0.052778
5 0.841016 0.836806 0.064844 0.026389
8 0.888281 0.870833 0.075000 0.055556
5 0.887891 0.847222 0.066406 0.027778
8 0.942969 0.886111 0.078125 0.058333
5 0.942969 0.861806 0.068750 0.029167
0 0.383984 0.797917 0.128906 0.231944
1 0.973828 0.680556 0.050781 0.058333
2 0.966797 0.671528 0.030469 0.015278
2 0.988281 0.718750 0.021875 0.018056
2 0.980469 0.674306 0.021875 0.015278
2 0.989062 0.666667 0.020313 0.002778
2 0.993359 0.685417 0.011719 0.031944
2 0.998047 0.668056 0.002344 0.000000
1 0.944141 0.726389 0.099219 0.127778
2 0.915625 0.745139 0.001563 0.001389
2 0.915625 0.685417 0.034375 0.020833
2 0.971484 0.701389 0.035156 0.038889
2 0.951562 0.746528 0.068750 0.045833
2 0.929297 0.696528 0.025781 0.034722
2 0.938281 0.677778 0.020313 0.002778
2 0.947266 0.699306 0.024219 0.037500
2 0.957422 0.680556 0.025781 0.002778
1 0.881641 0.744444 0.105469 0.138889
2 0.851562 0.693056 0.037500 0.008333
2 0.910156 0.718056 0.039062 0.044444
2 0.908203 0.768750 0.044531 0.045833
2 0.864453 0.696528 0.025781 0.006944
2 0.877734 0.692361 0.022656 0.004167
2 0.883984 0.698611 0.025781 0.005556
2 0.895703 0.695139 0.024219 0.004167
1 0.853125 0.747917 0.107813 0.134722
2 0.817969 0.768750 0.028125 0.043056
2 0.825781 0.747917 0.017188 0.004167
2 0.822656 0.716667 0.037500 0.044444
2 0.882422 0.725694 0.039844 0.045833
2 0.863281 0.776389 0.079687 0.052778
2 0.836719 0.720833 0.028125 0.041667
2 0.847656 0.699306 0.025000 0.004167
2 0.855859 0.723611 0.027344 0.041667
2 0.866797 0.702083 0.025781 0.004167
1 0.990234 0.770833 0.017969 0.125000
2 0.992969 0.800694 0.012500 0.045833
2 0.998437 0.777083 0.001563 0.001389
2 0.992969 0.744444 0.012500 0.047222
2 0.575391 0.793056 0.007031 0.058333
2 0.575391 0.760417 0.007031 0.006944
2 0.623047 0.809722 0.086719 0.058333
2 0.684766 0.802083 0.036719 0.051389
2 0.623047 0.765972 0.086719 0.054167
2 0.684766 0.759722 0.036719 0.047222
2 0.623047 0.720139 0.086719 0.059722
2 0.660937 0.712500 0.084375 0.055556