3 0.499609 0.871528 0.999219 0.254167
4 0.195312 0.863889 0.003125 0.066667
4 0.045312 0.826389 0.031250 0.013889
4 0.371094 0.786806 0.001563 0.029167
4 0.237891 0.795833 0.027344 0.055556
4 0.189062 0.793750 0.007812 0.054167
4 0.122266 0.790972 0.025781 0.054167
4 0.012500 0.787500 0.025000 0.052778
8 0.570703 0.756944 0.028906 0.019444
8 0.467969 0.752083 0.001563 0.004167
5 0.563672 0.735417 0.033594 0.006944
5 0.563672 0.735417 0.033594 0.006944
5 0.563672 0.735417 0.033594 0.006944
5 0.563672 0.728472 0.033594 0.006944
5 0.563672 0.728472 0.033594 0.006944
5 0.563672 0.728472 0.033594 0.006944
5 0.563672 0.742361 0.033594 0.006944
5 0.563672 0.742361 0.033594 0.006944
5 0.563672 0.742361 0.033594 0.006944
5 0.535156 0.743056 0.026562 0.005556
5 0.535156 0.743056 0.026562 0.005556
5 0.535156 0.743056 0.026562 0.005556
5 0.533984 0.736111 0.024219 0.005556
5 0.533984 0.736111 0.024219 0.005556
5 0.533984 0.736111 0.024219 0.005556
5 0.533984 0.729167 0.024219 0.005556
5 0.533984 0.729167 0.024219 0.005556
5 0.533984 0.729167 0.024219 0.005556
5 0.535937 0.721528 0.028125 0.006944
5 0.535937 0.721528 0.028125 0.006944
5 0.535937 0.721528 0.028125 0.006944
6 0.473828 0.728472 0.013281 0.043056
6 0.492969 0.725694 0.029687 0.040278
5 0.993750 0.936111 0.010937 0.030556
5 0.993750 0.936111 0.010937 0.030556
5 0.993750 0.936111 0.010937 0.030556
5 0.993750 0.915972 0.010937 0.029167
5 0.993750 0.915972 0.010937 0.029167
5 0.993750 0.915972 0.010937 0.029167
5 0.994141 0.954861 0.010156 0.029167
5 0.994141 0.954861 0.010156 0.029167
5 0.994141 0.954861 0.010156 0.029167
6 0.340625 0.923611 0.085938 0.127778
6 0.522266 0.928472 0.100781 0.140278
6 0.341016 0.809028 0.085156 0.129167
6 0.433594 0.925694 0.101562 0.140278
6 0.041797 0.887500 0.083594 0.125000
7 0.312500 0.819444 0.031250 0.013889
7 0.370703 0.899306 0.024219 0.031944
7 0.124219 0.880556 0.051562 0.019444
7 0.757031 0.784028 0.018750 0.012500
7 0.807422 0.788889 0.017969 0.011111
7 0.641406 0.781250 0.015625 0.012500
7 0.691797 0.782639 0.021094 0.012500
7 0.282031 0.768750 0.029687 0.012500
7 0.244141 0.767361 0.027344 0.009722
7 0.325000 0.772222 0.000000 0.008333
6 0.019531 0.772222 0.039062 0.058333
6 0.008984 0.775694 0.017969 0.059722
6 0.009375 0.721528 0.018750 0.062500
6 0.026953 0.717361 0.053906 0.059722
6 0.150391 0.725694 0.057031 0.065278
6 0.181641 0.721528 0.053906 0.062500
6 0.150000 0.784028 0.057813 0.068056
6 0.180859 0.776389 0.053906 0.063889
6 0.171875 0.741667 0.039062 0.041667
6 0.145313 0.734028 0.021875 0.004167
8 0.145703 0.905556 0.078906 0.058333
5 0.145703 0.884028 0.069531 0.023611
8 0.198437 0.909028 0.078125 0.056944
5 0.198437 0.886806 0.068750 0.020833
8 0.247656 0.912500 0.076563 0.058333
5 0.248047 0.891667 0.067969 0.025000
8 0.300000 0.919444 0.068750 0.050000
5 0.301953 0.895833 0.063281 0.025000
8 0.203125 0.934028 0.084375 0.065278
5 0.203125 0.910417 0.075000 0.029167
8 0.261719 0.938889 0.082812 0.066667
5 0.261719 0.915972 0.071875 0.029167
8 0.150000 0.931250 0.085938 0.065278
5 0.150000 0.908333 0.076563 0.027778
8 0.094531 0.926389 0.087500 0.063889
5 0.094531 0.903472 0.078125 0.026389
0 0.812500 0.871528 0.171875 0.254167
0 0.067187 0.743750 0.062500 0.129167
0 0.122266 0.744444 0.067969 0.130556
1 0.856641 0.791667 0.053906 0.127778
1 0.808984 0.790278 0.050781 0.127778
1 0.847266 0.772917 0.049219 0.104167
1 0.802344 0.777778 0.045312 0.116667
1 0.839453 0.763194 0.044531 0.095833
1 0.798047 0.768056 0.041406 0.108333
1 0.891797 0.750694 0.071094 0.093056
1 0.473828 0.773611 0.050781 0.108333
1 0.478516 0.768056 0.060156 0.105556
1 0.272656 0.761806 0.081250 0.101389
1 0.252734 0.766667 0.085156 0.105556
1 0.127344 0.735417 0.056250 0.076389
2 0.115234 0.719444 0.030469 0.022222
2 0.139844 0.717361 0.026562 0.023611
2 0.131641 0.749306 0.042969 0.023611
2 0.132031 0.718750 0.010937 0.023611
2 0.116406 0.706944 0.009375 0.000000
2 0.144141 0.718056 0.003906 0.022222
1 0.044531 0.736111 0.035937 0.080556
2 0.033203 0.754167 0.008594 0.016667
2 0.044922 0.718750 0.030469 0.023611
2 0.060547 0.704167 0.003906 0.000000
2 0.059766 0.713889 0.005469 0.016667
2 0.051172 0.705556 0.010156 0.000000
1 0.105078 0.715972 0.032031 0.040278
2 0.091797 0.720139 0.003906 0.023611
2 0.110156 0.738194 0.000000 0.001389
2 0.097656 0.713194 0.014063 0.012500
2 0.105469 0.706250 0.010937 0.001389
2 0.093750 0.705556 0.000000 0.000000
2 0.860156 0.980556 0.250000 0.036111
5 0.378906 0.804167 0.009375 0.005556
5 0.382812 0.814583 0.001563 0.012500
5 0.382812 0.824306 0.001563 0.004167
5 0.343750 0.826389 0.031250 0.008333
5 0.342969 0.833333 0.032813 0.011111
5 0.344922 0.818750 0.030469 0.004167
5 0.349609 0.809028 0.046094 0.012500