3 0.499609 0.788889 0.999219 0.419444
4 0.243359 0.756944 0.002344 0.044444
4 0.114453 0.733333 0.027344 0.027778
4 0.035156 0.749306 0.010937 0.065278
4 0.393750 0.673611 0.004687 0.050000
4 0.273828 0.665278 0.024219 0.050000
4 0.229687 0.662500 0.006250 0.047222
4 0.170313 0.659028 0.023438 0.048611
4 0.126953 0.655556 0.003906 0.047222
4 0.071484 0.652083 0.022656 0.045833
4 0.032031 0.649306 0.006250 0.045833
8 0.575781 0.602778 0.026562 0.019444
8 0.481641 0.586111 0.003906 0.013889
5 0.570703 0.572222 0.032031 0.008333
5 0.570703 0.572222 0.032031 0.008333
5 0.570703 0.572222 0.032031 0.008333
5 0.570703 0.565278 0.032031 0.008333
5 0.570703 0.565278 0.032031 0.008333
5 0.570703 0.565278 0.032031 0.008333
5 0.570703 0.578472 0.032031 0.006944
5 0.570703 0.578472 0.032031 0.006944
5 0.570703 0.578472 0.032031 0.006944
5 0.541016 0.579167 0.027344 0.005556
5 0.541016 0.579167 0.027344 0.005556
5 0.541016 0.579167 0.027344 0.005556
5 0.540625 0.572917 0.026562 0.006944
5 0.540625 0.572917 0.026562 0.006944
5 0.540625 0.572917 0.026562 0.006944
5 0.540625 0.565972 0.026562 0.006944
5 0.540625 0.565972 0.026562 0.006944
5 0.540625 0.565972 0.026562 0.006944
5 0.542969 0.558333 0.031250 0.008333
5 0.542969 0.558333 0.031250 0.008333
5 0.542969 0.558333 0.031250 0.008333
6 0.486328 0.566667 0.013281 0.041667
6 0.501172 0.563194 0.027344 0.040278
5 0.939063 0.854861 0.053125 0.043056
5 0.939063 0.854861 0.053125 0.043056
5 0.939063 0.854861 0.053125 0.043056
5 0.939063 0.838194 0.053125 0.043056
5 0.939063 0.838194 0.053125 0.043056
5 0.939063 0.838194 0.053125 0.043056
5 0.918750 0.871528 0.012500 0.043056
5 0.918750 0.871528 0.012500 0.043056
5 0.918750 0.871528 0.012500 0.043056
5 0.959766 0.925694 0.069531 0.056944
5 0.959766 0.925694 0.069531 0.056944
5 0.959766 0.925694 0.069531 0.056944
5 0.959766 0.907639 0.069531 0.056944
5 0.959766 0.907639 0.069531 0.056944
5 0.959766 0.907639 0.069531 0.056944
5 0.960156 0.888889 0.068750 0.055556
5 0.960156 0.888889 0.068750 0.055556
5 0.960156 0.888889 0.068750 0.055556
5 0.960547 0.869444 0.069531 0.055556
5 0.960547 0.869444 0.069531 0.055556
5 0.960547 0.869444 0.069531 0.055556
6 0.368750 0.841667 0.071875 0.105556
6 0.518750 0.850000 0.084375 0.125000
6 0.368750 0.745139 0.071875 0.115278
6 0.446094 0.843750 0.084375 0.120833
6 0.111328 0.792361 0.077344 0.112500
6 0.028906 0.789583 0.057813 0.106944
7 0.010156 0.680556 0.020313 0.013889
7 0.101953 0.745139 0.055469 0.018056
7 0.343750 0.686111 0.034375 0.019444
7 0.393750 0.800694 0.021875 0.018056
7 0.183203 0.774306 0.053906 0.031944
7 0.744141 0.640972 0.017969 0.015278
7 0.648047 0.636111 0.007031 0.013889
7 0.683984 0.637500 0.017969 0.013889
7 0.308203 0.618056 0.024219 0.011111
7 0.272266 0.618750 0.024219 0.004167
7 0.348828 0.620833 0.003906 0.008333
6 0.080078 0.631250 0.042969 0.054167
6 0.048047 0.640972 0.050781 0.059722
6 0.048047 0.590278 0.050781 0.058333
6 0.079687 0.583333 0.048438 0.055556
6 0.193359 0.598611 0.050781 0.061111
6 0.219922 0.590972 0.047656 0.056944
6 0.193359 0.651389 0.050781 0.061111
6 0.220703 0.640278 0.047656 0.058333
6 0.207813 0.581944 0.035937 0.041667
6 0.191016 0.581250 0.008594 0.040278
8 0.010547 0.771528 0.021094 0.037500
5 0.008594 0.759028 0.017188 0.015278
8 0.202734 0.801389 0.064844 0.047222
5 0.203125 0.786806 0.057813 0.026389
8 0.247656 0.800694 0.064062 0.034722
5 0.248047 0.791667 0.057031 0.027778
8 0.290234 0.813889 0.063281 0.055556
5 0.289844 0.795139 0.056250 0.026389
8 0.334375 0.820139 0.057813 0.045833
5 0.335938 0.800000 0.053125 0.027778
8 0.253906 0.839583 0.068750 0.059722
5 0.253906 0.820139 0.060937 0.031944
8 0.303125 0.849306 0.067187 0.054167
5 0.303125 0.825694 0.059375 0.031944
8 0.209766 0.835417 0.069531 0.059722
5 0.209766 0.816667 0.061719 0.030556
8 0.162500 0.829167 0.070312 0.058333
5 0.162500 0.810417 0.062500 0.029167
0 0.016406 0.870139 0.032813 0.256944
0 0.777344 0.861111 0.201563 0.275000
0 0.004297 0.641667 0.008594 0.002778
0 0.109766 0.609028 0.038281 0.118056
0 0.174609 0.609722 0.047656 0.116667
1 0.824609 0.676389 0.044531 0.122222
1 0.781250 0.672917 0.042188 0.120833
1 0.819922 0.650000 0.041406 0.097222
1 0.779297 0.648611 0.038281 0.100000
1 0.815625 0.634028 0.039062 0.090278
1 0.776953 0.632639 0.035156 0.090278
1 0.867969 0.611806 0.064062 0.087500
1 0.477734 0.647222 0.058594 0.100000
1 0.481641 0.636806 0.066406 0.098611
1 0.303516 0.627778 0.072656 0.094444
1 0.285547 0.635417 0.075781 0.098611
1 0.172266 0.582639 0.042969 0.065278
2 0.157031 0.599306 0.004687 0.006944
2 0.154688 0.594444 0.000000 0.000000
2 0.160938 0.574306 0.020313 0.023611
2 0.184375 0.569444 0.014063 0.022222
2 0.172266 0.599306 0.038281 0.023611
2 0.173437 0.572917 0.007812 0.020833
2 0.155859 0.562500 0.002344 0.000000
2 0.177344 0.570139 0.015625 0.020833
2 0.171484 0.559722 0.003906 0.000000
1 0.092969 0.585417 0.032813 0.076389
2 0.093359 0.602083 0.007031 0.020833
2 0.084766 0.601389 0.011719 0.022222
2 0.092578 0.572222 0.027344 0.022222
2 0.115625 0.556250 0.020313 0.001389
2 0.107422 0.588889 0.033594 0.005556
2 0.107813 0.570833 0.007812 0.022222
2 0.116406 0.561111 0.003125 0.000000
1 0.135937 0.574306 0.053125 0.048611
2 0.115234 0.598611 0.002344 0.011111
2 0.118750 0.573611 0.014063 0.022222
2 0.157422 0.558333 0.003906 0.000000
2 0.139063 0.590278 0.031250 0.000000
2 0.700000 0.993056 0.085938 0.011111
5 0.455078 0.600000 0.013281 0.008333
5 0.455078 0.605556 0.013281 0.008333
5 0.397656 0.670139 0.014063 0.009722
5 0.400781 0.675000 0.003125 0.000000
5 0.395313 0.682639 0.018750 0.015278
5 0.400391 0.691667 0.008594 0.011111
5 0.375000 0.697917 0.040625 0.009722
5 0.374219 0.703472 0.039062 0.012500
5 0.375391 0.690278 0.041406 0.013889
5 0.373047 0.682639 0.041406 0.012500