3 0.754687 0.859028 0.489063 0.279167
5 0.623828 0.730556 0.000781 0.008333
5 0.623828 0.730556 0.000781 0.008333
5 0.623828 0.730556 0.000781 0.008333
5 0.623828 0.720833 0.000781 0.008333
5 0.623828 0.720833 0.000781 0.008333
5 0.623828 0.720833 0.000781 0.008333
5 0.623828 0.740278 0.000781 0.008333
5 0.623828 0.740278 0.000781 0.008333
5 0.623828 0.740278 0.000781 0.008333
5 0.718359 0.752083 0.013281 0.009722
5 0.718359 0.752083 0.013281 0.009722
5 0.718359 0.752083 0.013281 0.009722
5 0.716016 0.741667 0.017969 0.011111
5 0.716016 0.741667 0.017969 0.011111
5 0.716016 0.741667 0.017969 0.011111
5 0.716016 0.731250 0.017969 0.012500
5 0.716016 0.731250 0.017969 0.012500
5 0.716016 0.731250 0.017969 0.012500
5 0.716016 0.719444 0.017969 0.013889
5 0.716016 0.719444 0.017969 0.013889
5 0.716016 0.719444 0.017969 0.013889
6 0.519141 0.744444 0.017969 0.075000
8 0.759375 0.841667 0.046875 0.036111
5 0.761719 0.828472 0.045312 0.015278
8 0.724609 0.859722 0.053906 0.058333
5 0.738672 0.836111 0.075781 0.025000
8 0.693750 0.870833 0.079687 0.055556
5 0.691016 0.843750 0.074219 0.026389
8 0.735938 0.823611 0.018750 0.038889
5 0.740625 0.805556 0.021875 0.011111
8 0.717578 0.836111 0.067969 0.052778
5 0.719531 0.813889 0.065625 0.019444
8 0.688672 0.843750 0.069531 0.045833
5 0.685937 0.820833 0.064062 0.022222
8 0.637500 0.847222 0.078125 0.052778
5 0.636328 0.825694 0.069531 0.018056
8 0.510938 0.904861 0.001563 0.029167
8 0.592578 0.881250 0.088281 0.065278
5 0.591016 0.856250 0.078906 0.029167
8 0.546875 0.895833 0.073438 0.058333
5 0.543750 0.865278 0.067187 0.030556
8 0.518359 0.874306 0.014844 0.048611
5 0.516016 0.847917 0.011719 0.009722
0 0.693750 0.704861 0.081250 0.148611
1 0.998437 0.818750 0.001563 0.184722
1 0.906641 0.861111 0.150781 0.247222
2 0.952734 0.888194 0.046094 0.073611
2 0.933984 0.797917 0.082031 0.076389
2 0.867578 0.809028 0.072656 0.079167
2 0.892188 0.898611 0.120313 0.088889
2 0.894922 0.766667 0.046094 0.005556
2 0.926172 0.804167 0.050781 0.072222
2 0.873828 0.769444 0.039844 0.005556
2 0.905078 0.808333 0.046094 0.075000
1 0.962500 0.787500 0.070312 0.138889
2 0.993359 0.731250 0.007031 0.001389
2 0.965234 0.767361 0.064844 0.062500
2 0.973828 0.831250 0.047656 0.051389
2 0.983984 0.734028 0.025781 0.004167
2 0.974219 0.735417 0.037500 0.004167
2 0.987891 0.738889 0.017969 0.002778
1 0.824219 0.841667 0.156250 0.227778
2 0.864062 0.756250 0.065625 0.015278
2 0.775781 0.792361 0.046875 0.070833
2 0.803125 0.869444 0.101562 0.066667
2 0.839063 0.754861 0.015625 0.004167
2 0.852734 0.761111 0.042969 0.011111
2 0.792188 0.756250 0.014063 0.004167
2 0.841016 0.764583 0.019531 0.009722
2 0.856641 0.742361 0.047656 0.020833
2 0.906641 0.750694 0.050781 0.020833
2 0.877734 0.710417 0.089844 0.051389
2 0.928516 0.716667 0.094531 0.055556