3 0.500000 0.838889 0.998437 0.319444
4 0.471094 0.692361 0.001563 0.045833
4 0.509766 0.705556 0.024219 0.058333
4 0.545312 0.711806 0.007812 0.059722
4 0.564063 0.718750 0.029687 0.065278
4 0.638672 0.736806 0.021094 0.070833
4 0.734766 0.715972 0.005469 0.001389
4 0.982031 0.811806 0.018750 0.115278
4 0.454688 0.969444 0.042188 0.058333
4 0.206250 0.722222 0.000000 0.005556
4 0.205859 0.748611 0.000781 0.044444
4 0.208984 0.746528 0.005469 0.006944
4 0.344141 0.923611 0.042969 0.150000
8 0.638672 0.743750 0.021094 0.043056
8 0.915625 0.689583 0.009375 0.004167
5 0.357031 0.676389 0.026562 0.005556
5 0.357031 0.676389 0.026562 0.005556
5 0.357031 0.676389 0.026562 0.005556
5 0.357031 0.667361 0.026562 0.006944
5 0.357031 0.667361 0.026562 0.006944
5 0.357031 0.667361 0.026562 0.006944
5 0.357031 0.681944 0.026562 0.005556
5 0.357031 0.681944 0.026562 0.005556
5 0.357031 0.681944 0.026562 0.005556
6 0.516406 0.671528 0.034375 0.023611
6 0.484766 0.669444 0.032031 0.027778
6 0.514062 0.615278 0.037500 0.025000
6 0.498047 0.672917 0.033594 0.029167
6 0.570703 0.695833 0.050781 0.058333
6 0.612500 0.699306 0.056250 0.054167
7 0.827734 0.767361 0.011719 0.015278
7 0.549219 0.768056 0.053125 0.025000
7 0.333984 0.794444 0.019531 0.016667
7 0.461719 0.736806 0.028125 0.018056
7 0.469922 0.722917 0.044531 0.012500
6 0.057813 0.934722 0.114062 0.127778
6 0.303516 0.916667 0.141406 0.163889
6 0.058984 0.755556 0.117969 0.286111
6 0.300391 0.747917 0.149219 0.270833
6 0.117188 0.815278 0.234375 0.366667
6 0.676172 0.812500 0.482031 0.372222
6 0.048047 0.768056 0.042969 0.105556
6 0.152734 0.727083 0.053906 0.040278
6 0.152344 0.660417 0.051562 0.109722
6 0.050000 0.660417 0.042188 0.109722
6 0.144922 0.617361 0.036719 0.026389
6 0.056641 0.618056 0.022656 0.027778
6 0.037500 0.715972 0.006250 0.043056
6 0.991797 0.775694 0.014844 0.123611
8 0.873828 0.786806 0.086719 0.051389
5 0.874219 0.764583 0.079687 0.018056
8 0.919531 0.797222 0.093750 0.055556
5 0.918750 0.773611 0.084375 0.019444
8 0.832422 0.768056 0.027344 0.041667
5 0.830859 0.748611 0.024219 0.013889
8 0.599219 0.708333 0.000000 0.000000
5 0.642969 0.712500 0.000000 0.000000
8 0.580469 0.727778 0.037500 0.036111
5 0.582422 0.713194 0.033594 0.009722
8 0.513281 0.706944 0.043750 0.027778
5 0.514062 0.694444 0.042188 0.008333
8 0.501172 0.704167 0.042969 0.027778
5 0.501563 0.691667 0.040625 0.005556
8 0.488281 0.701389 0.039062 0.025000
5 0.488672 0.689583 0.038281 0.006944
8 0.474609 0.698611 0.033594 0.025000
5 0.477734 0.686806 0.033594 0.006944
8 0.528125 0.700000 0.031250 0.025000
5 0.528906 0.686111 0.029687 0.002778
8 0.506250 0.697222 0.010937 0.025000
5 0.519141 0.684722 0.032031 0.002778
8 0.537891 0.703472 0.011719 0.023611
5 0.537891 0.688889 0.011719 0.002778
8 0.543359 0.706944 0.000781 0.019444
5 0.543359 0.693056 0.000781 0.005556
8 0.778516 0.676389 0.027344 0.002778
5 0.776172 0.675000 0.027344 0.002778
5 0.823438 0.680556 0.000000 0.000000
8 0.813672 0.703472 0.019531 0.004167
5 0.818750 0.681944 0.009375 0.002778
8 0.785156 0.702778 0.018750 0.008333
8 0.779297 0.677778 0.000781 0.000000
5 0.799219 0.676389 0.037500 0.002778
8 0.814844 0.680556 0.001563 0.000000
5 0.812109 0.679167 0.024219 0.002778
8 0.788672 0.701389 0.019531 0.005556
5 0.794922 0.679167 0.017969 0.002778
8 0.782422 0.702083 0.002344 0.006944
8 0.990625 0.700694 0.001563 0.001389
5 0.991016 0.697917 0.008594 0.006944
5 0.967187 0.692361 0.014063 0.001389
8 0.998828 0.716667 0.000781 0.013889
8 0.983203 0.721528 0.030469 0.031944
5 0.985156 0.706944 0.028125 0.008333
0 0.873828 0.665278 0.099219 0.150000
0 0.723828 0.647917 0.046094 0.098611
0 0.495312 0.638194 0.034375 0.090278
0 0.744141 0.737500 0.155469 0.316667
0 0.105859 0.785417 0.211719 0.426389
0 0.100000 0.701389 0.159375 0.244444
0 0.076953 0.695139 0.099219 0.220833
0 0.068359 0.670833 0.069531 0.163889
1 0.266406 0.775694 0.115625 0.237500
1 0.347266 0.759722 0.046094 0.219444
1 0.076563 0.629861 0.023438 0.004167
1 0.044922 0.677778 0.019531 0.100000
1 0.034766 0.731250 0.000781 0.009722
1 0.075391 0.695833 0.003906 0.002778
1 0.903906 0.648611 0.035937 0.066667
2 0.899609 0.623611 0.024219 0.002778
2 0.917578 0.623611 0.013281 0.000000
2 0.920703 0.652083 0.008594 0.001389
2 0.899219 0.630556 0.006250 0.013889
2 0.906641 0.623611 0.007031 0.000000
1 0.977344 0.650694 0.035937 0.068056
2 0.965234 0.663194 0.010156 0.020833
2 0.976953 0.652778 0.011719 0.000000
2 0.964063 0.634722 0.007812 0.019444
2 0.991016 0.635417 0.007031 0.020833
2 0.982422 0.663889 0.025781 0.022222
2 0.973047 0.635417 0.008594 0.020833
2 0.982422 0.635417 0.008594 0.020833
1 0.857812 0.620139 0.018750 0.009722
2 0.835156 0.624306 0.006250 0.001389
2 0.864062 0.624306 0.006250 0.001389
2 0.842578 0.624306 0.007031 0.001389
2 0.850391 0.625000 0.007031 0.000000
1 0.912109 0.651389 0.025781 0.069444
2 0.908984 0.672222 0.002344 0.008333
2 0.920703 0.654167 0.008594 0.000000
2 0.905469 0.631250 0.007812 0.012500
2 0.917969 0.665972 0.014063 0.020833
2 0.916406 0.635417 0.012500 0.020833
2 0.923828 0.625000 0.000781 0.000000
2 0.921875 0.636806 0.006250 0.020833
1 0.794141 0.645139 0.050781 0.056944
2 0.804688 0.631944 0.025000 0.013889
2 0.799609 0.672917 0.008594 0.001389
2 0.785156 0.623611 0.014063 0.000000
2 0.796484 0.623611 0.002344 0.000000
2 0.794531 0.623611 0.000000 0.000000
1 0.862109 0.621528 0.055469 0.006944
2 0.875781 0.631944 0.028125 0.011111
2 0.860938 0.626389 0.000000 0.000000
1 0.769922 0.645833 0.049219 0.058333
2 0.757422 0.630556 0.024219 0.013889
2 0.778516 0.631944 0.025781 0.013889
2 0.790625 0.672917 0.003125 0.001389
2 0.770312 0.623611 0.000000 0.000000
2 0.764844 0.631944 0.000000 0.013889
1 0.837109 0.628472 0.055469 0.018056
2 0.815234 0.673611 0.003906 0.002778
2 0.812891 0.632639 0.007031 0.012500
2 0.848047 0.632639 0.028906 0.012500
2 0.821094 0.674306 0.006250 0.004167
2 0.821094 0.632639 0.007812 0.012500
2 0.833594 0.632639 0.015625 0.012500
2 0.848047 0.626389 0.008594 0.000000
2 0.951953 0.711111 0.071094 0.038889
2 0.917188 0.711806 0.017188 0.040278
2 0.601172 0.677083 0.003906 0.006944
2 0.642188 0.679861 0.012500 0.006944
2 0.677344 0.639583 0.007812 0.001389
2 0.636719 0.621528 0.034375 0.009722
2 0.667969 0.627778 0.026562 0.022222
5 0.625391 0.688194 0.047656 0.009722
5 0.625391 0.695833 0.047656 0.008333
5 0.625000 0.706944 0.046875 0.008333
5 0.625391 0.713889 0.047656 0.011111
5 0.625781 0.732639 0.046875 0.009722
5 0.625781 0.722222 0.046875 0.011111
5 0.619141 0.747222 0.033594 0.008333
5 0.624609 0.740278 0.044531 0.008333
5 0.707422 0.704167 0.000781 0.005556
5 0.691406 0.695139 0.035937 0.006944
5 0.689844 0.689583 0.039062 0.004167
5 0.732812 0.702083 0.001563 0.006944
5 0.732812 0.710417 0.001563 0.006944
5 0.732422 0.694444 0.000781 0.005556
5 0.735938 0.635417 0.056250 0.006944
5 0.727344 0.640278 0.039062 0.000000
5 0.755078 0.675000 0.017969 0.002778
5 0.761328 0.673611 0.000781 0.000000
5 0.735938 0.627778 0.056250 0.008333
5 0.733203 0.619444 0.052344 0.008333