3 0.499609 0.828472 0.999219 0.340278
4 0.265234 0.711806 0.008594 0.026389
4 0.236719 0.717361 0.001563 0.012500
4 0.194922 0.749306 0.013281 0.059722
4 0.158984 0.770139 0.010156 0.068056
4 0.101562 0.782639 0.006250 0.068056
4 0.057031 0.806944 0.012500 0.077778
4 0.012109 0.812500 0.024219 0.066667
4 0.057031 0.694444 0.001563 0.041667
8 0.170313 0.793750 0.068750 0.051389
8 0.720703 0.754167 0.050781 0.013889
5 0.458984 0.667361 0.016406 0.004167
5 0.458984 0.667361 0.016406 0.004167
5 0.458984 0.667361 0.016406 0.004167
5 0.458594 0.654861 0.015625 0.004167
5 0.458594 0.654861 0.015625 0.004167
5 0.458594 0.654861 0.015625 0.004167
5 0.458984 0.672917 0.016406 0.006944
5 0.458984 0.672917 0.016406 0.006944
5 0.458984 0.672917 0.016406 0.006944
5 0.530859 0.673611 0.013281 0.008333
5 0.530859 0.673611 0.013281 0.008333
5 0.530859 0.673611 0.013281 0.008333
5 0.530859 0.666667 0.013281 0.008333
5 0.530859 0.666667 0.013281 0.008333
5 0.530859 0.666667 0.013281 0.008333
5 0.530859 0.659722 0.013281 0.008333
5 0.530859 0.659722 0.013281 0.008333
5 0.530859 0.659722 0.013281 0.008333
5 0.530859 0.651389 0.013281 0.008333
5 0.530859 0.651389 0.013281 0.008333
5 0.530859 0.651389 0.013281 0.008333
6 0.457813 0.690278 0.018750 0.055556
6 0.457422 0.637500 0.019531 0.058333
6 0.464062 0.684722 0.006250 0.038889
6 0.385547 0.716667 0.047656 0.069444
6 0.378906 0.727083 0.034375 0.076389
7 0.237891 0.821528 0.072656 0.026389
7 0.197656 0.842361 0.078125 0.029167
7 0.663672 0.907639 0.071094 0.034722
7 0.668359 0.878472 0.080469 0.031944
7 0.617188 0.990278 0.110937 0.016667
7 0.650781 0.958333 0.045312 0.041667
7 0.027734 0.805556 0.055469 0.030556
7 0.165234 0.756250 0.046094 0.020833
7 0.021094 0.722917 0.042188 0.015278
7 0.007031 0.669444 0.014063 0.008333
7 0.021875 0.665278 0.032813 0.008333
8 0.033984 0.896528 0.025781 0.029167
5 0.027734 0.856944 0.055469 0.022222
8 0.012500 0.898611 0.025000 0.022222
5 0.006250 0.872917 0.012500 0.009722
8 0.119922 0.843056 0.077344 0.052778
5 0.119922 0.825694 0.067969 0.026389
8 0.067578 0.831250 0.078906 0.034722
5 0.067578 0.822222 0.069531 0.025000
8 0.307422 0.768056 0.017969 0.033333
5 0.307422 0.747917 0.017969 0.012500
8 0.414453 0.698611 0.010156 0.005556
5 0.412891 0.697222 0.007031 0.005556
8 0.431250 0.716667 0.040625 0.027778
5 0.428906 0.704167 0.039062 0.008333
8 0.445703 0.711111 0.033594 0.027778
5 0.440234 0.700000 0.039844 0.008333
8 0.426563 0.721528 0.032813 0.029167
5 0.425000 0.709028 0.031250 0.009722
8 0.420312 0.727778 0.020313 0.030556
5 0.418750 0.714583 0.018750 0.009722
8 0.808984 0.697917 0.008594 0.006944
5 0.800000 0.694444 0.021875 0.002778
8 0.812891 0.695139 0.002344 0.009722
5 0.800391 0.689583 0.022656 0.004167
8 0.810156 0.711111 0.009375 0.025000
5 0.801172 0.700694 0.022656 0.006944
8 0.801562 0.715278 0.023438 0.022222
5 0.800391 0.705556 0.021094 0.008333
8 0.766016 0.693056 0.000781 0.002778
5 0.750781 0.689583 0.031250 0.006944
8 0.752734 0.695833 0.027344 0.005556
5 0.740625 0.691667 0.010937 0.002778
8 0.756250 0.700694 0.020313 0.006944
5 0.740625 0.696528 0.010937 0.004167
8 0.740625 0.709722 0.010937 0.011111
5 0.740625 0.702778 0.010937 0.008333
8 0.777734 0.740972 0.024219 0.029167
5 0.776172 0.731250 0.021094 0.012500
8 0.813281 0.745833 0.034375 0.036111
5 0.812891 0.733333 0.030469 0.013889
8 0.740625 0.743750 0.010937 0.026389
5 0.740625 0.729861 0.010937 0.012500
8 0.699609 0.750694 0.016406 0.006944
8 0.786719 0.725694 0.042188 0.026389
5 0.785547 0.712500 0.039844 0.005556
8 0.787891 0.731944 0.044531 0.030556
5 0.786719 0.720833 0.040625 0.011111
8 0.739844 0.731944 0.009375 0.022222
5 0.740625 0.720833 0.010937 0.011111
8 0.698438 0.733333 0.012500 0.027778
5 0.704297 0.716667 0.025781 0.008333
8 0.764844 0.786806 0.046875 0.015278
5 0.766016 0.777083 0.046094 0.015278
8 0.795312 0.772917 0.014063 0.020833
5 0.782031 0.764583 0.032813 0.009722
8 0.760156 0.840972 0.050000 0.040278
5 0.760547 0.815972 0.050781 0.020833
8 0.756250 0.831250 0.042188 0.020833
5 0.761328 0.800000 0.052344 0.013889
8 0.672656 0.827083 0.068750 0.054167
5 0.671484 0.809028 0.061719 0.020833
8 0.680469 0.816667 0.065625 0.047222
5 0.679688 0.797222 0.059375 0.019444
0 0.096484 0.922222 0.192969 0.152778
0 0.548047 0.728472 0.047656 0.195833
0 0.634766 0.682639 0.013281 0.143056
0 0.562500 0.655556 0.028125 0.072222
1 0.226562 0.640278 0.048438 0.069444
1 0.213281 0.643750 0.050000 0.070833
1 0.181250 0.639583 0.056250 0.068056
1 0.166797 0.642361 0.058594 0.070833
1 0.137891 0.638194 0.039844 0.068056
1 0.119141 0.640972 0.057031 0.068056
1 0.049609 0.632639 0.049219 0.065278
1 0.055469 0.668056 0.065625 0.088889
1 0.028125 0.665972 0.056250 0.084722
1 0.920312 0.669444 0.040625 0.086111
2 0.913281 0.670833 0.000000 0.000000
2 0.916797 0.640278 0.030469 0.011111
2 0.921875 0.652083 0.032813 0.026389
2 0.914062 0.687500 0.010937 0.030556
2 0.910937 0.640972 0.015625 0.009722
2 0.922266 0.637500 0.005469 0.000000
2 0.912500 0.641667 0.015625 0.008333
2 0.928516 0.638889 0.014844 0.000000
1 0.939453 0.690278 0.047656 0.105556
2 0.919922 0.700000 0.003906 0.027778
2 0.951562 0.688889 0.003125 0.000000
2 0.935156 0.661806 0.034375 0.029167
2 0.942969 0.668750 0.034375 0.031944
2 0.940234 0.707639 0.041406 0.037500
2 0.921094 0.663194 0.003125 0.026389
2 0.953906 0.650000 0.000000 0.000000
2 0.929688 0.665972 0.017188 0.029167
2 0.948438 0.652083 0.018750 0.001389
1 0.879297 0.670833 0.038281 0.091667
2 0.867969 0.681250 0.010937 0.023611
2 0.876953 0.647222 0.028906 0.025000
2 0.881250 0.652083 0.029687 0.026389
2 0.868359 0.686111 0.010156 0.030556
2 0.863672 0.647917 0.000781 0.023611
2 0.871484 0.649306 0.014844 0.023611
2 0.886719 0.637500 0.014063 0.000000
1 0.893359 0.688194 0.044531 0.104167
2 0.874609 0.698611 0.002344 0.027778
2 0.890234 0.661111 0.033594 0.027778
2 0.895703 0.666667 0.033594 0.030556
2 0.894141 0.705556 0.038281 0.036111
2 0.875781 0.661806 0.001563 0.026389
2 0.903125 0.648611 0.009375 0.000000
2 0.883984 0.663889 0.016406 0.027778
2 0.901953 0.650694 0.017969 0.001389
2 0.837891 0.772222 0.096094 0.016667
2 0.842187 0.802778 0.109375 0.022222
2 0.839844 0.786111 0.103125 0.019444
2 0.844531 0.854861 0.117188 0.093056
2 0.844531 0.929167 0.117188 0.077778
2 0.704688 0.790278 0.026562 0.061111
2 0.650781 0.786111 0.045312 0.058333
2 0.791797 0.675694 0.000781 0.023611
2 0.740625 0.678472 0.010937 0.012500
2 0.766016 0.679861 0.000781 0.012500
2 0.740625 0.659722 0.010937 0.025000
2 0.766016 0.659722 0.000781 0.025000
2 0.740625 0.631944 0.010937 0.027778
2 0.766016 0.637500 0.000781 0.016667
5 0.221875 0.731250 0.059375 0.015278
5 0.219141 0.740972 0.053906 0.015278
5 0.219141 0.749306 0.053906 0.015278
5 0.219141 0.757639 0.053906 0.015278
5 0.219141 0.777083 0.053906 0.015278
5 0.219141 0.767361 0.053906 0.015278
5 0.219141 0.793750 0.053906 0.015278
5 0.219531 0.784028 0.053125 0.015278
5 0.010156 0.710417 0.020313 0.009722
5 0.010937 0.714583 0.014063 0.001389
5 0.276172 0.752083 0.058594 0.015278
5 0.276172 0.761806 0.058594 0.015278
5 0.276172 0.779167 0.058594 0.016667
5 0.276172 0.770139 0.058594 0.015278
5 0.276172 0.797222 0.058594 0.016667
5 0.276172 0.787500 0.058594 0.016667
5 0.032031 0.711806 0.040625 0.009722
5 0.039453 0.718056 0.025781 0.008333
5 0.276172 0.743750 0.058594 0.015278
5 0.276172 0.733333 0.058594 0.016667
5 0.338672 0.754861 0.058594 0.015278
5 0.338672 0.764583 0.058594 0.015278
5 0.338672 0.783333 0.058594 0.016667
5 0.338672 0.773611 0.058594 0.016667
5 0.338672 0.800694 0.058594 0.018056
5 0.338672 0.791667 0.058594 0.016667
5 0.075781 0.714583 0.045312 0.009722
5 0.075781 0.721528 0.045312 0.009722
5 0.338672 0.746528 0.058594 0.015278
5 0.338672 0.738194 0.058594 0.015278
5 0.338672 0.684028 0.058594 0.012500
5 0.338672 0.692361 0.058594 0.015278
5 0.338672 0.711806 0.058594 0.015278
5 0.338672 0.702083 0.058594 0.015278
5 0.338672 0.729861 0.058594 0.015278
5 0.338672 0.720139 0.058594 0.015278
5 0.075781 0.709028 0.045312 0.009722
5 0.075781 0.702083 0.045312 0.009722
5 0.338672 0.675000 0.058594 0.013889
5 0.339062 0.665278 0.057813 0.013889