3 0.499609 0.798611 0.999219 0.400000
4 0.424609 0.915278 0.003906 0.094444
4 0.331250 0.853472 0.040625 0.093056
4 0.271094 0.824306 0.007812 0.081944
4 0.246094 0.800694 0.034375 0.079167
4 0.196484 0.749306 0.002344 0.012500
4 0.179297 0.739583 0.024219 0.026389
4 0.139453 0.734028 0.002344 0.043056
4 0.122656 0.732639 0.015625 0.068056
4 0.057031 0.693056 0.007812 0.052778
4 0.050781 0.682639 0.021875 0.051389
4 0.014063 0.665278 0.009375 0.047222
4 0.831641 0.807639 0.008594 0.079167
4 0.274219 0.638194 0.003125 0.040278
4 0.235937 0.629861 0.004687 0.031944
4 0.685547 0.764583 0.028906 0.073611
4 0.639062 0.749306 0.007812 0.065278
4 0.580469 0.732639 0.023438 0.065278
4 0.543359 0.720139 0.007031 0.059722
4 0.498437 0.709028 0.001563 0.054167
4 0.464844 0.696528 0.006250 0.054167
4 0.432031 0.683333 0.009375 0.055556
4 0.344141 0.660417 0.005469 0.043056
4 0.315625 0.651389 0.010937 0.044444
8 0.151953 0.791667 0.042969 0.033333
6 0.388672 0.920139 0.150781 0.156944
6 0.218750 0.915278 0.109375 0.163889
6 0.148047 0.881250 0.107031 0.143056
7 0.035156 0.811111 0.051562 0.030556
7 0.031641 0.786806 0.044531 0.018056
7 0.258203 0.772222 0.036719 0.027778
7 0.410156 0.726389 0.045312 0.019444
7 0.383594 0.836806 0.060937 0.037500
7 0.768359 0.811806 0.058594 0.031944
7 0.645312 0.998611 0.004687 0.000000
7 0.404687 0.903472 0.087500 0.045833
7 0.487891 0.627083 0.022656 0.009722
7 0.513281 0.632639 0.031250 0.009722
7 0.441016 0.618056 0.024219 0.008333
7 0.462891 0.621528 0.025781 0.009722
7 0.382422 0.604861 0.010156 0.006944
7 0.357031 0.603472 0.014063 0.001389
7 0.400781 0.608333 0.029687 0.008333
7 0.845703 0.702778 0.044531 0.016667
7 0.803516 0.695833 0.041406 0.011111
6 0.358203 0.636806 0.038281 0.051389
6 0.322266 0.641667 0.024219 0.052778
6 0.357812 0.609028 0.037500 0.015278
6 0.322266 0.613194 0.024219 0.015278
6 0.255078 0.629167 0.033594 0.036111
6 0.300781 0.625000 0.020313 0.036111
6 0.540234 0.679167 0.036719 0.055556
6 0.480859 0.686111 0.036719 0.063889
6 0.480859 0.627778 0.036719 0.063889
6 0.541797 0.624306 0.039844 0.065278
6 0.614062 0.659028 0.062500 0.084722
6 0.672656 0.651389 0.046875 0.080556
6 0.614062 0.727778 0.062500 0.083333
6 0.672656 0.720139 0.046875 0.076389
6 0.751953 0.643750 0.044531 0.056944
6 0.722266 0.637500 0.042969 0.055556
6 0.672266 0.604167 0.024219 0.002778
6 0.695703 0.632639 0.032031 0.051389
6 0.004297 0.682639 0.008594 0.034722
8 0.036328 0.738194 0.053906 0.023611
5 0.035156 0.726389 0.051562 0.013889
8 0.028906 0.731250 0.045312 0.026389
5 0.029687 0.717361 0.040625 0.004167
8 0.058984 0.761111 0.024219 0.041667
5 0.057031 0.747917 0.020313 0.018056
8 0.091406 0.754861 0.051562 0.031944
5 0.090625 0.742361 0.045312 0.018056
8 0.154688 0.854167 0.070312 0.063889
5 0.153516 0.836806 0.061719 0.031944
8 0.211719 0.832639 0.068750 0.043056
5 0.210156 0.825000 0.060937 0.030556
8 0.328125 0.956250 0.082812 0.048611
5 0.337500 0.936806 0.090625 0.045833
8 0.381250 0.979167 0.093750 0.038889
5 0.378516 0.964583 0.088281 0.051389
8 0.412891 0.992361 0.113281 0.012500
5 0.413281 0.980556 0.103125 0.036111
5 0.470703 0.996528 0.011719 0.004167
8 0.339062 0.994444 0.000000 0.000000
5 0.323828 0.995139 0.033594 0.006944
8 0.257422 0.993750 0.091406 0.009722
5 0.267969 0.981944 0.100000 0.033333
8 0.238672 0.968750 0.108594 0.059722
5 0.239453 0.962500 0.097656 0.050000
0 0.087891 0.645833 0.044531 0.041667
0 0.180078 0.668056 0.060156 0.102778
0 0.150781 0.632639 0.039062 0.026389
0 0.380078 0.637500 0.055469 0.077778
0 0.440234 0.643750 0.071094 0.098611
0 0.560156 0.660417 0.071875 0.143056
0 0.608594 0.668750 0.098437 0.148611
1 0.387891 0.656250 0.066406 0.104167
1 0.355078 0.659722 0.066406 0.105556
1 0.969922 0.794444 0.058594 0.136111
1 0.969922 0.760417 0.058594 0.145833
1 0.754297 0.718056 0.088281 0.141667
1 0.721875 0.726389 0.101562 0.147222
1 0.200391 0.619444 0.000781 0.000000
1 0.193750 0.619444 0.000000 0.000000
1 0.221875 0.618056 0.040625 0.008333
1 0.200000 0.620139 0.028125 0.009722
1 0.679297 0.642361 0.060156 0.090278
2 0.662891 0.660417 0.021094 0.020833
2 0.652734 0.659028 0.007031 0.023611
2 0.661328 0.625694 0.024219 0.029167
2 0.693359 0.622222 0.025781 0.030556
2 0.681641 0.659028 0.050781 0.029167
2 0.676172 0.625694 0.016406 0.029167
2 0.663672 0.610417 0.011719 0.001389
2 0.687500 0.624306 0.017188 0.029167
2 0.675000 0.609028 0.012500 0.001389
1 0.608203 0.622222 0.041406 0.066667
2 0.602734 0.646528 0.011719 0.018056
2 0.597266 0.636806 0.000781 0.001389
2 0.596875 0.615278 0.025000 0.027778
2 0.602734 0.636111 0.011719 0.002778
2 0.617969 0.604167 0.009375 0.002778
2 0.627734 0.602778 0.002344 0.002778
1 0.645312 0.627778 0.067187 0.069444
2 0.625781 0.655556 0.004687 0.013889
2 0.617969 0.654167 0.009375 0.016667
2 0.621094 0.619444 0.015625 0.027778
2 0.664062 0.605556 0.025000 0.005556
2 0.653906 0.644444 0.007812 0.002778
2 0.651953 0.608333 0.005469 0.002778
2 0.657422 0.606944 0.016406 0.002778
2 0.650391 0.604167 0.002344 0.000000
5 0.166016 0.762500 0.066406 0.025000
5 0.166016 0.775000 0.066406 0.022222
5 0.166406 0.785417 0.067187 0.020833
5 0.166406 0.795139 0.067187 0.023611
5 0.166797 0.814583 0.066406 0.018056
5 0.166406 0.806250 0.067187 0.023611
5 0.176172 0.838194 0.046094 0.018056
5 0.159766 0.820833 0.052344 0.008333
5 0.864844 0.807639 0.023438 0.018056
5 0.864844 0.812500 0.009375 0.002778
5 0.095312 0.795833 0.068750 0.025000
5 0.095703 0.806250 0.067969 0.026389
5 0.094141 0.827778 0.064844 0.027778
5 0.094141 0.817361 0.064844 0.026389
5 0.094141 0.850000 0.064844 0.027778
5 0.091797 0.839583 0.060156 0.026389
5 0.851953 0.822222 0.049219 0.030556
5 0.850000 0.837500 0.053125 0.019444
5 0.095312 0.785417 0.068750 0.026389
5 0.095312 0.773611 0.068750 0.027778
5 0.023047 0.808333 0.046094 0.025000
5 0.023047 0.819444 0.046094 0.027778
5 0.023047 0.841667 0.046094 0.027778
5 0.023047 0.830556 0.046094 0.027778
5 0.023047 0.863194 0.046094 0.029167
5 0.023047 0.852778 0.046094 0.027778
5 0.793750 0.840972 0.073438 0.026389
5 0.790234 0.850694 0.072656 0.026389
5 0.023047 0.797917 0.046094 0.026389
5 0.023047 0.788194 0.046094 0.023611
5 0.023047 0.721528 0.046094 0.020833
5 0.023047 0.733333 0.046094 0.022222
5 0.023047 0.755556 0.046094 0.025000
5 0.023047 0.744444 0.046094 0.022222
5 0.023047 0.777778 0.046094 0.022222
5 0.023047 0.767361 0.046094 0.020833
5 0.793750 0.831250 0.073438 0.023611
5 0.790234 0.817361 0.072656 0.031944
5 0.023047 0.711806 0.046094 0.020833
5 0.022656 0.699306 0.045312 0.023611