3 0.499609 0.852778 0.999219 0.291667
4 0.261328 0.671528 0.000781 0.037500
4 0.223438 0.678472 0.015625 0.065278
4 0.196094 0.676389 0.006250 0.069444
8 0.216406 0.690972 0.057813 0.037500
8 0.790625 0.679861 0.009375 0.015278
7 0.269141 0.703472 0.011719 0.018056
7 0.246484 0.703472 0.058594 0.020833
7 0.717969 0.702778 0.000000 0.000000
7 0.725781 0.701389 0.014063 0.002778
7 0.798047 0.709028 0.163281 0.043056
7 0.772656 0.709028 0.110937 0.034722
7 0.187500 0.702083 0.032813 0.012500
6 0.985547 0.509028 0.027344 0.545833
6 0.907813 0.602778 0.159375 0.275000
8 0.185938 0.692361 0.068750 0.045833
5 0.188281 0.671528 0.057813 0.009722
8 0.155859 0.692361 0.013281 0.043056
5 0.159766 0.672917 0.000781 0.004167
8 0.261328 0.686111 0.002344 0.011111
8 0.791016 0.686111 0.010156 0.002778
5 0.790625 0.683333 0.000000 0.000000
8 0.728516 0.686111 0.008594 0.002778
8 0.787500 0.683333 0.003125 0.000000
5 0.789062 0.683333 0.001563 0.000000
8 0.803906 0.681944 0.023438 0.011111
5 0.818359 0.675694 0.047656 0.004167
8 0.792188 0.682639 0.001563 0.009722
5 0.803906 0.675694 0.021875 0.001389
8 0.829688 0.679167 0.065625 0.016667
5 0.830469 0.673611 0.062500 0.008333
8 0.827734 0.680556 0.064844 0.013889
5 0.811719 0.674306 0.028125 0.006944
8 0.742969 0.688889 0.065625 0.033333
5 0.742188 0.673611 0.059375 0.008333
8 0.744141 0.686806 0.058594 0.023611
5 0.742969 0.675000 0.046875 0.005556
8 0.935156 0.670833 0.095312 0.175000
5 0.938672 0.602778 0.085156 0.061111
8 0.925781 0.675694 0.114062 0.145833
5 0.929297 0.618750 0.105469 0.048611
0 0.388281 0.395139 0.287500 0.712500
0 0.590234 0.622222 0.058594 0.180556
0 0.639844 0.638889 0.042188 0.138889
0 0.092188 0.490278 0.184375 0.477778
0 0.556250 0.654861 0.028125 0.101389
1 0.212891 0.668056 0.049219 0.063889
1 0.198437 0.668056 0.054688 0.066667
1 0.167578 0.656250 0.016406 0.037500
1 0.161328 0.665972 0.021094 0.056944
1 0.859375 0.647222 0.004687 0.041667
2 0.860938 0.668056 0.000000 0.000000
2 0.859766 0.646528 0.002344 0.023611
2 0.861719 0.668056 0.000000 0.000000
2 0.861328 0.645833 0.000781 0.022222
2 0.872656 0.634722 0.003125 0.052778
2 0.926953 0.700000 0.080469 0.033333
2 0.874219 0.680556 0.004687 0.036111
2 0.880469 0.631944 0.009375 0.055556
2 0.940234 0.632639 0.077344 0.043056
2 0.946484 0.684722 0.088281 0.066667
2 0.882031 0.687500 0.009375 0.055556
2 0.759375 0.677778 0.051562 0.022222
2 0.697656 0.690278 0.051562 0.044444
2 0.728906 0.688889 0.009375 0.000000
2 0.733594 0.665972 0.029687 0.023611
2 0.769922 0.660417 0.030469 0.012500
2 0.733594 0.641667 0.029687 0.025000
2 0.769531 0.641667 0.029687 0.025000
5 0.252344 0.643056 0.048438 0.008333
5 0.251953 0.652778 0.049219 0.008333
5 0.251953 0.661111 0.049219 0.008333
5 0.251953 0.670833 0.049219 0.008333
5 0.251563 0.689583 0.048438 0.006944
5 0.251563 0.680556 0.048438 0.008333
5 0.246094 0.711111 0.035937 0.000000
5 0.271875 0.694444 0.007812 0.000000