3 0.499609 0.842361 0.999219 0.312500
4 0.344531 0.700694 0.001563 0.018056
4 0.303906 0.713194 0.015625 0.018056
4 0.263672 0.768750 0.007031 0.059722
4 0.198047 0.784028 0.021094 0.068056
4 0.168359 0.812500 0.003906 0.083333
4 0.135547 0.820833 0.021094 0.077778
4 0.022266 0.714583 0.005469 0.054167
8 0.263281 0.797222 0.068750 0.044444
8 0.821484 0.748611 0.067969 0.025000
5 0.436328 0.677778 0.017969 0.000000
5 0.436328 0.677778 0.017969 0.000000
5 0.436328 0.677778 0.017969 0.000000
5 0.436328 0.672222 0.017969 0.008333
5 0.436328 0.672222 0.017969 0.008333
5 0.436328 0.672222 0.017969 0.008333
5 0.489453 0.688194 0.032031 0.006944
5 0.489453 0.688194 0.032031 0.006944
5 0.489453 0.688194 0.032031 0.006944
5 0.489453 0.680556 0.032031 0.008333
5 0.489453 0.680556 0.032031 0.008333
5 0.489453 0.680556 0.032031 0.008333
5 0.489453 0.672222 0.032031 0.008333
5 0.489453 0.672222 0.032031 0.008333
5 0.489453 0.672222 0.032031 0.008333
5 0.488281 0.663889 0.034375 0.008333
5 0.488281 0.663889 0.034375 0.008333
5 0.488281 0.663889 0.034375 0.008333
6 0.482422 0.697917 0.022656 0.062500
6 0.486328 0.686806 0.028906 0.054167
6 0.478516 0.643750 0.035156 0.059722
6 0.484766 0.692361 0.025781 0.059722
6 0.421875 0.717361 0.051562 0.065278
6 0.428906 0.734028 0.060937 0.081944
7 0.360547 0.829167 0.080469 0.027778
7 0.339453 0.847917 0.085156 0.026389
7 0.919141 0.890278 0.105469 0.033333
7 0.892188 0.863194 0.095312 0.031944
7 0.968750 0.978472 0.060937 0.040278
7 0.953906 0.938194 0.090625 0.043056
7 0.083984 0.822222 0.046094 0.033333
7 0.199609 0.770833 0.042969 0.022222
7 0.007422 0.743056 0.014844 0.013889
6 0.048047 0.950694 0.096094 0.095833
6 0.007031 0.978472 0.014063 0.040278
6 0.073828 0.929861 0.147656 0.137500
6 0.132812 0.914583 0.128125 0.168056
8 0.186719 0.902083 0.093750 0.059722
5 0.193359 0.869444 0.082031 0.027778
8 0.162891 0.920139 0.116406 0.079167
5 0.169922 0.891667 0.088281 0.030556
8 0.266797 0.854861 0.072656 0.068056
5 0.267969 0.832639 0.064062 0.026389
8 0.199219 0.847917 0.075000 0.054167
5 0.201172 0.831250 0.066406 0.026389
8 0.368750 0.770139 0.006250 0.006944
8 0.319922 0.767361 0.038281 0.009722
5 0.387109 0.711111 0.003906 0.000000
5 0.390234 0.708333 0.010156 0.002778
5 0.392188 0.704861 0.006250 0.004167
8 0.473047 0.722917 0.003906 0.026389
5 0.464844 0.710417 0.014063 0.004167
8 0.476172 0.720139 0.008594 0.029167
5 0.474219 0.706944 0.006250 0.005556
8 0.471875 0.721528 0.001563 0.015278
8 0.458984 0.736806 0.002344 0.004167
5 0.458594 0.718750 0.003125 0.001389
8 0.792578 0.704861 0.008594 0.018056
5 0.808984 0.697222 0.038281 0.005556
8 0.789062 0.702778 0.009375 0.019444
5 0.801562 0.693750 0.031250 0.004167
8 0.814063 0.706250 0.039062 0.015278
5 0.815625 0.700694 0.039062 0.004167
8 0.820312 0.708333 0.043750 0.011111
5 0.820312 0.704861 0.040625 0.006944
8 0.759375 0.702778 0.039062 0.022222
5 0.758594 0.691667 0.035937 0.002778
8 0.760938 0.704861 0.037500 0.018056
5 0.761328 0.697222 0.035156 0.005556
8 0.767188 0.705556 0.040625 0.013889
5 0.767188 0.701389 0.037500 0.008333
8 0.771484 0.716667 0.042969 0.027778
5 0.770312 0.705556 0.039062 0.008333
8 0.835156 0.735417 0.039062 0.026389
5 0.834375 0.727083 0.034375 0.012500
8 0.879687 0.743056 0.032813 0.027778
5 0.879297 0.727778 0.032031 0.011111
8 0.798438 0.736111 0.037500 0.027778
5 0.797656 0.726389 0.032813 0.011111
8 0.756641 0.734722 0.035156 0.027778
5 0.756250 0.725694 0.031250 0.012500
8 0.822266 0.725694 0.039844 0.029167
5 0.823047 0.713194 0.038281 0.006944
8 0.833594 0.731250 0.045312 0.031944
5 0.834375 0.718056 0.043750 0.008333
8 0.792578 0.731944 0.035156 0.033333
5 0.792188 0.718056 0.031250 0.008333
8 0.752734 0.731250 0.033594 0.034722
5 0.752344 0.718056 0.029687 0.011111
8 0.879297 0.775000 0.033594 0.033333
5 0.880078 0.763889 0.032031 0.013889
8 0.858984 0.754167 0.010156 0.005556
5 0.883984 0.753472 0.057031 0.006944
8 0.938281 0.816667 0.081250 0.052778
5 0.944531 0.802083 0.059375 0.009722
8 0.892188 0.801389 0.012500 0.041667
5 0.893750 0.785417 0.009375 0.012500
8 0.846094 0.815278 0.076563 0.052778
5 0.845313 0.795833 0.068750 0.016667
8 0.836719 0.802778 0.071875 0.050000
5 0.835547 0.781944 0.064844 0.011111
0 0.944922 0.876389 0.108594 0.244444
0 0.664062 0.719444 0.059375 0.202778
0 0.673438 0.680556 0.043750 0.147222
0 0.330078 0.852083 0.203906 0.293056
0 0.550781 0.651389 0.032813 0.105556
1 0.173437 0.658333 0.062500 0.075000
1 0.161719 0.660417 0.064062 0.076389
1 0.123438 0.657639 0.046875 0.073611
1 0.102344 0.660417 0.065625 0.076389
1 0.057031 0.658333 0.046875 0.072222
1 0.044922 0.660417 0.066406 0.076389
1 0.022266 0.683333 0.044531 0.097222
1 0.002344 0.680556 0.004687 0.091667
1 0.995703 0.666667 0.007031 0.075000
2 0.997266 0.687500 0.003906 0.019444
2 0.996484 0.651389 0.003906 0.025000
2 0.999219 0.688194 0.000000 0.020833
2 0.999219 0.651389 0.000000 0.025000
1 0.926172 0.656250 0.039844 0.054167
2 0.908984 0.637500 0.005469 0.000000
2 0.926562 0.642361 0.034375 0.004167
2 0.924219 0.684722 0.035937 0.002778
2 0.908984 0.638889 0.002344 0.000000
2 0.928125 0.638889 0.012500 0.000000
2 0.907813 0.640972 0.003125 0.004167
2 0.921094 0.638889 0.000000 0.000000
1 0.964844 0.686111 0.059375 0.102778
2 0.946484 0.685417 0.017969 0.001389
2 0.965234 0.684722 0.013281 0.000000
2 0.946484 0.646528 0.017969 0.001389
2 0.966016 0.663889 0.027344 0.030556
2 0.960938 0.703472 0.037500 0.034722
2 0.952344 0.661111 0.020313 0.027778
2 0.971094 0.647222 0.015625 0.000000
2 0.950000 0.662500 0.003125 0.027778
1 0.883984 0.672917 0.042969 0.090278
2 0.869531 0.672222 0.012500 0.000000
2 0.883203 0.672222 0.013281 0.000000
2 0.876172 0.645139 0.027344 0.015278
2 0.882422 0.653472 0.025781 0.026389
2 0.879297 0.688194 0.032031 0.029167
2 0.864453 0.650694 0.002344 0.023611
2 0.873437 0.652083 0.014063 0.026389
2 0.888281 0.638889 0.014063 0.000000
1 0.920312 0.685417 0.056250 0.101389
2 0.901953 0.697917 0.014844 0.026389
2 0.925000 0.684722 0.007812 0.000000
2 0.909375 0.659028 0.029687 0.026389
2 0.926172 0.663889 0.038281 0.030556
2 0.925391 0.702778 0.041406 0.033333
2 0.905859 0.664583 0.002344 0.023611
2 0.928516 0.647222 0.014844 0.000000
2 0.996094 0.772222 0.006250 0.063889
2 0.996484 0.831250 0.005469 0.056944
2 0.835156 0.777083 0.065625 0.051389
2 0.771875 0.779861 0.060937 0.059722
2 0.711328 0.685417 0.002344 0.029167
2 0.746875 0.680556 0.001563 0.016667
2 0.728906 0.690278 0.032813 0.030556
2 0.764062 0.685417 0.031250 0.018056
2 0.728906 0.663889 0.032813 0.027778
2 0.764062 0.664583 0.031250 0.029167
2 0.728906 0.638889 0.032813 0.027778
2 0.763281 0.638889 0.031250 0.027778
5 0.299219 0.735417 0.054688 0.009722
5 0.299219 0.742361 0.054688 0.004167
5 0.317578 0.761111 0.000781 0.000000
5 0.294922 0.765972 0.046094 0.009722
5 0.296875 0.784028 0.050000 0.015278
5 0.296094 0.773611 0.048438 0.016667
5 0.299609 0.803472 0.053906 0.015278
5 0.299609 0.792361 0.053906 0.018056
5 0.368359 0.753472 0.058594 0.015278
5 0.368359 0.763889 0.058594 0.016667
5 0.368359 0.784722 0.058594 0.016667
5 0.368359 0.774306 0.058594 0.015278
5 0.368359 0.804167 0.058594 0.016667
5 0.368359 0.794444 0.058594 0.016667
5 0.010937 0.730556 0.021875 0.008333
5 0.014844 0.738889 0.014063 0.008333
5 0.368359 0.744444 0.058594 0.005556
5 0.355859 0.741667 0.033594 0.000000
5 0.444531 0.755556 0.051562 0.013889
5 0.444922 0.765278 0.050781 0.016667
5 0.445703 0.786111 0.049219 0.016667
5 0.445312 0.776389 0.050000 0.016667
5 0.446094 0.805556 0.048438 0.016667
5 0.446094 0.795833 0.048438 0.016667
5 0.048438 0.732639 0.050000 0.009722
5 0.048828 0.740278 0.050781 0.011111
5 0.444141 0.745833 0.052344 0.016667
5 0.443359 0.735417 0.053906 0.015278
5 0.442578 0.675694 0.055469 0.012500
5 0.442578 0.686111 0.055469 0.013889
5 0.442188 0.706944 0.056250 0.013889
5 0.442578 0.697222 0.055469 0.013889
5 0.442188 0.726389 0.056250 0.013889
5 0.442578 0.715972 0.055469 0.015278
5 0.048438 0.727083 0.050000 0.009722
5 0.048828 0.719444 0.050781 0.011111
5 0.442578 0.667361 0.055469 0.012500
5 0.442578 0.656250 0.055469 0.012500