3 0.499609 0.918056 0.999219 0.161111
4 0.398438 0.829167 0.004687 0.100000
4 0.450391 0.853472 0.066406 0.148611
4 0.527734 0.865972 0.017969 0.173611
4 0.576172 0.884028 0.099219 0.209722
4 0.727734 0.888889 0.013281 0.219444
4 0.860938 0.888889 0.145313 0.219444
8 0.892578 0.944444 0.213281 0.108333
5 0.280859 0.822222 0.063281 0.011111
5 0.280859 0.822222 0.063281 0.011111
5 0.280859 0.822222 0.063281 0.011111
5 0.281250 0.809028 0.062500 0.012500
5 0.281250 0.809028 0.062500 0.012500
5 0.281250 0.809028 0.062500 0.012500
5 0.280469 0.834028 0.062500 0.012500
5 0.280469 0.834028 0.062500 0.012500
5 0.280469 0.834028 0.062500 0.012500
5 0.364844 0.833333 0.060937 0.011111
5 0.364844 0.833333 0.060937 0.011111
5 0.364844 0.833333 0.060937 0.011111
5 0.364844 0.821528 0.060937 0.012500
5 0.364844 0.821528 0.060937 0.012500
5 0.364844 0.821528 0.060937 0.012500
5 0.364844 0.809028 0.060937 0.012500
5 0.364844 0.809028 0.060937 0.012500
5 0.364844 0.809028 0.060937 0.012500
5 0.365234 0.795833 0.061719 0.011111
5 0.365234 0.795833 0.061719 0.011111
5 0.365234 0.795833 0.061719 0.011111
6 0.518359 0.814583 0.069531 0.106944
6 0.472656 0.793056 0.056250 0.058333
6 0.520312 0.718056 0.073438 0.105556
6 0.494531 0.792361 0.062500 0.059722
6 0.616016 0.826389 0.117969 0.144444
6 0.713672 0.830556 0.139844 0.161111
7 0.275781 0.936806 0.089063 0.059722
7 0.296484 0.864583 0.089844 0.023611
7 0.361719 0.897917 0.123438 0.034722
8 0.756641 0.898611 0.146094 0.063889
5 0.769141 0.866667 0.111719 0.011111
8 0.646484 0.914583 0.139844 0.106944
5 0.650781 0.870139 0.129688 0.031944
8 0.485547 0.864583 0.082031 0.062500
5 0.487500 0.836806 0.078125 0.015278
8 0.469531 0.859722 0.078125 0.058333
5 0.470313 0.833333 0.076563 0.013889
8 0.452344 0.854167 0.082812 0.052778
5 0.454688 0.829861 0.081250 0.012500
8 0.435547 0.850694 0.069531 0.051389
5 0.435937 0.827778 0.068750 0.011111
8 0.532813 0.863194 0.048438 0.031944
5 0.531641 0.829861 0.050781 0.012500
8 0.517578 0.849306 0.063281 0.051389
5 0.523438 0.824306 0.068750 0.006944
8 0.553125 0.861806 0.007812 0.048611
5 0.553125 0.830556 0.007812 0.011111
8 0.553906 0.860417 0.009375 0.056944
5 0.553516 0.835417 0.007031 0.012500
8 0.822266 0.828472 0.011719 0.029167
5 0.823047 0.815278 0.010156 0.002778
8 0.855859 0.833333 0.013281 0.027778
0 0.942187 0.750000 0.114062 0.241667
0 0.501563 0.751389 0.062500 0.141667
1 0.973437 0.734028 0.025000 0.004167
1 0.954688 0.734722 0.071875 0.022222
2 0.978125 0.742361 0.031250 0.009722
2 0.947656 0.741667 0.001563 0.005556
2 0.955859 0.741667 0.013281 0.008333
2 0.693359 0.811111 0.025781 0.022222
2 0.726172 0.822917 0.038281 0.031944
2 0.817969 0.838194 0.001563 0.001389
2 0.728516 0.780556 0.044531 0.033333
2 0.800391 0.776389 0.033594 0.022222
2 0.728516 0.746528 0.046094 0.034722
2 0.798828 0.745833 0.036719 0.036111
5 0.785156 0.782639 0.195312 0.029167
5 0.786328 0.813194 0.196094 0.031944
5 0.786719 0.839583 0.196875 0.034722
5 0.787500 0.870139 0.196875 0.037500
5 0.788281 0.930556 0.196875 0.047222
5 0.787891 0.899306 0.197656 0.043056
5 0.784375 0.980556 0.187500 0.036111
5 0.789062 0.956944 0.198437 0.050000
5 0.924219 0.836806 0.150000 0.031944
5 0.925000 0.865278 0.148438 0.036111
5 0.925391 0.921528 0.147656 0.037500
5 0.925391 0.894444 0.147656 0.038889
5 0.928125 0.969444 0.142187 0.025000
5 0.926172 0.950694 0.146094 0.040278
5 0.924219 0.811806 0.150000 0.029167
5 0.923828 0.781944 0.150781 0.027778