3 0.499609 0.953472 0.999219 0.090278
4 0.585547 0.907639 0.014844 0.162500
4 0.870703 0.904167 0.099219 0.188889
5 0.143359 0.903472 0.086719 0.015278
5 0.143359 0.903472 0.086719 0.015278
5 0.143359 0.903472 0.086719 0.015278
5 0.144141 0.886806 0.086719 0.015278
5 0.144141 0.886806 0.086719 0.015278
5 0.144141 0.886806 0.086719 0.015278
5 0.142578 0.918750 0.086719 0.015278
5 0.142578 0.918750 0.086719 0.015278
5 0.142578 0.918750 0.086719 0.015278
5 0.246094 0.916667 0.081250 0.013889
5 0.246094 0.916667 0.081250 0.013889
5 0.246094 0.916667 0.081250 0.013889
5 0.246484 0.902083 0.082031 0.015278
5 0.246484 0.902083 0.082031 0.015278
5 0.246484 0.902083 0.082031 0.015278
5 0.246875 0.886111 0.081250 0.013889
5 0.246875 0.886111 0.081250 0.013889
5 0.246875 0.886111 0.081250 0.013889
5 0.246875 0.869444 0.081250 0.013889
5 0.246875 0.869444 0.081250 0.013889
5 0.246875 0.869444 0.081250 0.013889
6 0.572656 0.883333 0.106250 0.136111
6 0.467578 0.881944 0.089844 0.119444
6 0.573047 0.761806 0.108594 0.137500
6 0.516797 0.882639 0.096094 0.126389
6 0.918359 0.892361 0.139844 0.206944
7 0.346484 0.952083 0.128906 0.034722
7 0.659375 0.983333 0.176563 0.030556
8 0.706641 0.942361 0.147656 0.081944
5 0.706250 0.906250 0.132812 0.020833
8 0.638672 0.937500 0.135156 0.075000
5 0.637891 0.903472 0.122656 0.018056
8 0.581641 0.934722 0.127344 0.075000
5 0.580078 0.901389 0.113281 0.016667
8 0.528125 0.930556 0.115625 0.069444
5 0.527344 0.899306 0.103125 0.015278
8 0.677344 0.944444 0.110937 0.044444
5 0.674219 0.899306 0.093750 0.015278
8 0.622266 0.939583 0.103906 0.040278
5 0.622266 0.890972 0.085156 0.001389
8 0.737109 0.939583 0.119531 0.062500
5 0.735547 0.901389 0.105469 0.016667
8 0.805859 0.940278 0.127344 0.077778
5 0.772266 0.904167 0.047656 0.019444
8 0.991016 0.900000 0.000781 0.002778
8 0.992578 0.906944 0.013281 0.041667
5 0.992188 0.888194 0.014063 0.009722
8 0.792578 0.903472 0.007031 0.037500
5 0.793750 0.886806 0.003125 0.006944
8 0.989844 0.907639 0.007812 0.043056
5 0.987500 0.888889 0.004687 0.008333
0 0.425391 0.825694 0.091406 0.195833
1 0.982812 0.856944 0.032813 0.108333
2 0.994141 0.870833 0.010156 0.022222
2 0.992578 0.829167 0.013281 0.033333
1 0.978516 0.855556 0.032031 0.122222
2 0.984375 0.826389 0.004687 0.036111
2 0.986719 0.870139 0.004687 0.023611
1 0.904687 0.802083 0.104688 0.006944
2 0.612891 0.881944 0.039844 0.013889
2 0.673828 0.883333 0.080469 0.013889
2 0.734766 0.891667 0.039844 0.030556
2 0.673828 0.854167 0.080469 0.041667
2 0.734375 0.854861 0.040625 0.040278
2 0.673047 0.813194 0.080469 0.043056
2 0.733203 0.813889 0.039844 0.041667