3 0.378125 0.861111 0.756250 0.275000
4 0.199609 0.747222 0.002344 0.027778
4 0.202344 0.733333 0.001563 0.000000
4 0.080078 0.744444 0.019531 0.019444
4 0.026562 0.745833 0.007812 0.019444
5 0.215234 0.684028 0.025781 0.001389
5 0.215234 0.684028 0.025781 0.001389
5 0.215234 0.684028 0.025781 0.001389
5 0.187500 0.685417 0.028125 0.001389
5 0.187500 0.685417 0.028125 0.001389
5 0.187500 0.685417 0.028125 0.001389
5 0.187500 0.680556 0.028125 0.005556
5 0.187500 0.680556 0.028125 0.005556
5 0.187500 0.680556 0.028125 0.005556
6 0.273047 0.675000 0.010156 0.019444
6 0.261328 0.659722 0.025781 0.033333
6 0.261328 0.675000 0.025781 0.019444
5 0.746875 0.759722 0.014063 0.011111
5 0.746875 0.759722 0.014063 0.011111
5 0.746875 0.759722 0.014063 0.011111
5 0.746875 0.747222 0.014063 0.013889
5 0.746875 0.747222 0.014063 0.013889
5 0.746875 0.747222 0.014063 0.013889
5 0.753125 0.767361 0.001563 0.004167
5 0.753125 0.767361 0.001563 0.004167
5 0.753125 0.767361 0.001563 0.004167
5 0.751172 0.778472 0.010156 0.012500
5 0.751172 0.778472 0.010156 0.012500
5 0.751172 0.778472 0.010156 0.012500
5 0.749609 0.766667 0.013281 0.013889
5 0.749609 0.766667 0.013281 0.013889
5 0.749609 0.766667 0.013281 0.013889
5 0.769531 0.754861 0.053125 0.012500
5 0.769531 0.754861 0.053125 0.012500
5 0.769531 0.754861 0.053125 0.012500
5 0.770703 0.743056 0.057031 0.016667
5 0.770703 0.743056 0.057031 0.016667
5 0.770703 0.743056 0.057031 0.016667
6 0.392188 0.767361 0.060937 0.079167
6 0.504687 0.743750 0.060937 0.037500
6 0.392578 0.694444 0.060156 0.077778
6 0.449609 0.765972 0.061719 0.079167
6 0.121484 0.775000 0.042969 0.080556
6 0.036719 0.779167 0.073438 0.086111
7 0.013281 0.778472 0.026562 0.015278
7 0.157812 0.745139 0.007812 0.012500
7 0.329297 0.775000 0.022656 0.016667
6 0.000391 0.666667 0.000781 0.041667
6 0.005078 0.665972 0.008594 0.043056
6 0.003906 0.743750 0.007812 0.009722
8 0.177734 0.788889 0.008594 0.016667
5 0.187109 0.766667 0.021094 0.008333
8 0.273828 0.778472 0.035156 0.034722
5 0.273047 0.765278 0.030469 0.011111
8 0.317578 0.777778 0.036719 0.036111
5 0.316797 0.763889 0.032031 0.011111
8 0.275000 0.788889 0.035937 0.041667
5 0.274219 0.773611 0.032813 0.013889
8 0.321094 0.788194 0.039062 0.040278
5 0.320703 0.772222 0.033594 0.013889
8 0.179297 0.788194 0.013281 0.015278
5 0.181641 0.777083 0.014844 0.012500
8 0.469531 0.880556 0.004687 0.050000
5 0.480078 0.858333 0.016406 0.013889
8 0.462500 0.871528 0.018750 0.051389
5 0.468750 0.844444 0.031250 0.022222
8 0.167187 0.900000 0.093750 0.072222
5 0.169141 0.870139 0.085156 0.018056
8 0.159766 0.919444 0.100781 0.077778
5 0.161719 0.892361 0.090625 0.029167
8 0.167969 0.865278 0.089063 0.027778
5 0.169922 0.856944 0.080469 0.016667
8 0.174609 0.851389 0.083594 0.025000
5 0.175781 0.843056 0.075000 0.013889
8 0.370703 0.895139 0.072656 0.070833
5 0.369531 0.868750 0.064062 0.029167
8 0.296094 0.898611 0.070312 0.077778
5 0.294922 0.873611 0.061719 0.030556
8 0.269922 0.880556 0.083594 0.066667
5 0.271094 0.856944 0.075000 0.022222
8 0.270313 0.857639 0.078125 0.045833
5 0.271094 0.839583 0.070312 0.012500
0 0.171875 0.759028 0.176563 0.223611
0 0.702734 0.724306 0.107031 0.165278
1 0.557813 0.700694 0.046875 0.081944
1 0.524219 0.701389 0.040625 0.083333
1 0.529687 0.666667 0.029687 0.016667
1 0.507812 0.697917 0.043750 0.079167
1 0.518750 0.663889 0.040625 0.016667
1 0.490625 0.693750 0.040625 0.073611
1 0.521875 0.666667 0.045312 0.027778
1 0.260937 0.704167 0.064062 0.083333
1 0.259766 0.700694 0.061719 0.079167
1 0.092188 0.674306 0.040625 0.023611
1 0.073438 0.707639 0.071875 0.087500
1 0.777344 0.929167 0.101562 0.138889
2 0.816797 0.953472 0.147656 0.090278
2 0.887109 0.904167 0.005469 0.002778
2 0.853906 0.915278 0.071875 0.025000
2 0.873828 0.934028 0.033594 0.018056
1 0.718359 0.890278 0.283594 0.216667
2 0.796094 0.862500 0.106250 0.091667
2 0.627734 0.891667 0.080469 0.133333
2 0.664844 0.980556 0.156250 0.036111
2 0.729688 0.825000 0.075000 0.011111
2 0.755078 0.889583 0.078906 0.120833
2 0.675781 0.828472 0.071875 0.012500
2 0.700781 0.893056 0.078125 0.122222
1 0.853125 0.821528 0.071875 0.165278
2 0.857031 0.806944 0.064062 0.086111
2 0.869922 0.881250 0.039844 0.045833
2 0.879297 0.765278 0.017969 0.005556
2 0.887109 0.769444 0.002344 0.000000
1 0.595703 0.871528 0.211719 0.254167
2 0.657031 0.797917 0.071875 0.051389
2 0.531641 0.825000 0.066406 0.094444
2 0.556641 0.934028 0.117969 0.104167
2 0.607812 0.777083 0.053125 0.006944
2 0.623437 0.802778 0.053125 0.044444
2 0.566016 0.778472 0.052344 0.006944
2 0.580859 0.825000 0.053906 0.088889
1 0.790625 0.776389 0.045312 0.094444
2 0.880859 0.751389 0.014844 0.002778
2 0.810937 0.790278 0.070312 0.075000
2 0.855859 0.855556 0.011719 0.005556
2 0.864453 0.752083 0.044531 0.004167
2 0.875391 0.758333 0.025781 0.008333
2 0.833984 0.753472 0.041406 0.004167
2 0.857422 0.759722 0.044531 0.008333
1 0.561328 0.865278 0.191406 0.261111
2 0.618750 0.766667 0.062500 0.013889
2 0.502734 0.806250 0.058594 0.084722
2 0.494922 0.905556 0.044531 0.091667
2 0.574219 0.763194 0.046875 0.004167
2 0.585547 0.770139 0.049219 0.009722
2 0.534766 0.764583 0.044531 0.004167
2 0.546484 0.771528 0.049219 0.009722
2 0.818750 0.734722 0.035937 0.033333
2 0.862500 0.733333 0.051562 0.033333
5 0.200781 0.733333 0.018750 0.002778
5 0.189844 0.745139 0.017188 0.006944
5 0.191406 0.752778 0.023438 0.005556
5 0.195703 0.738889 0.027344 0.008333
5 0.194922 0.734722 0.025781 0.005556