3 0.499609 0.959722 0.999219 0.077778
4 0.230078 0.926389 0.000781 0.002778
4 0.230469 0.920139 0.003125 0.006944
8 0.590625 0.912500 0.015625 0.016667
8 0.500781 0.906944 0.000000 0.000000
5 0.586719 0.909028 0.020313 0.004167
5 0.586719 0.909028 0.020313 0.004167
5 0.586719 0.909028 0.020313 0.004167
5 0.587500 0.902778 0.021875 0.005556
5 0.587500 0.902778 0.021875 0.005556
5 0.587500 0.902778 0.021875 0.005556
5 0.587109 0.915278 0.021094 0.005556
5 0.587109 0.915278 0.021094 0.005556
5 0.587109 0.915278 0.021094 0.005556
5 0.573438 0.916667 0.014063 0.005556
5 0.573438 0.916667 0.014063 0.005556
5 0.573438 0.916667 0.014063 0.005556
5 0.561328 0.910417 0.028906 0.004167
5 0.561328 0.910417 0.028906 0.004167
5 0.561328 0.910417 0.028906 0.004167
5 0.561328 0.903472 0.028906 0.004167
5 0.561328 0.903472 0.028906 0.004167
5 0.561328 0.903472 0.028906 0.004167
5 0.563281 0.895833 0.032813 0.005556
5 0.563281 0.895833 0.032813 0.005556
5 0.563281 0.895833 0.032813 0.005556
6 0.504687 0.893056 0.014063 0.027778
6 0.521094 0.893750 0.014063 0.026389
6 0.368750 0.878472 0.090625 0.104167
6 0.520703 0.875000 0.089844 0.113889
6 0.373047 0.782639 0.085156 0.106944
6 0.450391 0.875000 0.075781 0.111111
6 0.091016 0.918056 0.074219 0.019444
6 0.037109 0.918750 0.002344 0.020833
7 0.414062 0.922222 0.001563 0.002778
7 0.169531 0.918750 0.034375 0.015278
7 0.315625 0.916667 0.007812 0.005556
7 0.276953 0.917361 0.002344 0.004167
6 0.044922 0.915278 0.014844 0.013889
6 0.178516 0.910417 0.013281 0.001389
6 0.229297 0.918750 0.000781 0.006944
8 0.295312 0.918750 0.034375 0.018056
8 0.332031 0.911111 0.053125 0.033333
5 0.352734 0.888889 0.010156 0.008333
8 0.241797 0.908333 0.000781 0.000000
8 0.292969 0.917361 0.062500 0.018056
8 0.198828 0.918750 0.060156 0.020833
8 0.147266 0.918750 0.066406 0.020833
8 0.090234 0.928472 0.155469 0.043056
8 0.201953 0.930556 0.152344 0.044444
8 0.034766 0.927083 0.069531 0.040278
8 0.296094 0.904167 0.132812 0.086111
5 0.342969 0.862500 0.026562 0.019444
8 0.218750 0.927083 0.071875 0.037500
8 0.105078 0.926389 0.132031 0.036111
8 0.034766 0.925694 0.069531 0.037500
0 0.831641 0.790278 0.008594 0.261111
0 0.164453 0.911806 0.042969 0.004167
1 0.855078 0.867361 0.039844 0.115278
1 0.480469 0.877083 0.079687 0.093056
1 0.491797 0.877083 0.072656 0.093056
1 0.307422 0.883333 0.061719 0.066667
1 0.296094 0.880556 0.068750 0.086111
1 0.121094 0.625694 0.242188 0.734722
2 0.180859 0.766667 0.066406 0.208333
2 0.076953 0.752083 0.153906 0.229167
2 0.110547 0.479167 0.221094 0.272222
1 0.175781 0.685417 0.351562 0.579167
2 0.280859 0.795833 0.100781 0.166667
2 0.250781 0.786111 0.082812 0.180556
2 0.276172 0.565278 0.117969 0.208333
2 0.909375 0.951389 0.000000 0.000000
2 0.916406 0.885417 0.165625 0.145833
2 0.736328 0.890278 0.199219 0.119444
2 0.713672 0.886806 0.232031 0.137500
2 0.827344 0.773611 0.009375 0.125000
2 0.711328 0.754167 0.228906 0.144444
2 0.824219 0.665278 0.009375 0.133333
2 0.708594 0.629861 0.226562 0.154167
5 0.452734 0.920833 0.010156 0.000000
5 0.474609 0.913889 0.000781 0.000000
5 0.461328 0.903472 0.027344 0.004167
5 0.461328 0.906944 0.027344 0.000000
5 0.433594 0.922222 0.006250 0.002778