3 0.499609 0.859722 0.999219 0.277778
4 0.037891 0.874306 0.003906 0.018056
5 0.548047 0.788889 0.021094 0.002778
5 0.548047 0.788889 0.021094 0.002778
5 0.548047 0.788889 0.021094 0.002778
5 0.565234 0.768750 0.066406 0.020833
5 0.565234 0.768750 0.066406 0.020833
5 0.565234 0.768750 0.066406 0.020833
5 0.562891 0.796528 0.061719 0.015278
5 0.562891 0.796528 0.061719 0.015278
5 0.562891 0.796528 0.061719 0.015278
5 0.622656 0.802778 0.028125 0.019444
5 0.622656 0.802778 0.028125 0.019444
5 0.622656 0.802778 0.028125 0.019444
5 0.623437 0.790972 0.029687 0.020833
5 0.623437 0.790972 0.029687 0.020833
5 0.623437 0.790972 0.029687 0.020833
5 0.623437 0.779861 0.029687 0.015278
5 0.623437 0.779861 0.029687 0.015278
5 0.623437 0.779861 0.029687 0.015278
5 0.631250 0.763889 0.045312 0.019444
5 0.631250 0.763889 0.045312 0.019444
5 0.631250 0.763889 0.045312 0.019444
6 0.382031 0.878472 0.078125 0.112500
6 0.510156 0.836111 0.029687 0.102778
6 0.382031 0.772917 0.078125 0.118056
6 0.419922 0.852083 0.002344 0.101389
6 0.047656 0.941667 0.095312 0.113889
7 0.175391 0.890972 0.071094 0.034722
7 0.014453 0.736111 0.028906 0.013889
8 0.110937 0.961806 0.026562 0.051389
5 0.105859 0.938194 0.022656 0.023611
8 0.140625 0.933333 0.092188 0.033333
5 0.137109 0.919444 0.085156 0.036111
8 0.187500 0.931250 0.092188 0.065278
5 0.186328 0.902778 0.082031 0.033333
8 0.241406 0.897917 0.087500 0.029167
5 0.239844 0.887500 0.078125 0.030556
8 0.249219 0.951389 0.096875 0.069444
5 0.248047 0.921528 0.086719 0.034722
8 0.301172 0.931944 0.088281 0.063889
5 0.301563 0.904167 0.082812 0.033333
8 0.200781 0.966667 0.101562 0.063889
5 0.199609 0.939583 0.089844 0.040278
8 0.142187 0.978472 0.095312 0.040278
5 0.138281 0.961111 0.087500 0.044444
8 0.970703 0.930556 0.019531 0.019444
5 0.982031 0.930556 0.034375 0.025000
8 0.968750 0.968056 0.060937 0.055556
5 0.970703 0.952778 0.057031 0.030556
8 0.968359 0.977083 0.058594 0.037500
5 0.967187 0.977083 0.064062 0.040278
5 0.948828 0.991667 0.100781 0.013889
0 0.554688 0.881944 0.120313 0.233333
0 0.687500 0.767361 0.100000 0.198611
1 0.225391 0.720833 0.063281 0.108333
1 0.201953 0.725694 0.082031 0.112500
1 0.178125 0.714583 0.076563 0.104167
1 0.150391 0.718750 0.069531 0.106944
1 0.127734 0.705556 0.074219 0.094444
1 0.095703 0.710417 0.075781 0.098611
1 0.065625 0.690278 0.062500 0.088889
2 0.991016 0.891667 0.016406 0.058333
2 0.991016 0.836111 0.016406 0.055556
2 0.990625 0.775000 0.017188 0.066667