3 0.499609 0.834722 0.999219 0.327778
4 0.109766 0.774306 0.016406 0.068056
8 0.600391 0.878472 0.088281 0.054167
5 0.522656 0.699306 0.015625 0.009722
5 0.522656 0.699306 0.015625 0.009722
5 0.522656 0.699306 0.015625 0.009722
5 0.522656 0.688889 0.015625 0.011111
5 0.522656 0.688889 0.015625 0.011111
5 0.522656 0.688889 0.015625 0.011111
5 0.522656 0.704861 0.015625 0.001389
5 0.522656 0.704861 0.015625 0.001389
5 0.522656 0.704861 0.015625 0.001389
5 0.583594 0.713194 0.004687 0.006944
5 0.583594 0.713194 0.004687 0.006944
5 0.583594 0.713194 0.004687 0.006944
5 0.583203 0.704167 0.005469 0.008333
5 0.583203 0.704167 0.005469 0.008333
5 0.583203 0.704167 0.005469 0.008333
5 0.583594 0.695139 0.006250 0.009722
5 0.583594 0.695139 0.006250 0.009722
5 0.583594 0.695139 0.006250 0.009722
5 0.583203 0.684028 0.007031 0.012500
5 0.583203 0.684028 0.007031 0.012500
5 0.583203 0.684028 0.007031 0.012500
6 0.435156 0.734722 0.054688 0.075000
6 0.490234 0.720139 0.049219 0.070833
6 0.436328 0.671528 0.057031 0.073611
6 0.464844 0.726389 0.051562 0.075000
6 0.236328 0.762500 0.032031 0.077778
6 0.201563 0.786806 0.043750 0.101389
7 0.141016 0.788194 0.053906 0.023611
7 0.060937 0.682639 0.031250 0.009722
7 0.092578 0.679861 0.032031 0.009722
7 0.023438 0.688194 0.014063 0.009722
8 0.100000 0.826389 0.032813 0.041667
5 0.092969 0.810417 0.037500 0.018056
8 0.319141 0.752083 0.002344 0.001389
5 0.313672 0.752083 0.005469 0.004167
8 0.331641 0.749306 0.024219 0.006944
5 0.325391 0.746528 0.028906 0.012500
8 0.343359 0.754167 0.055469 0.027778
5 0.342578 0.740972 0.049219 0.012500
8 0.369141 0.770139 0.038281 0.034722
5 0.361719 0.753472 0.045312 0.015278
8 0.386719 0.763194 0.056250 0.034722
5 0.386328 0.747222 0.050781 0.013889
8 0.342969 0.777083 0.045312 0.037500
5 0.339453 0.759722 0.044531 0.013889
8 0.326953 0.779167 0.011719 0.016667
5 0.326172 0.768056 0.011719 0.011111
8 0.851953 0.784722 0.061719 0.038889
5 0.851562 0.766667 0.056250 0.013889
8 0.865234 0.777083 0.060156 0.037500
5 0.864844 0.760417 0.054688 0.015278
8 0.844141 0.792361 0.061719 0.040278
5 0.842187 0.775000 0.057813 0.016667
8 0.829688 0.801389 0.062500 0.041667
5 0.827344 0.783333 0.057813 0.016667
8 0.807031 0.759028 0.056250 0.012500
5 0.805078 0.753472 0.052344 0.015278
8 0.817187 0.764583 0.007812 0.009722
5 0.789844 0.759722 0.054688 0.013889
8 0.776563 0.781250 0.054688 0.031944
5 0.777344 0.766667 0.053125 0.013889
8 0.759766 0.788194 0.058594 0.029167
5 0.760938 0.775000 0.056250 0.016667
8 0.733594 0.847222 0.057813 0.055556
5 0.731641 0.825000 0.053906 0.025000
8 0.783594 0.856250 0.068750 0.056944
5 0.783594 0.834028 0.060937 0.026389
8 0.678516 0.843750 0.063281 0.048611
5 0.680469 0.819444 0.059375 0.025000
8 0.630469 0.832639 0.067187 0.051389
5 0.630469 0.811806 0.059375 0.023611
8 0.792188 0.815278 0.068750 0.038889
5 0.791406 0.798611 0.062500 0.019444
8 0.778125 0.829861 0.071875 0.045833
5 0.776953 0.809722 0.064844 0.022222
8 0.712891 0.819444 0.063281 0.038889
5 0.712891 0.802778 0.055469 0.019444
8 0.663281 0.816667 0.059375 0.047222
5 0.664453 0.797917 0.055469 0.020833
8 0.599609 0.945139 0.086719 0.070833
5 0.596094 0.914583 0.079687 0.037500
8 0.626563 0.923611 0.096875 0.066667
5 0.625000 0.894444 0.087500 0.036111
8 0.322266 0.984722 0.022656 0.013889
5 0.343750 0.965278 0.065625 0.041667
8 0.361719 0.948611 0.056250 0.019444
5 0.382031 0.940278 0.089063 0.036111
0 0.259766 0.820139 0.171094 0.284722
0 0.531250 0.746528 0.104688 0.206944
0 0.618750 0.676389 0.065625 0.127778
1 0.281250 0.660417 0.060937 0.073611
1 0.243750 0.656250 0.028125 0.065278
1 0.240234 0.652083 0.035156 0.065278
1 0.214062 0.660417 0.060937 0.073611
1 0.175000 0.653472 0.021875 0.070833
1 0.171484 0.657639 0.058594 0.076389
1 0.134375 0.645139 0.054688 0.068056
1 0.041406 0.671528 0.050000 0.062500
1 0.028125 0.676389 0.023438 0.077778
1 0.981250 0.686806 0.035937 0.034722
2 0.988672 0.684722 0.021094 0.002778
2 0.982812 0.697917 0.032813 0.015278
2 0.998828 0.762500 0.000781 0.000000
2 0.985547 0.686111 0.022656 0.002778
2 0.997656 0.686806 0.003125 0.001389
2 0.981250 0.689583 0.023438 0.001389
2 0.995703 0.690278 0.007031 0.000000
1 0.965625 0.769444 0.067187 0.161111
2 0.997266 0.786111 0.003906 0.044444
2 0.974609 0.727778 0.049219 0.047222
2 0.962891 0.738194 0.055469 0.048611
2 0.966797 0.795833 0.063281 0.058333
2 0.959375 0.709028 0.026562 0.004167
2 0.984375 0.731944 0.028125 0.047222
2 0.953906 0.711806 0.028125 0.004167
2 0.980078 0.735417 0.028906 0.045833
2 0.485547 0.961111 0.189844 0.075000
2 0.308984 0.997222 0.017969 0.002778
2 0.417578 0.977778 0.208594 0.041667
2 0.485938 0.906944 0.106250 0.069444
2 0.421875 0.904167 0.120313 0.088889
2 0.909766 0.736111 0.013281 0.041667
2 0.823438 0.740972 0.046875 0.034722
2 0.875000 0.743056 0.054688 0.036111
2 0.823438 0.707639 0.046875 0.037500
2 0.874609 0.711111 0.055469 0.041667
2 0.827344 0.672222 0.054688 0.041667
2 0.874219 0.675000 0.054688 0.041667
5 0.010156 0.819444 0.020313 0.019444
5 0.009766 0.830556 0.019531 0.022222
5 0.009375 0.854167 0.018750 0.022222
5 0.009375 0.843056 0.018750 0.022222
5 0.009375 0.878472 0.018750 0.020833
5 0.008984 0.865972 0.017969 0.020833
5 0.010156 0.807639 0.020313 0.020833
5 0.010156 0.795139 0.020313 0.023611
5 0.052344 0.831250 0.084375 0.026389
5 0.052344 0.844444 0.084375 0.025000
5 0.051953 0.868750 0.083594 0.026389
5 0.052344 0.856250 0.084375 0.026389
5 0.051562 0.891667 0.084375 0.027778
5 0.051562 0.879861 0.084375 0.026389
5 0.019531 0.750000 0.001563 0.002778
5 0.052344 0.820833 0.084375 0.025000
5 0.052344 0.808333 0.084375 0.025000
5 0.052344 0.736806 0.084375 0.020833
5 0.052344 0.749306 0.084375 0.020833
5 0.052344 0.774306 0.084375 0.023611
5 0.052344 0.761806 0.084375 0.023611
5 0.052344 0.797222 0.084375 0.025000
5 0.052344 0.785417 0.084375 0.023611
5 0.019531 0.738194 0.001563 0.001389
5 0.019531 0.727083 0.001563 0.001389
5 0.052344 0.725000 0.084375 0.022222
5 0.052734 0.713194 0.083594 0.020833