3 0.499609 0.849306 0.999219 0.298611
4 0.232422 0.709722 0.010156 0.058333
4 0.142187 0.716667 0.004687 0.061111
4 0.094922 0.724306 0.011719 0.073611
4 0.028125 0.770833 0.000000 0.000000
8 0.102734 0.743750 0.078906 0.045833
8 0.717969 0.722222 0.054688 0.016667
5 0.467969 0.695139 0.017188 0.006944
5 0.467969 0.695139 0.017188 0.006944
5 0.467969 0.695139 0.017188 0.006944
5 0.467969 0.687500 0.017188 0.008333
5 0.467969 0.687500 0.017188 0.008333
5 0.467969 0.687500 0.017188 0.008333
5 0.467969 0.703472 0.017188 0.006944
5 0.467969 0.703472 0.017188 0.006944
5 0.467969 0.703472 0.017188 0.006944
6 0.458984 0.694444 0.038281 0.061111
6 0.474609 0.688889 0.003906 0.044444
6 0.459766 0.639583 0.039844 0.059722
6 0.464844 0.693750 0.017188 0.054167
6 0.358203 0.698611 0.061719 0.063889
6 0.341797 0.706250 0.050781 0.076389
7 0.169141 0.764583 0.078906 0.023611
7 0.113672 0.772917 0.088281 0.026389
7 0.617578 0.807639 0.078906 0.031944
7 0.632812 0.792361 0.096875 0.026389
7 0.532422 0.854861 0.141406 0.043056
7 0.569141 0.831250 0.110156 0.037500
7 0.363672 0.959722 0.211719 0.077778
7 0.446875 0.908333 0.179688 0.061111
7 0.118750 0.732639 0.040625 0.009722
7 0.003516 0.720833 0.007031 0.011111
7 0.325391 0.713194 0.000781 0.001389
7 0.230859 0.728472 0.038281 0.001389
7 0.002734 0.699306 0.005469 0.006944
7 0.007812 0.698611 0.010937 0.008333
6 0.346484 0.862500 0.260156 0.272222
6 0.680469 0.865278 0.225000 0.266667
8 0.033594 0.767361 0.067187 0.054167
5 0.031250 0.744444 0.062500 0.016667
8 0.005469 0.766667 0.010937 0.038889
5 0.003906 0.736806 0.007812 0.001389
8 0.256641 0.729861 0.039844 0.018056
5 0.257031 0.718056 0.039062 0.005556
8 0.224609 0.727778 0.025781 0.019444
5 0.205078 0.718056 0.013281 0.002778
8 0.325391 0.714583 0.002344 0.009722
5 0.326172 0.705556 0.002344 0.005556
8 0.389844 0.720139 0.001563 0.012500
5 0.389844 0.700000 0.001563 0.000000
8 0.402734 0.723611 0.000781 0.002778
5 0.397656 0.698611 0.017188 0.002778
8 0.417187 0.713889 0.046875 0.025000
5 0.416016 0.702778 0.042969 0.005556
8 0.432812 0.713194 0.043750 0.026389
5 0.429688 0.701389 0.043750 0.005556
8 0.409766 0.714583 0.041406 0.023611
5 0.407813 0.704861 0.037500 0.006944
8 0.401953 0.715972 0.025781 0.020833
5 0.400000 0.706250 0.021875 0.006944
5 0.745313 0.697222 0.000000 0.000000
5 0.744531 0.701389 0.001563 0.005556
8 0.737500 0.704167 0.003125 0.002778
5 0.741406 0.702778 0.007812 0.005556
8 0.738672 0.721528 0.013281 0.012500
5 0.738672 0.712500 0.013281 0.008333
8 0.700000 0.712500 0.042188 0.005556
5 0.700000 0.711111 0.037500 0.008333
8 0.743750 0.713889 0.000000 0.000000
5 0.740234 0.706250 0.010156 0.001389
8 0.720703 0.711806 0.002344 0.006944
5 0.714063 0.707639 0.015625 0.006944
8 0.739062 0.729167 0.004687 0.002778
5 0.742188 0.727083 0.006250 0.006944
8 0.726172 0.769444 0.038281 0.041667
5 0.728906 0.749306 0.032813 0.001389
8 0.729297 0.755556 0.024219 0.000000
5 0.732812 0.732639 0.025000 0.001389
8 0.652344 0.766667 0.073438 0.036111
5 0.653906 0.747917 0.040625 0.001389
8 0.662109 0.764583 0.057031 0.031944
5 0.660937 0.730556 0.059375 0.002778
0 0.503516 0.670833 0.072656 0.200000
0 0.614453 0.664583 0.055469 0.151389
0 0.582031 0.658333 0.018750 0.105556
1 0.228906 0.665972 0.059375 0.059722
1 0.213281 0.666667 0.060937 0.063889
1 0.174219 0.668056 0.053125 0.063889
1 0.158203 0.670833 0.055469 0.072222
1 0.126953 0.670139 0.055469 0.068056
1 0.112500 0.670833 0.060937 0.069444
1 0.059375 0.668056 0.028125 0.061111
1 0.033594 0.674306 0.067187 0.084722
1 0.014844 0.669444 0.029687 0.072222
1 0.956250 0.678472 0.045312 0.095833
2 0.942578 0.679861 0.011719 0.001389
2 0.963672 0.679167 0.010156 0.000000
2 0.947266 0.654861 0.007031 0.026389
2 0.956250 0.695139 0.037500 0.029167
2 0.947656 0.669444 0.006250 0.000000
1 0.973828 0.682639 0.050781 0.109722
2 0.951953 0.698611 0.000781 0.030556
2 0.982031 0.683333 0.014063 0.000000
2 0.951562 0.655556 0.001563 0.030556
2 0.976172 0.656250 0.041406 0.031944
2 0.975781 0.700694 0.045312 0.034722
2 0.952734 0.655556 0.000781 0.030556
2 0.963672 0.656250 0.019531 0.031944
2 0.985547 0.672222 0.013281 0.000000
1 0.911328 0.677778 0.041406 0.094444
2 0.892969 0.679861 0.000000 0.001389
2 0.892969 0.659028 0.000000 0.018056
2 0.898438 0.655556 0.006250 0.027778
2 0.912891 0.693750 0.033594 0.029167
2 0.892969 0.645139 0.000000 0.006944
1 0.923828 0.681944 0.047656 0.108333
2 0.902344 0.696528 0.000000 0.026389
2 0.901953 0.655556 0.000781 0.030556
2 0.924609 0.656250 0.038281 0.031944
2 0.924219 0.700694 0.042188 0.034722
2 0.902734 0.655556 0.000781 0.030556
2 0.903125 0.647917 0.000000 0.015278
2 0.935547 0.672222 0.008594 0.000000
2 0.832812 0.675694 0.110937 0.001389
2 0.829688 0.679861 0.125000 0.001389
2 0.830859 0.677778 0.119531 0.002778
2 0.826172 0.723611 0.141406 0.086111
2 0.826953 0.804861 0.141406 0.087500
2 0.697266 0.736111 0.049219 0.038889
2 0.626563 0.727778 0.059375 0.025000
2 0.743750 0.693750 0.003125 0.009722
2 0.757812 0.674306 0.031250 0.026389
2 0.799219 0.667361 0.034375 0.012500
2 0.757812 0.646528 0.031250 0.026389
2 0.799219 0.646528 0.034375 0.026389
5 0.166406 0.686806 0.067187 0.009722
5 0.166406 0.696528 0.067187 0.009722
5 0.166406 0.705556 0.067187 0.011111
5 0.166016 0.715972 0.066406 0.009722
5 0.166016 0.735417 0.066406 0.012500
5 0.166016 0.726389 0.066406 0.011111
5 0.167969 0.752083 0.062500 0.006944
5 0.165625 0.744444 0.067187 0.011111
5 0.223438 0.706944 0.065625 0.011111
5 0.223438 0.716667 0.065625 0.011111
5 0.223438 0.736806 0.065625 0.012500
5 0.223438 0.727778 0.065625 0.011111
5 0.218750 0.756944 0.057813 0.011111
5 0.223047 0.745833 0.066406 0.011111
5 0.006641 0.714583 0.013281 0.006944
5 0.007812 0.722222 0.010937 0.005556
5 0.223438 0.697917 0.065625 0.009722
5 0.223438 0.687500 0.065625 0.011111
5 0.290234 0.708333 0.066406 0.011111
5 0.290234 0.718056 0.066406 0.011111
5 0.290234 0.738194 0.066406 0.012500
5 0.290234 0.729167 0.066406 0.011111
5 0.266797 0.762500 0.019531 0.002778
5 0.300781 0.743056 0.045312 0.002778
5 0.049219 0.715972 0.040625 0.006944
5 0.049219 0.722917 0.040625 0.006944
5 0.290234 0.698611 0.066406 0.011111
5 0.290234 0.688194 0.066406 0.009722
5 0.291016 0.628472 0.066406 0.009722
5 0.291016 0.638889 0.066406 0.008333
5 0.291016 0.659722 0.066406 0.008333
5 0.291016 0.649306 0.066406 0.009722
5 0.290625 0.679167 0.067187 0.011111
5 0.291016 0.668750 0.066406 0.009722
5 0.049219 0.710417 0.040625 0.006944
5 0.049219 0.703472 0.040625 0.006944
5 0.291016 0.619444 0.066406 0.008333
5 0.291016 0.609028 0.066406 0.009722