3 0.499609 0.897917 0.999219 0.201389
8 0.375781 0.786111 0.137500 0.083333
5 0.603906 0.782639 0.034375 0.004167
5 0.603906 0.782639 0.034375 0.004167
5 0.603906 0.782639 0.034375 0.004167
5 0.603906 0.778472 0.034375 0.001389
5 0.603906 0.778472 0.034375 0.001389
5 0.603906 0.778472 0.034375 0.001389
5 0.606641 0.796528 0.032031 0.006944
5 0.606641 0.796528 0.032031 0.006944
5 0.606641 0.796528 0.032031 0.006944
5 0.658203 0.801389 0.002344 0.000000
5 0.658203 0.801389 0.002344 0.000000
5 0.658203 0.801389 0.002344 0.000000
6 0.373828 0.734722 0.007031 0.025000
6 0.508984 0.765972 0.032031 0.076389
6 0.405859 0.688889 0.071094 0.083333
8 0.297266 0.782639 0.002344 0.004167
8 0.307812 0.791667 0.035937 0.033333
5 0.309375 0.775000 0.025000 0.000000
8 0.334766 0.790972 0.060156 0.031944
5 0.339453 0.775000 0.049219 0.000000
8 0.899609 0.789583 0.086719 0.048611
5 0.926172 0.768750 0.022656 0.009722
8 0.924219 0.789583 0.078125 0.045833
5 0.949609 0.768750 0.024219 0.009722
8 0.874609 0.790278 0.091406 0.050000
5 0.876563 0.767361 0.076563 0.009722
8 0.841016 0.789583 0.094531 0.051389
5 0.846484 0.766667 0.071094 0.011111
8 0.854688 0.795139 0.075000 0.031944
8 0.843750 0.795833 0.020313 0.033333
8 0.796094 0.795833 0.084375 0.033333
8 0.757812 0.795833 0.078125 0.036111
8 0.634766 0.790972 0.096094 0.062500
5 0.628125 0.763194 0.082812 0.012500
8 0.694922 0.791667 0.113281 0.066667
5 0.694922 0.762500 0.100781 0.013889
8 0.574219 0.790972 0.103125 0.056944
5 0.573047 0.764583 0.089844 0.012500
8 0.508594 0.790972 0.075000 0.056944
5 0.507422 0.765278 0.061719 0.011111
8 0.765625 0.790278 0.100000 0.055556
5 0.783594 0.765278 0.051562 0.011111
8 0.728516 0.790972 0.103906 0.059722
5 0.748047 0.764583 0.050781 0.012500
8 0.641797 0.797917 0.089844 0.040278
5 0.649609 0.766667 0.039844 0.005556
8 0.588281 0.796528 0.085938 0.037500
8 0.313672 0.794444 0.046094 0.086111
5 0.308594 0.755556 0.035937 0.019444
8 0.357031 0.793750 0.134375 0.081944
5 0.362109 0.756944 0.105469 0.016667
0 0.415234 0.692361 0.167969 0.245833
0 0.670703 0.725000 0.094531 0.155556
1 0.337891 0.756250 0.063281 0.084722
1 0.317188 0.756250 0.053125 0.084722
1 0.301563 0.750000 0.021875 0.066667
1 0.295703 0.750000 0.008594 0.066667
1 0.978516 0.715278 0.041406 0.208333
2 0.981641 0.664583 0.035156 0.065278
2 0.982812 0.752083 0.032813 0.065278
2 0.146094 0.796528 0.292187 0.379167
2 0.148438 0.432639 0.296875 0.409722
2 0.901953 0.784028 0.053906 0.045833
2 0.969141 0.784722 0.060156 0.047222
2 0.900391 0.738194 0.053906 0.045833
2 0.968750 0.736806 0.060937 0.045833
2 0.899219 0.693056 0.053125 0.047222
2 0.958984 0.690278 0.044531 0.047222