3 0.499609 0.909722 0.999219 0.177778
8 0.290625 0.987500 0.125000 0.022222
5 0.603906 0.837500 0.065625 0.013889
5 0.603906 0.837500 0.065625 0.013889
5 0.603906 0.837500 0.065625 0.013889
5 0.603906 0.824306 0.065625 0.015278
5 0.603906 0.824306 0.065625 0.015278
5 0.603906 0.824306 0.065625 0.015278
5 0.603906 0.850000 0.065625 0.013889
5 0.603906 0.850000 0.065625 0.013889
5 0.603906 0.850000 0.065625 0.013889
5 0.646094 0.854167 0.004687 0.011111
5 0.646094 0.854167 0.004687 0.011111
5 0.646094 0.854167 0.004687 0.011111
5 0.646094 0.840972 0.004687 0.012500
5 0.646094 0.840972 0.004687 0.012500
5 0.646094 0.840972 0.004687 0.012500
5 0.645703 0.828472 0.005469 0.012500
5 0.645703 0.828472 0.005469 0.012500
5 0.645703 0.828472 0.005469 0.012500
5 0.645703 0.813889 0.005469 0.011111
5 0.645703 0.813889 0.005469 0.011111
5 0.645703 0.813889 0.005469 0.011111
6 0.368750 0.850000 0.071875 0.111111
6 0.511328 0.836111 0.038281 0.094444
6 0.380469 0.748611 0.093750 0.111111
6 0.425781 0.795833 0.039062 0.008333
6 0.032031 0.876389 0.064062 0.150000
7 0.219922 0.888889 0.002344 0.000000
7 0.064062 0.822917 0.003125 0.006944
7 0.092188 0.822222 0.034375 0.011111
8 0.080078 0.904167 0.041406 0.047222
5 0.081250 0.871528 0.040625 0.018056
8 0.126562 0.892361 0.081250 0.056944
5 0.128125 0.865278 0.076563 0.013889
8 0.194141 0.902778 0.035156 0.013889
5 0.179688 0.859028 0.075000 0.009722
8 0.255469 0.883333 0.042188 0.047222
5 0.236328 0.854861 0.072656 0.009722
8 0.232813 0.895139 0.085938 0.056944
5 0.229687 0.868750 0.079687 0.018056
8 0.289062 0.888889 0.085938 0.052778
5 0.287500 0.863889 0.076563 0.016667
8 0.178906 0.900000 0.092188 0.061111
5 0.176953 0.873611 0.082031 0.019444
8 0.110547 0.906944 0.096094 0.063889
5 0.108984 0.879861 0.085156 0.020833
8 0.998437 0.915972 0.001563 0.001389
5 0.999219 0.900000 0.000000 0.002778
8 0.981250 0.944444 0.035937 0.063889
5 0.981250 0.913889 0.035937 0.022222
5 0.970703 0.877083 0.057031 0.009722
8 0.958203 0.913889 0.082031 0.041667
5 0.953516 0.884722 0.091406 0.013889
8 0.938281 0.914583 0.121875 0.040278
5 0.926953 0.895139 0.094531 0.020833
8 0.898047 0.917361 0.130469 0.034722
5 0.890234 0.905556 0.105469 0.027778
8 0.768359 0.980556 0.171094 0.036111
5 0.783203 0.972917 0.122656 0.051389
8 0.893750 0.989583 0.182812 0.018056
5 0.893750 0.981250 0.162500 0.034722
8 0.666797 0.974306 0.158594 0.048611
5 0.668750 0.959028 0.145313 0.043056
8 0.573828 0.967361 0.150781 0.062500
5 0.575781 0.944444 0.137500 0.038889
8 0.933594 0.964583 0.131250 0.068056
5 0.934766 0.936806 0.128906 0.037500
8 0.902734 0.970833 0.167969 0.055556
5 0.900781 0.951389 0.151562 0.041667
8 0.779687 0.962500 0.112500 0.061111
5 0.774609 0.936111 0.105469 0.030556
8 0.671484 0.956250 0.138281 0.070833
5 0.671875 0.925000 0.123438 0.027778
0 0.410156 0.813194 0.235937 0.370833
0 0.721875 0.784028 0.084375 0.193056
1 0.291016 0.792361 0.075781 0.098611
1 0.259766 0.793056 0.077344 0.100000
1 0.231641 0.790972 0.052344 0.095833
1 0.210547 0.791667 0.072656 0.097222
1 0.203906 0.788889 0.056250 0.091667
1 0.166406 0.788889 0.070312 0.091667
1 0.153125 0.784722 0.068750 0.080556
2 0.996094 0.861806 0.006250 0.023611
2 0.995313 0.820139 0.007812 0.056944
2 0.994531 0.762500 0.009375 0.058333