3 0.499609 0.838889 0.999219 0.319444
4 0.320312 0.675000 0.000000 0.005556
4 0.251563 0.657639 0.001563 0.029167
4 0.083984 0.639583 0.003906 0.009722
4 0.029687 0.640972 0.001563 0.009722
4 0.041016 0.645833 0.011719 0.000000
4 0.005078 0.665278 0.000781 0.038889
8 0.149609 0.670139 0.013281 0.015278
6 0.467187 0.659028 0.015625 0.048611
6 0.458984 0.614583 0.036719 0.048611
6 0.468359 0.655556 0.011719 0.036111
6 0.349219 0.656250 0.037500 0.051389
6 0.333594 0.655556 0.034375 0.052778
7 0.173828 0.681944 0.047656 0.008333
7 0.124609 0.683333 0.057031 0.008333
7 0.414453 0.690278 0.063281 0.019444
7 0.456250 0.688889 0.037500 0.016667
7 0.296094 0.694444 0.085938 0.022222
7 0.352734 0.693056 0.072656 0.019444
7 0.116016 0.701389 0.080469 0.027778
7 0.194922 0.697917 0.094531 0.026389
7 0.023828 0.681944 0.038281 0.005556
7 0.153125 0.677083 0.003125 0.001389
7 0.090234 0.679167 0.017969 0.008333
7 0.265625 0.681250 0.029687 0.004167
7 0.147266 0.676389 0.000781 0.000000
6 0.050391 0.643750 0.100781 0.159722
6 0.170313 0.642361 0.142187 0.170833
8 0.062891 0.672917 0.058594 0.023611
8 0.027734 0.679861 0.050781 0.009722
8 0.257812 0.675694 0.045312 0.020833
5 0.260547 0.665278 0.036719 0.000000
8 0.227734 0.675694 0.046094 0.020833
5 0.228906 0.665278 0.009375 0.000000
8 0.328516 0.672222 0.000781 0.011111
5 0.328516 0.663889 0.000781 0.002778
8 0.383984 0.670833 0.002344 0.002778
8 0.387109 0.675000 0.003906 0.011111
8 0.387500 0.675000 0.001563 0.011111
8 0.384375 0.677778 0.003125 0.005556
8 0.377344 0.672222 0.023438 0.019444
5 0.385547 0.663889 0.005469 0.002778
8 0.468750 0.670139 0.012500 0.018056
5 0.469922 0.662500 0.010156 0.005556
8 0.012500 0.695139 0.025000 0.087500
5 0.007031 0.656250 0.014063 0.018056
8 0.057422 0.694444 0.114844 0.083333
5 0.052344 0.656250 0.104688 0.018056
8 0.001172 0.670833 0.002344 0.027778
0 0.876563 0.255556 0.245312 0.511111
0 0.425000 0.612500 0.070312 0.136111
0 0.555859 0.581250 0.041406 0.029167
0 0.561328 0.593056 0.002344 0.005556
0 0.674609 0.443056 0.649219 0.886111
1 0.299219 0.650694 0.043750 0.056944
1 0.290234 0.650000 0.044531 0.061111
1 0.262109 0.631944 0.036719 0.011111
1 0.247656 0.646528 0.046875 0.051389
1 0.221875 0.641667 0.043750 0.036111
1 0.205469 0.647917 0.037500 0.048611
1 0.146484 0.654167 0.005469 0.033333
1 0.150391 0.647917 0.013281 0.059722
1 0.090234 0.634722 0.016406 0.044444
1 0.008203 0.627083 0.016406 0.040278
1 0.023047 0.627083 0.028906 0.040278
2 0.600781 0.656250 0.000000 0.001389
2 0.519141 0.624306 0.086719 0.054167
2 0.518750 0.677083 0.087500 0.054167
5 0.185547 0.635417 0.025781 0.004167
5 0.195703 0.644444 0.022656 0.002778
5 0.195703 0.650000 0.022656 0.005556
5 0.195703 0.658333 0.022656 0.005556
5 0.195703 0.672222 0.022656 0.005556
5 0.195703 0.665278 0.022656 0.005556
5 0.197656 0.684722 0.000000 0.000000
5 0.195703 0.679167 0.022656 0.005556
5 0.081250 0.683333 0.000000 0.000000
5 0.225000 0.650000 0.050000 0.005556
5 0.225000 0.657639 0.050000 0.006944
5 0.225391 0.672917 0.049219 0.006944
5 0.225000 0.665278 0.050000 0.005556
5 0.224609 0.686806 0.050781 0.006944
5 0.224609 0.679167 0.050781 0.005556
5 0.092578 0.683333 0.010156 0.000000
5 0.225000 0.643056 0.050000 0.005556
5 0.225000 0.636111 0.050000 0.005556
5 0.269141 0.649306 0.050781 0.006944
5 0.269141 0.657639 0.050781 0.006944
5 0.269141 0.672917 0.050781 0.006944
5 0.269141 0.665278 0.050781 0.005556
5 0.252734 0.687500 0.017969 0.005556
5 0.269141 0.679861 0.050781 0.006944
5 0.146875 0.677083 0.007812 0.001389
5 0.269922 0.643056 0.050781 0.005556
5 0.269922 0.635417 0.050781 0.006944
5 0.269922 0.590972 0.050781 0.006944
5 0.269922 0.598611 0.050781 0.008333
5 0.269922 0.613194 0.050781 0.006944
5 0.269922 0.606250 0.050781 0.006944
5 0.269922 0.628472 0.050781 0.006944
5 0.269922 0.620833 0.050781 0.008333
5 0.147656 0.670139 0.007812 0.001389
5 0.147656 0.665972 0.007812 0.004167
5 0.269922 0.584028 0.050781 0.006944
5 0.269922 0.576389 0.050781 0.008333