3 0.538672 0.834028 0.921094 0.329167
4 0.325000 0.695833 0.000000 0.016667
4 0.262891 0.668750 0.010156 0.006944
4 0.192188 0.700694 0.003125 0.048611
4 0.152734 0.707639 0.005469 0.059722
4 0.106250 0.713194 0.000000 0.065278
4 0.089063 0.677083 0.001563 0.043056
8 0.161719 0.724306 0.062500 0.037500
8 0.648047 0.700000 0.000781 0.002778
5 0.472266 0.661111 0.013281 0.005556
5 0.472266 0.661111 0.013281 0.005556
5 0.472266 0.661111 0.013281 0.005556
5 0.537109 0.676389 0.022656 0.005556
5 0.537109 0.676389 0.022656 0.005556
5 0.537109 0.676389 0.022656 0.005556
5 0.537109 0.670139 0.022656 0.006944
5 0.537109 0.670139 0.022656 0.006944
5 0.537109 0.670139 0.022656 0.006944
5 0.536719 0.661806 0.023438 0.006944
5 0.536719 0.661806 0.023438 0.006944
5 0.536719 0.661806 0.023438 0.006944
5 0.532031 0.654861 0.032813 0.006944
5 0.532031 0.654861 0.032813 0.006944
5 0.532031 0.654861 0.032813 0.006944
6 0.467578 0.671528 0.028906 0.051389
6 0.484766 0.651389 0.013281 0.016667
6 0.467969 0.625694 0.029687 0.051389
6 0.475781 0.670139 0.031250 0.051389
6 0.372266 0.684028 0.052344 0.062500
6 0.360156 0.688889 0.039062 0.066667
7 0.215625 0.743056 0.062500 0.019444
7 0.173437 0.752083 0.068750 0.020833
7 0.544531 0.784028 0.070312 0.023611
7 0.573828 0.770833 0.074219 0.022222
7 0.476172 0.822222 0.099219 0.030556
7 0.511719 0.804861 0.089063 0.026389
7 0.341406 0.888889 0.115625 0.044444
7 0.406641 0.859028 0.116406 0.037500
7 0.167187 0.712500 0.034375 0.013889
7 0.339453 0.689583 0.011719 0.004167
7 0.083984 0.669444 0.005469 0.005556
6 0.152344 0.943750 0.304688 0.109722
6 0.330469 0.857639 0.140625 0.206944
6 0.505859 0.879861 0.136719 0.237500
8 0.108984 0.747917 0.057031 0.043056
5 0.107031 0.729861 0.053125 0.012500
8 0.087500 0.742361 0.014063 0.037500
5 0.085547 0.723611 0.010156 0.002778
8 0.282031 0.714583 0.023438 0.018056
5 0.282031 0.700000 0.023438 0.008333
8 0.247656 0.704861 0.046875 0.009722
5 0.239063 0.702083 0.001563 0.001389
8 0.339844 0.690972 0.010937 0.009722
5 0.344141 0.684722 0.002344 0.005556
8 0.400000 0.701389 0.001563 0.002778
5 0.399609 0.678472 0.002344 0.001389
5 0.399609 0.677083 0.002344 0.001389
8 0.426953 0.697917 0.010156 0.015278
5 0.426953 0.679861 0.010156 0.001389
8 0.442188 0.690278 0.031250 0.022222
5 0.438281 0.679167 0.032813 0.005556
8 0.415234 0.696528 0.033594 0.023611
5 0.415234 0.684028 0.033594 0.006944
8 0.399609 0.694444 0.002344 0.008333
5 0.399609 0.686111 0.002344 0.005556
8 0.789844 0.690972 0.006250 0.023611
5 0.773047 0.679861 0.035156 0.004167
8 0.793750 0.688194 0.006250 0.023611
5 0.778125 0.677778 0.032813 0.005556
8 0.784375 0.692361 0.014063 0.023611
5 0.778516 0.681944 0.021094 0.005556
8 0.782422 0.693750 0.010156 0.020833
5 0.781250 0.684722 0.007812 0.005556
8 0.753516 0.677083 0.000781 0.001389
5 0.734375 0.675694 0.034375 0.004167
5 0.729297 0.677083 0.033594 0.001389
5 0.726562 0.677778 0.032813 0.000000
8 0.782813 0.709722 0.010937 0.030556
5 0.781641 0.695833 0.008594 0.008333
8 0.648047 0.697917 0.000781 0.004167
5 0.656250 0.693056 0.017188 0.008333
5 0.668359 0.686806 0.007031 0.001389
8 0.643359 0.747222 0.010156 0.036111
5 0.648047 0.729167 0.000781 0.011111
8 0.599609 0.745139 0.058594 0.040278
5 0.597656 0.727083 0.054688 0.012500
8 0.608984 0.738889 0.058594 0.038889
5 0.614844 0.722222 0.045312 0.011111
8 0.174609 0.979167 0.192969 0.038889
5 0.168359 0.968056 0.180469 0.061111
8 0.364453 0.990278 0.216406 0.016667
5 0.361719 0.979167 0.195312 0.038889
8 0.430078 0.968750 0.189844 0.059722
5 0.427734 0.954861 0.171094 0.065278
8 0.254688 0.956944 0.175000 0.077778
5 0.248828 0.936111 0.163281 0.050000
0 0.489844 0.666667 0.071875 0.163889
0 0.592578 0.645139 0.044531 0.115278
0 0.565234 0.638194 0.028906 0.093056
1 0.263672 0.643056 0.049219 0.058333
1 0.248438 0.645833 0.054688 0.063889
1 0.214844 0.643056 0.050000 0.058333
1 0.201953 0.645139 0.053906 0.062500
1 0.172266 0.643750 0.050781 0.059722
1 0.158203 0.645139 0.053906 0.062500
1 0.094141 0.642361 0.025781 0.056944
1 0.101172 0.656250 0.039844 0.079167
1 0.087109 0.652083 0.011719 0.070833
1 0.987891 0.650694 0.016406 0.065278
2 0.983594 0.672222 0.003125 0.022222
2 0.982422 0.639583 0.000781 0.023611
2 0.992188 0.640972 0.014063 0.026389
2 0.991406 0.672917 0.015625 0.020833
2 0.983203 0.639583 0.000781 0.023611
2 0.984766 0.640278 0.000781 0.025000
1 0.996875 0.651389 0.004687 0.063889
2 0.998047 0.675694 0.002344 0.015278
2 0.997266 0.643750 0.000781 0.026389
2 0.998828 0.676389 0.000781 0.013889
2 0.998828 0.643750 0.000781 0.026389
2 0.999219 0.634028 0.000000 0.006944
1 0.899609 0.659722 0.033594 0.083333
2 0.900000 0.639583 0.029687 0.023611
2 0.900000 0.674306 0.029687 0.026389
2 0.885547 0.626389 0.000781 0.000000
1 0.905859 0.667361 0.039844 0.095833
2 0.916016 0.629167 0.005469 0.000000
2 0.905469 0.644444 0.032813 0.027778
2 0.905859 0.683333 0.033594 0.030556
2 0.896484 0.629167 0.014844 0.000000
2 0.912500 0.629167 0.015625 0.000000
2 0.915625 0.658333 0.007812 0.000000
1 0.860156 0.659028 0.032813 0.084722
2 0.860156 0.627778 0.028125 0.000000
2 0.860547 0.664583 0.028906 0.001389
1 0.861719 0.666667 0.037500 0.094444
2 0.853906 0.665278 0.014063 0.000000
2 0.860938 0.644444 0.032813 0.027778
2 0.861719 0.681944 0.032813 0.030556
2 0.860938 0.629167 0.000000 0.000000
2 0.873828 0.629167 0.007031 0.000000
2 0.852734 0.629167 0.014844 0.000000
2 0.869531 0.634028 0.015625 0.009722
2 0.928516 0.764583 0.003906 0.054167
2 0.964844 0.784028 0.068750 0.065278
2 0.964453 0.725694 0.069531 0.065278
2 0.962891 0.711111 0.072656 0.055556
2 0.732031 0.705556 0.089063 0.055556
2 0.713281 0.717361 0.101562 0.062500
2 0.760547 0.775000 0.007031 0.061111
2 0.773828 0.756250 0.005469 0.054167
2 0.723437 0.711111 0.093750 0.058333
2 0.702734 0.725000 0.107031 0.066667
2 0.702734 0.784722 0.107031 0.066667
2 0.767578 0.765278 0.007031 0.058333
2 0.631641 0.726389 0.033594 0.047222
2 0.596094 0.725000 0.051562 0.047222
2 0.786719 0.668750 0.004687 0.012500
2 0.731250 0.670833 0.029687 0.008333
2 0.767969 0.671528 0.032813 0.012500
2 0.731250 0.653472 0.029687 0.023611
2 0.767188 0.653472 0.032813 0.026389
2 0.731250 0.628472 0.029687 0.023611
2 0.767188 0.629167 0.032813 0.025000
5 0.212109 0.675694 0.053906 0.009722
5 0.212109 0.684028 0.053906 0.009722
5 0.212109 0.692361 0.053906 0.009722
5 0.212109 0.700000 0.053906 0.011111
5 0.211719 0.716667 0.054688 0.011111
5 0.212109 0.708333 0.053906 0.011111
5 0.213672 0.731250 0.050781 0.009722
5 0.211719 0.724306 0.054688 0.009722
5 0.258594 0.693750 0.053125 0.009722
5 0.258594 0.701389 0.053125 0.011111
5 0.258984 0.718056 0.053906 0.011111
5 0.258984 0.709722 0.053906 0.011111
5 0.258594 0.734028 0.053125 0.012500
5 0.258594 0.725000 0.053125 0.011111
5 0.082422 0.690278 0.002344 0.005556
5 0.082422 0.696528 0.002344 0.004167
5 0.258594 0.685417 0.053125 0.009722
5 0.258594 0.677083 0.053125 0.009722
5 0.313281 0.695139 0.054688 0.009722
5 0.313281 0.702778 0.054688 0.011111
5 0.313281 0.720139 0.054688 0.012500
5 0.313281 0.711111 0.054688 0.011111
5 0.312891 0.736111 0.053906 0.011111
5 0.312891 0.727778 0.053906 0.011111
5 0.105078 0.691667 0.041406 0.005556
5 0.104297 0.697917 0.041406 0.006944
5 0.313281 0.686806 0.054688 0.009722
5 0.313281 0.678472 0.054688 0.009722
5 0.313672 0.630556 0.053906 0.008333
5 0.313672 0.638889 0.053906 0.008333
5 0.313672 0.655556 0.053906 0.008333
5 0.313672 0.647222 0.053906 0.008333
5 0.313281 0.671528 0.054688 0.009722
5 0.313281 0.663194 0.054688 0.009722
5 0.105078 0.686111 0.041406 0.005556
5 0.105078 0.680556 0.041406 0.005556
5 0.313672 0.622917 0.053906 0.006944
5 0.313672 0.614583 0.053906 0.006944