3 0.499609 0.825694 0.999219 0.345833
4 0.433984 0.747222 0.007031 0.055556
4 0.452734 0.781944 0.027344 0.066667
4 0.481641 0.805556 0.005469 0.066667
4 0.488281 0.829861 0.032813 0.076389
4 0.522266 0.861111 0.010156 0.077778
4 0.535547 0.893056 0.038281 0.091667
4 0.580469 0.936111 0.012500 0.094444
4 0.609766 0.955556 0.021094 0.086111
4 0.075000 0.770139 0.009375 0.059722
4 0.059375 0.818056 0.015625 0.077778
4 0.046484 0.840278 0.011719 0.075000
4 0.035937 0.877083 0.018750 0.093056
4 0.018750 0.907639 0.014063 0.087500
4 0.007031 0.950694 0.014063 0.095833
8 0.569531 0.886806 0.054688 0.065278
8 0.908984 0.754861 0.066406 0.026389
5 0.368359 0.663889 0.039844 0.011111
5 0.368359 0.663889 0.039844 0.011111
5 0.368359 0.663889 0.039844 0.011111
5 0.368359 0.654861 0.039844 0.012500
5 0.368359 0.654861 0.039844 0.012500
5 0.368359 0.654861 0.039844 0.012500
5 0.368359 0.671528 0.039844 0.009722
5 0.368359 0.671528 0.039844 0.009722
5 0.368359 0.671528 0.039844 0.009722
5 0.422266 0.668750 0.039844 0.009722
5 0.422266 0.668750 0.039844 0.009722
5 0.422266 0.668750 0.039844 0.009722
5 0.422266 0.661806 0.039844 0.009722
5 0.422266 0.661806 0.039844 0.009722
5 0.422266 0.661806 0.039844 0.009722
5 0.422266 0.653472 0.039844 0.009722
5 0.422266 0.653472 0.039844 0.009722
5 0.422266 0.653472 0.039844 0.009722
5 0.422266 0.644444 0.039844 0.011111
5 0.422266 0.644444 0.039844 0.011111
5 0.422266 0.644444 0.039844 0.011111
6 0.507812 0.693750 0.032813 0.040278
6 0.481641 0.684722 0.027344 0.061111
6 0.508984 0.648611 0.035156 0.063889
6 0.494141 0.688889 0.033594 0.055556
6 0.538281 0.752083 0.056250 0.076389
6 0.574219 0.764583 0.064062 0.076389
7 0.687891 0.906250 0.077344 0.031944
7 0.725000 0.940972 0.084375 0.034722
7 0.426563 0.936111 0.046875 0.047222
7 0.117188 0.994444 0.039062 0.008333
7 0.380469 0.834722 0.034375 0.033333
7 0.058594 0.811111 0.062500 0.022222
7 0.382812 0.739583 0.046875 0.015278
7 0.414453 0.791667 0.053906 0.019444
6 0.013281 0.777083 0.026562 0.112500
6 0.013281 0.862500 0.026562 0.116667
8 0.783203 0.995139 0.003906 0.004167
5 0.756250 0.995833 0.057813 0.005556
8 0.710938 0.961806 0.079687 0.073611
5 0.711719 0.945139 0.070312 0.043056
8 0.650781 0.965278 0.078125 0.066667
5 0.653516 0.953472 0.064844 0.043056
8 0.590625 0.830556 0.007812 0.030556
5 0.577344 0.806944 0.020313 0.019444
8 0.513672 0.827778 0.024219 0.050000
5 0.514062 0.811806 0.023438 0.023611
8 0.482031 0.760417 0.048438 0.034722
5 0.481250 0.745833 0.043750 0.013889
8 0.473047 0.749306 0.044531 0.034722
5 0.473828 0.736111 0.042969 0.011111
8 0.463281 0.738194 0.040625 0.029167
5 0.464453 0.729167 0.039844 0.011111
8 0.459375 0.731944 0.043750 0.033333
5 0.458594 0.720139 0.040625 0.009722
8 0.498047 0.732639 0.011719 0.018056
5 0.501953 0.725000 0.016406 0.008333
8 0.507422 0.723611 0.032031 0.019444
5 0.508984 0.717361 0.033594 0.009722
8 0.506641 0.749306 0.007031 0.026389
5 0.506641 0.734028 0.007031 0.009722
8 0.509766 0.747222 0.000781 0.013889
8 0.759766 0.679167 0.011719 0.005556
5 0.772656 0.677778 0.028125 0.008333
8 0.764844 0.675000 0.031250 0.005556
5 0.763281 0.672222 0.031250 0.008333
8 0.776172 0.690278 0.017969 0.019444
5 0.777734 0.683333 0.017969 0.008333
8 0.794141 0.697222 0.025781 0.019444
5 0.794922 0.689583 0.024219 0.006944
8 0.709375 0.677083 0.010937 0.009722
5 0.714844 0.674306 0.014063 0.006944
8 0.715625 0.677778 0.000000 0.000000
5 0.735547 0.677778 0.036719 0.002778
8 0.765234 0.703472 0.002344 0.006944
5 0.753516 0.683333 0.027344 0.005556
8 0.771875 0.699306 0.025000 0.015278
5 0.770312 0.690972 0.023438 0.009722
8 0.880078 0.736111 0.021094 0.025000
5 0.867578 0.720833 0.039844 0.013889
8 0.905078 0.734722 0.036719 0.025000
5 0.903516 0.719444 0.033594 0.013889
8 0.842969 0.736111 0.028125 0.016667
5 0.842969 0.723611 0.028125 0.013889
8 0.806641 0.737500 0.044531 0.033333
5 0.798047 0.725000 0.024219 0.013889
8 0.825781 0.707639 0.040625 0.018056
5 0.827344 0.700000 0.042188 0.008333
8 0.853516 0.711111 0.035156 0.005556
5 0.848437 0.708333 0.039062 0.011111
8 0.821875 0.725000 0.031250 0.019444
5 0.820312 0.711806 0.029687 0.009722
8 0.784375 0.725694 0.042188 0.031944
5 0.775781 0.713889 0.021875 0.013889
5 0.987109 0.772222 0.024219 0.011111
8 0.968750 0.762500 0.046875 0.008333
5 0.973828 0.761111 0.050781 0.011111
8 0.987891 0.825694 0.022656 0.043056
5 0.989453 0.809028 0.019531 0.015278
0 0.860547 0.759722 0.103906 0.197222
0 0.739062 0.692361 0.071875 0.148611
0 0.509375 0.635417 0.035937 0.104167
0 0.485156 0.949306 0.118750 0.098611
1 0.000391 0.989583 0.000781 0.012500
1 0.049219 0.960417 0.096875 0.076389
1 0.098437 0.659722 0.064062 0.086111
1 0.095312 0.665278 0.065625 0.088889
1 0.034375 0.656250 0.056250 0.073611
1 0.031641 0.668750 0.050781 0.084722
1 0.028516 0.727083 0.044531 0.118056
1 0.010156 0.796528 0.020313 0.159722
1 0.976172 0.634028 0.046094 0.070833
2 0.958984 0.647222 0.007031 0.019444
2 0.967578 0.617361 0.024219 0.020833
2 0.989453 0.619444 0.019531 0.013889
2 0.967578 0.656250 0.008594 0.001389
2 0.971875 0.615972 0.017188 0.015278
2 0.980078 0.609028 0.011719 0.001389
2 0.978906 0.617361 0.015625 0.012500
2 0.992578 0.610417 0.013281 0.001389
1 0.915625 0.637500 0.056250 0.072222
2 0.902344 0.618056 0.025000 0.016667
2 0.926953 0.624306 0.028906 0.020833
2 0.932422 0.656944 0.016406 0.019444
2 0.907422 0.618750 0.013281 0.015278
2 0.916016 0.611806 0.010156 0.001389
2 0.914844 0.620833 0.007812 0.013889
2 0.923438 0.613194 0.015625 0.001389
1 0.978516 0.660417 0.041406 0.090278
2 0.968359 0.670139 0.016406 0.026389
2 0.975781 0.657639 0.006250 0.001389
2 0.974219 0.637500 0.028125 0.025000
2 0.993359 0.643750 0.011719 0.026389
2 0.984375 0.675694 0.029687 0.031944
2 0.978125 0.639583 0.017188 0.026389
2 0.990234 0.627083 0.017969 0.001389
2 0.987109 0.642361 0.017969 0.026389
2 0.996484 0.629167 0.005469 0.000000
1 0.849219 0.645833 0.040625 0.083333
2 0.836328 0.612500 0.014844 0.000000
2 0.853516 0.629167 0.027344 0.025000
2 0.844922 0.659722 0.032031 0.027778
2 0.835156 0.614583 0.012500 0.001389
2 0.842578 0.614583 0.011719 0.001389
2 0.837500 0.618056 0.012500 0.002778
2 0.853125 0.615972 0.012500 0.001389
1 0.911719 0.665278 0.062500 0.091667
2 0.899219 0.629861 0.029687 0.004167
2 0.925781 0.647917 0.029687 0.026389
2 0.920703 0.681250 0.039844 0.031944
2 0.896094 0.631250 0.010937 0.001389
2 0.915234 0.630556 0.008594 0.000000
2 0.907813 0.633333 0.014063 0.002778
2 0.921484 0.632639 0.019531 0.001389
1 0.812109 0.646528 0.053906 0.081944
2 0.806641 0.613889 0.000781 0.000000
2 0.821875 0.629861 0.029687 0.023611
2 0.821094 0.661111 0.031250 0.027778
2 0.806250 0.615278 0.000000 0.000000
2 0.807031 0.615278 0.000000 0.000000
2 0.806250 0.632639 0.000000 0.018056
1 0.874609 0.663194 0.053906 0.087500
2 0.860547 0.676389 0.010156 0.025000
2 0.865625 0.642361 0.031250 0.026389
2 0.887891 0.649306 0.027344 0.026389
2 0.880078 0.681944 0.042969 0.033333
2 0.867188 0.645139 0.018750 0.026389
2 0.880469 0.632639 0.014063 0.001389
2 0.873437 0.647222 0.015625 0.027778
2 0.885547 0.633333 0.013281 0.000000
2 0.963281 0.795139 0.071875 0.059722
2 0.922656 0.798611 0.071875 0.061111
2 0.639062 0.656250 0.014063 0.029167
2 0.666797 0.663889 0.039844 0.030556
2 0.702344 0.664583 0.029687 0.026389
2 0.666797 0.639583 0.039844 0.029167
2 0.702344 0.640278 0.029687 0.025000
2 0.666797 0.615972 0.039844 0.029167
2 0.697266 0.614583 0.039844 0.029167
5 0.556250 0.804167 0.059375 0.025000
5 0.556250 0.815278 0.059375 0.022222
5 0.556250 0.825000 0.059375 0.022222
5 0.556250 0.834722 0.059375 0.022222
5 0.556250 0.854861 0.059375 0.023611
5 0.556250 0.844444 0.059375 0.022222
5 0.556250 0.873611 0.059375 0.025000
5 0.556250 0.863889 0.059375 0.022222
5 0.008984 0.792361 0.003906 0.012500
5 0.010156 0.796528 0.003125 0.004167
5 0.618750 0.819444 0.060937 0.022222
5 0.618750 0.829167 0.060937 0.022222
5 0.618750 0.848611 0.060937 0.022222
5 0.618750 0.838889 0.060937 0.022222
5 0.618750 0.867361 0.060937 0.023611
5 0.618750 0.857639 0.060937 0.023611
5 0.045703 0.791667 0.046094 0.019444
5 0.048047 0.800000 0.044531 0.019444
5 0.618750 0.809722 0.060937 0.022222
5 0.618750 0.798611 0.060937 0.025000
5 0.689453 0.813194 0.055469 0.020833
5 0.689453 0.823611 0.055469 0.019444
5 0.689063 0.842361 0.054688 0.023611
5 0.689453 0.832639 0.055469 0.023611
5 0.689063 0.860417 0.054688 0.023611
5 0.689063 0.851389 0.054688 0.022222
5 0.108984 0.788889 0.044531 0.016667
5 0.110547 0.796528 0.044531 0.020833
5 0.689453 0.805556 0.055469 0.019444
5 0.689453 0.795139 0.055469 0.020833
5 0.689453 0.738889 0.055469 0.019444
5 0.689453 0.748611 0.055469 0.019444
5 0.689453 0.768056 0.055469 0.019444
5 0.689453 0.758333 0.055469 0.019444
5 0.689453 0.786806 0.055469 0.020833
5 0.689453 0.776389 0.055469 0.019444
5 0.108984 0.781250 0.044531 0.018056
5 0.110547 0.773611 0.044531 0.019444
5 0.689844 0.730556 0.054688 0.016667
5 0.689844 0.719444 0.054688 0.019444