3 0.455859 0.804861 0.911719 0.387500
4 0.172656 0.763194 0.001563 0.051389
4 0.017578 0.787500 0.025781 0.075000
4 0.110156 0.683333 0.000000 0.025000
8 0.115234 0.631250 0.010156 0.018056
5 0.044922 0.609028 0.030469 0.006944
5 0.044922 0.609028 0.030469 0.006944
5 0.044922 0.609028 0.030469 0.006944
5 0.044922 0.601389 0.030469 0.008333
5 0.044922 0.601389 0.030469 0.008333
5 0.044922 0.601389 0.030469 0.008333
5 0.044922 0.615278 0.030469 0.005556
5 0.044922 0.615278 0.030469 0.005556
5 0.044922 0.615278 0.030469 0.005556
5 0.023047 0.618056 0.011719 0.005556
5 0.023047 0.618056 0.011719 0.005556
5 0.023047 0.618056 0.011719 0.005556
5 0.023047 0.611111 0.011719 0.005556
5 0.023047 0.611111 0.011719 0.005556
5 0.023047 0.611111 0.011719 0.005556
5 0.023047 0.604861 0.011719 0.006944
5 0.023047 0.604861 0.011719 0.006944
5 0.023047 0.604861 0.011719 0.006944
5 0.023047 0.597222 0.011719 0.008333
5 0.023047 0.597222 0.011719 0.008333
5 0.023047 0.597222 0.011719 0.008333
6 0.119922 0.593750 0.019531 0.037500
6 0.127734 0.593750 0.014844 0.037500
6 0.086328 0.571528 0.014844 0.037500
6 0.086719 0.596528 0.015625 0.037500
5 0.688672 0.720139 0.002344 0.004167
5 0.688672 0.720139 0.002344 0.004167
5 0.688672 0.720139 0.002344 0.004167
5 0.681641 0.714583 0.013281 0.004167
5 0.681641 0.714583 0.013281 0.004167
5 0.681641 0.714583 0.013281 0.004167
5 0.738672 0.750000 0.027344 0.013889
5 0.738672 0.750000 0.027344 0.013889
5 0.738672 0.750000 0.027344 0.013889
5 0.738672 0.736806 0.027344 0.018056
5 0.738672 0.736806 0.027344 0.018056
5 0.738672 0.736806 0.027344 0.018056
5 0.738672 0.727083 0.027344 0.015278
5 0.738672 0.727083 0.027344 0.015278
5 0.738672 0.727083 0.027344 0.015278
5 0.731641 0.713194 0.041406 0.018056
5 0.731641 0.713194 0.041406 0.018056
5 0.731641 0.713194 0.041406 0.018056
6 0.394922 0.782639 0.066406 0.073611
6 0.499219 0.767361 0.064062 0.070833
6 0.395313 0.688889 0.067187 0.066667
6 0.449219 0.775000 0.065625 0.072222
6 0.119141 0.802778 0.050781 0.108333
6 0.034375 0.836806 0.068750 0.084722
7 0.053125 0.716667 0.023438 0.019444
7 0.293750 0.770833 0.026562 0.011111
7 0.077734 0.800694 0.030469 0.020833
7 0.308984 0.638889 0.022656 0.011111
7 0.348438 0.636806 0.014063 0.009722
7 0.225391 0.645833 0.013281 0.011111
7 0.267188 0.642361 0.006250 0.009722
8 0.173828 0.804167 0.046094 0.044444
5 0.172656 0.786806 0.040625 0.018056
8 0.205859 0.797917 0.016406 0.043056
5 0.208594 0.781250 0.017188 0.015278
8 0.275000 0.792361 0.018750 0.031944
5 0.272656 0.773611 0.015625 0.013889
8 0.304688 0.785417 0.046875 0.040278
5 0.303906 0.769444 0.042188 0.016667
8 0.283203 0.797917 0.036719 0.034722
5 0.281250 0.790278 0.032813 0.022222
8 0.322656 0.799306 0.050000 0.043056
5 0.322266 0.784028 0.044531 0.020833
8 0.213672 0.808333 0.007031 0.036111
5 0.214844 0.795833 0.004687 0.013889
8 0.185547 0.819444 0.049219 0.055556
5 0.185156 0.803472 0.043750 0.023611
8 0.691016 0.947222 0.035156 0.033333
5 0.692578 0.939583 0.032031 0.031944
8 0.640625 0.959722 0.046875 0.050000
5 0.658984 0.954861 0.080469 0.043056
8 0.726172 0.884028 0.014844 0.015278
5 0.750391 0.880556 0.057031 0.022222
8 0.688281 0.907639 0.040625 0.040278
5 0.700781 0.890972 0.059375 0.023611
8 0.664453 0.918750 0.080469 0.056944
5 0.663672 0.909028 0.072656 0.040278
8 0.628125 0.945139 0.021875 0.029167
5 0.628125 0.922222 0.021875 0.036111
8 0.387500 0.990972 0.001563 0.001389
5 0.366016 0.993750 0.052344 0.009722
8 0.321875 0.979861 0.082812 0.031944
5 0.327734 0.978472 0.082031 0.031944
8 0.310937 0.966667 0.090625 0.061111
5 0.310547 0.956250 0.083594 0.043056
8 0.523438 0.976389 0.050000 0.044444
5 0.526172 0.976389 0.047656 0.044444
8 0.460938 0.984722 0.054688 0.027778
5 0.478125 0.984722 0.081250 0.027778
8 0.426172 0.979167 0.096094 0.038889
5 0.426563 0.966667 0.085938 0.044444
8 0.401562 0.950000 0.090625 0.061111
5 0.402344 0.938194 0.081250 0.040278
0 0.260937 0.840972 0.182812 0.262500
0 0.701562 0.715278 0.109375 0.163889
1 0.464062 0.640972 0.053125 0.087500
1 0.435156 0.643056 0.053125 0.088889
1 0.434375 0.626389 0.050000 0.072222
1 0.407031 0.634028 0.050000 0.084722
1 0.408594 0.618056 0.046875 0.069444
1 0.386719 0.626389 0.037500 0.080556
1 0.396094 0.603472 0.053125 0.068056
1 0.164062 0.661111 0.073438 0.097222
1 0.156250 0.654861 0.070312 0.093056
1 0.840234 0.917361 0.141406 0.056944
1 0.959766 0.867361 0.064844 0.076389
2 0.966797 0.879861 0.064844 0.045833
2 0.996094 0.845139 0.006250 0.004167
2 0.992188 0.850694 0.014063 0.009722
2 0.992969 0.856944 0.012500 0.008333
1 0.793750 0.910417 0.182812 0.106944
2 0.846094 0.904167 0.064062 0.041667
2 0.750000 0.933333 0.081250 0.058333
2 0.796875 0.898611 0.048438 0.016667
2 0.821875 0.917361 0.054688 0.031944
2 0.767188 0.906250 0.048438 0.018056
2 0.792969 0.924306 0.054688 0.031944
2 0.871094 0.862500 0.050000 0.066667
2 0.914844 0.879167 0.037500 0.058333
2 0.871094 0.813889 0.050000 0.061111
2 0.947656 0.831944 0.103125 0.063889
2 0.892188 0.760417 0.090625 0.070833
2 0.948047 0.778472 0.102344 0.070833
5 0.003516 0.657639 0.007031 0.004167
5 0.003516 0.650694 0.007031 0.006944
5 0.003516 0.640278 0.007031 0.008333
5 0.003516 0.646528 0.007031 0.004167
5 0.085156 0.697917 0.018750 0.012500
5 0.077734 0.705556 0.007031 0.011111
5 0.085156 0.707639 0.006250 0.012500
5 0.084375 0.714583 0.007812 0.012500
5 0.107422 0.717361 0.036719 0.012500
5 0.105469 0.725000 0.035937 0.013889
5 0.107422 0.711806 0.036719 0.012500
5 0.105469 0.704167 0.035937 0.013889