3 0.499609 0.850694 0.999219 0.295833
4 0.369922 0.825000 0.008594 0.077778
4 0.362500 0.884028 0.031250 0.098611
4 0.379297 0.926389 0.008594 0.102778
4 0.371094 0.954167 0.034375 0.088889
4 0.392969 0.986111 0.004687 0.025000
8 0.998828 0.843750 0.000781 0.004167
5 0.362109 0.707639 0.046094 0.012500
5 0.362109 0.707639 0.046094 0.012500
5 0.362109 0.707639 0.046094 0.012500
5 0.362109 0.696528 0.046094 0.015278
5 0.362109 0.696528 0.046094 0.015278
5 0.362109 0.696528 0.046094 0.015278
5 0.362109 0.715972 0.046094 0.012500
5 0.362109 0.715972 0.046094 0.012500
5 0.362109 0.715972 0.046094 0.012500
5 0.428906 0.714583 0.046875 0.012500
5 0.428906 0.714583 0.046875 0.012500
5 0.428906 0.714583 0.046875 0.012500
5 0.428906 0.704861 0.046875 0.012500
5 0.428906 0.704861 0.046875 0.012500
5 0.428906 0.704861 0.046875 0.012500
5 0.428906 0.696528 0.046875 0.009722
5 0.428906 0.696528 0.046875 0.009722
5 0.428906 0.696528 0.046875 0.009722
5 0.428906 0.684722 0.046875 0.013889
5 0.428906 0.684722 0.046875 0.013889
5 0.428906 0.684722 0.046875 0.013889
6 0.496094 0.753472 0.043750 0.065278
6 0.483984 0.732639 0.030469 0.068056
6 0.496875 0.691667 0.045312 0.083333
6 0.489063 0.741667 0.040625 0.069444
6 0.505469 0.835417 0.073438 0.093056
6 0.544141 0.863889 0.092969 0.116667
7 0.232031 0.963889 0.045312 0.055556
7 0.324609 0.809722 0.060156 0.022222
7 0.323437 0.890972 0.076563 0.029167
8 0.511719 0.945833 0.065625 0.055556
5 0.505859 0.934722 0.027344 0.038889
8 0.433203 0.960417 0.047656 0.076389
5 0.435937 0.938889 0.043750 0.041667
8 0.430859 0.844444 0.053906 0.050000
5 0.432031 0.826389 0.051562 0.019444
8 0.430078 0.823611 0.055469 0.041667
5 0.431250 0.810417 0.053125 0.015278
8 0.425781 0.812500 0.054688 0.041667
5 0.426172 0.799306 0.052344 0.015278
8 0.425000 0.793750 0.054688 0.023611
5 0.421875 0.784722 0.045312 0.011111
8 0.514844 0.782639 0.006250 0.009722
5 0.491797 0.781944 0.046094 0.011111
8 0.863281 0.749306 0.050000 0.031944
5 0.865234 0.736806 0.049219 0.012500
8 0.852344 0.735417 0.046875 0.012500
5 0.850781 0.729167 0.043750 0.011111
8 0.875000 0.754167 0.040625 0.027778
5 0.882031 0.743750 0.050000 0.012500
8 0.900781 0.766667 0.056250 0.036111
5 0.901563 0.753472 0.053125 0.012500
8 0.834375 0.766667 0.003125 0.000000
5 0.825781 0.736111 0.023438 0.005556
8 0.837109 0.761806 0.041406 0.029167
5 0.835156 0.745139 0.039062 0.012500
8 0.846484 0.768750 0.058594 0.037500
5 0.846094 0.754861 0.053125 0.012500
8 0.976953 0.827778 0.036719 0.036111
5 0.979297 0.803472 0.039844 0.020833
8 0.948828 0.813889 0.064844 0.033333
5 0.948047 0.805556 0.057031 0.022222
8 0.898828 0.818056 0.060156 0.038889
5 0.899609 0.806944 0.055469 0.022222
8 0.914844 0.780556 0.023438 0.027778
5 0.928516 0.771528 0.047656 0.015278
8 0.959766 0.786111 0.064844 0.016667
5 0.960547 0.783333 0.061719 0.016667
8 0.917188 0.804167 0.059375 0.047222
5 0.916406 0.787500 0.053125 0.019444
8 0.866797 0.804861 0.049219 0.048611
5 0.869141 0.788889 0.049219 0.019444
0 0.944141 0.859722 0.110156 0.277778
0 0.803125 0.762500 0.095312 0.211111
0 0.527344 0.675000 0.043750 0.130556
1 0.032813 0.695139 0.065625 0.101389
1 0.028125 0.701389 0.056250 0.105556
1 0.960547 0.693056 0.072656 0.102778
2 0.944531 0.654167 0.034375 0.005556
2 0.975000 0.675000 0.037500 0.030556
2 0.958203 0.710417 0.044531 0.029167
2 0.946094 0.655556 0.020313 0.002778
2 0.962500 0.654861 0.021875 0.001389
2 0.955859 0.672222 0.022656 0.030556
2 0.974219 0.657639 0.018750 0.001389
1 0.919922 0.695139 0.071094 0.106944
2 0.897266 0.708333 0.019531 0.030556
2 0.905859 0.668056 0.036719 0.030556
2 0.934375 0.675694 0.034375 0.031944
2 0.928516 0.711806 0.047656 0.031944
2 0.906641 0.669444 0.022656 0.027778
2 0.923047 0.656250 0.011719 0.001389
2 0.914453 0.672222 0.019531 0.027778
2 0.931641 0.656944 0.005469 0.000000
1 0.982422 0.714583 0.033594 0.104167
2 0.980859 0.737500 0.024219 0.036111
2 0.983984 0.692361 0.030469 0.034722
2 0.989453 0.740972 0.019531 0.034722
2 0.989062 0.695833 0.020313 0.036111
2 0.998828 0.677778 0.000781 0.000000
2 0.994531 0.697917 0.009375 0.034722
2 0.696094 0.702778 0.009375 0.033333
2 0.748828 0.718056 0.013281 0.030556
2 0.761328 0.714583 0.010156 0.034722
2 0.748828 0.686806 0.013281 0.029167
2 0.761328 0.684722 0.010156 0.033333
2 0.748828 0.653472 0.013281 0.034722
2 0.755859 0.652778 0.021094 0.036111
5 0.466797 0.939583 0.085156 0.045833
5 0.466797 0.958333 0.085156 0.041667
5 0.466797 0.972917 0.085156 0.040278
5 0.466797 0.982639 0.085156 0.031944
5 0.456641 0.998611 0.064844 0.000000
5 0.461719 0.990278 0.075000 0.016667
5 0.575391 0.967361 0.077344 0.037500
5 0.575391 0.979861 0.077344 0.037500
5 0.583203 0.995833 0.024219 0.005556
5 0.578906 0.988194 0.068750 0.020833
5 0.575391 0.951389 0.077344 0.041667
5 0.575391 0.933333 0.077344 0.044444
5 0.667188 0.959028 0.067187 0.040278
5 0.667188 0.973611 0.067187 0.041667
5 0.666406 0.990972 0.065625 0.015278
5 0.667188 0.983333 0.067187 0.030556
5 0.633984 0.997917 0.000781 0.001389
5 0.667188 0.945139 0.067187 0.040278
5 0.667188 0.929861 0.067187 0.037500
5 0.667188 0.840278 0.067187 0.033333
5 0.667188 0.856250 0.067187 0.034722
5 0.667188 0.886806 0.067187 0.037500
5 0.667188 0.871528 0.067187 0.034722
5 0.667188 0.915972 0.067187 0.037500
5 0.667188 0.900694 0.067187 0.037500
5 0.667188 0.825694 0.067187 0.034722
5 0.667188 0.810417 0.067187 0.034722