3 0.363672 0.856944 0.633594 0.283333
4 0.192969 0.790278 0.000000 0.000000
4 0.054297 0.765972 0.008594 0.062500
4 0.181250 0.726389 0.001563 0.027778
4 0.058594 0.738889 0.015625 0.047222
8 0.224219 0.718750 0.023438 0.015278
5 0.182422 0.706944 0.011719 0.005556
5 0.182422 0.706944 0.011719 0.005556
5 0.182422 0.706944 0.011719 0.005556
5 0.181250 0.700000 0.017188 0.005556
5 0.181250 0.700000 0.017188 0.005556
5 0.181250 0.700000 0.017188 0.005556
5 0.181641 0.713194 0.008594 0.004167
5 0.181641 0.713194 0.008594 0.004167
5 0.181641 0.713194 0.008594 0.004167
5 0.148438 0.714583 0.025000 0.004167
5 0.148438 0.714583 0.025000 0.004167
5 0.148438 0.714583 0.025000 0.004167
5 0.148438 0.708333 0.025000 0.005556
5 0.148438 0.708333 0.025000 0.005556
5 0.148438 0.708333 0.025000 0.005556
5 0.148438 0.702778 0.025000 0.005556
5 0.148438 0.702778 0.025000 0.005556
5 0.148438 0.702778 0.025000 0.005556
5 0.148828 0.695833 0.024219 0.005556
5 0.148828 0.695833 0.024219 0.005556
5 0.148828 0.695833 0.024219 0.005556
6 0.238281 0.697917 0.015625 0.034722
6 0.224219 0.670833 0.026562 0.027778
6 0.224219 0.697917 0.026562 0.034722
5 0.741797 0.745139 0.000781 0.001389
5 0.741797 0.745139 0.000781 0.001389
5 0.741797 0.745139 0.000781 0.001389
5 0.769922 0.770139 0.019531 0.012500
5 0.769922 0.770139 0.019531 0.012500
5 0.769922 0.770139 0.019531 0.012500
5 0.769922 0.757639 0.019531 0.012500
5 0.769922 0.757639 0.019531 0.012500
5 0.769922 0.757639 0.019531 0.012500
5 0.758203 0.743750 0.042969 0.015278
5 0.758203 0.743750 0.042969 0.015278
5 0.758203 0.743750 0.042969 0.015278
6 0.392188 0.765972 0.062500 0.081944
6 0.512891 0.761806 0.042969 0.079167
6 0.392969 0.694444 0.062500 0.077778
6 0.442188 0.763889 0.046875 0.080556
6 0.126172 0.770833 0.035156 0.086111
6 0.059766 0.772917 0.021094 0.084722
7 0.320703 0.781250 0.021094 0.009722
7 0.444922 0.725000 0.010156 0.008333
7 0.319141 0.727778 0.017969 0.008333
7 0.355859 0.726389 0.010156 0.008333
8 0.187109 0.779167 0.030469 0.027778
5 0.185547 0.768056 0.027344 0.008333
8 0.282422 0.781250 0.005469 0.037500
5 0.280859 0.764583 0.010156 0.006944
8 0.312500 0.780556 0.035937 0.036111
5 0.313281 0.765972 0.034375 0.009722
8 0.286328 0.788889 0.016406 0.038889
5 0.283984 0.773611 0.014844 0.011111
8 0.320703 0.788194 0.041406 0.037500
5 0.319922 0.772917 0.036719 0.012500
8 0.187109 0.788889 0.030469 0.033333
5 0.185938 0.777083 0.028125 0.012500
8 0.514062 0.870833 0.026562 0.063889
5 0.515625 0.845833 0.023438 0.022222
8 0.544141 0.827083 0.010156 0.009722
5 0.547266 0.827778 0.010156 0.008333
8 0.517969 0.859028 0.053125 0.051389
5 0.516797 0.830556 0.050781 0.022222
8 0.208203 0.879861 0.091406 0.062500
5 0.209375 0.854167 0.082812 0.016667
8 0.207813 0.900694 0.098437 0.076389
5 0.209375 0.872917 0.089063 0.026389
8 0.201953 0.870139 0.085156 0.062500
5 0.203906 0.846528 0.078125 0.020833
8 0.203125 0.836806 0.081250 0.018056
5 0.204687 0.831250 0.073438 0.012500
8 0.410156 0.876389 0.078125 0.066667
5 0.408984 0.850694 0.069531 0.026389
8 0.337109 0.881944 0.075781 0.075000
5 0.335938 0.856250 0.067187 0.026389
8 0.304297 0.866667 0.085156 0.063889
5 0.305859 0.843056 0.077344 0.022222
8 0.299219 0.854167 0.079687 0.061111
5 0.300391 0.831250 0.072656 0.018056
0 0.193750 0.751389 0.171875 0.225000
0 0.692969 0.693056 0.085938 0.105556
1 0.535937 0.706250 0.048438 0.076389
1 0.510938 0.710417 0.039062 0.081944
1 0.513672 0.706250 0.044531 0.076389
1 0.484766 0.706250 0.044531 0.076389
1 0.503516 0.697222 0.022656 0.061111
1 0.455859 0.703472 0.021094 0.073611
1 0.506250 0.695139 0.028125 0.062500
1 0.238672 0.712500 0.066406 0.086111
1 0.235937 0.709722 0.064062 0.080556
1 0.068359 0.713194 0.033594 0.084722
1 0.067187 0.714583 0.032813 0.087500
1 0.944922 0.890278 0.108594 0.216667
2 0.953125 0.914583 0.092188 0.168056
2 0.991016 0.829861 0.016406 0.004167
1 0.810937 0.868056 0.262500 0.261111
2 0.885547 0.912500 0.042969 0.005556
2 0.901953 0.955556 0.066406 0.086111
2 0.889453 0.830556 0.107031 0.116667
2 0.753906 0.839583 0.092188 0.120833
2 0.804297 0.954861 0.191406 0.087500
2 0.828906 0.777083 0.073438 0.006944
2 0.859375 0.836806 0.078125 0.112500
2 0.780469 0.779861 0.064062 0.006944
2 0.810937 0.839583 0.079687 0.115278
1 0.931641 0.769444 0.135156 0.116667
2 0.986328 0.736806 0.025781 0.004167
2 0.907422 0.759028 0.069531 0.043056
2 0.975781 0.737500 0.020313 0.002778
2 0.984375 0.776389 0.029687 0.075000
2 0.923047 0.738889 0.036719 0.002778
2 0.960938 0.777083 0.057813 0.073611
1 0.661719 0.857639 0.210938 0.281944
2 0.728125 0.906944 0.015625 0.008333
2 0.733594 0.761111 0.051562 0.033333
2 0.601562 0.792361 0.073438 0.090278
2 0.641797 0.899306 0.155469 0.101389
2 0.661719 0.747222 0.034375 0.002778
2 0.691016 0.790972 0.057031 0.081944
2 0.629687 0.748611 0.050000 0.002778
2 0.651172 0.792361 0.057031 0.084722
1 0.898828 0.739583 0.180469 0.068056
2 0.946484 0.731250 0.071094 0.006944
2 0.852344 0.752083 0.073438 0.043056
2 0.900781 0.729861 0.029687 0.001389
2 0.923438 0.734028 0.035937 0.004167
2 0.864453 0.731250 0.035156 0.001389
2 0.893750 0.735417 0.045312 0.004167
1 0.617188 0.838194 0.192188 0.254167
2 0.661328 0.740278 0.044531 0.008333
2 0.559375 0.779861 0.060937 0.079167
2 0.560937 0.877778 0.065625 0.088889
2 0.625000 0.738889 0.046875 0.002778
2 0.645312 0.743056 0.046875 0.005556
2 0.592969 0.739583 0.042188 0.001389
2 0.608203 0.744444 0.046094 0.005556
2 0.815234 0.759028 0.000781 0.029167
2 0.866406 0.714583 0.107813 0.045833
2 0.911719 0.712500 0.117188 0.036111
5 0.110156 0.726389 0.001563 0.000000
5 0.110156 0.715972 0.001563 0.004167
5 0.109766 0.721528 0.000781 0.004167
5 0.158594 0.746528 0.000000 0.001389
5 0.157812 0.751389 0.001563 0.008333
5 0.169531 0.749306 0.020313 0.006944
5 0.168359 0.752778 0.021094 0.002778
5 0.169922 0.752778 0.019531 0.008333
5 0.167969 0.759722 0.020313 0.008333
5 0.170313 0.748611 0.020313 0.005556
5 0.170313 0.740972 0.023438 0.006944