3 0.499609 0.879861 0.999219 0.237500
4 0.129688 0.795833 0.007812 0.072222
4 0.017578 0.759722 0.002344 0.027778
6 0.005469 0.740278 0.010937 0.038889
8 0.163281 0.920139 0.135937 0.115278
5 0.629687 0.782639 0.028125 0.012500
5 0.629687 0.782639 0.028125 0.012500
5 0.629687 0.782639 0.028125 0.012500
5 0.629297 0.771528 0.027344 0.012500
5 0.629297 0.771528 0.027344 0.012500
5 0.629297 0.771528 0.027344 0.012500
5 0.630469 0.793750 0.029687 0.012500
5 0.630469 0.793750 0.029687 0.012500
5 0.630469 0.793750 0.029687 0.012500
6 0.391406 0.788194 0.075000 0.087500
6 0.495703 0.783333 0.069531 0.086111
6 0.391797 0.708333 0.075781 0.086111
6 0.445703 0.786111 0.072656 0.088889
6 0.089453 0.802083 0.069531 0.106944
6 0.017188 0.804861 0.034375 0.106944
7 0.266797 0.818056 0.000781 0.000000
7 0.020313 0.826389 0.040625 0.022222
7 0.210156 0.765278 0.026562 0.008333
7 0.247656 0.764583 0.026562 0.009722
7 0.156641 0.767361 0.027344 0.009722
8 0.145703 0.822222 0.044531 0.038889
5 0.145313 0.800694 0.043750 0.012500
8 0.193359 0.816667 0.058594 0.041667
5 0.192969 0.797917 0.053125 0.012500
8 0.238281 0.818750 0.051562 0.031944
5 0.235547 0.795833 0.052344 0.011111
8 0.273438 0.820139 0.023438 0.015278
5 0.265234 0.790972 0.016406 0.004167
8 0.253125 0.822222 0.039062 0.038889
5 0.253906 0.800694 0.037500 0.012500
8 0.220312 0.822917 0.064062 0.045833
5 0.219141 0.804167 0.057031 0.013889
8 0.165625 0.826389 0.064062 0.047222
5 0.164453 0.806944 0.057031 0.013889
8 0.866016 0.865972 0.066406 0.054167
5 0.863672 0.835417 0.069531 0.020833
8 0.882422 0.868056 0.008594 0.019444
5 0.886328 0.825000 0.024219 0.005556
8 0.839453 0.867361 0.103906 0.065278
5 0.837500 0.840278 0.095312 0.022222
8 0.794531 0.876389 0.095312 0.063889
5 0.791016 0.845833 0.088281 0.022222
8 0.862891 0.847917 0.044531 0.051389
5 0.841406 0.820139 0.082812 0.012500
8 0.800391 0.852083 0.085156 0.054167
5 0.797656 0.822917 0.084375 0.012500
8 0.780469 0.858333 0.054688 0.055556
5 0.775000 0.827778 0.056250 0.013889
8 0.710938 0.857639 0.098437 0.054167
5 0.708984 0.834722 0.088281 0.019444
8 0.488672 0.907639 0.125781 0.079167
5 0.489453 0.871528 0.113281 0.029167
8 0.542969 0.922222 0.134375 0.086111
5 0.543359 0.884028 0.121094 0.031944
8 0.447266 0.900000 0.077344 0.066667
5 0.452344 0.863194 0.087500 0.026389
8 0.395313 0.881250 0.101562 0.062500
5 0.400781 0.852778 0.100000 0.022222
8 0.679688 0.886111 0.114062 0.072222
5 0.678125 0.855556 0.101562 0.025000
8 0.621484 0.895139 0.117969 0.076389
5 0.619531 0.862500 0.104688 0.027778
8 0.538281 0.884722 0.109375 0.069444
5 0.540234 0.852778 0.100781 0.022222
8 0.493359 0.872917 0.103906 0.062500
5 0.494922 0.843056 0.094531 0.016667
8 0.008203 0.965972 0.016406 0.065278
5 0.003125 0.937500 0.006250 0.027778
8 0.079687 0.954167 0.131250 0.088889
5 0.077344 0.920833 0.115625 0.044444
0 0.322266 0.761111 0.185156 0.272222
0 0.699609 0.736806 0.113281 0.168056
1 0.418359 0.734722 0.016406 0.072222
1 0.350391 0.729861 0.027344 0.062500
1 0.344141 0.728472 0.025781 0.059722
1 0.342187 0.730556 0.035937 0.063889
1 0.338281 0.729861 0.029687 0.062500
1 0.299219 0.736806 0.054688 0.076389
1 0.300781 0.709028 0.053125 0.020833
1 0.074609 0.747222 0.085156 0.100000
1 0.061328 0.741667 0.083594 0.088889
1 0.996484 0.812500 0.005469 0.247222
1 0.943750 0.822222 0.109375 0.266667
2 0.984375 0.812500 0.023438 0.002778
2 0.946094 0.757639 0.098437 0.079167
2 0.948438 0.860417 0.100000 0.095833
2 0.975781 0.716667 0.035937 0.000000
2 0.940234 0.716667 0.033594 0.000000
2 0.983203 0.716667 0.000781 0.000000
2 0.926172 0.811806 0.055469 0.015278
2 0.971094 0.810417 0.003125 0.004167
2 0.897266 0.768750 0.000781 0.045833
2 0.923828 0.719444 0.055469 0.050000
2 0.980078 0.704861 0.027344 0.020833
5 0.015625 0.789583 0.017188 0.006944
5 0.013672 0.800694 0.016406 0.001389
5 0.019922 0.793750 0.039844 0.009722
5 0.018750 0.800694 0.037500 0.006944
5 0.019922 0.787500 0.039844 0.008333
5 0.019531 0.778472 0.037500 0.009722