3 0.499609 0.788194 0.999219 0.420833
4 0.202734 0.786806 0.005469 0.070833
4 0.059375 0.756250 0.029687 0.037500
4 0.340625 0.656944 0.000000 0.005556
4 0.214062 0.675000 0.026562 0.052778
4 0.166406 0.672917 0.007812 0.051389
4 0.109766 0.670139 0.008594 0.051389
4 0.055078 0.667361 0.007031 0.051389
4 0.001953 0.664583 0.003906 0.048611
8 0.506641 0.602083 0.016406 0.020833
5 0.500391 0.570139 0.032031 0.006944
5 0.500391 0.570139 0.032031 0.006944
5 0.500391 0.570139 0.032031 0.006944
5 0.500781 0.563889 0.031250 0.008333
5 0.500781 0.563889 0.031250 0.008333
5 0.500781 0.563889 0.031250 0.008333
5 0.500391 0.577083 0.032031 0.006944
5 0.500391 0.577083 0.032031 0.006944
5 0.500391 0.577083 0.032031 0.006944
5 0.469922 0.577778 0.028906 0.005556
5 0.469922 0.577778 0.028906 0.005556
5 0.469922 0.577778 0.028906 0.005556
5 0.469922 0.571528 0.028906 0.006944
5 0.469922 0.571528 0.028906 0.006944
5 0.469922 0.571528 0.028906 0.006944
5 0.469922 0.565278 0.028906 0.005556
5 0.469922 0.565278 0.028906 0.005556
5 0.469922 0.565278 0.028906 0.005556
5 0.471484 0.556944 0.032031 0.008333
5 0.471484 0.556944 0.032031 0.008333
5 0.471484 0.556944 0.032031 0.008333
6 0.418750 0.566667 0.007812 0.041667
6 0.432422 0.562500 0.032031 0.041667
5 0.928906 0.855556 0.048438 0.044444
5 0.928906 0.855556 0.048438 0.044444
5 0.928906 0.855556 0.048438 0.044444
5 0.935156 0.838194 0.060937 0.045833
5 0.935156 0.838194 0.060937 0.045833
5 0.935156 0.838194 0.060937 0.045833
5 0.916797 0.871528 0.024219 0.045833
5 0.916797 0.871528 0.024219 0.045833
5 0.916797 0.871528 0.024219 0.045833
5 0.964453 0.926389 0.069531 0.055556
5 0.964453 0.926389 0.069531 0.055556
5 0.964453 0.926389 0.069531 0.055556
5 0.964453 0.908333 0.069531 0.055556
5 0.964453 0.908333 0.069531 0.055556
5 0.964453 0.908333 0.069531 0.055556
5 0.964453 0.889583 0.069531 0.054167
5 0.964453 0.889583 0.069531 0.054167
5 0.964453 0.889583 0.069531 0.054167
5 0.964453 0.869444 0.069531 0.052778
5 0.964453 0.869444 0.069531 0.052778
5 0.964453 0.869444 0.069531 0.052778
6 0.362500 0.856944 0.087500 0.122222
6 0.517188 0.863889 0.084375 0.125000
6 0.362500 0.760417 0.087500 0.120833
6 0.439063 0.861111 0.085938 0.127778
6 0.065625 0.819444 0.082812 0.122222
6 0.002734 0.813889 0.005469 0.108333
7 0.040234 0.766667 0.061719 0.022222
7 0.288672 0.694444 0.032031 0.022222
7 0.369531 0.819444 0.017188 0.016667
7 0.135156 0.795139 0.054688 0.034722
7 0.688672 0.638194 0.016406 0.015278
7 0.584766 0.634722 0.019531 0.013889
7 0.621094 0.636111 0.003125 0.013889
7 0.239453 0.624306 0.027344 0.006944
7 0.200000 0.624306 0.023438 0.004167
7 0.287500 0.623611 0.014063 0.013889
6 0.011719 0.640972 0.023438 0.059722
6 0.011719 0.591667 0.023438 0.058333
6 0.128516 0.605556 0.047656 0.063889
6 0.151562 0.595833 0.051562 0.061111
6 0.128906 0.660417 0.048438 0.065278
6 0.152344 0.648611 0.051562 0.061111
6 0.130469 0.586111 0.031250 0.044444
6 0.114844 0.572222 0.000000 0.016667
8 0.163672 0.827083 0.067969 0.059722
5 0.163672 0.809028 0.060156 0.029167
8 0.213672 0.830556 0.066406 0.058333
5 0.214062 0.812500 0.059375 0.030556
8 0.260156 0.829861 0.065625 0.051389
5 0.260156 0.815278 0.057813 0.030556
8 0.310547 0.840972 0.060156 0.056944
5 0.311719 0.819444 0.056250 0.030556
8 0.226953 0.864583 0.071094 0.065278
5 0.226562 0.843750 0.062500 0.034722
8 0.281641 0.869444 0.069531 0.066667
5 0.281641 0.849306 0.061719 0.034722
8 0.177344 0.861806 0.073438 0.065278
5 0.177734 0.840972 0.064844 0.034722
8 0.124609 0.856250 0.074219 0.065278
5 0.124609 0.836111 0.066406 0.033333
0 0.004297 0.958333 0.008594 0.080556
0 0.801172 0.864583 0.205469 0.268056
0 0.040234 0.618056 0.057031 0.127778
0 0.091406 0.619444 0.068750 0.127778
1 0.785156 0.672917 0.050000 0.123611
1 0.742188 0.670139 0.046875 0.120833
1 0.775781 0.647917 0.045312 0.101389
1 0.735547 0.651389 0.042969 0.111111
1 0.767188 0.633333 0.042188 0.094444
1 0.729688 0.636111 0.039062 0.102778
1 0.809766 0.606944 0.063281 0.086111
1 0.419922 0.649306 0.077344 0.104167
1 0.430078 0.640278 0.074219 0.100000
1 0.241406 0.633333 0.076563 0.097222
1 0.225000 0.642361 0.079687 0.101389
1 0.087109 0.588194 0.055469 0.068056
2 0.066016 0.604167 0.007031 0.008333
2 0.072266 0.580556 0.016406 0.025000
2 0.109375 0.573611 0.006250 0.022222
2 0.088672 0.602778 0.038281 0.011111
2 0.105078 0.579167 0.000781 0.013889
1 0.022656 0.590972 0.045312 0.079167
2 0.007422 0.610417 0.010156 0.023611
2 0.001172 0.610417 0.002344 0.023611
2 0.010156 0.577778 0.020313 0.022222
2 0.028906 0.561806 0.025000 0.001389
2 0.020313 0.603472 0.039062 0.020833
2 0.024609 0.576389 0.007031 0.019444
2 0.006641 0.563889 0.005469 0.000000
2 0.030469 0.566667 0.003125 0.000000
2 0.012500 0.562500 0.004687 0.000000
1 0.052734 0.575694 0.055469 0.045833
2 0.049219 0.604167 0.017188 0.011111
2 0.037109 0.603472 0.000781 0.006944
2 0.042578 0.579167 0.030469 0.025000
2 0.063672 0.561806 0.022656 0.001389
2 0.059766 0.602083 0.027344 0.012500
2 0.055859 0.576389 0.005469 0.022222
2 0.057813 0.563889 0.000000 0.000000
2 0.055078 0.563889 0.003906 0.000000
5 0.382031 0.616667 0.028125 0.008333
5 0.382031 0.612500 0.028125 0.008333
5 0.382031 0.601389 0.028125 0.008333
5 0.382031 0.606944 0.028125 0.008333
5 0.356250 0.679167 0.037500 0.013889
5 0.367188 0.686111 0.012500 0.013889
5 0.347656 0.685417 0.029687 0.006944
5 0.322266 0.705556 0.036719 0.011111
5 0.321094 0.712500 0.039062 0.013889
5 0.322266 0.698611 0.036719 0.011111
5 0.321094 0.690278 0.039062 0.016667