3 0.499609 0.855556 0.999219 0.286111
4 0.385937 0.866667 0.010937 0.088889
4 0.401562 0.940278 0.042188 0.113889
4 0.439453 0.967361 0.003906 0.062500
4 0.446094 0.990972 0.045312 0.015278
5 0.331641 0.727083 0.052344 0.015278
5 0.331641 0.727083 0.052344 0.015278
5 0.331641 0.727083 0.052344 0.015278
5 0.331641 0.715278 0.052344 0.016667
5 0.331641 0.715278 0.052344 0.016667
5 0.331641 0.715278 0.052344 0.016667
5 0.331641 0.736806 0.052344 0.015278
5 0.331641 0.736806 0.052344 0.015278
5 0.331641 0.736806 0.052344 0.015278
5 0.402734 0.733333 0.049219 0.013889
5 0.402734 0.733333 0.049219 0.013889
5 0.402734 0.733333 0.049219 0.013889
5 0.402734 0.723611 0.049219 0.013889
5 0.402734 0.723611 0.049219 0.013889
5 0.402734 0.723611 0.049219 0.013889
5 0.402734 0.713889 0.049219 0.013889
5 0.402734 0.713889 0.049219 0.013889
5 0.402734 0.713889 0.049219 0.013889
5 0.402734 0.701389 0.049219 0.013889
5 0.402734 0.701389 0.049219 0.013889
5 0.402734 0.701389 0.049219 0.013889
6 0.505469 0.782639 0.053125 0.070833
6 0.477734 0.754167 0.044531 0.077778
6 0.507031 0.711111 0.056250 0.094444
6 0.492188 0.766667 0.042188 0.080556
6 0.548438 0.879861 0.089063 0.126389
6 0.610547 0.918056 0.096094 0.150000
7 0.321094 0.845833 0.068750 0.025000
7 0.346484 0.946528 0.088281 0.037500
8 0.607812 0.975000 0.007812 0.000000
5 0.596875 0.986111 0.068750 0.025000
8 0.504297 0.990972 0.063281 0.015278
5 0.509375 0.990278 0.060937 0.016667
8 0.460938 0.884722 0.075000 0.061111
5 0.460547 0.865972 0.067969 0.023611
8 0.448437 0.865972 0.064062 0.056944
5 0.449609 0.846528 0.061719 0.020833
8 0.441406 0.852083 0.067187 0.051389
5 0.440234 0.834028 0.061719 0.020833
8 0.431250 0.835417 0.059375 0.051389
5 0.432422 0.817361 0.057031 0.018056
8 0.516406 0.845139 0.051562 0.051389
5 0.515234 0.829167 0.049219 0.019444
8 0.505469 0.820833 0.065625 0.030556
5 0.504687 0.812500 0.059375 0.013889
8 0.498828 0.857639 0.010156 0.043056
5 0.500000 0.842361 0.007812 0.015278
8 0.890625 0.754167 0.042188 0.005556
5 0.889062 0.751389 0.040625 0.013889
8 0.870313 0.750000 0.040625 0.013889
5 0.863672 0.742361 0.027344 0.012500
8 0.900391 0.774306 0.050781 0.037500
5 0.901563 0.759722 0.048438 0.013889
8 0.929688 0.781944 0.064062 0.033333
5 0.929297 0.769444 0.058594 0.013889
8 0.783594 0.749306 0.001563 0.015278
5 0.821094 0.743056 0.012500 0.008333
8 0.815625 0.756944 0.001563 0.000000
5 0.833203 0.751389 0.036719 0.008333
8 0.879687 0.763194 0.001563 0.001389
5 0.864453 0.759722 0.027344 0.008333
8 0.896484 0.785417 0.016406 0.026389
5 0.886328 0.770833 0.030469 0.013889
8 0.984375 0.838194 0.029687 0.040278
5 0.985938 0.825000 0.026562 0.019444
8 0.957422 0.849306 0.074219 0.056944
5 0.956250 0.830556 0.065625 0.025000
8 0.964453 0.797222 0.053906 0.025000
5 0.970313 0.788889 0.057813 0.016667
8 0.984375 0.818750 0.029687 0.045833
5 0.985938 0.801389 0.026562 0.016667
8 0.964453 0.825694 0.069531 0.051389
5 0.963281 0.808333 0.060937 0.022222
8 0.920703 0.831250 0.060156 0.045833
5 0.917969 0.810417 0.056250 0.023611
0 0.867188 0.784722 0.104688 0.233333
0 0.516016 0.690972 0.050781 0.143056
1 0.001563 0.714583 0.003125 0.106944
1 0.968359 0.705556 0.061719 0.113889
2 0.953906 0.661806 0.032813 0.004167
2 0.982031 0.683333 0.034375 0.033333
2 0.974609 0.725000 0.049219 0.038889
2 0.957422 0.663889 0.014844 0.002778
2 0.970703 0.663194 0.022656 0.001389
2 0.963672 0.667361 0.021094 0.004167
2 0.979688 0.665278 0.015625 0.002778
1 0.928906 0.706944 0.078125 0.113889
2 0.903125 0.719444 0.020313 0.033333
2 0.911719 0.703472 0.004687 0.001389
2 0.909375 0.677778 0.032813 0.033333
2 0.943750 0.684722 0.040625 0.033333
2 0.933984 0.726389 0.061719 0.041667
2 0.913281 0.680556 0.021875 0.033333
2 0.928906 0.664583 0.018750 0.001389
2 0.919141 0.683333 0.013281 0.033333
1 0.993359 0.727083 0.011719 0.109722
2 0.995313 0.749306 0.007812 0.034722
2 0.995313 0.702778 0.007812 0.036111
2 0.690234 0.717361 0.019531 0.040278
2 0.721875 0.729167 0.042188 0.041667
2 0.778516 0.731250 0.011719 0.031944
2 0.721875 0.696528 0.042188 0.040278
2 0.778516 0.698611 0.011719 0.030556
2 0.721875 0.663889 0.042188 0.038889
2 0.762891 0.662500 0.042969 0.038889
5 0.562891 0.993056 0.096094 0.011111
5 0.683203 0.997222 0.033594 0.002778
5 0.684766 0.987500 0.105469 0.022222
5 0.837500 0.995833 0.003125 0.002778
5 0.823828 0.987500 0.102344 0.022222
5 0.823828 0.894444 0.102344 0.033333
5 0.823828 0.912500 0.102344 0.036111
5 0.823828 0.945833 0.102344 0.044444
5 0.823828 0.926389 0.102344 0.044444
5 0.823828 0.979167 0.102344 0.038889
5 0.823828 0.963194 0.102344 0.043056
5 0.823828 0.879167 0.102344 0.030556
5 0.823828 0.854167 0.102344 0.044444