3 0.491406 0.846528 0.982812 0.304167
5 0.644141 0.837500 0.085156 0.033333
5 0.644141 0.837500 0.085156 0.033333
5 0.644141 0.837500 0.085156 0.033333
5 0.644141 0.818056 0.085156 0.038889
5 0.644141 0.818056 0.085156 0.038889
5 0.644141 0.818056 0.085156 0.038889
5 0.644141 0.852778 0.085156 0.033333
5 0.644141 0.852778 0.085156 0.033333
5 0.644141 0.852778 0.085156 0.033333
5 0.707031 0.874306 0.021875 0.023611
5 0.707031 0.874306 0.021875 0.023611
5 0.707031 0.874306 0.021875 0.023611
5 0.707422 0.858333 0.022656 0.025000
5 0.707422 0.858333 0.022656 0.025000
5 0.707422 0.858333 0.022656 0.025000
5 0.717578 0.842361 0.042969 0.029167
5 0.717578 0.842361 0.042969 0.029167
5 0.717578 0.842361 0.042969 0.029167
5 0.735938 0.822222 0.079687 0.036111
5 0.735938 0.822222 0.079687 0.036111
5 0.735938 0.822222 0.079687 0.036111
6 0.318750 0.981944 0.140625 0.033333
6 0.485547 0.941667 0.117969 0.113889
6 0.319531 0.903472 0.143750 0.190278
6 0.409375 0.955556 0.128125 0.086111
7 0.066016 0.997917 0.011719 0.001389
7 0.003125 0.729861 0.006250 0.012500
7 0.041406 0.721528 0.039062 0.018056
0 0.789453 0.858333 0.150781 0.280556
1 0.261719 0.726389 0.089063 0.136111
1 0.225781 0.734722 0.081250 0.141667
1 0.216406 0.704861 0.062500 0.112500
1 0.165234 0.715278 0.085156 0.113889
1 0.156641 0.692361 0.078906 0.095833
1 0.111719 0.708333 0.070312 0.125000
1 0.111719 0.668056 0.070312 0.102778