3 0.499609 0.820833 0.999219 0.355556
4 0.115625 0.725694 0.009375 0.006944
4 0.062891 0.771528 0.010156 0.065278
4 0.003125 0.786111 0.006250 0.075000
4 0.071484 0.678472 0.000781 0.023611
8 0.061328 0.795833 0.071094 0.050000
8 0.628125 0.781944 0.070312 0.036111
5 0.501563 0.663194 0.025000 0.006944
5 0.501563 0.663194 0.025000 0.006944
5 0.501563 0.663194 0.025000 0.006944
5 0.501563 0.652778 0.025000 0.008333
5 0.501563 0.652778 0.025000 0.008333
5 0.501563 0.652778 0.025000 0.008333
5 0.501563 0.670139 0.025000 0.006944
5 0.501563 0.670139 0.025000 0.006944
5 0.501563 0.670139 0.025000 0.006944
5 0.547656 0.674306 0.025000 0.006944
5 0.547656 0.674306 0.025000 0.006944
5 0.547656 0.674306 0.025000 0.006944
5 0.547656 0.665972 0.025000 0.006944
5 0.547656 0.665972 0.025000 0.006944
5 0.547656 0.665972 0.025000 0.006944
5 0.547656 0.658333 0.025000 0.008333
5 0.547656 0.658333 0.025000 0.008333
5 0.547656 0.658333 0.025000 0.008333
5 0.547656 0.649306 0.025000 0.009722
5 0.547656 0.649306 0.025000 0.009722
5 0.547656 0.649306 0.025000 0.009722
6 0.453516 0.691667 0.042969 0.061111
6 0.490625 0.679861 0.037500 0.056944
6 0.454297 0.640972 0.044531 0.059722
6 0.473438 0.685417 0.040625 0.059722
6 0.334766 0.721528 0.049219 0.070833
6 0.298828 0.734028 0.027344 0.079167
7 0.100391 0.828472 0.067969 0.026389
7 0.039844 0.848611 0.071875 0.030556
7 0.380859 0.953472 0.094531 0.045833
7 0.426172 0.919444 0.075781 0.038889
7 0.296094 0.990278 0.101562 0.016667
7 0.097266 0.756944 0.014844 0.013889
7 0.028516 0.712500 0.042969 0.013889
7 0.246094 0.741667 0.003125 0.008333
7 0.073047 0.654167 0.028906 0.008333
7 0.096875 0.650694 0.021875 0.006944
7 0.013281 0.664583 0.018750 0.009722
7 0.036719 0.659722 0.031250 0.008333
8 0.365234 0.718750 0.007031 0.023611
5 0.362500 0.709028 0.006250 0.006944
8 0.369922 0.718750 0.002344 0.023611
5 0.367578 0.704167 0.016406 0.008333
8 0.375781 0.711806 0.032813 0.026389
5 0.379297 0.698611 0.039844 0.008333
8 0.405078 0.718056 0.027344 0.013889
5 0.401953 0.707639 0.035156 0.009722
8 0.428906 0.713194 0.025000 0.023611
5 0.417969 0.701389 0.040625 0.008333
8 0.380469 0.725000 0.039062 0.025000
5 0.376953 0.710417 0.028906 0.006944
8 0.374219 0.733333 0.029687 0.027778
5 0.373047 0.719444 0.027344 0.011111
8 0.806250 0.722222 0.009375 0.025000
5 0.787109 0.709722 0.041406 0.008333
8 0.801953 0.718056 0.033594 0.027778
5 0.796094 0.705556 0.040625 0.011111
8 0.788281 0.729861 0.035937 0.029167
5 0.783594 0.716667 0.039062 0.011111
8 0.775391 0.736111 0.044531 0.030556
5 0.773828 0.722917 0.041406 0.012500
8 0.764844 0.707639 0.014063 0.015278
5 0.749609 0.701389 0.039844 0.008333
8 0.740625 0.719444 0.034375 0.019444
5 0.738672 0.706250 0.038281 0.009722
8 0.735547 0.723611 0.042969 0.025000
5 0.733594 0.712500 0.040625 0.011111
8 0.723047 0.729861 0.046094 0.026389
5 0.728906 0.718056 0.031250 0.011111
8 0.712109 0.768056 0.046094 0.038889
5 0.712109 0.752778 0.041406 0.016667
8 0.753516 0.772917 0.046094 0.040278
5 0.753516 0.756944 0.041406 0.016667
8 0.671875 0.766667 0.039062 0.033333
5 0.673047 0.749306 0.036719 0.015278
8 0.636719 0.760417 0.046875 0.037500
5 0.640625 0.744444 0.032813 0.013889
8 0.750781 0.745833 0.050000 0.027778
5 0.750391 0.732639 0.044531 0.009722
8 0.743359 0.756250 0.050781 0.034722
5 0.742578 0.741667 0.046094 0.013889
8 0.694922 0.752083 0.044531 0.034722
5 0.694922 0.738194 0.039844 0.012500
8 0.659766 0.747917 0.039844 0.031944
5 0.658203 0.734722 0.036719 0.013889
8 0.674609 0.808333 0.003906 0.008333
5 0.641406 0.804861 0.062500 0.015278
8 0.660547 0.814583 0.066406 0.043056
5 0.659375 0.795833 0.059375 0.019444
8 0.490625 0.861111 0.078125 0.044444
5 0.484375 0.841667 0.059375 0.025000
8 0.516406 0.843750 0.073438 0.037500
5 0.516406 0.827778 0.067187 0.022222
0 0.401172 0.747917 0.100781 0.201389
0 0.560937 0.697222 0.065625 0.155556
0 0.589063 0.640972 0.048438 0.101389
1 0.268750 0.631250 0.028125 0.065278
1 0.260547 0.634722 0.044531 0.069444
1 0.240625 0.630556 0.048438 0.066667
1 0.221484 0.633333 0.053906 0.066667
1 0.197656 0.627083 0.051562 0.062500
1 0.187500 0.631944 0.031250 0.063889
1 0.135937 0.619444 0.028125 0.061111
1 0.082812 0.656250 0.065625 0.079167
1 0.057031 0.655556 0.065625 0.080556
1 0.936719 0.689583 0.042188 0.104167
2 0.955859 0.701389 0.000781 0.027778
2 0.939063 0.662500 0.032813 0.030556
2 0.934375 0.668750 0.034375 0.031944
2 0.951953 0.704167 0.005469 0.030556
2 0.929688 0.649306 0.015625 0.001389
2 0.946484 0.663889 0.016406 0.027778
2 0.927734 0.652083 0.016406 0.001389
2 0.945312 0.666667 0.017188 0.027778
1 0.927344 0.712500 0.048438 0.119444
2 0.948828 0.725000 0.000781 0.030556
2 0.930469 0.680556 0.037500 0.033333
2 0.924609 0.688889 0.038281 0.036111
2 0.926953 0.731944 0.042969 0.041667
2 0.919531 0.667361 0.018750 0.001389
2 0.939063 0.684028 0.018750 0.031944
2 0.918750 0.670833 0.015625 0.000000
2 0.937109 0.686111 0.019531 0.033333
1 0.892578 0.679861 0.042969 0.090278
2 0.895703 0.647917 0.033594 0.006944
2 0.889062 0.665278 0.032813 0.030556
2 0.903906 0.703472 0.009375 0.034722
2 0.885938 0.647222 0.015625 0.000000
2 0.903125 0.657639 0.015625 0.020833
2 0.883984 0.650000 0.014844 0.000000
2 0.900391 0.659028 0.016406 0.018056
1 0.878125 0.708333 0.050000 0.116667
2 0.899219 0.722222 0.003125 0.033333
2 0.882422 0.678472 0.036719 0.034722
2 0.873828 0.686111 0.036719 0.036111
2 0.876953 0.727778 0.042969 0.041667
2 0.870313 0.664583 0.018750 0.001389
2 0.889453 0.681944 0.017969 0.033333
2 0.867969 0.667361 0.017188 0.001389
2 0.887109 0.682639 0.019531 0.031944
2 0.953906 0.956944 0.012500 0.083333
2 0.876953 0.984722 0.139844 0.027778
2 0.876563 0.938889 0.140625 0.119444
2 0.899219 0.885417 0.121875 0.101389
2 0.621484 0.847222 0.113281 0.086111
2 0.566797 0.889583 0.128906 0.101389
2 0.617578 0.958333 0.027344 0.080556
2 0.667578 0.911111 0.021094 0.077778
2 0.595703 0.867361 0.121094 0.093056
2 0.533984 0.915972 0.138281 0.112500
2 0.533984 0.972222 0.138281 0.052778
2 0.644141 0.936111 0.024219 0.083333
2 0.573828 0.804167 0.077344 0.038889
2 0.517969 0.806944 0.076563 0.058333
2 0.823438 0.688194 0.009375 0.031944
2 0.758594 0.690972 0.035937 0.026389
2 0.797656 0.690972 0.040625 0.023611
2 0.758203 0.665972 0.036719 0.029167
2 0.797656 0.667361 0.040625 0.031944
2 0.760547 0.637500 0.041406 0.033333
2 0.797656 0.639583 0.040625 0.031944
5 0.126953 0.735417 0.060156 0.018056
5 0.122266 0.745833 0.050781 0.016667
5 0.122266 0.753472 0.050781 0.015278
5 0.122266 0.761806 0.050781 0.018056
5 0.122266 0.779861 0.050781 0.018056
5 0.122266 0.770833 0.050781 0.016667
5 0.122266 0.796528 0.050781 0.018056
5 0.122266 0.788889 0.050781 0.013889
5 0.024219 0.698611 0.040625 0.011111
5 0.019922 0.704167 0.032031 0.008333
5 0.170703 0.759028 0.060156 0.015278
5 0.169922 0.767361 0.058594 0.018056
5 0.170313 0.786111 0.059375 0.016667
5 0.170703 0.777083 0.060156 0.018056
5 0.169922 0.803472 0.058594 0.018056
5 0.169531 0.794444 0.057813 0.016667
5 0.050391 0.701389 0.038281 0.011111
5 0.055078 0.708333 0.027344 0.011111
5 0.171094 0.750694 0.060937 0.018056
5 0.170703 0.740972 0.060156 0.018056
5 0.223047 0.765278 0.061719 0.016667
5 0.223047 0.775000 0.061719 0.016667
5 0.223047 0.793750 0.061719 0.018056
5 0.223047 0.784028 0.061719 0.018056
5 0.223047 0.810417 0.061719 0.018056
5 0.223047 0.802083 0.061719 0.018056
5 0.085156 0.705556 0.042188 0.011111
5 0.084766 0.711806 0.042969 0.009722
5 0.223047 0.757639 0.061719 0.018056
5 0.223047 0.748611 0.061719 0.016667
5 0.223047 0.695139 0.061719 0.015278
5 0.223047 0.704167 0.061719 0.016667
5 0.223047 0.722222 0.061719 0.016667
5 0.223047 0.713194 0.061719 0.015278
5 0.223047 0.740278 0.061719 0.016667
5 0.223047 0.731250 0.061719 0.015278
5 0.085156 0.700694 0.042188 0.009722
5 0.084766 0.694444 0.042969 0.011111
5 0.223047 0.686806 0.061719 0.015278
5 0.223047 0.677083 0.061719 0.015278