3 0.499609 0.872917 0.999219 0.251389
4 0.385156 0.862500 0.009375 0.097222
4 0.410156 0.923611 0.050000 0.125000
4 0.456250 0.950694 0.004687 0.095833
4 0.470313 0.970139 0.053125 0.056944
5 0.317578 0.755556 0.055469 0.013889
5 0.317578 0.755556 0.055469 0.013889
5 0.317578 0.755556 0.055469 0.013889
5 0.317969 0.743750 0.054688 0.015278
5 0.317969 0.743750 0.054688 0.015278
5 0.317969 0.743750 0.054688 0.015278
5 0.317578 0.766667 0.055469 0.013889
5 0.317578 0.766667 0.055469 0.013889
5 0.317578 0.766667 0.055469 0.013889
5 0.393750 0.763194 0.054688 0.012500
5 0.393750 0.763194 0.054688 0.012500
5 0.393750 0.763194 0.054688 0.012500
5 0.393750 0.752778 0.054688 0.013889
5 0.393750 0.752778 0.054688 0.013889
5 0.393750 0.752778 0.054688 0.013889
5 0.393750 0.741667 0.054688 0.013889
5 0.393750 0.741667 0.054688 0.013889
5 0.393750 0.741667 0.054688 0.013889
5 0.393750 0.729861 0.054688 0.015278
5 0.393750 0.729861 0.054688 0.015278
5 0.393750 0.729861 0.054688 0.015278
6 0.509766 0.780556 0.055469 0.061111
6 0.471484 0.776389 0.038281 0.088889
6 0.511328 0.715278 0.058594 0.094444
6 0.491797 0.779861 0.050781 0.084722
6 0.564063 0.870139 0.096875 0.134722
6 0.631641 0.892361 0.116406 0.145833
7 0.255078 0.995833 0.050781 0.005556
7 0.312500 0.854167 0.075000 0.025000
7 0.346484 0.939583 0.097656 0.037500
5 0.634766 0.961806 0.066406 0.018056
8 0.520312 0.981250 0.045312 0.034722
5 0.525391 0.978472 0.049219 0.040278
8 0.467969 0.885417 0.082812 0.059722
5 0.467187 0.861806 0.075000 0.023611
8 0.454688 0.867361 0.073438 0.059722
5 0.455469 0.845139 0.070312 0.018056
8 0.414844 0.856944 0.015625 0.052778
5 0.439844 0.835417 0.060937 0.018056
8 0.434375 0.842361 0.070312 0.051389
5 0.433203 0.822222 0.063281 0.013889
8 0.496875 0.840972 0.021875 0.029167
5 0.502344 0.832639 0.026562 0.018056
8 0.486719 0.833333 0.009375 0.019444
5 0.498828 0.820139 0.033594 0.015278
8 0.509375 0.864583 0.012500 0.054167
5 0.509766 0.843056 0.011719 0.016667
8 0.514844 0.863194 0.001563 0.023611
5 0.909766 0.764583 0.007031 0.001389
8 0.906641 0.762500 0.000781 0.000000
8 0.974609 0.788194 0.024219 0.009722
5 0.972656 0.782639 0.020313 0.012500
8 0.804297 0.779167 0.019531 0.036111
5 0.811328 0.765278 0.028906 0.011111
8 0.817578 0.771528 0.007031 0.006944
5 0.820703 0.770833 0.007031 0.008333
8 0.977344 0.850694 0.043750 0.056944
5 0.977734 0.830556 0.042969 0.022222
8 0.979688 0.805556 0.031250 0.022222
5 0.983203 0.796528 0.032031 0.012500
8 0.978906 0.829167 0.040625 0.047222
5 0.980469 0.811806 0.037500 0.018056
8 0.970313 0.838194 0.028125 0.040278
5 0.967187 0.816667 0.023438 0.016667
0 0.892188 0.777778 0.135937 0.236111
0 0.512891 0.712500 0.055469 0.147222
1 0.986719 0.728472 0.025000 0.115278
2 0.973047 0.682639 0.024219 0.001389
2 0.989844 0.704167 0.018750 0.033333
2 0.980469 0.747222 0.037500 0.038889
2 0.961328 0.686111 0.000781 0.000000
2 0.991016 0.684028 0.011719 0.001389
2 0.982031 0.686806 0.015625 0.001389
2 0.994922 0.685417 0.008594 0.001389
1 0.945312 0.729861 0.079687 0.104167
2 0.908984 0.743056 0.007031 0.030556
2 0.908984 0.706944 0.007031 0.016667
2 0.971094 0.704861 0.020313 0.034722
2 0.971875 0.749306 0.020313 0.037500
2 0.960938 0.687500 0.000000 0.000000
2 0.692969 0.747222 0.021875 0.038889
2 0.733984 0.755556 0.058594 0.041667
2 0.784375 0.756250 0.042188 0.034722
2 0.733203 0.720833 0.058594 0.038889
2 0.784375 0.721528 0.042188 0.034722
2 0.733203 0.688194 0.058594 0.037500
2 0.775391 0.686806 0.060156 0.037500
5 0.616797 0.970139 0.133594 0.056944
5 0.616797 0.984028 0.133594 0.029167
5 0.597656 0.994444 0.095312 0.008333
5 0.742969 0.987500 0.117188 0.022222
5 0.732812 0.997917 0.076563 0.001389
5 0.748828 0.977778 0.136719 0.041667
5 0.748437 0.960417 0.137500 0.056944
5 0.866016 0.981944 0.097656 0.033333
5 0.863281 0.991667 0.090625 0.013889
5 0.865234 0.972222 0.099219 0.050000
5 0.865234 0.951389 0.099219 0.047222
5 0.864062 0.831250 0.098437 0.037500
5 0.864453 0.852778 0.099219 0.038889
5 0.864453 0.893750 0.099219 0.043056
5 0.864453 0.873611 0.099219 0.041667
5 0.865234 0.932639 0.099219 0.045833
5 0.841016 0.912500 0.050781 0.044444
5 0.864062 0.813889 0.098437 0.036111
5 0.864062 0.791667 0.098437 0.036111