3 0.499609 0.834722 0.999219 0.327778
4 0.508594 0.715972 0.001563 0.048611
4 0.569141 0.735417 0.028906 0.062500
4 0.660156 0.759722 0.035937 0.066667
4 0.725781 0.770833 0.006250 0.075000
4 0.776172 0.785417 0.042969 0.081944
4 0.863672 0.802778 0.013281 0.086111
4 0.276172 0.766667 0.000781 0.011111
4 0.302734 0.863194 0.000781 0.004167
4 0.346094 0.840972 0.021875 0.068056
4 0.385547 0.845139 0.003906 0.059722
4 0.736719 0.988889 0.006250 0.019444
8 0.779687 0.788889 0.071875 0.052778
5 0.321875 0.683333 0.037500 0.008333
5 0.321875 0.683333 0.037500 0.008333
5 0.321875 0.683333 0.037500 0.008333
5 0.326172 0.674306 0.039844 0.009722
5 0.326172 0.674306 0.039844 0.009722
5 0.326172 0.674306 0.039844 0.009722
5 0.321484 0.690278 0.038281 0.005556
5 0.321484 0.690278 0.038281 0.005556
5 0.321484 0.690278 0.038281 0.005556
5 0.389844 0.690278 0.009375 0.000000
5 0.389844 0.690278 0.009375 0.000000
5 0.389844 0.690278 0.009375 0.000000
5 0.359375 0.677083 0.007812 0.001389
5 0.359375 0.677083 0.007812 0.001389
5 0.359375 0.677083 0.007812 0.001389
5 0.376563 0.672222 0.042188 0.008333
5 0.376563 0.672222 0.042188 0.008333
5 0.376563 0.672222 0.042188 0.008333
5 0.376563 0.663194 0.042188 0.009722
5 0.376563 0.663194 0.042188 0.009722
5 0.376563 0.663194 0.042188 0.009722
6 0.526172 0.681944 0.044531 0.038889
6 0.492969 0.677778 0.017188 0.044444
6 0.526172 0.639583 0.046094 0.059722
6 0.503906 0.685417 0.039062 0.054167
6 0.619531 0.711806 0.054688 0.068056
6 0.671484 0.720139 0.057031 0.073611
7 0.867969 0.798611 0.031250 0.022222
7 0.700781 0.832639 0.053125 0.018056
7 0.514062 0.891667 0.056250 0.041667
7 0.538281 0.777778 0.048438 0.022222
7 0.411719 0.727083 0.020313 0.012500
7 0.533594 0.751389 0.020313 0.013889
6 0.833984 0.919444 0.330469 0.158333
6 0.990625 0.903472 0.017188 0.190278
6 0.204297 0.890972 0.096094 0.170833
6 0.342187 0.863889 0.079687 0.122222
6 0.336719 0.742361 0.090625 0.145833
6 0.205078 0.756250 0.096094 0.162500
6 0.221094 0.700000 0.064062 0.094444
6 0.113672 0.708333 0.052344 0.116667
6 0.203125 0.746528 0.007812 0.004167
6 0.112500 0.808333 0.051562 0.122222
8 0.990625 0.823611 0.017188 0.036111
5 0.990625 0.800000 0.017188 0.016667
8 0.982422 0.809028 0.000781 0.001389
8 0.683203 0.763194 0.010156 0.018056
8 0.666016 0.765972 0.049219 0.031944
5 0.670703 0.752083 0.030469 0.004167
8 0.550000 0.729167 0.045312 0.027778
5 0.551172 0.717361 0.042969 0.009722
8 0.523438 0.726389 0.026562 0.030556
5 0.533984 0.713194 0.046094 0.009722
8 0.509766 0.721528 0.035156 0.029167
5 0.516016 0.709028 0.044531 0.009722
8 0.501953 0.719444 0.035156 0.025000
5 0.502734 0.704861 0.036719 0.009722
8 0.549609 0.707639 0.027344 0.006944
5 0.555469 0.704861 0.034375 0.006944
8 0.526563 0.702778 0.015625 0.002778
5 0.542188 0.701389 0.042188 0.005556
8 0.562109 0.722917 0.016406 0.029167
5 0.564063 0.709028 0.017188 0.006944
8 0.572656 0.712500 0.000000 0.000000
8 0.702344 0.690972 0.000000 0.001389
5 0.706641 0.672222 0.014844 0.002778
8 0.790625 0.680556 0.001563 0.002778
5 0.788281 0.679861 0.001563 0.004167
8 0.683984 0.684722 0.035156 0.022222
5 0.685547 0.675000 0.033594 0.005556
8 0.692969 0.687500 0.018750 0.022222
5 0.699609 0.677778 0.028906 0.005556
8 0.707422 0.686806 0.013281 0.018056
5 0.708203 0.678472 0.011719 0.004167
8 0.868750 0.706250 0.028125 0.023611
5 0.866016 0.693750 0.027344 0.006944
8 0.874609 0.704167 0.017969 0.016667
5 0.873437 0.690972 0.018750 0.006944
8 0.857422 0.702083 0.010156 0.012500
5 0.853516 0.693056 0.002344 0.000000
8 0.805859 0.706250 0.028906 0.023611
5 0.806250 0.696528 0.025000 0.006944
8 0.786328 0.693750 0.003906 0.018056
5 0.802734 0.684722 0.032031 0.005556
8 0.799609 0.701389 0.016406 0.019444
5 0.803906 0.689583 0.029687 0.004167
8 0.792578 0.700000 0.011719 0.011111
5 0.791406 0.692361 0.014063 0.006944
5 0.990234 0.705556 0.017969 0.002778
0 0.990625 0.764583 0.017188 0.006944
0 0.758203 0.661111 0.064844 0.122222
0 0.476562 0.643750 0.046875 0.098611
0 0.991016 0.952083 0.016406 0.051389
0 0.587891 0.854861 0.275781 0.287500
0 0.380469 0.836111 0.215625 0.325000
0 0.173047 0.781944 0.207031 0.286111
0 0.148047 0.765278 0.189844 0.263889
1 0.567578 0.879861 0.166406 0.237500
1 0.640234 0.866667 0.191406 0.263889
1 0.060937 0.674306 0.075000 0.093056
1 0.064453 0.675000 0.072656 0.091667
1 0.011328 0.675694 0.022656 0.090278
1 0.013672 0.678472 0.027344 0.093056
1 0.085547 0.711111 0.061719 0.125000
1 0.030078 0.716667 0.060156 0.133333
1 0.078516 0.754861 0.080469 0.170833
1 0.147656 0.735417 0.081250 0.131944
1 0.860156 0.616667 0.017188 0.008333
2 0.861719 0.656944 0.001563 0.000000
2 0.857812 0.622917 0.007812 0.006944
2 0.882031 0.627778 0.000000 0.013889
2 0.871484 0.657639 0.016406 0.004167
2 0.869922 0.623611 0.014844 0.008333
2 0.878516 0.619444 0.000781 0.000000
2 0.875391 0.624306 0.008594 0.006944
2 0.881250 0.619444 0.003125 0.000000
1 0.986719 0.652083 0.012500 0.070833
2 0.985156 0.635417 0.009375 0.020833
2 0.985547 0.664583 0.010156 0.020833
1 0.828906 0.620139 0.054688 0.012500
2 0.805859 0.656944 0.002344 0.002778
2 0.809766 0.623611 0.011719 0.005556
2 0.841797 0.624306 0.024219 0.004167
2 0.853516 0.656944 0.002344 0.000000
2 0.817187 0.623611 0.009375 0.005556
2 0.829688 0.620833 0.010937 0.000000
2 0.825000 0.624306 0.007812 0.004167
1 0.881250 0.638889 0.001563 0.041667
1 0.773438 0.648611 0.054688 0.066667
2 0.755469 0.651389 0.000000 0.000000
2 0.752344 0.622222 0.007812 0.000000
2 0.792969 0.634028 0.010937 0.020833
2 0.776563 0.662500 0.040625 0.022222
2 0.760547 0.623611 0.002344 0.000000
2 0.771094 0.623611 0.001563 0.000000
1 0.852734 0.654167 0.060156 0.069444
2 0.836328 0.627083 0.016406 0.001389
2 0.867578 0.640278 0.027344 0.022222
2 0.867188 0.670833 0.029687 0.025000
2 0.842578 0.627778 0.016406 0.000000
2 0.853516 0.627778 0.003906 0.000000
2 0.850781 0.629167 0.004687 0.000000
2 0.859766 0.627778 0.007031 0.000000
1 0.750781 0.637500 0.043750 0.044444
2 0.730859 0.654167 0.005469 0.005556
2 0.737500 0.651389 0.006250 0.000000
2 0.728906 0.634028 0.006250 0.020833
2 0.762891 0.635417 0.019531 0.020833
2 0.752734 0.656250 0.039844 0.006944
2 0.738672 0.634028 0.013281 0.020833
2 0.751172 0.623611 0.010156 0.000000
2 0.744531 0.634722 0.007812 0.019444
2 0.758594 0.623611 0.000000 0.000000
1 0.828906 0.650000 0.062500 0.061111
2 0.806250 0.671528 0.003125 0.018056
2 0.813672 0.638194 0.027344 0.020833
2 0.843359 0.640278 0.027344 0.022222
2 0.836328 0.673611 0.036719 0.019444
2 0.815234 0.638889 0.010156 0.019444
2 0.826172 0.634722 0.013281 0.011111
2 0.840234 0.629167 0.013281 0.000000
2 0.990234 0.710417 0.017969 0.006944
2 0.990234 0.733333 0.017969 0.041667
2 0.576953 0.669444 0.011719 0.022222
2 0.613672 0.672917 0.042969 0.020833
2 0.648438 0.673611 0.025000 0.022222
2 0.613672 0.651389 0.042969 0.025000
2 0.648438 0.650694 0.025000 0.023611
2 0.613672 0.627778 0.042969 0.025000
2 0.639453 0.627083 0.042969 0.023611
5 0.732812 0.724306 0.064062 0.015278
5 0.734766 0.735417 0.060156 0.015278
5 0.735156 0.743750 0.059375 0.015278
5 0.735547 0.752778 0.058594 0.016667
5 0.736719 0.771528 0.056250 0.015278
5 0.736328 0.762500 0.057031 0.016667
5 0.737500 0.790278 0.054688 0.016667
5 0.737109 0.780556 0.055469 0.016667
5 0.074219 0.774306 0.051562 0.018056
5 0.073828 0.783333 0.047656 0.016667
5 0.783594 0.738194 0.056250 0.015278
5 0.783594 0.747917 0.056250 0.015278
5 0.784375 0.765972 0.054688 0.015278
5 0.783984 0.757639 0.055469 0.015278
5 0.788672 0.783333 0.046094 0.013889
5 0.788672 0.773611 0.046094 0.013889
5 0.114062 0.764583 0.001563 0.001389
5 0.114453 0.778472 0.000781 0.004167
5 0.783594 0.730556 0.056250 0.013889
5 0.780078 0.720139 0.063281 0.015278
5 0.832031 0.733333 0.057813 0.013889
5 0.832031 0.742361 0.057813 0.015278
5 0.832031 0.761111 0.057813 0.016667
5 0.832031 0.752083 0.057813 0.015278
5 0.832422 0.777778 0.057031 0.016667
5 0.832031 0.768750 0.057813 0.015278
5 0.832031 0.725694 0.057813 0.015278
5 0.830078 0.716667 0.061719 0.013889
5 0.830078 0.663889 0.061719 0.011111
5 0.830078 0.673611 0.061719 0.011111
5 0.830078 0.691667 0.061719 0.011111
5 0.830078 0.683333 0.061719 0.011111
5 0.830078 0.708333 0.061719 0.013889
5 0.830078 0.699306 0.061719 0.012500
5 0.198437 0.743056 0.000000 0.000000
5 0.829688 0.656250 0.060937 0.009722
5 0.829688 0.646528 0.060937 0.012500