3 0.620703 0.988889 0.199219 0.019444
5 0.089844 0.986111 0.106250 0.025000
5 0.089844 0.986111 0.106250 0.025000
5 0.089844 0.986111 0.106250 0.025000
5 0.228906 0.994444 0.101562 0.008333
5 0.228906 0.994444 0.101562 0.008333
5 0.228906 0.994444 0.101562 0.008333
5 0.228906 0.983333 0.101562 0.027778
5 0.228906 0.983333 0.101562 0.027778
5 0.228906 0.983333 0.101562 0.027778
5 0.229297 0.960417 0.100781 0.031944
5 0.229297 0.960417 0.100781 0.031944
5 0.229297 0.960417 0.100781 0.031944
6 0.456641 0.984028 0.110156 0.029167
6 0.580078 0.918056 0.163281 0.161111
6 0.481641 0.993750 0.078906 0.009722
0 0.461719 0.895833 0.114062 0.205556
2 0.715625 0.967361 0.053125 0.062500
2 0.796484 0.975000 0.108594 0.047222
2 0.873437 0.977083 0.046875 0.043056
2 0.795703 0.931250 0.108594 0.065278
2 0.872656 0.929861 0.046875 0.056944
2 0.794531 0.875694 0.107813 0.062500
2 0.846094 0.872222 0.096875 0.061111