3 0.499609 0.845139 0.999219 0.306944
4 0.448828 0.788889 0.010156 0.072222
4 0.492969 0.827778 0.039062 0.086111
4 0.542969 0.854167 0.012500 0.091667
4 0.569922 0.883333 0.047656 0.105556
4 0.639453 0.921528 0.016406 0.112500
4 0.682813 0.948611 0.048438 0.100000
4 0.787891 0.976389 0.005469 0.044444
8 0.712500 0.953472 0.095312 0.090278
5 0.326172 0.709722 0.049219 0.011111
5 0.326172 0.709722 0.049219 0.011111
5 0.326172 0.709722 0.049219 0.011111
5 0.326172 0.698611 0.049219 0.013889
5 0.326172 0.698611 0.049219 0.013889
5 0.326172 0.698611 0.049219 0.013889
5 0.325781 0.718056 0.048438 0.011111
5 0.325781 0.718056 0.048438 0.011111
5 0.325781 0.718056 0.048438 0.011111
5 0.389453 0.715278 0.047656 0.011111
5 0.389453 0.715278 0.047656 0.011111
5 0.389453 0.715278 0.047656 0.011111
5 0.389453 0.706250 0.047656 0.012500
5 0.389453 0.706250 0.047656 0.012500
5 0.389453 0.706250 0.047656 0.012500
5 0.389453 0.697222 0.047656 0.011111
5 0.389453 0.697222 0.047656 0.011111
5 0.389453 0.697222 0.047656 0.011111
5 0.389453 0.686111 0.047656 0.013889
5 0.389453 0.686111 0.047656 0.013889
5 0.389453 0.686111 0.047656 0.013889
6 0.513281 0.731944 0.043750 0.058333
6 0.483203 0.720139 0.038281 0.065278
6 0.513281 0.675694 0.043750 0.076389
6 0.497656 0.726389 0.045312 0.066667
6 0.586719 0.788194 0.075000 0.098611
6 0.643750 0.800000 0.081250 0.094444
7 0.869141 0.968056 0.086719 0.027778
7 0.984766 0.997917 0.027344 0.001389
7 0.530469 0.998611 0.000000 0.000000
7 0.410938 0.897222 0.056250 0.044444
7 0.371484 0.786111 0.060156 0.019444
7 0.436328 0.843056 0.074219 0.027778
8 0.629297 0.863889 0.011719 0.038889
5 0.635156 0.848611 0.003125 0.013889
8 0.601953 0.882639 0.069531 0.065278
5 0.604688 0.859722 0.064062 0.030556
8 0.506250 0.804861 0.057813 0.043056
5 0.507422 0.786806 0.055469 0.015278
8 0.491797 0.793750 0.057031 0.040278
5 0.492969 0.776389 0.054688 0.013889
8 0.477344 0.784028 0.053125 0.043056
5 0.478516 0.769444 0.053906 0.013889
8 0.466797 0.776389 0.057031 0.038889
5 0.466406 0.761111 0.051562 0.013889
8 0.514844 0.768056 0.010937 0.011111
5 0.530469 0.764583 0.037500 0.012500
8 0.514062 0.761111 0.035937 0.013889
5 0.523828 0.757639 0.050781 0.012500
8 0.539062 0.789583 0.017188 0.023611
5 0.539844 0.772917 0.018750 0.012500
8 0.547266 0.800694 0.003906 0.029167
5 0.547266 0.781944 0.003906 0.011111
5 0.817578 0.710417 0.017969 0.001389
5 0.807813 0.706250 0.006250 0.004167
5 0.843359 0.713889 0.010156 0.002778
5 0.871484 0.720833 0.000781 0.000000
8 0.744141 0.722222 0.033594 0.027778
5 0.747266 0.710417 0.035156 0.009722
8 0.754297 0.728472 0.017969 0.029167
5 0.755469 0.715972 0.017188 0.009722
8 0.957031 0.766667 0.054688 0.025000
5 0.954688 0.752083 0.053125 0.012500
8 0.969141 0.747917 0.013281 0.004167
5 0.973828 0.749306 0.021094 0.012500
8 0.925000 0.770139 0.059375 0.040278
5 0.924219 0.754861 0.053125 0.015278
8 0.905859 0.775694 0.022656 0.031944
5 0.903906 0.759028 0.018750 0.012500
8 0.917578 0.739583 0.002344 0.012500
5 0.905078 0.731944 0.021094 0.008333
8 0.929297 0.756250 0.038281 0.031944
5 0.919922 0.740278 0.050781 0.011111
8 0.909375 0.759028 0.014063 0.023611
5 0.903516 0.745833 0.017969 0.011111
0 0.975000 0.770139 0.048438 0.218056
0 0.800000 0.715278 0.075000 0.169444
0 0.495312 0.670833 0.048438 0.122222
0 0.887891 0.978472 0.146094 0.040278
1 0.019141 0.700000 0.038281 0.102778
1 0.017969 0.705556 0.035937 0.105556
1 0.989062 0.662500 0.006250 0.066667
2 0.991016 0.693750 0.002344 0.001389
2 0.990234 0.647222 0.003906 0.019444
1 0.951562 0.662500 0.068750 0.063889
2 0.932422 0.646528 0.024219 0.015278
2 0.966406 0.649306 0.032813 0.012500
2 0.983203 0.694444 0.000781 0.000000
2 0.939063 0.647222 0.018750 0.011111
2 0.950000 0.640278 0.009375 0.000000
2 0.947656 0.647222 0.015625 0.011111
2 0.958984 0.641667 0.014844 0.000000
1 0.875000 0.675694 0.067187 0.084722
2 0.846094 0.643056 0.003125 0.000000
2 0.899609 0.659028 0.011719 0.026389
2 0.888672 0.694444 0.035156 0.030556
2 0.871094 0.643056 0.000000 0.000000
2 0.871094 0.646528 0.000000 0.001389
1 0.960938 0.693056 0.062500 0.100000
2 0.950781 0.654167 0.035937 0.002778
2 0.980078 0.673611 0.024219 0.030556
2 0.969531 0.712500 0.045312 0.033333
2 0.954297 0.656944 0.014844 0.002778
2 0.970703 0.655556 0.016406 0.000000
2 0.963672 0.659028 0.014844 0.001389
2 0.982031 0.656944 0.015625 0.000000
1 0.840625 0.676389 0.062500 0.086111
2 0.822656 0.681250 0.009375 0.004167
2 0.835938 0.678472 0.009375 0.001389
2 0.828125 0.656250 0.021875 0.026389
2 0.855469 0.661111 0.031250 0.027778
2 0.846875 0.695833 0.050000 0.030556
2 0.826953 0.657639 0.011719 0.026389
2 0.842969 0.644444 0.009375 0.000000
2 0.837891 0.659722 0.014844 0.027778
2 0.845703 0.645833 0.003906 0.000000
1 0.934766 0.693750 0.078906 0.098611
2 0.907422 0.709722 0.017969 0.030556
2 0.921875 0.694444 0.010937 0.000000
2 0.916406 0.669444 0.035937 0.030556
2 0.951562 0.675000 0.037500 0.030556
2 0.940625 0.713889 0.060937 0.036111
2 0.917969 0.672222 0.017188 0.030556
2 0.935156 0.656944 0.015625 0.000000
2 0.931250 0.673611 0.020313 0.030556
2 0.946094 0.658333 0.017188 0.000000
2 0.633984 0.695833 0.010156 0.027778
2 0.676172 0.704167 0.046094 0.033333
2 0.716016 0.704167 0.033594 0.027778
2 0.676172 0.675694 0.046094 0.031944
2 0.716016 0.675694 0.033594 0.029167
2 0.676172 0.647917 0.046094 0.031944
2 0.707812 0.646528 0.050000 0.031944
5 0.669531 0.843056 0.089063 0.033333
5 0.669531 0.859028 0.089063 0.029167
5 0.669531 0.871528 0.089063 0.029167
5 0.669531 0.886111 0.089063 0.030556
5 0.669531 0.913889 0.089063 0.033333
5 0.669531 0.900000 0.089063 0.030556
5 0.669531 0.940278 0.089063 0.033333
5 0.669531 0.926389 0.089063 0.033333
5 0.748828 0.863194 0.088281 0.029167
5 0.753516 0.877083 0.078906 0.029167
5 0.749609 0.904167 0.088281 0.030556
5 0.753906 0.890278 0.078125 0.030556
5 0.754297 0.929861 0.078906 0.031944
5 0.754297 0.915278 0.078906 0.030556
5 0.748828 0.851389 0.088281 0.027778
5 0.748437 0.835417 0.089063 0.031944
5 0.832812 0.854167 0.078125 0.027778
5 0.832812 0.866667 0.078125 0.027778
5 0.832812 0.893750 0.078125 0.029167
5 0.832812 0.880556 0.078125 0.027778
5 0.833203 0.918056 0.078906 0.030556
5 0.821094 0.905556 0.054688 0.030556
5 0.026562 0.847917 0.053125 0.023611
5 0.027734 0.859028 0.055469 0.026389
5 0.830078 0.842361 0.083594 0.026389
5 0.829688 0.829167 0.084375 0.025000
5 0.829688 0.752778 0.084375 0.022222
5 0.829688 0.766667 0.084375 0.022222
5 0.829688 0.793056 0.084375 0.025000
5 0.829688 0.779167 0.084375 0.025000
5 0.829688 0.818056 0.084375 0.025000
5 0.829688 0.804167 0.084375 0.025000
5 0.026562 0.838889 0.053125 0.025000
5 0.027734 0.827778 0.055469 0.025000
5 0.829688 0.740972 0.084375 0.023611
5 0.829297 0.727083 0.085156 0.023611