3 0.499609 0.809028 0.999219 0.379167
4 0.062109 0.861111 0.005469 0.086111
4 0.044141 0.722917 0.002344 0.031944
8 0.098047 0.641667 0.028906 0.016667
5 0.040234 0.616667 0.035156 0.008333
5 0.040234 0.616667 0.035156 0.008333
5 0.040234 0.616667 0.035156 0.008333
5 0.040234 0.607639 0.035156 0.009722
5 0.040234 0.607639 0.035156 0.009722
5 0.040234 0.607639 0.035156 0.009722
5 0.040234 0.623611 0.035156 0.008333
5 0.040234 0.623611 0.035156 0.008333
5 0.040234 0.623611 0.035156 0.008333
5 0.010937 0.627083 0.021875 0.006944
5 0.010937 0.627083 0.021875 0.006944
5 0.010937 0.627083 0.021875 0.006944
5 0.010937 0.619444 0.021875 0.008333
5 0.010937 0.619444 0.021875 0.008333
5 0.010937 0.619444 0.021875 0.008333
5 0.010937 0.611806 0.021875 0.006944
5 0.010937 0.611806 0.021875 0.006944
5 0.010937 0.611806 0.021875 0.006944
5 0.010937 0.603472 0.021875 0.009722
5 0.010937 0.603472 0.021875 0.009722
5 0.010937 0.603472 0.021875 0.009722
6 0.114844 0.600694 0.020313 0.043056
6 0.096094 0.574306 0.032813 0.043056
6 0.096484 0.602083 0.032031 0.043056
5 0.741016 0.785417 0.052344 0.026389
5 0.741016 0.785417 0.052344 0.026389
5 0.741016 0.785417 0.052344 0.026389
5 0.748437 0.770139 0.067187 0.031944
5 0.748437 0.770139 0.067187 0.031944
5 0.748437 0.770139 0.067187 0.031944
5 0.742578 0.798611 0.055469 0.025000
5 0.742578 0.798611 0.055469 0.025000
5 0.742578 0.798611 0.055469 0.025000
5 0.835156 0.836111 0.037500 0.022222
5 0.835156 0.836111 0.037500 0.022222
5 0.835156 0.836111 0.037500 0.022222
5 0.835156 0.821528 0.037500 0.023611
5 0.835156 0.821528 0.037500 0.023611
5 0.835156 0.821528 0.037500 0.023611
5 0.817969 0.801389 0.071875 0.030556
5 0.817969 0.801389 0.071875 0.030556
5 0.817969 0.801389 0.071875 0.030556
5 0.815234 0.784028 0.077344 0.034722
5 0.815234 0.784028 0.077344 0.034722
5 0.815234 0.784028 0.077344 0.034722
6 0.351953 0.883333 0.091406 0.127778
6 0.501172 0.854167 0.088281 0.127778
6 0.351953 0.778472 0.091406 0.129167
6 0.429688 0.865972 0.089063 0.131944
7 0.240625 0.848611 0.042188 0.036111
7 0.321484 0.657639 0.024219 0.012500
7 0.363281 0.655556 0.025000 0.013889
7 0.217578 0.665972 0.022656 0.015278
7 0.258594 0.662500 0.015625 0.013889
8 0.050391 0.908333 0.052344 0.075000
5 0.052344 0.887500 0.037500 0.036111
8 0.117188 0.898611 0.056250 0.072222
5 0.116406 0.880556 0.048438 0.036111
8 0.174219 0.889583 0.056250 0.070833
5 0.173047 0.870833 0.049219 0.036111
8 0.236719 0.882639 0.057813 0.070833
5 0.235547 0.863194 0.050781 0.034722
8 0.183203 0.924306 0.061719 0.081944
5 0.182422 0.902083 0.053906 0.037500
8 0.250391 0.914583 0.063281 0.079167
5 0.249609 0.893750 0.055469 0.040278
8 0.122266 0.935417 0.060156 0.084722
5 0.121484 0.914583 0.052344 0.043056
8 0.051953 0.945833 0.050781 0.086111
5 0.050391 0.925000 0.047656 0.044444
0 0.100391 0.915278 0.185156 0.166667
0 0.779687 0.802083 0.162500 0.231944
1 0.492188 0.668750 0.062500 0.109722
1 0.456641 0.672222 0.061719 0.111111
1 0.460156 0.649306 0.057813 0.090278
1 0.426172 0.659028 0.057031 0.104167
1 0.432031 0.637500 0.053125 0.083333
1 0.400000 0.646528 0.051562 0.098611
1 0.425781 0.616667 0.060937 0.080556
1 0.120313 0.693056 0.087500 0.119444
1 0.116016 0.679861 0.083594 0.106944
5 0.033594 0.734028 0.037500 0.015278
5 0.030469 0.740278 0.035937 0.005556
5 0.034766 0.740278 0.028906 0.002778
5 0.014453 0.759722 0.002344 0.016667
5 0.036719 0.767361 0.040625 0.015278
5 0.034375 0.775694 0.040625 0.018056
5 0.036719 0.757639 0.040625 0.020833
5 0.033984 0.750000 0.041406 0.022222