3 0.499609 0.826389 0.999219 0.344444
4 0.172656 0.693750 0.001563 0.018056
4 0.119922 0.690278 0.008594 0.002778
4 0.066797 0.728472 0.008594 0.059722
4 0.007031 0.736806 0.014063 0.065278
4 0.098437 0.667361 0.001563 0.020833
4 0.007422 0.687500 0.014844 0.044444
8 0.062891 0.747222 0.064844 0.041667
8 0.584766 0.750000 0.067969 0.047222
5 0.517188 0.665278 0.034375 0.005556
5 0.517188 0.665278 0.034375 0.005556
5 0.517188 0.665278 0.034375 0.005556
5 0.517188 0.657639 0.034375 0.009722
5 0.517188 0.657639 0.034375 0.009722
5 0.517188 0.657639 0.034375 0.009722
5 0.508203 0.672222 0.014844 0.005556
5 0.508203 0.672222 0.014844 0.005556
5 0.508203 0.672222 0.014844 0.005556
5 0.555469 0.659722 0.020313 0.005556
5 0.555469 0.659722 0.020313 0.005556
5 0.555469 0.659722 0.020313 0.005556
5 0.555859 0.652083 0.021094 0.006944
5 0.555859 0.652083 0.021094 0.006944
5 0.555859 0.652083 0.021094 0.006944
6 0.458203 0.680556 0.028906 0.055556
6 0.492969 0.672917 0.035937 0.054167
6 0.458984 0.631250 0.030469 0.054167
6 0.473438 0.676389 0.039062 0.055556
6 0.325391 0.697917 0.052344 0.065278
6 0.296484 0.705556 0.035156 0.069444
7 0.091797 0.772222 0.060156 0.022222
7 0.033594 0.783333 0.062500 0.025000
7 0.306250 0.851389 0.084375 0.033333
7 0.344531 0.829861 0.040625 0.026389
7 0.135156 0.912500 0.100000 0.044444
7 0.216016 0.885417 0.092969 0.034722
7 0.015234 0.970833 0.030469 0.044444
7 0.119531 0.726389 0.031250 0.008333
7 0.057422 0.696528 0.038281 0.012500
7 0.242188 0.715972 0.025000 0.012500
7 0.115625 0.659028 0.026562 0.006944
7 0.131641 0.656250 0.010156 0.006944
7 0.050391 0.665278 0.028906 0.008333
7 0.078516 0.661806 0.028906 0.006944
8 0.230859 0.733333 0.002344 0.022222
5 0.230859 0.718056 0.002344 0.005556
8 0.173828 0.729167 0.000781 0.008333
5 0.179688 0.716667 0.012500 0.002778
5 0.357422 0.690278 0.010156 0.002778
5 0.356641 0.686806 0.008594 0.004167
8 0.402344 0.684722 0.000000 0.000000
5 0.371484 0.682639 0.017969 0.001389
8 0.428906 0.696528 0.001563 0.006944
5 0.416016 0.688194 0.027344 0.006944
5 0.362500 0.693056 0.000000 0.000000
8 0.771094 0.709028 0.040625 0.026389
5 0.767578 0.695833 0.041406 0.008333
8 0.792969 0.704861 0.017188 0.026389
5 0.778516 0.693056 0.039844 0.008333
8 0.760938 0.712500 0.045312 0.027778
5 0.760156 0.700000 0.042188 0.008333
8 0.750000 0.716667 0.045312 0.027778
5 0.748437 0.704167 0.042188 0.008333
8 0.751563 0.691667 0.010937 0.005556
5 0.734375 0.690278 0.039062 0.008333
8 0.742188 0.695833 0.007812 0.005556
5 0.723047 0.693056 0.039844 0.008333
8 0.718750 0.700000 0.021875 0.002778
5 0.712500 0.696528 0.037500 0.006944
8 0.699609 0.706250 0.041406 0.012500
5 0.700391 0.700694 0.039844 0.009722
8 0.679297 0.736806 0.039844 0.034722
5 0.678125 0.722917 0.037500 0.012500
8 0.714063 0.740972 0.046875 0.034722
5 0.714063 0.725694 0.042188 0.012500
8 0.641016 0.736111 0.044531 0.030556
5 0.642188 0.720139 0.042188 0.012500
8 0.607031 0.729167 0.046875 0.027778
5 0.606641 0.717361 0.041406 0.012500
8 0.721875 0.725000 0.048438 0.030556
5 0.721094 0.711111 0.043750 0.011111
8 0.711328 0.729861 0.050781 0.031944
5 0.710547 0.714583 0.046094 0.009722
8 0.666016 0.726389 0.042969 0.030556
5 0.665234 0.712500 0.039844 0.008333
8 0.630078 0.725000 0.041406 0.030556
5 0.630859 0.710417 0.039844 0.009722
8 0.604688 0.775000 0.029687 0.041667
5 0.602344 0.757639 0.025000 0.015278
8 0.616797 0.766667 0.046094 0.038889
5 0.612891 0.749306 0.046094 0.015278
0 0.887500 0.833333 0.223438 0.330556
0 0.364063 0.700000 0.100000 0.177778
0 0.538672 0.668056 0.060156 0.133333
0 0.591797 0.640278 0.050781 0.100000
1 0.307031 0.637500 0.051562 0.061111
1 0.291016 0.638194 0.052344 0.062500
1 0.262109 0.635417 0.038281 0.062500
1 0.250391 0.638194 0.050781 0.062500
1 0.240234 0.634028 0.027344 0.059722
1 0.228516 0.636111 0.003906 0.052778
1 0.177344 0.625694 0.017188 0.051389
1 0.112500 0.651389 0.062500 0.072222
1 0.089063 0.649306 0.062500 0.070833
1 0.005078 0.663889 0.010156 0.080556
1 0.996094 0.699306 0.006250 0.109722
2 0.997266 0.669444 0.003906 0.027778
2 0.997656 0.717361 0.003125 0.034722
2 0.998828 0.654167 0.000781 0.000000
1 0.916016 0.677083 0.046094 0.098611
2 0.936328 0.696528 0.002344 0.012500
2 0.925000 0.652083 0.023438 0.029167
2 0.912109 0.655556 0.035156 0.030556
2 0.926172 0.699306 0.017969 0.020833
2 0.909375 0.638889 0.017188 0.000000
2 0.928125 0.653472 0.014063 0.029167
2 0.906250 0.640278 0.015625 0.000000
2 0.923438 0.654167 0.017188 0.027778
1 0.893750 0.691667 0.053125 0.111111
2 0.886328 0.688889 0.007031 0.000000
2 0.915234 0.705556 0.007031 0.030556
2 0.903125 0.660417 0.029687 0.026389
2 0.889453 0.667361 0.039844 0.031944
2 0.899219 0.709028 0.032813 0.037500
2 0.885156 0.648611 0.015625 0.000000
2 0.912109 0.662500 0.007031 0.025000
2 0.883203 0.650000 0.019531 0.000000
2 0.903125 0.663194 0.018750 0.026389
1 0.873437 0.636111 0.046875 0.019444
2 0.883203 0.638194 0.022656 0.004167
2 0.868750 0.643750 0.034375 0.009722
2 0.865625 0.685417 0.003125 0.001389
2 0.867578 0.637500 0.016406 0.000000
2 0.884375 0.641667 0.015625 0.008333
2 0.865234 0.638889 0.011719 0.000000
2 0.880469 0.642361 0.017188 0.006944
1 0.846875 0.687500 0.053125 0.105556
2 0.841016 0.686111 0.010156 0.000000
2 0.864062 0.687500 0.006250 0.000000
2 0.861719 0.647917 0.020313 0.004167
2 0.841797 0.664583 0.038281 0.031944
2 0.844922 0.705556 0.044531 0.036111
2 0.842578 0.647222 0.013281 0.000000
2 0.858594 0.660417 0.017188 0.026389
2 0.837109 0.647917 0.014844 0.001389
2 0.855078 0.661111 0.019531 0.025000
2 0.816016 0.857639 0.038281 0.073611
2 0.729688 0.897222 0.132812 0.086111
2 0.729688 0.822222 0.132812 0.094444
2 0.776563 0.793056 0.117188 0.080556
2 0.535937 0.767361 0.106250 0.070833
2 0.468750 0.791667 0.118750 0.080556
2 0.510156 0.856250 0.035937 0.073611
2 0.575000 0.825000 0.028125 0.063889
2 0.503906 0.779167 0.112500 0.075000
2 0.428516 0.804861 0.125781 0.087500
2 0.428516 0.873611 0.125781 0.077778
2 0.544141 0.839583 0.032031 0.068056
2 0.469922 0.742361 0.052344 0.015278
2 0.817578 0.684028 0.011719 0.029167
2 0.753125 0.682639 0.029687 0.018056
2 0.789844 0.688889 0.042188 0.030556
2 0.753125 0.661111 0.029687 0.027778
2 0.789844 0.661806 0.042188 0.029167
2 0.755078 0.634028 0.035156 0.029167
2 0.789844 0.634722 0.042188 0.030556
5 0.125781 0.697917 0.054688 0.012500
5 0.121094 0.706944 0.045312 0.011111
5 0.121094 0.713194 0.045312 0.012500
5 0.121094 0.721528 0.045312 0.012500
5 0.121094 0.737500 0.045312 0.013889
5 0.121094 0.729167 0.045312 0.013889
5 0.121094 0.752778 0.045312 0.013889
5 0.121094 0.745139 0.045312 0.012500
5 0.055469 0.686806 0.039062 0.006944
5 0.053125 0.693056 0.034375 0.005556
5 0.160938 0.717361 0.050000 0.012500
5 0.160938 0.725000 0.050000 0.013889
5 0.160938 0.741667 0.050000 0.013889
5 0.160938 0.733333 0.050000 0.013889
5 0.157812 0.756944 0.043750 0.013889
5 0.157812 0.748611 0.043750 0.013889
5 0.078516 0.688889 0.033594 0.008333
5 0.085547 0.695833 0.019531 0.005556
5 0.160938 0.709028 0.050000 0.012500
5 0.161328 0.700694 0.049219 0.012500
5 0.208984 0.720139 0.057031 0.009722
5 0.208984 0.729167 0.057031 0.011111
5 0.208984 0.745833 0.057031 0.011111
5 0.208984 0.737500 0.057031 0.011111
5 0.208984 0.761806 0.057031 0.009722
5 0.208984 0.753472 0.057031 0.009722
5 0.110156 0.691667 0.039062 0.005556
5 0.097656 0.698611 0.015625 0.005556
5 0.208984 0.713194 0.057031 0.009722
5 0.208984 0.704861 0.057031 0.009722
5 0.208984 0.655556 0.057031 0.008333
5 0.208984 0.663889 0.057031 0.008333
5 0.208984 0.681944 0.057031 0.008333
5 0.208984 0.673611 0.057031 0.008333
5 0.208984 0.697222 0.057031 0.008333
5 0.208984 0.688889 0.057031 0.008333
5 0.110156 0.688194 0.039062 0.006944
5 0.109766 0.681250 0.039844 0.006944
5 0.208984 0.648611 0.057031 0.008333
5 0.209375 0.640278 0.056250 0.008333