3 0.521875 0.898611 0.954688 0.200000
4 0.992969 0.899306 0.012500 0.104167
8 0.855078 0.828472 0.058594 0.040278
5 0.005078 0.939583 0.008594 0.018056
5 0.005078 0.939583 0.008594 0.018056
5 0.005078 0.939583 0.008594 0.018056
5 0.005469 0.921528 0.009375 0.031944
5 0.005469 0.921528 0.009375 0.031944
5 0.005469 0.921528 0.009375 0.031944
5 0.038672 0.929167 0.011719 0.013889
5 0.038672 0.929167 0.011719 0.013889
5 0.038672 0.929167 0.011719 0.013889
5 0.032422 0.919444 0.024219 0.033333
5 0.032422 0.919444 0.024219 0.033333
5 0.032422 0.919444 0.024219 0.033333
5 0.023438 0.899306 0.043750 0.034722
5 0.023438 0.899306 0.043750 0.034722
5 0.023438 0.899306 0.043750 0.034722
5 0.023438 0.877083 0.043750 0.034722
5 0.023438 0.877083 0.043750 0.034722
5 0.023438 0.877083 0.043750 0.034722
6 0.656250 0.868750 0.076563 0.112500
6 0.491406 0.870833 0.085938 0.119444
6 0.655078 0.768750 0.075781 0.109722
6 0.533984 0.869444 0.014844 0.116667
6 0.975391 0.863194 0.047656 0.115278
7 0.813672 0.958333 0.082031 0.041667
7 0.804297 0.801389 0.014844 0.011111
7 0.838281 0.799306 0.031250 0.012500
7 0.925000 0.798611 0.014063 0.011111
7 0.893750 0.798611 0.032813 0.011111
7 0.696484 0.801389 0.027344 0.011111
7 0.633203 0.795833 0.010156 0.000000
8 0.958984 0.908333 0.080469 0.061111
5 0.962109 0.885417 0.074219 0.020833
8 0.900391 0.909722 0.083594 0.061111
5 0.900781 0.886806 0.075000 0.020833
8 0.845703 0.911806 0.082031 0.062500
5 0.846484 0.888889 0.072656 0.022222
8 0.784766 0.918056 0.071094 0.055556
5 0.782813 0.890278 0.067187 0.022222
8 0.808594 0.896528 0.073438 0.056944
5 0.809375 0.875000 0.065625 0.019444
8 0.748437 0.897222 0.070312 0.055556
5 0.749609 0.876389 0.063281 0.019444
8 0.859375 0.894444 0.075000 0.055556
5 0.860156 0.873611 0.067187 0.019444
8 0.917969 0.893056 0.078125 0.055556
5 0.918750 0.872222 0.070312 0.019444
8 0.455078 0.831250 0.035156 0.034722
5 0.455469 0.815972 0.031250 0.006944
8 0.417187 0.830556 0.021875 0.033333
5 0.415625 0.815972 0.028125 0.006944
8 0.491016 0.831250 0.036719 0.034722
5 0.491797 0.813889 0.032031 0.002778
8 0.519531 0.828472 0.012500 0.029167
5 0.528516 0.813194 0.025781 0.004167
8 0.418359 0.840972 0.033594 0.031944
5 0.417969 0.823611 0.031250 0.011111
8 0.460547 0.837500 0.038281 0.036111
5 0.461328 0.823611 0.033594 0.011111
8 0.498828 0.838889 0.038281 0.030556
5 0.498047 0.825694 0.032031 0.004167
8 0.525391 0.837500 0.000781 0.025000
5 0.533203 0.822917 0.016406 0.004167
8 0.701953 0.830556 0.016406 0.030556
5 0.701953 0.814583 0.016406 0.006944
5 0.702344 0.811111 0.017188 0.008333
8 0.705469 0.833333 0.015625 0.033333
5 0.705078 0.818750 0.010156 0.006944
8 0.711328 0.828472 0.002344 0.015278
8 0.624609 0.835417 0.003906 0.020833
8 0.642578 0.833333 0.039844 0.025000
8 0.669141 0.835417 0.053906 0.029167
5 0.647656 0.822222 0.007812 0.002778
8 0.680078 0.838194 0.057031 0.034722
5 0.679688 0.823611 0.051562 0.008333
8 0.903125 0.825000 0.026562 0.033333
5 0.904687 0.811806 0.023438 0.009722
8 0.876953 0.825000 0.049219 0.033333
5 0.877344 0.811806 0.043750 0.009722
5 0.989062 0.805556 0.020313 0.000000
0 0.996484 0.748611 0.005469 0.097222
0 0.778516 0.781250 0.135156 0.170833
0 0.217188 0.805556 0.176563 0.222222
1 0.001172 0.893750 0.002344 0.109722
1 0.100000 0.916667 0.200000 0.163889
1 0.087891 0.947222 0.175781 0.102778
1 0.351172 0.768750 0.060156 0.081944
2 0.333203 0.738194 0.010156 0.001389
2 0.375391 0.738194 0.013281 0.001389
2 0.345703 0.738194 0.013281 0.001389
2 0.366016 0.737500 0.003906 0.000000
1 0.474609 0.769444 0.064844 0.083333
2 0.454297 0.783333 0.014844 0.025000
2 0.445312 0.782639 0.000000 0.023611
2 0.453516 0.748611 0.016406 0.025000
2 0.496484 0.736806 0.014844 0.001389
2 0.464453 0.772917 0.003906 0.001389
2 0.468359 0.736806 0.014844 0.001389
2 0.482812 0.736806 0.015625 0.001389
1 0.323437 0.774306 0.003125 0.090278
2 0.330469 0.783333 0.004687 0.000000
2 0.334375 0.740278 0.012500 0.002778
2 0.376953 0.740278 0.010156 0.002778
2 0.342969 0.783333 0.000000 0.000000
2 0.346875 0.740972 0.010937 0.001389
2 0.368359 0.740972 0.008594 0.001389
2 0.367578 0.738889 0.007031 0.000000
1 0.487891 0.770833 0.069531 0.083333
2 0.464453 0.790278 0.013281 0.027778
2 0.460547 0.788889 0.010156 0.027778
2 0.463281 0.752778 0.015625 0.027778
2 0.512891 0.739583 0.014844 0.001389
2 0.497656 0.779861 0.045312 0.001389
2 0.482422 0.739583 0.014844 0.001389
2 0.497266 0.739583 0.014844 0.001389
1 0.324609 0.782639 0.003906 0.101389
2 0.335938 0.785417 0.015625 0.001389
2 0.337891 0.783333 0.008594 0.000000
2 0.335938 0.743056 0.015625 0.000000
2 0.380469 0.743056 0.003125 0.000000
2 0.362891 0.784722 0.038281 0.002778
2 0.348438 0.743056 0.007812 0.000000
2 0.371094 0.743056 0.014063 0.000000
1 0.503906 0.779167 0.075000 0.097222
2 0.482422 0.797222 0.014844 0.027778
2 0.477734 0.796528 0.016406 0.029167
2 0.477734 0.756250 0.017969 0.029167
2 0.528516 0.741667 0.014844 0.000000
2 0.512891 0.781944 0.052344 0.002778
2 0.495312 0.741667 0.015625 0.000000
2 0.512109 0.741667 0.016406 0.000000
1 0.363281 0.786111 0.079687 0.105556
2 0.336328 0.804861 0.017969 0.031944
2 0.336328 0.787500 0.016406 0.000000
2 0.335938 0.760417 0.018750 0.031944
2 0.381641 0.759722 0.000781 0.030556
2 0.363672 0.803472 0.036719 0.034722
2 0.354297 0.760417 0.017969 0.031944
2 0.373047 0.760417 0.017969 0.031944
1 0.505469 0.773611 0.067187 0.083333
2 0.487500 0.799306 0.018750 0.026389
2 0.483594 0.798611 0.017188 0.027778
2 0.485938 0.759028 0.021875 0.031944
2 0.535156 0.758333 0.012500 0.030556
2 0.517188 0.800000 0.048438 0.030556
2 0.505859 0.759722 0.016406 0.030556
2 0.501953 0.743056 0.016406 0.000000
2 0.523438 0.759028 0.017188 0.029167
2 0.519531 0.743056 0.017188 0.000000
2 0.960547 0.795833 0.057031 0.019444
2 0.997656 0.795139 0.003125 0.018056
2 0.997266 0.770833 0.003906 0.027778
2 0.960156 0.772917 0.057813 0.031944
2 0.933594 0.827083 0.034375 0.040278
2 0.969141 0.831250 0.053906 0.040278
2 0.168750 0.843056 0.068750 0.047222
2 0.174219 0.816667 0.059375 0.005556
2 0.225781 0.833333 0.014063 0.022222
2 0.251563 0.800694 0.060937 0.040278
2 0.247656 0.759722 0.068750 0.041667
2 0.254297 0.737500 0.047656 0.000000