3 0.499609 0.683333 0.999219 0.630556
4 0.321875 0.811806 0.010937 0.101389
4 0.199219 0.732639 0.050000 0.095833
4 0.126953 0.698611 0.010156 0.083333
4 0.092578 0.670139 0.041406 0.084722
4 0.030469 0.644444 0.004687 0.077778
4 0.006250 0.585417 0.006250 0.004167
4 0.690234 0.634028 0.007031 0.076389
4 0.082422 0.444444 0.010156 0.047222
4 0.033203 0.431250 0.005469 0.040278
4 0.540625 0.589583 0.029687 0.073611
4 0.491797 0.573611 0.008594 0.066667
4 0.388672 0.540972 0.007031 0.059722
4 0.335547 0.525694 0.021094 0.059722
4 0.301563 0.514583 0.006250 0.054167
4 0.263281 0.499306 0.007812 0.059722
4 0.164453 0.493056 0.000781 0.000000
4 0.127734 0.461806 0.016406 0.048611
8 0.937891 0.470833 0.002344 0.019444
6 0.950391 0.440972 0.027344 0.059722
6 0.978516 0.437500 0.041406 0.055556
6 0.260937 0.996528 0.003125 0.004167
6 0.338281 0.895833 0.167187 0.205556
6 0.094922 0.833333 0.125781 0.191667
6 0.032813 0.793056 0.065625 0.155556
7 0.098047 0.621528 0.055469 0.031944
7 0.246094 0.551389 0.050000 0.025000
7 0.245312 0.697917 0.068750 0.043056
7 0.628516 0.636806 0.061719 0.037500
7 0.535937 0.926389 0.103125 0.088889
7 0.283984 0.782639 0.091406 0.059722
7 0.306641 0.419444 0.033594 0.011111
7 0.326562 0.425000 0.025000 0.011111
7 0.253516 0.407639 0.028906 0.009722
7 0.274609 0.412500 0.030469 0.011111
7 0.190625 0.390972 0.012500 0.006944
7 0.163672 0.388194 0.003906 0.006944
7 0.207813 0.397917 0.029687 0.009722
7 0.682813 0.495833 0.018750 0.016667
7 0.631250 0.486806 0.037500 0.015278
7 0.732812 0.510417 0.040625 0.020833
6 0.177344 0.440278 0.029687 0.052778
6 0.125000 0.449306 0.042188 0.056944
6 0.175391 0.392361 0.028906 0.056944
6 0.123828 0.399306 0.042969 0.059722
6 0.095312 0.375694 0.039062 0.051389
6 0.051562 0.381250 0.040625 0.054167
6 0.052734 0.426389 0.039844 0.052778
6 0.096875 0.420833 0.039062 0.050000
6 0.373828 0.491667 0.049219 0.058333
6 0.324219 0.506944 0.054688 0.072222
6 0.323828 0.445139 0.055469 0.076389
6 0.373437 0.434722 0.050000 0.072222
6 0.471094 0.478472 0.045312 0.087500
6 0.518359 0.466667 0.046094 0.083333
6 0.471484 0.550694 0.044531 0.081944
6 0.517969 0.535417 0.045312 0.076389
6 0.575000 0.434028 0.043750 0.056944
6 0.545312 0.428472 0.042188 0.056944
6 0.485938 0.397222 0.039062 0.008333
6 0.514844 0.418750 0.039062 0.045833
8 0.019922 0.746528 0.039844 0.079167
5 0.017188 0.726389 0.034375 0.041667
8 0.059766 0.722222 0.080469 0.072222
5 0.058594 0.706250 0.071875 0.040278
8 0.230859 0.870139 0.111719 0.070833
5 0.231250 0.845139 0.100000 0.065278
8 0.273438 0.901389 0.110937 0.058333
5 0.276562 0.878472 0.104688 0.070833
8 0.324609 0.919444 0.119531 0.094444
5 0.325000 0.906944 0.107813 0.075000
8 0.360938 0.970139 0.090625 0.043056
5 0.364844 0.941667 0.082812 0.072222
8 0.218359 0.959722 0.132031 0.077778
5 0.209766 0.959722 0.099219 0.077778
8 0.297656 0.962500 0.000000 0.000000
5 0.262891 0.980556 0.067969 0.036111
8 0.171094 0.944444 0.126562 0.108333
5 0.171875 0.929861 0.114062 0.081944
8 0.128516 0.917361 0.121094 0.123611
5 0.129297 0.890972 0.108594 0.073611
0 0.011328 0.477778 0.022656 0.141667
0 0.206641 0.425000 0.049219 0.119444
0 0.274219 0.440278 0.089063 0.127778
0 0.383594 0.475694 0.039062 0.148611
0 0.451562 0.481944 0.098437 0.150000
1 0.217578 0.470139 0.066406 0.112500
1 0.178906 0.479861 0.076563 0.109722
1 0.814844 0.609028 0.125000 0.181944
1 0.830469 0.581944 0.090625 0.150000
1 0.604688 0.534028 0.093750 0.143056
1 0.572656 0.545833 0.100000 0.150000
1 0.000391 0.379861 0.000781 0.051389
1 0.016797 0.387500 0.033594 0.066667
1 0.001563 0.390972 0.003125 0.068056
1 0.021875 0.361806 0.043750 0.059722
1 0.062891 0.361111 0.052344 0.061111
1 0.504297 0.439583 0.067969 0.090278
2 0.500391 0.463889 0.008594 0.030556
2 0.500391 0.427083 0.008594 0.029167
2 0.520703 0.418750 0.030469 0.029167
2 0.516016 0.459028 0.038281 0.034722
2 0.505469 0.422222 0.018750 0.025000
2 0.499219 0.409028 0.006250 0.001389
2 0.516406 0.422222 0.018750 0.027778
2 0.504687 0.406944 0.015625 0.002778
1 0.464062 0.392361 0.021875 0.015278
2 0.460547 0.397917 0.024219 0.006944
2 0.451172 0.439583 0.005469 0.001389
2 0.450000 0.401389 0.003125 0.002778
2 0.455469 0.400000 0.014063 0.005556
2 0.449609 0.397222 0.002344 0.000000
1 0.477734 0.432639 0.058594 0.079167
2 0.461719 0.456250 0.015625 0.026389
2 0.455078 0.454861 0.013281 0.029167
2 0.460938 0.419444 0.025000 0.030556
2 0.500000 0.404167 0.009375 0.005556
2 0.465625 0.440972 0.007812 0.001389
2 0.471094 0.405556 0.009375 0.002778
2 0.463672 0.404167 0.019531 0.002778
2 0.475391 0.404167 0.000781 0.000000
2 0.471484 0.402083 0.008594 0.001389
5 0.859766 0.517361 0.036719 0.015278
5 0.859766 0.509722 0.036719 0.013889
5 0.860156 0.495139 0.037500 0.018056
5 0.860156 0.503472 0.037500 0.015278
5 0.021875 0.629167 0.034375 0.022222
5 0.022266 0.643750 0.033594 0.015278
5 0.023047 0.654861 0.033594 0.015278
5 0.023047 0.665278 0.033594 0.016667
5 0.023828 0.687500 0.033594 0.016667
5 0.023828 0.676389 0.033594 0.016667
5 0.025000 0.711111 0.021875 0.005556
5 0.023047 0.694444 0.030469 0.005556
5 0.735156 0.626389 0.062500 0.030556
5 0.735938 0.639583 0.053125 0.023611
5 0.703516 0.644444 0.055469 0.033333
5 0.709375 0.659722 0.037500 0.022222
5 0.655469 0.672222 0.068750 0.025000
5 0.651563 0.681250 0.068750 0.026389
5 0.655469 0.663194 0.068750 0.023611
5 0.651563 0.647222 0.068750 0.036111