3 0.499609 0.836806 0.999219 0.323611
4 0.194141 0.845139 0.000781 0.079167
4 0.055859 0.868750 0.016406 0.023611
6 0.416406 0.797222 0.017188 0.083333
6 0.416406 0.716667 0.017188 0.091667
6 0.259375 0.885417 0.095312 0.134722
6 0.218359 0.925694 0.071094 0.145833
7 0.251172 0.816667 0.064844 0.022222
7 0.103516 0.907639 0.047656 0.026389
5 0.085938 0.986111 0.000000 0.000000
8 0.210547 0.873611 0.002344 0.022222
5 0.210547 0.859722 0.002344 0.011111
8 0.310937 0.844444 0.009375 0.019444
5 0.286719 0.836806 0.048438 0.018056
8 0.301172 0.837500 0.072656 0.033333
5 0.300000 0.824306 0.065625 0.023611
8 0.328906 0.821528 0.068750 0.031944
5 0.328125 0.810417 0.062500 0.023611
8 0.364844 0.855556 0.073438 0.050000
5 0.363672 0.834722 0.066406 0.025000
8 0.390234 0.838194 0.069531 0.048611
5 0.389453 0.818750 0.063281 0.023611
8 0.344141 0.872222 0.075781 0.052778
5 0.342578 0.850000 0.069531 0.027778
8 0.330469 0.892361 0.046875 0.056944
5 0.327344 0.870139 0.042188 0.029167
8 0.983984 0.827778 0.000781 0.011111
8 0.983594 0.813889 0.000000 0.013889
5 0.934766 0.800694 0.011719 0.001389
8 0.958984 0.854861 0.058594 0.037500
5 0.955859 0.839583 0.055469 0.018056
8 0.958203 0.871528 0.060156 0.037500
5 0.955859 0.859722 0.055469 0.013889
8 0.850781 0.798611 0.004687 0.011111
5 0.868359 0.800000 0.035156 0.016667
8 0.864453 0.822222 0.042969 0.033333
5 0.865625 0.813889 0.040625 0.016667
8 0.863672 0.842361 0.044531 0.045833
5 0.864844 0.827778 0.042188 0.019444
8 0.860547 0.862500 0.050781 0.052778
5 0.861719 0.847222 0.048438 0.025000
8 0.933594 0.971528 0.015625 0.018056
5 0.933984 0.968056 0.016406 0.025000
8 0.991016 0.979167 0.016406 0.038889
5 0.991016 0.970139 0.016406 0.043056
8 0.853516 0.963194 0.063281 0.070833
5 0.855078 0.950000 0.058594 0.047222
8 0.783984 0.957639 0.067969 0.081944
5 0.783203 0.937500 0.060156 0.044444
8 0.957031 0.904167 0.053125 0.005556
5 0.933984 0.891667 0.016406 0.022222
8 0.986719 0.930556 0.006250 0.038889
5 0.956641 0.918750 0.057031 0.031944
8 0.860156 0.934722 0.050000 0.080556
5 0.862109 0.913194 0.046094 0.040278
8 0.799219 0.923611 0.062500 0.077778
5 0.799219 0.902778 0.054688 0.038889
0 0.402734 0.921528 0.044531 0.154167
1 0.175391 0.666667 0.075781 0.097222
1 0.146094 0.672917 0.064062 0.098611
1 0.116406 0.662500 0.070312 0.094444
1 0.091016 0.670833 0.077344 0.094444
1 0.058203 0.656944 0.074219 0.088889
1 0.031641 0.664583 0.063281 0.095833
1 0.003125 0.637500 0.006250 0.075000
2 0.861719 0.770139 0.048438 0.045833
2 0.934766 0.777083 0.010156 0.031944
2 0.861719 0.732639 0.048438 0.045833
2 0.934766 0.752778 0.010156 0.016667
2 0.862500 0.691667 0.048438 0.052778
2 0.935156 0.688889 0.009375 0.011111
5 0.061328 0.943750 0.122656 0.054167
5 0.061328 0.961806 0.122656 0.056944
5 0.061328 0.984028 0.122656 0.029167
5 0.061328 0.975000 0.122656 0.047222
5 0.075391 0.992361 0.094531 0.012500
5 0.060937 0.927778 0.121875 0.055556
5 0.060937 0.906944 0.121875 0.058333