3 0.499609 0.927778 0.999219 0.141667
4 0.181641 0.826389 0.013281 0.111111
4 0.043359 0.804861 0.027344 0.081944
5 0.413672 0.842361 0.033594 0.004167
5 0.413672 0.842361 0.033594 0.004167
5 0.413672 0.842361 0.033594 0.004167
5 0.403906 0.856944 0.015625 0.000000
5 0.403906 0.856944 0.015625 0.000000
5 0.403906 0.856944 0.015625 0.000000
5 0.487109 0.852778 0.050781 0.011111
5 0.487109 0.852778 0.050781 0.011111
5 0.487109 0.852778 0.050781 0.011111
5 0.484766 0.840972 0.055469 0.009722
5 0.484766 0.840972 0.055469 0.009722
5 0.484766 0.840972 0.055469 0.009722
5 0.484766 0.828472 0.055469 0.009722
5 0.484766 0.828472 0.055469 0.009722
5 0.484766 0.828472 0.055469 0.009722
5 0.484766 0.815278 0.055469 0.011111
5 0.484766 0.815278 0.055469 0.011111
5 0.484766 0.815278 0.055469 0.011111
6 0.456641 0.817361 0.061719 0.109722
6 0.476562 0.820833 0.053125 0.091667
6 0.458984 0.720139 0.066406 0.112500
6 0.469141 0.818056 0.055469 0.102778
6 0.330078 0.812500 0.125781 0.150000
6 0.325391 0.806250 0.135156 0.179167
7 0.027344 0.946528 0.054688 0.081944
7 0.182812 0.861111 0.018750 0.022222
7 0.086328 0.879861 0.000781 0.018056
8 0.142187 0.872222 0.128125 0.091667
5 0.141016 0.824306 0.105469 0.020833
8 0.056641 0.861111 0.063281 0.069444
8 0.438281 0.850694 0.021875 0.051389
5 0.440234 0.827083 0.007031 0.009722
8 0.426563 0.850000 0.068750 0.050000
5 0.450391 0.827083 0.011719 0.009722
8 0.416797 0.852083 0.049219 0.056944
5 0.414062 0.826389 0.043750 0.011111
8 0.409375 0.854167 0.034375 0.061111
5 0.406250 0.825694 0.028125 0.012500
0 0.924609 0.643750 0.149219 0.609722
0 0.839453 0.734028 0.094531 0.306944
0 0.583594 0.775694 0.051562 0.170833
1 0.031641 0.776389 0.002344 0.063889
1 0.029687 0.775694 0.003125 0.065278
5 0.087891 0.766667 0.175781 0.036111
5 0.087500 0.797917 0.175000 0.031944
5 0.086719 0.863194 0.173437 0.031944
5 0.087109 0.830556 0.174219 0.030556
5 0.092969 0.922917 0.157812 0.040278
5 0.086328 0.890972 0.172656 0.037500
5 0.087891 0.737500 0.175781 0.036111
5 0.088281 0.707639 0.176563 0.043056
5 0.291016 0.764583 0.191406 0.037500
5 0.290234 0.797222 0.191406 0.033333
5 0.289453 0.863889 0.192969 0.033333
5 0.289844 0.830556 0.192188 0.030556
5 0.288281 0.925000 0.193750 0.041667
5 0.288672 0.892361 0.192969 0.037500
5 0.291406 0.735417 0.190625 0.037500
5 0.291797 0.704861 0.189844 0.043056
5 0.294922 0.525694 0.186719 0.065278
5 0.294141 0.556250 0.188281 0.062500
5 0.292969 0.619444 0.189062 0.055556
5 0.294141 0.586806 0.188281 0.056944
5 0.292578 0.676389 0.189844 0.044444
5 0.292969 0.645833 0.189062 0.050000
5 0.294922 0.495833 0.186719 0.063889
5 0.295703 0.466667 0.186719 0.069444