3 0.499609 0.610417 0.999219 0.776389
5 0.048438 0.334028 0.096875 0.131944
5 0.048438 0.334028 0.096875 0.131944
5 0.048438 0.334028 0.096875 0.131944
5 0.046484 0.300694 0.092969 0.131944
5 0.046484 0.300694 0.092969 0.131944
5 0.046484 0.300694 0.092969 0.131944
5 0.050000 0.364583 0.100000 0.131944
5 0.050000 0.364583 0.100000 0.131944
5 0.050000 0.364583 0.100000 0.131944
5 0.261719 0.372222 0.167187 0.075000
5 0.261719 0.372222 0.167187 0.075000
5 0.261719 0.372222 0.167187 0.075000
5 0.259375 0.342361 0.168750 0.079167
5 0.259375 0.342361 0.168750 0.079167
5 0.259375 0.342361 0.168750 0.079167
5 0.256641 0.309028 0.171094 0.081944
5 0.256641 0.309028 0.171094 0.081944
5 0.256641 0.309028 0.171094 0.081944
5 0.254297 0.247222 0.172656 0.136111
5 0.254297 0.247222 0.172656 0.136111
5 0.254297 0.247222 0.172656 0.136111
0 0.654297 0.512500 0.235156 0.788889