3 0.499609 0.877083 0.999219 0.243056
4 0.268750 0.772222 0.003125 0.044444
4 0.185938 0.813194 0.009375 0.081944
4 0.149609 0.785417 0.003906 0.012500
4 0.078906 0.847222 0.028125 0.113889
4 0.013281 0.881944 0.021875 0.138889
8 0.055859 0.928472 0.111719 0.106944
8 0.967578 0.831250 0.063281 0.031944
5 0.435156 0.748611 0.012500 0.008333
5 0.435156 0.748611 0.012500 0.008333
5 0.435156 0.748611 0.012500 0.008333
5 0.435547 0.737500 0.013281 0.011111
5 0.435547 0.737500 0.013281 0.011111
5 0.435547 0.737500 0.013281 0.011111
5 0.435156 0.758333 0.012500 0.008333
5 0.435156 0.758333 0.012500 0.008333
5 0.435156 0.758333 0.012500 0.008333
5 0.489453 0.758333 0.046094 0.008333
5 0.489453 0.758333 0.046094 0.008333
5 0.489453 0.758333 0.046094 0.008333
5 0.489844 0.747917 0.045312 0.009722
5 0.489844 0.747917 0.045312 0.009722
5 0.489844 0.747917 0.045312 0.009722
5 0.489844 0.738194 0.045312 0.009722
5 0.489844 0.738194 0.045312 0.009722
5 0.489844 0.738194 0.045312 0.009722
5 0.489844 0.727083 0.045312 0.009722
5 0.489844 0.727083 0.045312 0.009722
5 0.489844 0.727083 0.045312 0.009722
6 0.466016 0.763889 0.047656 0.086111
6 0.483203 0.750694 0.038281 0.073611
6 0.467578 0.689583 0.050781 0.081944
6 0.475391 0.757639 0.042969 0.081944
6 0.376953 0.788889 0.046094 0.091667
6 0.376563 0.808333 0.046875 0.125000
7 0.196484 0.976389 0.157031 0.044444
7 0.027344 0.864583 0.054688 0.037500
7 0.275000 0.797222 0.062500 0.016667
8 0.016797 0.988889 0.033594 0.019444
5 0.011719 0.987500 0.023438 0.022222
8 0.271875 0.859722 0.071875 0.052778
5 0.302344 0.836806 0.003125 0.012500
8 0.193359 0.872222 0.024219 0.033333
5 0.182031 0.842361 0.001563 0.020833
8 0.311328 0.812500 0.017969 0.033333
5 0.312109 0.792361 0.021094 0.012500
8 0.320312 0.809722 0.001563 0.033333
5 0.320312 0.782639 0.001563 0.004167
8 0.451172 0.798611 0.016406 0.038889
5 0.439453 0.781250 0.032031 0.009722
8 0.461328 0.793750 0.014844 0.040278
5 0.444531 0.776389 0.040625 0.011111
8 0.439063 0.806944 0.029687 0.044444
5 0.437109 0.788194 0.025781 0.012500
8 0.433984 0.813889 0.019531 0.047222
5 0.431641 0.794444 0.014844 0.013889
8 0.903516 0.773611 0.021094 0.022222
5 0.919922 0.765278 0.049219 0.008333
8 0.890234 0.762500 0.010156 0.005556
5 0.914062 0.761111 0.053125 0.005556
8 0.932031 0.775694 0.056250 0.018056
5 0.935156 0.770833 0.057813 0.011111
8 0.947656 0.777778 0.067187 0.013889
5 0.946875 0.774306 0.060937 0.009722
8 0.830469 0.775694 0.014063 0.034722
5 0.850781 0.760417 0.050000 0.006944
8 0.835938 0.775000 0.014063 0.025000
5 0.857812 0.764583 0.053125 0.006944
8 0.865234 0.780556 0.055469 0.027778
5 0.867578 0.769444 0.055469 0.011111
8 0.876563 0.786111 0.064062 0.030556
5 0.875781 0.774306 0.057813 0.009722
8 0.978516 0.814583 0.041406 0.037500
5 0.979688 0.802778 0.039062 0.016667
8 0.935547 0.815972 0.063281 0.040278
5 0.934375 0.802083 0.056250 0.018056
8 0.872266 0.820833 0.058594 0.052778
5 0.871094 0.800694 0.051562 0.018056
8 0.962109 0.802083 0.072656 0.043056
5 0.963281 0.785417 0.068750 0.012500
8 0.968750 0.800694 0.051562 0.026389
5 0.972656 0.790278 0.053125 0.011111
8 0.918359 0.810417 0.055469 0.048611
5 0.918750 0.790972 0.051562 0.012500
8 0.860156 0.809722 0.053125 0.050000
5 0.859766 0.788889 0.047656 0.011111
0 0.756641 0.788889 0.111719 0.355556
0 0.744531 0.692361 0.060937 0.120833
0 0.569141 0.706944 0.042969 0.138889
1 0.090625 0.718056 0.082812 0.094444
1 0.072656 0.720833 0.085938 0.097222
1 0.032813 0.718056 0.054688 0.094444
1 0.023438 0.720139 0.035937 0.095833
1 0.989062 0.725694 0.020313 0.104167
2 0.991016 0.750000 0.016406 0.033333
2 0.990625 0.702778 0.017188 0.033333
2 0.994141 0.751389 0.010156 0.036111
2 0.991406 0.704167 0.006250 0.033333
2 0.996875 0.704167 0.004687 0.033333
2 0.989062 0.879861 0.020313 0.084722
2 0.936719 0.888194 0.121875 0.104167
2 0.778125 0.742361 0.001563 0.012500
2 0.807813 0.760417 0.039062 0.034722
2 0.851953 0.749306 0.047656 0.018056
2 0.807813 0.726389 0.039062 0.033333
2 0.851562 0.724306 0.048438 0.037500
2 0.807031 0.690278 0.039062 0.036111
2 0.851172 0.690278 0.047656 0.036111
5 0.137109 0.804861 0.113281 0.026389
5 0.136328 0.822917 0.111719 0.026389
5 0.135937 0.838889 0.112500 0.027778
5 0.135937 0.856250 0.112500 0.029167
5 0.135937 0.890972 0.114062 0.031944
5 0.136328 0.873611 0.113281 0.030556
5 0.135156 0.923611 0.112500 0.033333
5 0.135156 0.906250 0.112500 0.031944
5 0.247266 0.840278 0.108594 0.027778
5 0.246875 0.858333 0.109375 0.030556
5 0.246484 0.893750 0.108594 0.031944
5 0.246484 0.876389 0.108594 0.030556
5 0.246094 0.927778 0.109375 0.033333
5 0.246484 0.910417 0.108594 0.031944
5 0.247266 0.825000 0.108594 0.027778
5 0.247266 0.806944 0.108594 0.027778
5 0.372266 0.843056 0.102344 0.027778
5 0.372266 0.861111 0.102344 0.030556
5 0.371875 0.897917 0.103125 0.031944
5 0.372266 0.879167 0.102344 0.030556
5 0.371875 0.931250 0.103125 0.034722
5 0.371875 0.912500 0.103125 0.033333
5 0.372266 0.827083 0.102344 0.029167
5 0.372266 0.809028 0.102344 0.026389
5 0.373047 0.706944 0.102344 0.019444
5 0.373047 0.724306 0.102344 0.020833
5 0.373047 0.760417 0.102344 0.023611
5 0.373047 0.742361 0.102344 0.020833
5 0.372266 0.793750 0.102344 0.026389
5 0.372266 0.775694 0.102344 0.023611
5 0.373047 0.690972 0.102344 0.018056
5 0.373047 0.673611 0.102344 0.016667