3 0.499609 0.946528 0.999219 0.104167
8 0.874219 0.928472 0.039062 0.048611
6 0.697266 0.956250 0.124219 0.084722
6 0.492969 0.958333 0.123438 0.080556
6 0.695703 0.860417 0.124219 0.148611
6 0.596484 0.956250 0.124219 0.084722
7 0.888281 0.892361 0.028125 0.012500
7 0.862891 0.893750 0.016406 0.012500
7 0.641406 0.897222 0.032813 0.011111
7 0.687891 0.893750 0.032031 0.004167
7 0.576953 0.900000 0.032031 0.013889
7 0.527734 0.902778 0.030469 0.013889
5 0.997266 0.998611 0.003906 0.000000
8 0.882031 0.998611 0.000000 0.000000
5 0.903125 0.990972 0.092188 0.015278
8 0.776563 0.995139 0.006250 0.006944
5 0.825781 0.993056 0.090625 0.011111
8 0.935547 0.991667 0.055469 0.013889
5 0.955078 0.989583 0.088281 0.018056
8 0.973828 0.982639 0.005469 0.001389
5 0.988672 0.983333 0.021094 0.011111
8 0.403516 0.945833 0.014844 0.030556
5 0.401953 0.920139 0.021094 0.006944
8 0.337109 0.941667 0.041406 0.044444
5 0.339062 0.922917 0.039062 0.012500
8 0.430859 0.938194 0.042969 0.043056
5 0.434766 0.921528 0.042969 0.012500
8 0.481641 0.936111 0.047656 0.041667
5 0.483594 0.920139 0.043750 0.012500
8 0.341016 0.951389 0.035156 0.047222
5 0.342578 0.932639 0.032031 0.015278
8 0.408984 0.951389 0.036719 0.041667
5 0.408203 0.930556 0.033594 0.013889
8 0.447656 0.946528 0.051562 0.045833
5 0.448437 0.929167 0.045312 0.013889
8 0.499219 0.945139 0.053125 0.045833
5 0.500391 0.927778 0.047656 0.013889
8 0.691797 0.936111 0.049219 0.033333
8 0.700391 0.946528 0.028906 0.023611
5 0.690234 0.919444 0.014844 0.000000
8 0.710156 0.947222 0.015625 0.036111
5 0.708203 0.929167 0.010156 0.002778
8 0.569922 0.934722 0.055469 0.041667
5 0.570312 0.917361 0.050000 0.012500
8 0.610547 0.933333 0.049219 0.041667
5 0.612891 0.915972 0.046094 0.012500
8 0.646094 0.938889 0.062500 0.038889
5 0.638672 0.922222 0.041406 0.011111
8 0.667578 0.947222 0.069531 0.038889
5 0.666406 0.930556 0.062500 0.005556
8 0.905859 0.926389 0.032031 0.033333
5 0.904687 0.908333 0.032813 0.011111
8 0.879297 0.927083 0.049219 0.034722
5 0.878125 0.909722 0.046875 0.011111
5 0.991406 0.902083 0.015625 0.001389
0 0.977734 0.834028 0.042969 0.101389
0 0.793750 0.876389 0.157812 0.211111
0 0.138672 0.878472 0.174219 0.240278
1 0.248828 0.861111 0.078906 0.091667
2 0.215625 0.884722 0.004687 0.030556
2 0.213281 0.874306 0.000000 0.004167
2 0.222656 0.841667 0.018750 0.030556
2 0.282422 0.827083 0.005469 0.001389
2 0.241406 0.827083 0.017188 0.001389
2 0.257422 0.827083 0.013281 0.001389
1 0.391406 0.863194 0.076563 0.098611
2 0.358984 0.890278 0.000781 0.008333
2 0.357422 0.879861 0.002344 0.029167
2 0.357812 0.839583 0.003125 0.029167
2 0.418750 0.825694 0.015625 0.001389
2 0.391406 0.868056 0.000000 0.002778
2 0.402734 0.825694 0.014844 0.001389
1 0.256641 0.865972 0.086719 0.098611
2 0.220312 0.890972 0.004687 0.029167
2 0.217578 0.893056 0.000781 0.027778
2 0.227734 0.845139 0.021094 0.031944
2 0.287891 0.829167 0.016406 0.002778
2 0.253906 0.881250 0.018750 0.001389
2 0.248438 0.829861 0.018750 0.001389
2 0.261328 0.829861 0.005469 0.001389
1 0.422656 0.862500 0.062500 0.094444
2 0.394141 0.888194 0.005469 0.031944
2 0.391406 0.870833 0.000000 0.000000
2 0.394531 0.843750 0.006250 0.031944
2 0.441797 0.828472 0.016406 0.001389
2 0.403906 0.875000 0.012500 0.005556
2 0.406250 0.828472 0.017188 0.001389
2 0.424219 0.828472 0.017188 0.001389
1 0.266797 0.880556 0.096094 0.125000
2 0.234766 0.899306 0.022656 0.031944
2 0.233594 0.893750 0.020313 0.023611
2 0.234375 0.843750 0.021875 0.023611
2 0.299609 0.831944 0.021094 0.000000
2 0.278125 0.882639 0.065625 0.004167
2 0.256250 0.831944 0.015625 0.000000
2 0.246875 0.831944 0.001563 0.000000
2 0.283984 0.831944 0.008594 0.000000
1 0.437500 0.867361 0.092188 0.098611
2 0.410938 0.897222 0.023438 0.036111
2 0.405078 0.895833 0.019531 0.036111
2 0.407813 0.847917 0.025000 0.034722
2 0.471094 0.830556 0.018750 0.000000
2 0.448437 0.878472 0.065625 0.004167
2 0.430469 0.830556 0.018750 0.000000
2 0.450781 0.830556 0.020313 0.000000
1 0.271484 0.885417 0.100781 0.131944
2 0.238281 0.907639 0.023438 0.040278
2 0.237109 0.892361 0.021094 0.012500
2 0.238281 0.853472 0.025000 0.040278
2 0.305859 0.852778 0.022656 0.038889
2 0.282813 0.906250 0.068750 0.043056
2 0.257422 0.854167 0.013281 0.038889
2 0.256641 0.833333 0.014844 0.000000
2 0.287500 0.852778 0.017188 0.038889
2 0.280859 0.833333 0.002344 0.000000
1 0.450000 0.869444 0.096875 0.102778
2 0.422266 0.901389 0.024219 0.036111
2 0.416406 0.900000 0.021875 0.036111
2 0.419922 0.850694 0.028906 0.037500
2 0.483984 0.850000 0.021094 0.036111
2 0.461719 0.900694 0.067187 0.040278
2 0.443359 0.850694 0.022656 0.037500
2 0.463672 0.850694 0.022656 0.037500
2 0.935156 0.890972 0.065625 0.023611
2 0.983594 0.889583 0.031250 0.023611
2 0.983203 0.862500 0.032031 0.033333
2 0.934766 0.864583 0.066406 0.034722
2 0.960547 0.925694 0.077344 0.048611
2 0.978516 0.932639 0.041406 0.051389
2 0.042578 0.961806 0.085156 0.065278
2 0.042969 0.926389 0.085938 0.008333
2 0.117188 0.950000 0.025000 0.036111
2 0.131641 0.905556 0.091406 0.055556
2 0.135156 0.852778 0.095312 0.055556
2 0.140234 0.834722 0.085156 0.022222