3 0.499609 0.831944 0.999219 0.333333
4 0.255859 0.717361 0.010156 0.026389
4 0.226172 0.722917 0.002344 0.012500
4 0.182031 0.749306 0.014063 0.048611
4 0.143750 0.777778 0.010937 0.072222
4 0.081250 0.790972 0.004687 0.070833
4 0.033594 0.815972 0.012500 0.081944
4 0.042188 0.700694 0.001563 0.043056
8 0.155078 0.802083 0.072656 0.054167
8 0.751953 0.764583 0.027344 0.026389
5 0.464062 0.672222 0.029687 0.005556
5 0.464062 0.672222 0.029687 0.005556
5 0.464062 0.672222 0.029687 0.005556
5 0.467187 0.662500 0.035937 0.008333
5 0.467187 0.662500 0.035937 0.008333
5 0.467187 0.662500 0.035937 0.008333
5 0.464062 0.679167 0.029687 0.005556
5 0.464062 0.679167 0.029687 0.005556
5 0.464062 0.679167 0.029687 0.005556
6 0.465625 0.694444 0.037500 0.061111
6 0.484766 0.684028 0.022656 0.056944
6 0.466406 0.642361 0.040625 0.059722
6 0.478516 0.688194 0.035156 0.059722
6 0.381250 0.722917 0.050000 0.073611
6 0.374609 0.732639 0.036719 0.079167
7 0.225391 0.831944 0.077344 0.027778
7 0.182031 0.852778 0.082812 0.030556
7 0.645703 0.922917 0.047656 0.037500
7 0.653516 0.890278 0.032031 0.030556
7 0.632812 0.976389 0.073438 0.044444
7 0.017969 0.814583 0.035937 0.029167
7 0.151953 0.763889 0.049219 0.022222
7 0.012891 0.729861 0.025781 0.015278
7 0.014063 0.671528 0.023438 0.006944
8 0.025391 0.894444 0.032031 0.061111
5 0.017969 0.870833 0.035937 0.022222
8 0.098828 0.856944 0.082031 0.061111
5 0.098828 0.836111 0.074219 0.027778
8 0.042969 0.853472 0.084375 0.062500
5 0.043750 0.832639 0.075000 0.026389
8 0.299219 0.775000 0.017188 0.036111
5 0.300000 0.754861 0.018750 0.012500
8 0.412109 0.704167 0.010156 0.005556
5 0.410547 0.702778 0.007031 0.005556
8 0.428516 0.722917 0.042969 0.029167
5 0.426953 0.709722 0.039844 0.008333
8 0.452344 0.717361 0.018750 0.029167
5 0.437891 0.705556 0.041406 0.008333
8 0.424219 0.727778 0.034375 0.030556
5 0.422656 0.715278 0.031250 0.011111
8 0.417969 0.734028 0.021875 0.031944
5 0.416406 0.721528 0.018750 0.009722
8 0.818750 0.703472 0.009375 0.006944
5 0.810547 0.702778 0.021094 0.008333
8 0.823047 0.700694 0.002344 0.009722
5 0.810937 0.695833 0.021875 0.002778
8 0.818359 0.711806 0.014844 0.015278
5 0.811328 0.704861 0.022656 0.004167
8 0.812500 0.718750 0.025000 0.018056
5 0.811328 0.711806 0.022656 0.009722
5 0.752734 0.693750 0.025781 0.004167
8 0.747266 0.704167 0.002344 0.000000
5 0.751953 0.697917 0.027344 0.004167
8 0.747266 0.709722 0.003906 0.000000
5 0.751953 0.702083 0.027344 0.004167
8 0.751953 0.710417 0.027344 0.001389
5 0.751953 0.708333 0.027344 0.008333
8 0.800391 0.747917 0.002344 0.029167
5 0.799219 0.735417 0.000000 0.006944
8 0.826953 0.751389 0.035156 0.036111
5 0.826562 0.738889 0.031250 0.013889
8 0.751172 0.751389 0.025781 0.016667
8 0.810937 0.722917 0.018750 0.009722
5 0.808203 0.718750 0.017969 0.004167
8 0.811328 0.738194 0.022656 0.029167
5 0.809766 0.727083 0.021094 0.009722
8 0.751953 0.750000 0.027344 0.011111
8 0.786328 0.802083 0.047656 0.031944
5 0.786328 0.784028 0.047656 0.015278
8 0.807813 0.776389 0.001563 0.000000
5 0.806250 0.771528 0.015625 0.009722
8 0.774609 0.844444 0.071094 0.058333
5 0.774219 0.825000 0.065625 0.022222
8 0.777344 0.825000 0.065625 0.044444
5 0.778125 0.811111 0.062500 0.019444
8 0.658984 0.834722 0.021094 0.052778
5 0.660156 0.816667 0.018750 0.019444
8 0.663672 0.825694 0.011719 0.040278
5 0.664844 0.801389 0.009375 0.011111
0 0.074609 0.929167 0.149219 0.138889
0 0.622266 0.689583 0.049219 0.154167
0 0.582812 0.645139 0.009375 0.101389
1 0.223828 0.645833 0.058594 0.069444
1 0.209766 0.648611 0.060156 0.072222
1 0.172266 0.645139 0.058594 0.070833
1 0.157422 0.647222 0.060156 0.072222
1 0.123047 0.645139 0.049219 0.068056
1 0.108203 0.646528 0.060156 0.070833
1 0.036719 0.637500 0.050000 0.063889
1 0.041016 0.673611 0.067969 0.091667
1 0.021094 0.670833 0.042188 0.088889
1 0.933594 0.654167 0.042188 0.050000
2 0.928906 0.676389 0.000000 0.000000
2 0.930078 0.644444 0.032031 0.011111
2 0.935937 0.656250 0.034375 0.026389
2 0.929688 0.688194 0.010937 0.020833
2 0.924219 0.645139 0.017188 0.009722
2 0.942578 0.641667 0.011719 0.000000
2 0.923438 0.645833 0.012500 0.008333
2 0.942187 0.642361 0.017188 0.001389
1 0.955859 0.695139 0.050781 0.109722
2 0.942187 0.706250 0.018750 0.029167
2 0.957031 0.693056 0.009375 0.000000
2 0.951172 0.665972 0.036719 0.029167
2 0.958594 0.672917 0.039062 0.031944
2 0.956641 0.712500 0.042969 0.038889
2 0.944531 0.667361 0.018750 0.029167
2 0.956250 0.653472 0.006250 0.001389
2 0.946094 0.668750 0.018750 0.029167
2 0.964844 0.655556 0.017188 0.000000
1 0.891406 0.675694 0.040625 0.093056
2 0.878906 0.686111 0.010937 0.025000
2 0.888672 0.651389 0.030469 0.025000
2 0.893750 0.656250 0.031250 0.026389
2 0.881250 0.690972 0.014063 0.031944
2 0.882031 0.652778 0.015625 0.025000
2 0.893750 0.640278 0.006250 0.000000
2 0.883594 0.654167 0.015625 0.025000
2 0.899609 0.641667 0.014844 0.000000
1 0.907813 0.693056 0.046875 0.108333
2 0.895703 0.704167 0.017969 0.027778
2 0.912109 0.691667 0.013281 0.000000
2 0.904297 0.664583 0.035156 0.029167
2 0.910547 0.671528 0.035156 0.031944
2 0.908594 0.710417 0.040625 0.037500
2 0.894531 0.665972 0.012500 0.029167
2 0.898438 0.667361 0.017188 0.029167
2 0.916406 0.654167 0.017188 0.000000
2 0.862891 0.778472 0.103906 0.018056
2 0.871094 0.839583 0.118750 0.081944
2 0.811719 0.916667 0.000000 0.052778
2 0.810937 0.877778 0.000000 0.027778
2 0.866406 0.817361 0.110937 0.068056
2 0.875781 0.866667 0.128125 0.100000
2 0.876172 0.938889 0.128906 0.100000
2 0.810937 0.877778 0.000000 0.050000
2 0.742969 0.799306 0.009375 0.062500
2 0.647656 0.793750 0.043750 0.062500
2 0.763672 0.679861 0.002344 0.023611
2 0.744531 0.686111 0.012500 0.016667
2 0.744531 0.663889 0.012500 0.025000
2 0.744531 0.635417 0.012500 0.029167
5 0.209375 0.736111 0.062500 0.016667
5 0.206641 0.746528 0.057031 0.015278
5 0.206641 0.754861 0.057031 0.015278
5 0.206641 0.764583 0.057031 0.015278
5 0.206641 0.783333 0.057031 0.016667
5 0.206641 0.774306 0.057031 0.015278
5 0.207031 0.802083 0.057813 0.018056
5 0.207422 0.792361 0.055469 0.018056
5 0.002344 0.713194 0.004687 0.001389
5 0.000781 0.720139 0.001563 0.001389
5 0.266797 0.758333 0.061719 0.016667
5 0.266797 0.768056 0.061719 0.016667
5 0.266797 0.787500 0.061719 0.016667
5 0.266797 0.777778 0.061719 0.016667
5 0.266797 0.806250 0.061719 0.018056
5 0.266797 0.795833 0.061719 0.016667
5 0.018359 0.718056 0.036719 0.011111
5 0.022266 0.725000 0.028906 0.008333
5 0.266797 0.750000 0.061719 0.016667
5 0.266797 0.738889 0.061719 0.016667
5 0.332422 0.761111 0.061719 0.016667
5 0.332422 0.772222 0.061719 0.016667
5 0.332422 0.791667 0.061719 0.016667
5 0.332422 0.781944 0.061719 0.016667
5 0.332031 0.809722 0.060937 0.019444
5 0.332422 0.800000 0.061719 0.016667
5 0.060547 0.720833 0.046094 0.011111
5 0.060547 0.727778 0.046094 0.011111
5 0.332422 0.752778 0.061719 0.016667
5 0.332422 0.743750 0.061719 0.015278
5 0.332422 0.686111 0.061719 0.013889
5 0.332422 0.696528 0.061719 0.015278
5 0.332422 0.715972 0.061719 0.015278
5 0.332422 0.706250 0.061719 0.015278
5 0.332422 0.734722 0.061719 0.016667
5 0.332422 0.725000 0.061719 0.013889
5 0.060547 0.715278 0.046094 0.008333
5 0.060547 0.708333 0.046094 0.011111
5 0.332422 0.677778 0.061719 0.013889
5 0.332422 0.668056 0.061719 0.013889