3 0.499609 0.852778 0.999219 0.291667
4 0.062500 0.752778 0.003125 0.013889
8 0.705078 0.814583 0.099219 0.026389
5 0.501172 0.715972 0.046094 0.009722
5 0.501172 0.715972 0.046094 0.009722
5 0.501172 0.715972 0.046094 0.009722
5 0.501172 0.706944 0.046094 0.011111
5 0.501172 0.706944 0.046094 0.011111
5 0.501172 0.706944 0.046094 0.011111
5 0.501172 0.725694 0.046094 0.009722
5 0.501172 0.725694 0.046094 0.009722
5 0.501172 0.725694 0.046094 0.009722
5 0.548438 0.727778 0.023438 0.008333
5 0.548438 0.727778 0.023438 0.008333
5 0.548438 0.727778 0.023438 0.008333
5 0.548438 0.719444 0.023438 0.008333
5 0.548438 0.719444 0.023438 0.008333
5 0.548438 0.719444 0.023438 0.008333
5 0.548438 0.709722 0.023438 0.008333
5 0.548438 0.709722 0.023438 0.008333
5 0.548438 0.709722 0.023438 0.008333
5 0.548047 0.699306 0.024219 0.009722
5 0.548047 0.699306 0.024219 0.009722
5 0.548047 0.699306 0.024219 0.009722
6 0.443750 0.733333 0.053125 0.069444
6 0.488281 0.725694 0.046875 0.070833
6 0.444141 0.670833 0.055469 0.072222
6 0.466797 0.730556 0.050781 0.072222
6 0.285156 0.761806 0.075000 0.093056
6 0.261328 0.774306 0.027344 0.101389
7 0.440625 0.993056 0.100000 0.011111
7 0.005078 0.797917 0.000781 0.012500
7 0.000781 0.711806 0.001563 0.006944
7 0.005469 0.710417 0.010937 0.009722
8 0.087109 0.824306 0.000781 0.015278
5 0.087109 0.804861 0.000781 0.001389
8 0.066406 0.809722 0.003125 0.025000
5 0.077344 0.793750 0.020313 0.004167
8 0.330469 0.768056 0.007812 0.033333
5 0.326953 0.751389 0.008594 0.005556
8 0.335547 0.763889 0.005469 0.027778
5 0.334766 0.747222 0.024219 0.008333
8 0.351172 0.747917 0.019531 0.004167
5 0.347266 0.742361 0.049219 0.006944
5 0.369141 0.748611 0.025781 0.005556
5 0.404297 0.741667 0.000781 0.000000
8 0.336719 0.775694 0.015625 0.026389
5 0.354687 0.752778 0.054688 0.005556
8 0.334375 0.781250 0.021875 0.034722
5 0.334375 0.761806 0.023438 0.012500
8 0.875000 0.767361 0.057813 0.031944
5 0.873828 0.752083 0.052344 0.009722
8 0.904687 0.763194 0.009375 0.034722
5 0.880859 0.747222 0.050781 0.011111
8 0.873828 0.774306 0.055469 0.037500
5 0.871094 0.756944 0.054688 0.011111
8 0.864062 0.775000 0.062500 0.027778
5 0.865625 0.763194 0.051562 0.012500
8 0.823047 0.758333 0.049219 0.030556
5 0.820312 0.744444 0.048438 0.008333
8 0.835156 0.756250 0.009375 0.018056
5 0.808594 0.746528 0.046875 0.004167
8 0.805078 0.762500 0.053906 0.013889
5 0.805469 0.753472 0.053125 0.012500
8 0.796875 0.767361 0.060937 0.020833
5 0.796094 0.759028 0.054688 0.012500
8 0.805078 0.810417 0.060156 0.045833
5 0.805078 0.792361 0.052344 0.018056
8 0.864844 0.818056 0.059375 0.052778
5 0.864453 0.796528 0.052344 0.020833
8 0.754297 0.806250 0.060156 0.043056
5 0.753906 0.789583 0.053125 0.018056
8 0.698438 0.804167 0.059375 0.036111
5 0.698828 0.785417 0.053906 0.018056
8 0.846484 0.792361 0.058594 0.043056
5 0.843359 0.772917 0.057031 0.012500
8 0.839063 0.797222 0.067187 0.038889
5 0.841797 0.780556 0.053906 0.013889
8 0.775000 0.797222 0.053125 0.044444
5 0.773047 0.779167 0.049219 0.016667
8 0.721484 0.792361 0.055469 0.043056
5 0.715625 0.772222 0.039062 0.008333
5 0.767578 0.829167 0.074219 0.005556
8 0.528906 0.928472 0.123438 0.073611
5 0.527734 0.898611 0.111719 0.038889
8 0.565234 0.906944 0.114844 0.066667
5 0.553906 0.879167 0.084375 0.033333
0 0.381641 0.772222 0.149219 0.288889
0 0.594531 0.721528 0.079687 0.195833
0 0.604297 0.664583 0.044531 0.090278
1 0.256641 0.681250 0.016406 0.070833
1 0.192969 0.688889 0.001563 0.058333
1 0.192969 0.677778 0.001563 0.063889
1 0.159375 0.667361 0.065625 0.043056
1 0.117578 0.654861 0.035156 0.023611
1 0.105469 0.682639 0.056250 0.076389
1 0.072266 0.673611 0.028906 0.066667
1 0.010156 0.702083 0.020313 0.095833
1 0.988672 0.721528 0.021094 0.123611
2 0.997656 0.673611 0.003125 0.000000
2 0.991016 0.679167 0.016406 0.002778
2 0.993359 0.736111 0.010156 0.000000
2 0.989062 0.673611 0.012500 0.000000
2 0.991016 0.675000 0.016406 0.000000
1 0.989062 0.740278 0.020313 0.144444
2 0.991406 0.736806 0.015625 0.001389
2 0.996484 0.683333 0.005469 0.000000
2 0.990625 0.707639 0.017188 0.043056
2 0.991016 0.763889 0.016406 0.050000
2 0.991016 0.684028 0.016406 0.001389
2 0.990625 0.685417 0.017188 0.001389
2 0.766406 0.894444 0.189062 0.138889
2 0.705859 0.934722 0.236719 0.127778
2 0.853516 0.968056 0.016406 0.061111
2 0.739453 0.922222 0.210156 0.152778
2 0.662891 0.950694 0.269531 0.095833
2 0.837891 0.984722 0.013281 0.027778
2 0.638672 0.850694 0.105469 0.054167
2 0.547656 0.861111 0.095312 0.088889
2 0.896094 0.730556 0.006250 0.025000
2 0.821094 0.736806 0.046875 0.031944
2 0.868750 0.735417 0.046875 0.026389
2 0.820703 0.705556 0.047656 0.036111
2 0.868359 0.707639 0.047656 0.037500
2 0.820703 0.672222 0.047656 0.036111
2 0.867969 0.673611 0.046875 0.036111
5 0.017188 0.765972 0.034375 0.018056
5 0.009375 0.779167 0.018750 0.013889
5 0.009375 0.789583 0.018750 0.018056
5 0.009375 0.801389 0.018750 0.019444
5 0.008984 0.826389 0.017969 0.019444
5 0.008984 0.814583 0.017969 0.020833
5 0.008984 0.850000 0.017969 0.022222
5 0.008984 0.838194 0.017969 0.020833
5 0.048828 0.795833 0.085156 0.022222
5 0.048438 0.808333 0.085938 0.022222
5 0.048047 0.834722 0.085156 0.025000
5 0.048438 0.821528 0.085938 0.023611
5 0.048047 0.859028 0.085156 0.026389
5 0.048047 0.846528 0.085156 0.023611
5 0.048828 0.784028 0.085156 0.020833
5 0.048828 0.770833 0.085156 0.022222
5 0.107031 0.803472 0.057813 0.020833
5 0.106641 0.816667 0.058594 0.022222
5 0.106250 0.843750 0.057813 0.023611
5 0.106641 0.829861 0.058594 0.023611
5 0.106250 0.869444 0.057813 0.025000
5 0.106250 0.856944 0.057813 0.022222
5 0.000391 0.753472 0.000781 0.004167
5 0.107031 0.790972 0.057813 0.020833
5 0.107031 0.777778 0.057813 0.019444
5 0.107813 0.700694 0.057813 0.015278
5 0.107813 0.714583 0.057813 0.015278
5 0.107813 0.740972 0.057813 0.018056
5 0.107813 0.728472 0.057813 0.015278
5 0.107031 0.765972 0.057813 0.020833
5 0.107422 0.752083 0.058594 0.020833
5 0.000391 0.747222 0.000781 0.005556
5 0.000000 0.740278 0.000000 0.005556
5 0.107813 0.688889 0.057813 0.013889
5 0.108203 0.675000 0.058594 0.016667