3 0.499609 0.891667 0.999219 0.213889
4 0.426172 0.770833 0.003906 0.075000
4 0.473828 0.784722 0.050781 0.108333
4 0.534766 0.788889 0.014844 0.122222
4 0.569141 0.794444 0.066406 0.138889
4 0.666406 0.802778 0.023438 0.161111
4 0.733594 0.813194 0.096875 0.190278
4 0.913672 0.828472 0.038281 0.234722
8 0.774219 0.842361 0.143750 0.101389
5 0.305078 0.775694 0.055469 0.009722
5 0.305078 0.775694 0.055469 0.009722
5 0.305078 0.775694 0.055469 0.009722
5 0.305078 0.764583 0.055469 0.009722
5 0.305078 0.764583 0.055469 0.009722
5 0.305078 0.764583 0.055469 0.009722
5 0.305078 0.786806 0.055469 0.009722
5 0.305078 0.786806 0.055469 0.009722
5 0.305078 0.786806 0.055469 0.009722
5 0.378125 0.785417 0.054688 0.009722
5 0.378125 0.785417 0.054688 0.009722
5 0.378125 0.785417 0.054688 0.009722
5 0.378125 0.775694 0.054688 0.009722
5 0.378125 0.775694 0.054688 0.009722
5 0.378125 0.775694 0.054688 0.009722
5 0.378125 0.764583 0.054688 0.009722
5 0.378125 0.764583 0.054688 0.009722
5 0.378125 0.764583 0.054688 0.009722
5 0.378906 0.753472 0.054688 0.009722
5 0.378906 0.753472 0.054688 0.009722
5 0.378906 0.753472 0.054688 0.009722
6 0.516797 0.764583 0.058594 0.087500
6 0.477344 0.761111 0.050000 0.075000
6 0.518359 0.685417 0.061719 0.087500
6 0.491797 0.761806 0.044531 0.079167
6 0.598828 0.770139 0.094531 0.115278
6 0.670703 0.770833 0.105469 0.125000
7 0.971094 0.869444 0.056250 0.044444
7 0.502734 0.892361 0.130469 0.065278
7 0.357031 0.837500 0.070312 0.036111
7 0.337500 0.803472 0.073438 0.018056
7 0.406641 0.820833 0.088281 0.025000
8 0.996875 0.853472 0.004687 0.062500
8 0.696484 0.813194 0.077344 0.023611
5 0.694141 0.786806 0.080469 0.009722
8 0.615625 0.820833 0.093750 0.069444
5 0.618750 0.790972 0.085938 0.018056
8 0.497656 0.800000 0.070312 0.047222
5 0.498828 0.778472 0.067969 0.009722
8 0.480859 0.797222 0.066406 0.044444
5 0.482031 0.777083 0.064062 0.009722
8 0.467969 0.795139 0.071875 0.043056
5 0.467578 0.775694 0.066406 0.009722
8 0.454297 0.791667 0.067969 0.038889
5 0.452344 0.773611 0.059375 0.008333
8 0.529297 0.797917 0.044531 0.018056
5 0.518750 0.771528 0.020313 0.001389
8 0.523047 0.798611 0.057031 0.022222
5 0.523047 0.770139 0.057031 0.001389
8 0.540625 0.802778 0.021875 0.022222
5 0.539453 0.771528 0.024219 0.001389
8 0.550391 0.797222 0.003906 0.027778
5 0.550000 0.777083 0.003125 0.009722
8 0.932031 0.782639 0.000000 0.001389
5 0.932031 0.765972 0.000000 0.001389
8 0.781250 0.777083 0.018750 0.018056
5 0.794141 0.765972 0.044531 0.004167
8 0.793359 0.776389 0.005469 0.019444
5 0.794141 0.766667 0.002344 0.002778
8 0.816797 0.783333 0.002344 0.005556
5 0.816016 0.765972 0.000781 0.001389
8 0.989844 0.793056 0.018750 0.030556
5 0.997656 0.773611 0.003125 0.008333
8 0.974609 0.795833 0.049219 0.033333
5 0.987109 0.774306 0.024219 0.006944
8 0.973437 0.784028 0.046875 0.001389
5 0.974609 0.766667 0.049219 0.000000
8 0.987500 0.793750 0.023438 0.020833
5 0.998828 0.768056 0.000781 0.000000
8 0.975781 0.796528 0.046875 0.023611
5 0.996875 0.772222 0.001563 0.008333
8 0.942187 0.790972 0.028125 0.023611
0 0.862891 0.714583 0.092969 0.201389
0 0.501563 0.711111 0.053125 0.116667
1 0.996875 0.739583 0.003125 0.004167
1 0.962891 0.728472 0.030469 0.073611
2 0.953516 0.721528 0.005469 0.020833
2 0.954297 0.754861 0.005469 0.020833
1 0.866406 0.700000 0.000000 0.000000
2 0.867969 0.704167 0.001563 0.000000
2 0.930469 0.713889 0.000000 0.005556
2 0.931250 0.747917 0.000000 0.006944
1 0.986328 0.715278 0.025781 0.055556
2 0.978125 0.754861 0.007812 0.020833
2 0.977344 0.714583 0.007812 0.031944
2 0.997266 0.754861 0.003906 0.020833
2 0.996094 0.713889 0.004687 0.033333
2 0.998828 0.713889 0.000781 0.033333
2 0.659375 0.761806 0.004687 0.004167
2 0.733203 0.771528 0.002344 0.020833
2 0.760938 0.773611 0.026562 0.027778
2 0.711719 0.743750 0.045312 0.015278
2 0.762109 0.738889 0.022656 0.025000
2 0.708984 0.704167 0.050781 0.022222
2 0.753906 0.709028 0.039062 0.031944
5 0.707422 0.725694 0.125781 0.018056
5 0.707812 0.745139 0.126562 0.018056
5 0.708203 0.763194 0.125781 0.018056
5 0.708594 0.782639 0.126562 0.020833
5 0.708594 0.822917 0.126562 0.023611
5 0.708594 0.802778 0.126562 0.022222
5 0.708984 0.860417 0.125781 0.026389
5 0.708984 0.840278 0.127344 0.025000
5 0.817969 0.763194 0.126562 0.018056
5 0.818750 0.781944 0.126562 0.019444
5 0.827734 0.820139 0.110156 0.020833
5 0.825781 0.801389 0.112500 0.019444
5 0.819922 0.857639 0.127344 0.023611
5 0.828125 0.836806 0.109375 0.023611
5 0.817969 0.745833 0.126562 0.016667
5 0.825781 0.727083 0.109375 0.018056
5 0.932031 0.762500 0.126562 0.016667
5 0.932422 0.780556 0.127344 0.019444
5 0.937109 0.817361 0.119531 0.020833
5 0.932813 0.799306 0.126562 0.020833
5 0.933984 0.852083 0.127344 0.023611
5 0.933984 0.832639 0.127344 0.023611
5 0.931250 0.745833 0.126562 0.016667
5 0.931250 0.727083 0.126562 0.018056
5 0.928516 0.622222 0.125781 0.025000
5 0.928516 0.640972 0.125781 0.023611
5 0.929688 0.676389 0.126562 0.019444
5 0.929297 0.659028 0.125781 0.020833
5 0.930469 0.711111 0.126562 0.016667
5 0.930078 0.693056 0.125781 0.019444
5 0.927734 0.606250 0.125781 0.023611
5 0.927734 0.588194 0.125781 0.026389