3 0.499609 0.882639 0.999219 0.231944
4 0.016016 0.752778 0.002344 0.025000
8 0.251563 0.860417 0.131250 0.093056
5 0.615625 0.775000 0.035937 0.011111
5 0.615625 0.775000 0.035937 0.011111
5 0.615625 0.775000 0.035937 0.011111
5 0.615234 0.763889 0.035156 0.011111
5 0.615234 0.763889 0.035156 0.011111
5 0.615234 0.763889 0.035156 0.011111
5 0.616406 0.785417 0.037500 0.009722
5 0.616406 0.785417 0.037500 0.009722
5 0.616406 0.785417 0.037500 0.009722
5 0.712109 0.762500 0.000781 0.000000
5 0.712109 0.762500 0.000781 0.000000
5 0.712109 0.762500 0.000781 0.000000
5 0.711719 0.754861 0.001563 0.009722
5 0.711719 0.754861 0.001563 0.009722
5 0.711719 0.754861 0.001563 0.009722
6 0.375391 0.731944 0.002344 0.002778
6 0.500781 0.766667 0.054688 0.075000
6 0.397656 0.691667 0.067187 0.075000
6 0.478516 0.767361 0.010156 0.073611
6 0.118750 0.781944 0.070312 0.100000
6 0.034766 0.776389 0.069531 0.088889
7 0.274609 0.804861 0.028906 0.004167
7 0.038672 0.806944 0.044531 0.016667
7 0.189453 0.765972 0.027344 0.009722
7 0.226172 0.765278 0.027344 0.008333
8 0.171875 0.802778 0.039062 0.038889
5 0.170703 0.783333 0.033594 0.011111
8 0.212891 0.802083 0.053906 0.034722
5 0.209766 0.781250 0.052344 0.009722
8 0.251953 0.801389 0.053906 0.030556
5 0.249219 0.777083 0.051562 0.004167
8 0.294141 0.798611 0.044531 0.030556
5 0.292187 0.777778 0.048438 0.008333
8 0.281641 0.801389 0.061719 0.038889
5 0.280078 0.783333 0.055469 0.011111
8 0.306250 0.797917 0.020313 0.026389
5 0.307422 0.781250 0.017969 0.009722
8 0.240625 0.803472 0.062500 0.040278
5 0.239844 0.784722 0.056250 0.011111
8 0.189844 0.806250 0.064062 0.043056
5 0.189062 0.786111 0.056250 0.011111
8 0.869922 0.826389 0.066406 0.050000
5 0.865234 0.800694 0.075781 0.015278
8 0.886328 0.822917 0.033594 0.034722
5 0.880469 0.797917 0.031250 0.012500
8 0.838281 0.829861 0.095312 0.054167
5 0.835938 0.804167 0.087500 0.016667
8 0.801172 0.834028 0.085156 0.056944
5 0.797656 0.806944 0.078125 0.016667
8 0.856641 0.835417 0.025781 0.006944
5 0.832422 0.790278 0.075781 0.005556
8 0.794531 0.837500 0.070312 0.011111
5 0.795312 0.792361 0.075000 0.006944
8 0.768750 0.826389 0.056250 0.041667
5 0.761328 0.798611 0.080469 0.013889
8 0.718750 0.821528 0.090625 0.045833
5 0.717969 0.800000 0.081250 0.011111
8 0.535937 0.854167 0.112500 0.069444
5 0.537109 0.822917 0.102344 0.020833
8 0.591797 0.861806 0.121094 0.073611
5 0.592187 0.829167 0.107813 0.022222
8 0.505469 0.850000 0.064062 0.061111
5 0.505859 0.818056 0.064844 0.019444
8 0.441406 0.840278 0.096875 0.061111
5 0.445312 0.813889 0.092188 0.016667
8 0.701562 0.841667 0.103125 0.061111
5 0.699219 0.813194 0.093750 0.018056
8 0.651953 0.846528 0.108594 0.065278
5 0.650000 0.818056 0.096875 0.019444
8 0.574609 0.840278 0.097656 0.061111
5 0.573438 0.811111 0.092188 0.013889
8 0.542188 0.838194 0.064062 0.051389
5 0.527344 0.804167 0.087500 0.008333
8 0.089453 0.901389 0.130469 0.100000
5 0.087109 0.859028 0.114844 0.034722
8 0.196875 0.890972 0.126562 0.093056
5 0.194531 0.851389 0.112500 0.030556
0 0.362109 0.731944 0.144531 0.250000
0 0.675781 0.725694 0.085938 0.159722
1 0.361328 0.711111 0.024219 0.027778
1 0.357031 0.707639 0.050000 0.023611
1 0.342969 0.711806 0.012500 0.018056
1 0.298438 0.736111 0.026562 0.075000
1 0.307422 0.736111 0.052344 0.075000
1 0.280859 0.736111 0.055469 0.075000
1 0.277734 0.734722 0.057031 0.066667
1 0.068750 0.741667 0.084375 0.097222
1 0.044922 0.732639 0.064844 0.079167
1 0.994531 0.773611 0.009375 0.238889
2 0.998437 0.715972 0.001563 0.070833
1 0.946875 0.772917 0.104688 0.234722
2 0.985547 0.771528 0.013281 0.001389
2 0.946484 0.716667 0.089844 0.069444
2 0.951172 0.810417 0.096094 0.076389
2 0.930469 0.748611 0.007812 0.000000
2 0.979688 0.715972 0.037500 0.068056
2 0.048047 0.874306 0.096094 0.106944
2 0.027734 0.818750 0.055469 0.009722
2 0.889844 0.782639 0.025000 0.015278
2 0.905078 0.752083 0.057031 0.045833
2 0.973437 0.765972 0.051562 0.009722
2 0.903906 0.704167 0.056250 0.047222
2 0.972266 0.679861 0.053906 0.001389
5 0.007422 0.792361 0.000781 0.001389
5 0.020313 0.785417 0.040625 0.006944
5 0.019531 0.793750 0.039062 0.006944
5 0.020313 0.779167 0.040625 0.008333
5 0.019531 0.770833 0.039062 0.008333