3 0.499609 0.869444 0.999219 0.258333
4 0.307422 0.834028 0.005469 0.084722
4 0.262891 0.887500 0.030469 0.094444
4 0.251563 0.902778 0.000000 0.058333
4 0.199219 0.951389 0.014063 0.094444
4 0.187109 0.984028 0.005469 0.029167
5 0.385156 0.732639 0.042188 0.009722
5 0.385156 0.732639 0.042188 0.009722
5 0.385156 0.732639 0.042188 0.009722
5 0.385156 0.719444 0.042188 0.013889
5 0.385156 0.719444 0.042188 0.013889
5 0.385156 0.719444 0.042188 0.013889
5 0.385156 0.741667 0.042188 0.008333
5 0.385156 0.741667 0.042188 0.008333
5 0.385156 0.741667 0.042188 0.008333
5 0.454297 0.739583 0.047656 0.012500
5 0.454297 0.739583 0.047656 0.012500
5 0.454297 0.739583 0.047656 0.012500
5 0.454297 0.729861 0.047656 0.012500
5 0.454297 0.729861 0.047656 0.012500
5 0.454297 0.729861 0.047656 0.012500
5 0.454297 0.720139 0.047656 0.012500
5 0.454297 0.720139 0.047656 0.012500
5 0.454297 0.720139 0.047656 0.012500
5 0.454297 0.709028 0.047656 0.012500
5 0.454297 0.709028 0.047656 0.012500
5 0.454297 0.709028 0.047656 0.012500
6 0.482031 0.782639 0.040625 0.081944
6 0.480859 0.751389 0.033594 0.072222
6 0.483984 0.703472 0.044531 0.090278
6 0.480859 0.761806 0.033594 0.076389
6 0.443359 0.847917 0.082031 0.120833
6 0.462891 0.879861 0.091406 0.148611
7 0.093359 0.965972 0.072656 0.056944
7 0.298047 0.823611 0.049219 0.022222
7 0.238281 0.899306 0.089063 0.029167
8 0.390625 0.962500 0.062500 0.072222
5 0.394141 0.944444 0.058594 0.041667
5 0.316797 0.934028 0.038281 0.018056
8 0.375781 0.856250 0.053125 0.054167
5 0.375781 0.836806 0.053125 0.018056
8 0.376172 0.840972 0.049219 0.031944
5 0.378125 0.820833 0.048438 0.011111
8 0.355078 0.815972 0.000781 0.004167
5 0.383203 0.809028 0.038281 0.009722
8 0.394141 0.798611 0.060156 0.008333
5 0.392188 0.797917 0.056250 0.009722
8 0.491406 0.813194 0.003125 0.015278
5 0.486719 0.809028 0.004687 0.009722
8 0.465234 0.804861 0.057031 0.020833
5 0.463672 0.800000 0.052344 0.013889
8 0.493359 0.831250 0.003906 0.029167
5 0.487891 0.820833 0.007031 0.011111
8 0.489453 0.856944 0.010156 0.052778
5 0.487109 0.839583 0.005469 0.015278
8 0.912109 0.782639 0.049219 0.029167
5 0.912109 0.766667 0.049219 0.011111
8 0.887891 0.760417 0.036719 0.012500
5 0.898438 0.757639 0.053125 0.009722
8 0.906641 0.788889 0.014844 0.038889
5 0.926562 0.772917 0.050000 0.009722
8 0.957812 0.795139 0.050000 0.020833
5 0.951953 0.782639 0.053906 0.012500
8 0.842969 0.763194 0.051562 0.006944
5 0.841016 0.757639 0.049219 0.009722
8 0.855078 0.784028 0.044531 0.031944
5 0.855469 0.766667 0.046875 0.011111
8 0.867969 0.788194 0.062500 0.037500
5 0.867188 0.773611 0.056250 0.011111
8 0.882031 0.798611 0.064062 0.041667
5 0.884766 0.782639 0.052344 0.012500
8 0.996094 0.843750 0.006250 0.040278
5 0.997656 0.825694 0.003125 0.006944
8 0.971484 0.852083 0.055469 0.054167
5 0.973047 0.834028 0.052344 0.023611
8 0.951172 0.854861 0.003906 0.015278
5 0.911719 0.824306 0.040625 0.004167
8 0.969922 0.809028 0.058594 0.026389
5 0.971484 0.800000 0.055469 0.013889
8 0.987109 0.834722 0.016406 0.038889
5 0.987109 0.812500 0.024219 0.016667
8 0.957422 0.838889 0.050781 0.036111
5 0.955078 0.815278 0.046094 0.019444
8 0.874219 0.827083 0.021875 0.040278
5 0.887109 0.815278 0.041406 0.019444
0 0.922656 0.854167 0.150000 0.288889
0 0.800781 0.778472 0.093750 0.237500
0 0.548438 0.697222 0.042188 0.141667
1 0.038281 0.708333 0.076563 0.102778
1 0.031250 0.713889 0.062500 0.105556
1 0.995703 0.672917 0.002344 0.012500
2 0.998828 0.725000 0.000781 0.000000
2 0.998437 0.679167 0.001563 0.002778
1 0.973437 0.726389 0.051562 0.119444
2 0.962109 0.738194 0.022656 0.031944
2 0.971875 0.693750 0.042188 0.031944
2 0.987109 0.702083 0.024219 0.034722
2 0.980469 0.745833 0.037500 0.041667
2 0.971094 0.697222 0.018750 0.033333
2 0.989844 0.680556 0.017188 0.000000
2 0.978906 0.699306 0.025000 0.034722
2 0.995703 0.683333 0.007031 0.000000
2 0.744141 0.734722 0.011719 0.038889
2 0.766406 0.739583 0.031250 0.031944
2 0.825000 0.738889 0.045312 0.025000
2 0.776172 0.710417 0.050781 0.040278
2 0.824609 0.711806 0.046094 0.037500
2 0.775781 0.677778 0.050000 0.038889
2 0.821094 0.677778 0.053125 0.038889
5 0.296875 0.938889 0.103125 0.044444
5 0.296875 0.957639 0.103125 0.045833
5 0.296875 0.974306 0.103125 0.045833
5 0.296875 0.983333 0.103125 0.030556
5 0.319922 0.992361 0.057031 0.012500
5 0.419141 0.975000 0.094531 0.041667
5 0.419141 0.984722 0.094531 0.027778
5 0.425781 0.993750 0.081250 0.009722
5 0.419141 0.957639 0.094531 0.043056
5 0.419141 0.937500 0.094531 0.044444
5 0.557422 0.973611 0.096094 0.041667
5 0.557422 0.984028 0.096094 0.029167
5 0.546875 0.993056 0.075000 0.011111
5 0.557422 0.956250 0.096094 0.043056
5 0.557031 0.938194 0.095312 0.040278
5 0.557031 0.830556 0.095312 0.036111
5 0.557031 0.849306 0.095312 0.037500
5 0.557031 0.886111 0.095312 0.038889
5 0.557031 0.867361 0.095312 0.037500
5 0.557031 0.920833 0.095312 0.041667
5 0.557031 0.903472 0.095312 0.037500
5 0.557031 0.815278 0.095312 0.033333
5 0.557031 0.795833 0.095312 0.033333