3 0.499609 0.891667 0.999219 0.213889
5 0.566016 0.872222 0.086719 0.033333
5 0.566016 0.872222 0.086719 0.033333
5 0.566016 0.872222 0.086719 0.033333
5 0.566016 0.854861 0.086719 0.034722
5 0.566016 0.854861 0.086719 0.034722
5 0.566016 0.854861 0.086719 0.034722
5 0.566016 0.887500 0.086719 0.033333
5 0.566016 0.887500 0.086719 0.033333
5 0.566016 0.887500 0.086719 0.033333
5 0.657422 0.905556 0.063281 0.033333
5 0.657422 0.905556 0.063281 0.033333
5 0.657422 0.905556 0.063281 0.033333
5 0.657813 0.889583 0.064062 0.034722
5 0.657813 0.889583 0.064062 0.034722
5 0.657813 0.889583 0.064062 0.034722
5 0.667188 0.871528 0.082812 0.034722
5 0.667188 0.871528 0.082812 0.034722
5 0.667188 0.871528 0.082812 0.034722
5 0.667578 0.852778 0.083594 0.036111
5 0.667578 0.852778 0.083594 0.036111
5 0.667578 0.852778 0.083594 0.036111
6 0.395313 0.993750 0.021875 0.009722
6 0.476953 0.954167 0.117969 0.088889
6 0.334375 0.911806 0.151562 0.173611
6 0.418359 0.968750 0.119531 0.059722
0 0.750391 0.865972 0.125781 0.265278
1 0.134766 0.781250 0.103906 0.134722
1 0.082422 0.794444 0.088281 0.150000
1 0.064844 0.767361 0.098437 0.118056
1 0.036328 0.784028 0.072656 0.143056
1 0.025000 0.761111 0.050000 0.108333
1 0.003906 0.764583 0.007812 0.104167