3 0.499609 0.804861 0.999219 0.387500
5 0.625391 0.811111 0.107031 0.052778
5 0.625391 0.811111 0.107031 0.052778
5 0.625391 0.811111 0.107031 0.052778
5 0.625391 0.784722 0.107031 0.063889
5 0.625391 0.784722 0.107031 0.063889
5 0.625391 0.784722 0.107031 0.063889
5 0.625000 0.829861 0.106250 0.051389
5 0.625000 0.829861 0.106250 0.051389
5 0.625000 0.829861 0.106250 0.051389
5 0.753906 0.877778 0.114062 0.058333
5 0.753906 0.877778 0.114062 0.058333
5 0.753906 0.877778 0.114062 0.058333
5 0.754297 0.856944 0.114844 0.058333
5 0.754297 0.856944 0.114844 0.058333
5 0.754297 0.856944 0.114844 0.058333
5 0.754297 0.836111 0.114844 0.058333
5 0.754297 0.836111 0.114844 0.058333
5 0.754297 0.836111 0.114844 0.058333
5 0.755078 0.805556 0.114844 0.072222
5 0.755078 0.805556 0.114844 0.072222
5 0.755078 0.805556 0.114844 0.072222
6 0.263672 0.998611 0.000781 0.000000
0 0.851562 0.861111 0.159375 0.275000
1 0.132422 0.647222 0.117969 0.180556
1 0.080078 0.664583 0.122656 0.190278
1 0.060547 0.614583 0.110156 0.151389
1 0.032813 0.639583 0.065625 0.176389
1 0.025391 0.600694 0.050781 0.126389
1 0.000391 0.651389 0.000781 0.027778
1 0.000781 0.520139 0.001563 0.059722