3 0.517188 0.858333 0.964063 0.280556
4 0.389844 0.734722 0.006250 0.063889
4 0.385937 0.747917 0.026562 0.073611
4 0.401953 0.758333 0.008594 0.080556
4 0.396484 0.768750 0.033594 0.087500
4 0.416016 0.783333 0.011719 0.097222
4 0.410156 0.797917 0.042188 0.109722
4 0.433984 0.819444 0.011719 0.122222
4 0.446484 0.840278 0.022656 0.147222
4 0.531641 0.936111 0.008594 0.125000
4 0.547266 0.964583 0.103906 0.068056
8 0.466797 0.810417 0.057031 0.065278
8 0.955859 0.737500 0.082031 0.008333
5 0.376172 0.709722 0.041406 0.008333
5 0.376172 0.709722 0.041406 0.008333
5 0.376172 0.709722 0.041406 0.008333
5 0.376172 0.700000 0.041406 0.008333
5 0.376172 0.700000 0.041406 0.008333
5 0.376172 0.700000 0.041406 0.008333
5 0.375781 0.718056 0.040625 0.008333
5 0.375781 0.718056 0.040625 0.008333
5 0.375781 0.718056 0.040625 0.008333
5 0.434375 0.715972 0.037500 0.006944
5 0.434375 0.715972 0.037500 0.006944
5 0.434375 0.715972 0.037500 0.006944
5 0.434375 0.708333 0.037500 0.008333
5 0.434375 0.708333 0.037500 0.008333
5 0.434375 0.708333 0.037500 0.008333
5 0.434375 0.700000 0.037500 0.008333
5 0.434375 0.700000 0.037500 0.008333
5 0.434375 0.700000 0.037500 0.008333
5 0.434375 0.690278 0.037500 0.008333
5 0.434375 0.690278 0.037500 0.008333
5 0.434375 0.690278 0.037500 0.008333
6 0.494531 0.688194 0.032813 0.015278
6 0.486328 0.684028 0.024219 0.015278
6 0.494141 0.654167 0.033594 0.066667
6 0.489844 0.687500 0.031250 0.016667
6 0.503906 0.728472 0.060937 0.076389
6 0.534375 0.736806 0.075000 0.084722
7 0.605078 0.829167 0.077344 0.025000
7 0.651172 0.850000 0.089844 0.030556
7 0.265234 0.840278 0.046094 0.038889
7 0.283594 0.788889 0.032813 0.025000
7 0.349219 0.745833 0.051562 0.013889
7 0.351953 0.770139 0.061719 0.018056
6 0.938281 0.925000 0.121875 0.147222
6 0.877734 0.906250 0.228906 0.184722
6 0.787891 0.893056 0.178906 0.211111
8 0.621875 0.900000 0.135937 0.097222
5 0.620313 0.865278 0.121875 0.033333
8 0.649609 0.926389 0.149219 0.108333
5 0.648438 0.888194 0.135937 0.037500
8 0.599609 0.833333 0.088281 0.033333
5 0.602344 0.827083 0.081250 0.029167
8 0.515625 0.860417 0.085938 0.081944
5 0.516406 0.829861 0.076563 0.029167
8 0.512891 0.775000 0.041406 0.016667
5 0.519531 0.761111 0.028125 0.013889
8 0.451953 0.777778 0.049219 0.041667
5 0.451562 0.761806 0.043750 0.015278
8 0.435547 0.745139 0.035156 0.026389
5 0.436719 0.735417 0.032813 0.009722
8 0.434766 0.745139 0.036719 0.031944
5 0.435937 0.731944 0.034375 0.008333
8 0.415625 0.742361 0.006250 0.031944
5 0.430469 0.727083 0.032813 0.006944
8 0.432422 0.738194 0.041406 0.031944
5 0.433203 0.724306 0.039844 0.006944
8 0.804297 0.722222 0.011719 0.025000
5 0.806250 0.710417 0.012500 0.004167
8 0.797656 0.721528 0.001563 0.023611
5 0.800391 0.709028 0.024219 0.004167
8 0.812500 0.712500 0.000000 0.000000
5 0.781250 0.706944 0.000000 0.000000
8 0.791016 0.733333 0.007031 0.005556
5 0.789062 0.709028 0.015625 0.001389
8 0.798438 0.725694 0.026562 0.018056
5 0.796484 0.713889 0.028906 0.005556
8 0.797266 0.729861 0.028906 0.026389
5 0.797656 0.716667 0.031250 0.005556
8 0.914453 0.738194 0.016406 0.015278
5 0.913281 0.729861 0.017188 0.009722
8 0.984766 0.734722 0.002344 0.011111
8 0.906641 0.738194 0.002344 0.015278
8 0.914844 0.740278 0.015625 0.019444
5 0.912891 0.721528 0.017969 0.004167
8 0.803516 0.738889 0.017969 0.033333
5 0.805078 0.725000 0.016406 0.008333
0 0.867969 0.704861 0.110937 0.218056
0 0.756250 0.685417 0.076563 0.159722
0 0.521484 0.665972 0.027344 0.104167
0 0.071875 0.756250 0.143750 0.484722
1 0.077344 0.685417 0.073438 0.084722
1 0.067578 0.687500 0.067969 0.088889
1 0.020703 0.686806 0.041406 0.087500
1 0.008594 0.664583 0.017188 0.004167
1 0.987891 0.647222 0.011719 0.008333
2 0.995313 0.652778 0.004687 0.000000
2 0.990625 0.691667 0.015625 0.002778
2 0.983203 0.652778 0.000781 0.000000
2 0.988281 0.652778 0.007812 0.000000
1 0.899609 0.681250 0.042969 0.076389
2 0.912500 0.665972 0.017188 0.026389
2 0.905469 0.701389 0.032813 0.027778
2 0.900781 0.665278 0.000000 0.025000
1 0.990625 0.692361 0.015625 0.095833
2 0.983984 0.693056 0.002344 0.000000
2 0.990234 0.670139 0.014844 0.029167
2 0.990625 0.710417 0.015625 0.031944
2 0.990625 0.654167 0.014063 0.000000
2 0.982812 0.654167 0.000000 0.000000
2 0.985156 0.654167 0.000000 0.000000
1 0.873437 0.680556 0.060937 0.075000
2 0.851562 0.658333 0.000000 0.002778
2 0.881641 0.665972 0.022656 0.026389
2 0.885547 0.690972 0.030469 0.006944
2 0.852734 0.656250 0.002344 0.006944
1 0.914844 0.681944 0.014063 0.075000
2 0.915625 0.707639 0.007812 0.026389
2 0.914844 0.668056 0.007812 0.027778
2 0.921094 0.707639 0.001563 0.026389
2 0.920703 0.668750 0.002344 0.029167
2 0.991406 0.745139 0.015625 0.006944
2 0.954688 0.772222 0.089063 0.058333
2 0.679688 0.708333 0.010937 0.027778
2 0.701562 0.710417 0.031250 0.029167
2 0.706641 0.683333 0.042969 0.027778
2 0.732422 0.672917 0.007031 0.006944
2 0.706641 0.656250 0.042969 0.026389
2 0.746484 0.656250 0.035156 0.026389
5 0.472266 0.729861 0.066406 0.015278
5 0.472266 0.742361 0.066406 0.015278
5 0.472266 0.752778 0.066406 0.016667
5 0.472266 0.765278 0.066406 0.016667
5 0.472266 0.790278 0.066406 0.016667
5 0.472266 0.777778 0.066406 0.016667
5 0.472266 0.813889 0.066406 0.019444
5 0.475781 0.801389 0.059375 0.016667
5 0.554688 0.752083 0.064062 0.015278
5 0.554688 0.763889 0.064062 0.016667
5 0.554688 0.788889 0.064062 0.019444
5 0.554688 0.777083 0.064062 0.018056
5 0.555078 0.812500 0.063281 0.019444
5 0.555078 0.800694 0.063281 0.018056
5 0.554688 0.740972 0.064062 0.015278
5 0.554688 0.728472 0.064062 0.015278
5 0.639453 0.750694 0.071094 0.015278
5 0.639453 0.763194 0.071094 0.015278
5 0.639453 0.787500 0.071094 0.016667
5 0.639453 0.775000 0.071094 0.016667
5 0.639453 0.809722 0.071094 0.016667
5 0.639453 0.798611 0.071094 0.016667
5 0.042969 0.756250 0.000000 0.004167
5 0.043750 0.763889 0.000000 0.000000
5 0.639453 0.740278 0.071094 0.013889
5 0.639453 0.727778 0.071094 0.013889
5 0.638672 0.658333 0.071094 0.011111
5 0.638672 0.670139 0.071094 0.012500
5 0.638672 0.694444 0.071094 0.013889
5 0.638672 0.682639 0.071094 0.012500
5 0.639062 0.717361 0.071875 0.015278
5 0.639062 0.705556 0.071875 0.013889
5 0.042578 0.750000 0.000781 0.005556
5 0.042969 0.741667 0.003125 0.008333
5 0.638672 0.647222 0.071094 0.011111
5 0.638672 0.635417 0.071094 0.009722