3 0.499609 0.873611 0.999219 0.250000
4 0.747656 0.950000 0.004687 0.097222
5 0.103906 0.841667 0.087500 0.025000
5 0.103906 0.841667 0.087500 0.025000
5 0.103906 0.841667 0.087500 0.025000
5 0.103906 0.824306 0.087500 0.029167
5 0.103906 0.824306 0.087500 0.029167
5 0.103906 0.824306 0.087500 0.029167
5 0.103906 0.856250 0.087500 0.026389
5 0.103906 0.856250 0.087500 0.026389
5 0.103906 0.856250 0.087500 0.026389
5 0.191797 0.839583 0.078906 0.023611
5 0.191797 0.839583 0.078906 0.023611
5 0.191797 0.839583 0.078906 0.023611
5 0.192188 0.826389 0.078125 0.022222
5 0.192188 0.826389 0.078125 0.022222
5 0.192188 0.826389 0.078125 0.022222
5 0.192578 0.811806 0.078906 0.023611
5 0.192578 0.811806 0.078906 0.023611
5 0.192578 0.811806 0.078906 0.023611
5 0.192578 0.794444 0.078906 0.025000
5 0.192578 0.794444 0.078906 0.025000
5 0.192578 0.794444 0.078906 0.025000
6 0.597266 0.859028 0.094531 0.109722
6 0.473828 0.840972 0.085156 0.115278
6 0.597266 0.764583 0.094531 0.115278
6 0.521484 0.850694 0.066406 0.120833
6 0.947266 0.924306 0.103906 0.148611
7 0.492578 0.973611 0.096094 0.050000
8 0.810156 0.968056 0.101562 0.061111
5 0.810547 0.945833 0.089844 0.038889
8 0.737500 0.961111 0.098437 0.075000
5 0.737500 0.930556 0.087500 0.036111
8 0.676172 0.949306 0.096094 0.073611
5 0.676172 0.920139 0.085156 0.034722
8 0.614453 0.934722 0.092969 0.069444
5 0.614062 0.906250 0.082812 0.031944
8 0.728906 0.926389 0.089063 0.066667
5 0.729297 0.900000 0.078906 0.030556
8 0.668750 0.914583 0.085938 0.065278
5 0.668750 0.888194 0.076563 0.029167
8 0.788281 0.938194 0.090625 0.070833
5 0.789062 0.909722 0.078125 0.033333
8 0.854297 0.955556 0.085156 0.066667
5 0.857031 0.922917 0.079687 0.034722
8 0.765234 0.801389 0.050781 0.036111
5 0.766406 0.784028 0.046875 0.009722
8 0.728516 0.796528 0.052344 0.034722
5 0.728516 0.780556 0.046094 0.011111
8 0.803125 0.804861 0.051562 0.037500
5 0.802734 0.788889 0.047656 0.013889
8 0.840234 0.811111 0.047656 0.036111
5 0.841406 0.793056 0.043750 0.013889
8 0.698438 0.803472 0.054688 0.037500
5 0.698438 0.787500 0.048438 0.013889
8 0.736328 0.809722 0.053906 0.036111
5 0.737109 0.792361 0.049219 0.015278
8 0.773828 0.812500 0.055469 0.038889
5 0.773828 0.795833 0.049219 0.013889
8 0.816016 0.818750 0.057031 0.040278
5 0.816016 0.800694 0.050781 0.015278
8 0.901563 0.820139 0.012500 0.034722
5 0.903516 0.802778 0.010156 0.011111
0 0.953125 0.772222 0.092188 0.188889
0 0.389453 0.758333 0.091406 0.180556
1 0.844141 0.715972 0.074219 0.076389
2 0.817187 0.729861 0.014063 0.001389
2 0.821094 0.690278 0.023438 0.005556
2 0.857812 0.697917 0.009375 0.018056
2 0.843750 0.740278 0.037500 0.025000
2 0.832422 0.690972 0.016406 0.004167
2 0.837500 0.687500 0.007812 0.000000
2 0.845313 0.701389 0.014063 0.025000
2 0.855859 0.688889 0.008594 0.000000
1 0.973047 0.729167 0.052344 0.080556
2 0.952734 0.738889 0.007031 0.000000
2 0.953516 0.695833 0.017969 0.005556
2 0.994531 0.709722 0.009375 0.027778
2 0.978125 0.747222 0.042188 0.030556
2 0.963281 0.696528 0.014063 0.004167
2 0.964844 0.693056 0.003125 0.000000
2 0.983203 0.709028 0.011719 0.029167
2 0.989844 0.694444 0.010937 0.000000
1 0.805078 0.731250 0.078906 0.098611
2 0.781641 0.739583 0.000781 0.001389
2 0.780078 0.695139 0.022656 0.006944
2 0.827344 0.709028 0.026562 0.029167
2 0.812891 0.747222 0.053906 0.033333
2 0.791016 0.707639 0.013281 0.029167
2 0.801562 0.693056 0.014063 0.000000
2 0.810156 0.709028 0.018750 0.029167
2 0.814063 0.693056 0.009375 0.000000
1 0.945312 0.740972 0.087500 0.104167
2 0.906250 0.702778 0.003125 0.005556
2 0.971094 0.716667 0.026562 0.033333
2 0.966797 0.757639 0.038281 0.034722
2 0.951953 0.715972 0.014844 0.031944
2 0.955859 0.700000 0.021094 0.000000
1 0.758594 0.736111 0.084375 0.097222
2 0.727734 0.740972 0.014844 0.001389
2 0.733984 0.698611 0.022656 0.002778
2 0.782813 0.715972 0.028125 0.031944
2 0.766797 0.757639 0.061719 0.034722
2 0.745313 0.700694 0.020313 0.001389
2 0.753906 0.698611 0.015625 0.000000
2 0.759375 0.700694 0.017188 0.001389
2 0.771094 0.700000 0.012500 0.000000
1 0.905859 0.731250 0.092969 0.073611
2 0.872266 0.752083 0.017969 0.001389
2 0.876172 0.706250 0.027344 0.001389
2 0.944922 0.725000 0.007031 0.033333
2 0.915625 0.754167 0.067187 0.002778
2 0.892578 0.707639 0.022656 0.001389
2 0.898047 0.706250 0.014844 0.001389
2 0.903516 0.709028 0.008594 0.001389
2 0.907031 0.706944 0.001563 0.000000
1 0.737891 0.735417 0.086719 0.093056
2 0.707422 0.759028 0.017969 0.031944
2 0.717578 0.742361 0.014844 0.001389
2 0.710156 0.716667 0.025000 0.033333
2 0.761328 0.719444 0.030469 0.033333
2 0.746484 0.761111 0.063281 0.036111
2 0.723828 0.718750 0.021094 0.031944
2 0.733984 0.701389 0.021094 0.000000
2 0.738672 0.718750 0.017969 0.031944
2 0.750000 0.702083 0.014063 0.001389
1 0.874219 0.747917 0.068750 0.104167
2 0.853516 0.770833 0.019531 0.033333
2 0.858594 0.753472 0.009375 0.001389
2 0.853125 0.725000 0.018750 0.036111
2 0.904297 0.729861 0.007031 0.034722
2 0.885938 0.774306 0.045312 0.040278
2 0.872266 0.727083 0.021094 0.031944
2 0.885547 0.709722 0.008594 0.000000
2 0.891406 0.728472 0.020313 0.034722
2 0.899219 0.710417 0.017188 0.001389
2 0.496094 0.778472 0.046875 0.040278
2 0.511328 0.757639 0.016406 0.004167
2 0.555859 0.784722 0.071094 0.033333
2 0.606250 0.776389 0.026562 0.025000
2 0.555859 0.751389 0.071094 0.038889
2 0.606250 0.748611 0.026562 0.036111
2 0.555859 0.714583 0.071094 0.040278
2 0.586328 0.712500 0.066406 0.038889