3 0.499609 0.839583 0.999219 0.318056
4 0.410938 0.778472 0.004687 0.065278
4 0.426953 0.820833 0.032031 0.080556
4 0.453906 0.849306 0.010937 0.081944
4 0.458984 0.879167 0.038281 0.097222
4 0.496484 0.920833 0.010156 0.100000
4 0.505469 0.951389 0.037500 0.094444
4 0.557031 0.980556 0.004687 0.036111
4 0.579688 0.997917 0.004687 0.001389
8 0.552734 0.954167 0.067969 0.086111
8 0.967969 0.792361 0.062500 0.031944
5 0.359375 0.688889 0.043750 0.011111
5 0.359375 0.688889 0.043750 0.011111
5 0.359375 0.688889 0.043750 0.011111
5 0.359375 0.678472 0.043750 0.012500
5 0.359375 0.678472 0.043750 0.012500
5 0.359375 0.678472 0.043750 0.012500
5 0.359375 0.697222 0.043750 0.011111
5 0.359375 0.697222 0.043750 0.011111
5 0.359375 0.697222 0.043750 0.011111
5 0.420312 0.694444 0.043750 0.011111
5 0.420312 0.694444 0.043750 0.011111
5 0.420312 0.694444 0.043750 0.011111
5 0.420312 0.686111 0.043750 0.011111
5 0.420312 0.686111 0.043750 0.011111
5 0.420312 0.686111 0.043750 0.011111
5 0.420312 0.677778 0.043750 0.011111
5 0.420312 0.677778 0.043750 0.011111
5 0.420312 0.677778 0.043750 0.011111
5 0.420312 0.667361 0.043750 0.012500
5 0.420312 0.667361 0.043750 0.012500
5 0.420312 0.667361 0.043750 0.012500
6 0.503516 0.719444 0.041406 0.047222
6 0.482422 0.706250 0.036719 0.062500
6 0.504687 0.668056 0.043750 0.072222
6 0.493750 0.711111 0.034375 0.058333
6 0.533594 0.784028 0.065625 0.093056
6 0.574609 0.798611 0.074219 0.091667
7 0.710547 0.979861 0.088281 0.037500
7 0.358984 0.992361 0.044531 0.012500
7 0.332422 0.883333 0.038281 0.041667
7 0.359375 0.770139 0.053125 0.018056
7 0.385156 0.831250 0.064062 0.023611
8 0.560937 0.880556 0.043750 0.036111
5 0.560547 0.851389 0.044531 0.027778
8 0.491016 0.876389 0.027344 0.061111
5 0.499609 0.856944 0.036719 0.030556
8 0.468750 0.793750 0.056250 0.043056
5 0.467969 0.778472 0.051562 0.015278
8 0.458984 0.781944 0.047656 0.041667
5 0.459766 0.765972 0.046094 0.012500
8 0.432031 0.772917 0.009375 0.037500
5 0.452734 0.758333 0.047656 0.013889
8 0.445312 0.763194 0.045312 0.037500
5 0.446484 0.747917 0.044531 0.009722
8 0.493750 0.774306 0.006250 0.029167
5 0.495703 0.756250 0.010156 0.012500
8 0.500391 0.750694 0.044531 0.018056
5 0.501172 0.745139 0.042969 0.009722
8 0.497266 0.777083 0.007031 0.031944
5 0.498437 0.765278 0.004687 0.011111
8 0.817187 0.718056 0.032813 0.022222
5 0.815625 0.704861 0.039062 0.009722
8 0.796094 0.702083 0.020313 0.004167
5 0.801172 0.699306 0.036719 0.009722
8 0.817187 0.721528 0.021875 0.026389
5 0.821484 0.710417 0.027344 0.009722
8 0.846094 0.726389 0.048438 0.025000
5 0.846875 0.717361 0.045312 0.009722
5 0.755469 0.698611 0.037500 0.005556
5 0.786719 0.704861 0.006250 0.004167
8 0.805859 0.725000 0.007031 0.025000
5 0.795703 0.709722 0.021094 0.005556
8 0.811719 0.728472 0.028125 0.018056
5 0.809375 0.719444 0.026562 0.011111
8 0.929297 0.769444 0.033594 0.030556
5 0.926562 0.752083 0.029687 0.012500
8 0.963672 0.764583 0.055469 0.037500
5 0.962891 0.752083 0.049219 0.015278
8 0.892188 0.765278 0.051562 0.025000
5 0.891406 0.756250 0.048438 0.015278
8 0.848437 0.766667 0.043750 0.030556
5 0.849219 0.757639 0.042188 0.015278
8 0.886328 0.732639 0.035156 0.004167
5 0.884375 0.731250 0.032813 0.009722
8 0.920703 0.742361 0.014844 0.006944
5 0.908594 0.738194 0.018750 0.012500
5 0.868750 0.741667 0.003125 0.011111
8 0.818359 0.758333 0.033594 0.038889
5 0.819531 0.745139 0.031250 0.015278
0 0.926562 0.798611 0.126562 0.244444
0 0.773438 0.718750 0.084375 0.173611
0 0.510938 0.656250 0.032813 0.118056
1 0.054297 0.679861 0.074219 0.095833
1 0.048438 0.686111 0.076563 0.100000
1 0.010547 0.681944 0.010156 0.094444
1 0.007031 0.684722 0.003125 0.091667
1 0.970703 0.656944 0.057031 0.069444
2 0.955469 0.638889 0.021875 0.016667
2 0.988281 0.644444 0.021875 0.019444
2 0.994922 0.691667 0.008594 0.002778
2 0.959766 0.639583 0.013281 0.015278
2 0.978125 0.631944 0.001563 0.000000
2 0.972266 0.635417 0.013281 0.001389
2 0.985547 0.634028 0.016406 0.001389
1 0.893750 0.666667 0.059375 0.075000
2 0.867188 0.634722 0.006250 0.002778
2 0.909766 0.643056 0.021094 0.011111
2 0.907813 0.694444 0.014063 0.013889
2 0.900000 0.634722 0.001563 0.000000
2 0.901563 0.637500 0.004687 0.000000
1 0.967578 0.690972 0.063281 0.106944
2 0.954297 0.650694 0.024219 0.004167
2 0.988281 0.670833 0.021875 0.030556
2 0.975391 0.709028 0.047656 0.034722
2 0.957422 0.652778 0.017969 0.002778
2 0.979688 0.651389 0.004687 0.000000
2 0.971484 0.655556 0.011719 0.002778
2 0.986328 0.653472 0.017969 0.001389
1 0.848437 0.668750 0.043750 0.087500
2 0.832031 0.681250 0.006250 0.026389
2 0.832031 0.647222 0.006250 0.025000
2 0.866797 0.647222 0.007031 0.016667
2 0.866797 0.691667 0.007031 0.022222
2 0.866016 0.636111 0.003906 0.000000
1 0.932813 0.691667 0.067187 0.105556
2 0.912500 0.702778 0.021875 0.027778
2 0.921875 0.689583 0.004687 0.001389
2 0.918359 0.663194 0.033594 0.026389
2 0.948438 0.672222 0.035937 0.030556
2 0.940234 0.710417 0.052344 0.037500
2 0.919922 0.665278 0.017969 0.025000
2 0.937500 0.652083 0.015625 0.001389
2 0.929297 0.667361 0.017969 0.026389
2 0.944922 0.654861 0.019531 0.001389
2 0.976953 0.845833 0.044531 0.075000
2 0.667969 0.681944 0.003125 0.033333
2 0.692578 0.690278 0.044531 0.033333
2 0.732812 0.690972 0.034375 0.029167
2 0.692578 0.663194 0.044531 0.031944
2 0.732812 0.663889 0.034375 0.027778
2 0.692578 0.635417 0.044531 0.031944
2 0.726953 0.635417 0.046094 0.031944
5 0.541797 0.847917 0.072656 0.031944
5 0.541797 0.861111 0.072656 0.030556
5 0.541797 0.873611 0.072656 0.027778
5 0.541797 0.886806 0.072656 0.029167
5 0.541797 0.911111 0.072656 0.030556
5 0.541797 0.898611 0.072656 0.030556
5 0.541797 0.935417 0.072656 0.031944
5 0.541797 0.922917 0.072656 0.029167
5 0.616797 0.868056 0.067969 0.027778
5 0.616797 0.879861 0.067969 0.029167
5 0.616797 0.904861 0.067969 0.029167
5 0.616797 0.892361 0.067969 0.029167
5 0.616797 0.927778 0.067969 0.030556
5 0.614453 0.915972 0.063281 0.029167
5 0.616797 0.856250 0.067969 0.029167
5 0.616797 0.843056 0.067969 0.030556
5 0.705078 0.861111 0.075781 0.027778
5 0.705078 0.873611 0.075781 0.027778
5 0.705078 0.897917 0.075781 0.029167
5 0.705078 0.885417 0.075781 0.029167
5 0.705078 0.920833 0.075781 0.030556
5 0.705078 0.908333 0.075781 0.030556
5 0.027344 0.823611 0.054688 0.022222
5 0.028125 0.833333 0.056250 0.022222
5 0.705078 0.850000 0.075781 0.027778
5 0.705078 0.838194 0.075781 0.026389
5 0.705469 0.768056 0.076563 0.022222
5 0.705078 0.779861 0.075781 0.023611
5 0.705078 0.804167 0.075781 0.025000
5 0.705078 0.792361 0.075781 0.023611
5 0.705078 0.827778 0.075781 0.025000
5 0.705078 0.815278 0.075781 0.025000
5 0.027344 0.815972 0.054688 0.020833
5 0.028125 0.806250 0.056250 0.020833
5 0.705469 0.757639 0.076563 0.023611
5 0.705469 0.743750 0.076563 0.023611