3 0.498828 0.829167 0.967969 0.338889
4 0.951953 0.879167 0.014844 0.091667
8 0.765234 0.729861 0.041406 0.043056
5 0.035937 0.984722 0.071875 0.027778
5 0.035937 0.984722 0.071875 0.027778
5 0.035937 0.984722 0.071875 0.027778
5 0.043359 0.981250 0.057031 0.031944
5 0.043359 0.981250 0.057031 0.031944
5 0.043359 0.981250 0.057031 0.031944
5 0.043359 0.971528 0.057031 0.043056
5 0.043359 0.971528 0.057031 0.043056
5 0.043359 0.971528 0.057031 0.043056
5 0.043359 0.956944 0.057031 0.027778
5 0.043359 0.956944 0.057031 0.027778
5 0.043359 0.956944 0.057031 0.027778
5 0.043750 0.918056 0.056250 0.050000
5 0.043750 0.918056 0.056250 0.050000
5 0.043750 0.918056 0.056250 0.050000
6 0.636719 0.845833 0.085938 0.113889
6 0.496875 0.859722 0.087500 0.127778
6 0.636719 0.752778 0.085938 0.113889
6 0.567578 0.850694 0.086719 0.123611
6 0.929297 0.820139 0.077344 0.115278
6 0.965625 0.769444 0.004687 0.011111
7 0.820312 0.961806 0.084375 0.054167
7 0.928516 0.647917 0.011719 0.001389
7 0.673828 0.671528 0.028906 0.012500
7 0.704297 0.667361 0.016406 0.012500
7 0.787891 0.662500 0.021094 0.011111
7 0.759375 0.664583 0.029687 0.012500
7 0.583594 0.676389 0.028125 0.013889
7 0.622656 0.673611 0.029687 0.013889
7 0.529687 0.679167 0.028125 0.013889
7 0.481641 0.682639 0.013281 0.015278
8 0.914453 0.875694 0.080469 0.062500
5 0.914844 0.854167 0.070312 0.030556
8 0.864062 0.881944 0.079687 0.063889
5 0.865234 0.860417 0.071094 0.031944
8 0.820703 0.888194 0.078906 0.065278
5 0.821484 0.867361 0.071094 0.031944
8 0.775391 0.904167 0.061719 0.050000
5 0.773828 0.873611 0.058594 0.033333
8 0.778516 0.860417 0.067969 0.045833
5 0.776953 0.842361 0.064844 0.029167
8 0.725391 0.864583 0.071094 0.054167
5 0.726172 0.846528 0.063281 0.026389
8 0.817187 0.852778 0.073438 0.052778
5 0.818359 0.836111 0.064844 0.027778
8 0.865234 0.839583 0.074219 0.037500
5 0.866406 0.830556 0.065625 0.027778
8 0.390234 0.751389 0.039844 0.038889
5 0.391016 0.737500 0.035156 0.016667
8 0.350000 0.754167 0.039062 0.038889
5 0.350391 0.740278 0.035156 0.016667
8 0.424219 0.747222 0.040625 0.036111
5 0.425000 0.734722 0.035937 0.013889
8 0.462891 0.743750 0.041406 0.034722
5 0.463672 0.731250 0.036719 0.015278
8 0.360547 0.768056 0.041406 0.041667
5 0.361328 0.753472 0.036719 0.018056
8 0.398828 0.764583 0.035156 0.040278
5 0.400391 0.750000 0.032031 0.016667
8 0.450391 0.763889 0.019531 0.030556
5 0.449219 0.745833 0.017188 0.016667
8 0.478906 0.757639 0.043750 0.040278
5 0.479297 0.743056 0.038281 0.016667
8 0.610938 0.725694 0.015625 0.012500
5 0.627344 0.722917 0.042188 0.012500
8 0.614453 0.727083 0.049219 0.029167
5 0.613672 0.715278 0.044531 0.011111
8 0.629297 0.743056 0.021094 0.033333
5 0.634766 0.729861 0.027344 0.012500
8 0.638281 0.750000 0.007812 0.030556
5 0.641797 0.736111 0.010156 0.005556
8 0.531641 0.741667 0.044531 0.036111
5 0.532422 0.727083 0.039844 0.015278
8 0.567187 0.737500 0.045312 0.036111
5 0.567187 0.724306 0.040625 0.015278
8 0.592187 0.746528 0.048438 0.034722
5 0.594141 0.732639 0.047656 0.012500
8 0.609375 0.755556 0.054688 0.033333
5 0.608984 0.740972 0.049219 0.012500
8 0.794141 0.719444 0.027344 0.033333
5 0.800781 0.707639 0.034375 0.012500
8 0.771484 0.722222 0.046094 0.033333
5 0.772266 0.709722 0.041406 0.013889
8 0.893359 0.705556 0.022656 0.019444
5 0.896484 0.700000 0.022656 0.011111
8 0.876172 0.704861 0.047656 0.012500
5 0.876563 0.702083 0.042188 0.012500
8 0.891797 0.711111 0.013281 0.005556
5 0.897266 0.711806 0.017969 0.009722
0 0.865234 0.618750 0.041406 0.095833
0 0.936719 0.696528 0.064062 0.151389
0 0.705859 0.711111 0.119531 0.161111
0 0.218359 0.797917 0.172656 0.234722
1 0.252344 0.640278 0.067187 0.052778
2 0.229297 0.668750 0.008594 0.012500
2 0.225000 0.663194 0.006250 0.006944
2 0.230078 0.639583 0.017969 0.029167
2 0.275000 0.628472 0.017188 0.009722
2 0.246094 0.630556 0.015625 0.008333
2 0.244141 0.625000 0.014844 0.000000
2 0.261328 0.629861 0.014844 0.009722
2 0.258203 0.624306 0.014844 0.001389
1 0.372656 0.652083 0.065625 0.087500
2 0.353906 0.667361 0.015625 0.026389
2 0.350000 0.665278 0.014063 0.025000
2 0.352344 0.633333 0.018750 0.027778
2 0.393750 0.622917 0.018750 0.009722
2 0.361719 0.659028 0.007812 0.012500
2 0.368359 0.625000 0.014844 0.008333
2 0.364844 0.618750 0.014063 0.001389
2 0.382422 0.623611 0.013281 0.008333
2 0.376953 0.618750 0.013281 0.001389
1 0.236328 0.668750 0.014844 0.084722
2 0.238672 0.691667 0.010156 0.030556
2 0.237891 0.675000 0.011719 0.002778
2 0.241016 0.652083 0.019531 0.031944
2 0.284375 0.641667 0.010937 0.013889
2 0.258984 0.643750 0.016406 0.012500
2 0.255859 0.636806 0.016406 0.001389
2 0.274219 0.643056 0.017188 0.011111
2 0.272656 0.635417 0.015625 0.001389
1 0.371484 0.666667 0.025781 0.091667
2 0.373047 0.682639 0.016406 0.029167
2 0.369922 0.679167 0.016406 0.027778
2 0.371484 0.644444 0.019531 0.030556
2 0.412109 0.634028 0.008594 0.012500
2 0.383203 0.680556 0.013281 0.030556
2 0.389062 0.638194 0.015625 0.015278
2 0.383984 0.629861 0.014844 0.001389
2 0.403125 0.636111 0.017188 0.011111
2 0.399609 0.629167 0.014844 0.000000
1 0.280859 0.691667 0.078906 0.108333
2 0.249219 0.714583 0.000000 0.026389
2 0.244922 0.711806 0.000781 0.020833
2 0.254688 0.665278 0.021875 0.030556
2 0.310547 0.651389 0.013281 0.005556
2 0.273438 0.654167 0.018750 0.002778
2 0.271094 0.650694 0.018750 0.001389
2 0.285938 0.653472 0.007812 0.004167
2 0.284766 0.650000 0.010156 0.002778
1 0.420312 0.679167 0.076563 0.097222
2 0.394922 0.700694 0.011719 0.031944
2 0.387500 0.697222 0.004687 0.030556
2 0.396094 0.659722 0.023438 0.033333
2 0.448047 0.643056 0.014844 0.005556
2 0.410938 0.645833 0.010937 0.002778
2 0.410156 0.643056 0.012500 0.002778
2 0.416406 0.641667 0.000000 0.000000
1 0.288281 0.699306 0.082812 0.112500
2 0.263281 0.720139 0.018750 0.034722
2 0.259766 0.715278 0.019531 0.030556
2 0.260937 0.668750 0.021875 0.023611
2 0.314844 0.672222 0.021875 0.036111
2 0.297656 0.716667 0.057813 0.038889
2 0.280469 0.675000 0.018750 0.033333
2 0.276953 0.657639 0.017969 0.001389
2 0.298438 0.674306 0.020313 0.031944
2 0.295312 0.656250 0.018750 0.001389
1 0.432031 0.683333 0.079687 0.097222
2 0.408203 0.708333 0.016406 0.033333
2 0.404687 0.705556 0.018750 0.030556
2 0.405859 0.665972 0.021094 0.034722
2 0.457031 0.663194 0.023438 0.034722
2 0.441797 0.703472 0.053906 0.034722
2 0.414062 0.649306 0.004687 0.001389
2 0.446484 0.665278 0.011719 0.030556
2 0.443750 0.647917 0.006250 0.001389
2 0.825000 0.677083 0.051562 0.031944
2 0.864453 0.672917 0.022656 0.029167
2 0.879297 0.645833 0.052344 0.030556
2 0.825000 0.650000 0.051562 0.033333
2 0.906641 0.670139 0.060156 0.037500
2 0.948828 0.650694 0.027344 0.006944
2 0.899219 0.693056 0.045312 0.022222
2 0.934375 0.667361 0.056250 0.037500
2 0.951953 0.690972 0.021094 0.009722
2 0.843359 0.725694 0.069531 0.043056
2 0.870703 0.735417 0.071094 0.045833
2 0.121875 0.790972 0.075000 0.059722
2 0.121094 0.756944 0.071875 0.016667
2 0.198437 0.788194 0.073438 0.051389
2 0.160547 0.774306 0.000781 0.043056
2 0.198828 0.746528 0.074219 0.048611
2 0.160156 0.734028 0.001563 0.043056
2 0.198828 0.702778 0.074219 0.052778
2 0.194531 0.692361 0.070312 0.048611