3 0.483594 0.893750 0.967187 0.209722
4 0.476172 0.909722 0.017969 0.122222
4 0.597266 0.946528 0.060156 0.104167
4 0.734766 0.967361 0.007031 0.062500
4 0.848047 0.989583 0.089844 0.018056
5 0.237891 0.811806 0.067969 0.015278
5 0.237891 0.811806 0.067969 0.015278
5 0.237891 0.811806 0.067969 0.015278
5 0.237891 0.796528 0.067969 0.018056
5 0.237891 0.796528 0.067969 0.018056
5 0.237891 0.796528 0.067969 0.018056
5 0.237500 0.824306 0.068750 0.015278
5 0.237500 0.824306 0.068750 0.015278
5 0.237500 0.824306 0.068750 0.015278
5 0.322266 0.818750 0.063281 0.015278
5 0.322266 0.818750 0.063281 0.015278
5 0.322266 0.818750 0.063281 0.015278
5 0.322266 0.806944 0.063281 0.013889
5 0.322266 0.806944 0.063281 0.013889
5 0.322266 0.806944 0.063281 0.013889
5 0.322656 0.793750 0.062500 0.015278
5 0.322656 0.793750 0.062500 0.015278
5 0.322656 0.793750 0.062500 0.015278
5 0.322656 0.779167 0.062500 0.016667
5 0.322656 0.779167 0.062500 0.016667
5 0.322656 0.779167 0.062500 0.016667
6 0.538281 0.822917 0.079687 0.079167
6 0.472656 0.813194 0.067187 0.090278
6 0.539844 0.743056 0.082812 0.108333
6 0.505078 0.818056 0.067969 0.088889
6 0.715234 0.906944 0.124219 0.169444
6 0.838281 0.918750 0.135937 0.159722
7 0.331250 0.911111 0.096875 0.033333
7 0.480469 0.988194 0.107813 0.020833
5 0.930469 0.992361 0.073438 0.012500
8 0.564453 0.934722 0.092969 0.072222
5 0.566406 0.904861 0.087500 0.029167
8 0.538281 0.918750 0.103125 0.068056
5 0.537891 0.890278 0.092969 0.025000
8 0.501172 0.906250 0.086719 0.062500
5 0.505859 0.879861 0.088281 0.023611
8 0.478906 0.893056 0.092188 0.058333
5 0.478125 0.868056 0.082812 0.022222
8 0.562500 0.897917 0.029687 0.059722
5 0.592578 0.872222 0.082031 0.022222
8 0.563281 0.869444 0.089063 0.025000
5 0.562891 0.861806 0.080469 0.020833
8 0.606641 0.909722 0.053906 0.063889
5 0.608984 0.881944 0.049219 0.022222
8 0.632031 0.919444 0.003125 0.030556
5 0.631641 0.895833 0.003906 0.016667
8 0.890234 0.822917 0.022656 0.034722
5 0.889844 0.802083 0.037500 0.006944
8 0.868359 0.815278 0.063281 0.036111
5 0.868359 0.797917 0.057031 0.006944
5 0.906250 0.805556 0.006250 0.002778
8 0.818359 0.818750 0.063281 0.037500
5 0.818750 0.802778 0.057813 0.011111
8 0.849219 0.824306 0.065625 0.037500
5 0.849609 0.807639 0.060156 0.012500
8 0.876953 0.829861 0.060156 0.040278
5 0.879687 0.811806 0.057813 0.012500
8 0.894922 0.836111 0.027344 0.041667
5 0.896875 0.818056 0.023438 0.011111
0 0.936328 0.787500 0.058594 0.236111
0 0.473047 0.753472 0.077344 0.168056
1 0.921484 0.734722 0.030469 0.055556
2 0.917969 0.763194 0.014063 0.001389
2 0.939453 0.762500 0.008594 0.000000
2 0.930078 0.718750 0.039844 0.001389
2 0.958594 0.732639 0.007812 0.023611
2 0.934766 0.764583 0.017969 0.001389
2 0.933984 0.719444 0.019531 0.000000
2 0.950000 0.720139 0.010937 0.001389
1 0.912891 0.750000 0.085156 0.086111
2 0.883984 0.779167 0.019531 0.030556
2 0.900391 0.763889 0.019531 0.000000
2 0.885156 0.736111 0.023438 0.033333
2 0.937891 0.738889 0.035156 0.036111
2 0.916406 0.781250 0.054688 0.031944
2 0.894922 0.736806 0.014844 0.034722
2 0.912891 0.719444 0.019531 0.000000
2 0.915625 0.737500 0.026562 0.033333
2 0.930078 0.720833 0.000781 0.000000
2 0.648828 0.793056 0.032031 0.041667
2 0.700000 0.800000 0.068750 0.041667
2 0.754687 0.799306 0.040625 0.037500
2 0.699219 0.763194 0.068750 0.040278
2 0.754297 0.762500 0.039844 0.036111
2 0.699219 0.726389 0.068750 0.038889
2 0.743359 0.725000 0.061719 0.038889
5 0.987109 0.988194 0.024219 0.020833