3 0.598437 0.920139 0.795312 0.156944
6 0.722656 0.945833 0.185938 0.105556
8 0.828906 0.960417 0.070312 0.065278
5 0.829297 0.939583 0.061719 0.026389
8 0.786328 0.955556 0.033594 0.055556
5 0.783594 0.931944 0.031250 0.025000
8 0.885938 0.966667 0.070312 0.063889
5 0.886719 0.947222 0.062500 0.027778
8 0.953906 0.970833 0.070312 0.055556
5 0.954688 0.956944 0.062500 0.030556
8 0.736719 0.968056 0.075000 0.050000
5 0.737500 0.950694 0.065625 0.018056
8 0.803516 0.975694 0.069531 0.045833
5 0.801562 0.959722 0.065625 0.030556
8 0.860547 0.975694 0.075781 0.045833
5 0.860938 0.968056 0.067187 0.033333
8 0.932031 0.980556 0.076563 0.036111
5 0.932813 0.979167 0.067187 0.036111
0 0.277734 0.893750 0.152344 0.209722
1 0.852344 0.818056 0.095312 0.122222
2 0.822266 0.775000 0.027344 0.011111
2 0.881250 0.790972 0.026562 0.037500
2 0.878125 0.837500 0.035937 0.041667
2 0.839063 0.777083 0.023438 0.009722
2 0.844141 0.770139 0.021094 0.001389
2 0.857812 0.790278 0.021875 0.036111
2 0.864062 0.771528 0.018750 0.001389
1 0.985547 0.777083 0.008594 0.026389
2 0.989062 0.784722 0.007812 0.013889
1 0.819141 0.834028 0.103906 0.134722
2 0.786328 0.787500 0.030469 0.016667
2 0.850000 0.804861 0.031250 0.043056
2 0.842969 0.856250 0.048438 0.045833
2 0.803125 0.790278 0.023438 0.013889
2 0.811328 0.781944 0.022656 0.002778
2 0.824609 0.804861 0.024219 0.040278
2 0.832031 0.783333 0.023438 0.002778
1 0.963672 0.791667 0.010156 0.030556
2 0.977344 0.799306 0.029687 0.018056
2 0.990234 0.801389 0.005469 0.013889
2 0.992188 0.793056 0.001563 0.000000
1 0.822266 0.854861 0.022656 0.140278
2 0.809766 0.822917 0.035156 0.048611
2 0.814453 0.881250 0.028906 0.051389
2 0.769531 0.800694 0.004687 0.004167
2 0.773438 0.797222 0.012500 0.002778
2 0.782422 0.802083 0.027344 0.004167
2 0.789844 0.798611 0.026562 0.002778
1 0.935156 0.802083 0.012500 0.023611
2 0.950391 0.811806 0.033594 0.009722
2 0.975781 0.815278 0.029687 0.005556
2 0.978906 0.810417 0.026562 0.004167
2 0.990625 0.815972 0.004687 0.004167
2 0.992969 0.812500 0.000000 0.000000
1 0.755469 0.861806 0.120313 0.143056
2 0.704688 0.884722 0.007812 0.047222
2 0.704297 0.825694 0.008594 0.045833
2 0.791016 0.831250 0.038281 0.051389
2 0.789844 0.891667 0.043750 0.055556
2 0.772266 0.831250 0.010156 0.045833
2 0.776172 0.805556 0.016406 0.002778
1 0.954688 0.878472 0.081250 0.162500
2 0.936719 0.909028 0.031250 0.054167
2 0.941406 0.881944 0.029687 0.005556
2 0.937500 0.843056 0.035937 0.055556
2 0.973047 0.911111 0.044531 0.058333
2 0.963672 0.847222 0.032031 0.052778
2 0.968359 0.818750 0.030469 0.004167
2 0.985938 0.847917 0.017188 0.051389
2 0.987891 0.820833 0.010156 0.002778
2 0.421875 0.931250 0.075000 0.073611
2 0.442578 0.890972 0.033594 0.015278
2 0.513281 0.949306 0.107813 0.068056
2 0.583594 0.934028 0.032813 0.062500
2 0.512891 0.893750 0.107031 0.065278
2 0.583594 0.881944 0.032813 0.058333
2 0.512891 0.836806 0.107031 0.068056
2 0.549219 0.827083 0.101562 0.065278