3 0.466406 0.938889 0.932813 0.119444
8 0.409375 0.900694 0.037500 0.026389
5 0.394922 0.867361 0.027344 0.009722
5 0.394922 0.867361 0.027344 0.009722
5 0.394922 0.867361 0.027344 0.009722
5 0.394922 0.859028 0.027344 0.009722
5 0.394922 0.859028 0.027344 0.009722
5 0.394922 0.859028 0.027344 0.009722
5 0.394922 0.875694 0.027344 0.009722
5 0.394922 0.875694 0.027344 0.009722
5 0.394922 0.875694 0.027344 0.009722
5 0.346875 0.878472 0.032813 0.006944
5 0.346875 0.878472 0.032813 0.006944
5 0.346875 0.878472 0.032813 0.006944
5 0.347266 0.870139 0.033594 0.006944
5 0.347266 0.870139 0.033594 0.006944
5 0.347266 0.870139 0.033594 0.006944
5 0.347266 0.861111 0.033594 0.008333
5 0.347266 0.861111 0.033594 0.008333
5 0.347266 0.861111 0.033594 0.008333
5 0.347656 0.852083 0.032813 0.009722
5 0.347656 0.852083 0.032813 0.009722
5 0.347656 0.852083 0.032813 0.009722
6 0.283203 0.862500 0.010156 0.052778
6 0.300781 0.858333 0.042188 0.052778
7 0.663672 0.938194 0.013281 0.018056
7 0.715234 0.938889 0.019531 0.019444
7 0.515234 0.936111 0.024219 0.019444
7 0.575781 0.936806 0.021875 0.018056
7 0.025781 0.931250 0.043750 0.018056
7 0.102734 0.931944 0.039844 0.016667
1 0.850391 0.938194 0.094531 0.120833
1 0.795703 0.937500 0.069531 0.122222
1 0.816016 0.931250 0.083594 0.134722
1 0.758203 0.931250 0.077344 0.134722
1 0.792578 0.916667 0.063281 0.127778
1 0.735156 0.925694 0.067187 0.145833
1 0.816016 0.890972 0.089844 0.112500
1 0.286719 0.934722 0.121875 0.127778
1 0.302344 0.931250 0.114062 0.134722
1 0.037109 0.930556 0.074219 0.136111
1 0.023047 0.934028 0.046094 0.129167
5 0.232422 0.922917 0.039844 0.009722
5 0.228906 0.915972 0.032813 0.009722
5 0.232422 0.901389 0.039844 0.011111
5 0.219531 0.910417 0.014063 0.006944
5 0.194531 0.993750 0.046875 0.009722