3 0.499609 0.825000 0.999219 0.347222
4 0.201953 0.794444 0.002344 0.061111
4 0.070703 0.761111 0.000781 0.008333
4 0.319922 0.722222 0.003906 0.050000
4 0.191406 0.719444 0.026562 0.050000
4 0.143359 0.718056 0.007031 0.050000
4 0.078125 0.716667 0.015625 0.050000
8 0.471484 0.667361 0.027344 0.018056
5 0.455859 0.642361 0.030469 0.006944
5 0.455859 0.642361 0.030469 0.006944
5 0.455859 0.642361 0.030469 0.006944
5 0.455859 0.636111 0.030469 0.008333
5 0.455859 0.636111 0.030469 0.008333
5 0.455859 0.636111 0.030469 0.008333
5 0.455859 0.649306 0.030469 0.006944
5 0.455859 0.649306 0.030469 0.006944
5 0.455859 0.649306 0.030469 0.006944
5 0.426563 0.650000 0.028125 0.005556
5 0.426563 0.650000 0.028125 0.005556
5 0.426563 0.650000 0.028125 0.005556
5 0.426172 0.644444 0.027344 0.005556
5 0.426172 0.644444 0.027344 0.005556
5 0.426172 0.644444 0.027344 0.005556
5 0.426172 0.637500 0.027344 0.005556
5 0.426172 0.637500 0.027344 0.005556
5 0.426172 0.637500 0.027344 0.005556
5 0.426563 0.629861 0.028125 0.006944
5 0.426563 0.629861 0.028125 0.006944
5 0.426563 0.629861 0.028125 0.006944
6 0.378125 0.636806 0.003125 0.037500
6 0.391016 0.635417 0.028906 0.040278
5 0.880078 0.839583 0.025781 0.034722
5 0.880078 0.839583 0.025781 0.034722
5 0.880078 0.839583 0.025781 0.034722
5 0.895703 0.823611 0.057031 0.033333
5 0.895703 0.823611 0.057031 0.033333
5 0.895703 0.823611 0.057031 0.033333
5 0.880078 0.854861 0.025781 0.034722
5 0.880078 0.854861 0.025781 0.034722
5 0.880078 0.854861 0.025781 0.034722
5 0.929688 0.890972 0.073438 0.040278
5 0.929688 0.890972 0.073438 0.040278
5 0.929688 0.890972 0.073438 0.040278
5 0.929688 0.875000 0.073438 0.041667
5 0.929688 0.875000 0.073438 0.041667
5 0.929688 0.875000 0.073438 0.041667
5 0.929688 0.856944 0.073438 0.038889
5 0.929688 0.856944 0.073438 0.038889
5 0.929688 0.856944 0.073438 0.038889
5 0.929688 0.838889 0.073438 0.038889
5 0.929688 0.838889 0.073438 0.038889
5 0.929688 0.838889 0.073438 0.038889
6 0.366797 0.843056 0.080469 0.111111
6 0.514844 0.846528 0.076563 0.115278
6 0.367188 0.750694 0.081250 0.106944
6 0.440625 0.844444 0.079687 0.113889
6 0.091016 0.822222 0.041406 0.111111
6 0.007031 0.818750 0.014063 0.101389
7 0.011719 0.794444 0.021875 0.019444
7 0.266016 0.737500 0.032031 0.019444
7 0.369531 0.819444 0.021875 0.030556
7 0.133203 0.813194 0.042969 0.029167
7 0.645312 0.692361 0.015625 0.012500
7 0.688672 0.693750 0.016406 0.012500
7 0.545312 0.690972 0.017188 0.012500
7 0.580078 0.692361 0.000781 0.009722
7 0.205078 0.684722 0.025781 0.011111
7 0.164844 0.684028 0.025000 0.012500
7 0.257812 0.685417 0.025000 0.012500
6 0.101562 0.654167 0.053125 0.061111
6 0.135547 0.648611 0.030469 0.058333
6 0.101562 0.709028 0.053125 0.062500
6 0.135547 0.699306 0.030469 0.059722
6 0.075781 0.647222 0.010937 0.016667
6 0.072656 0.655556 0.000000 0.000000
8 0.166016 0.833333 0.063281 0.052778
5 0.166406 0.815278 0.056250 0.022222
8 0.215625 0.834722 0.062500 0.052778
5 0.215625 0.817361 0.054688 0.023611
8 0.260937 0.836111 0.059375 0.052778
5 0.260937 0.818056 0.053125 0.022222
8 0.310547 0.838194 0.055469 0.054167
5 0.311719 0.819444 0.051562 0.022222
8 0.233203 0.857639 0.064844 0.056944
5 0.233594 0.838194 0.057813 0.026389
8 0.287109 0.859722 0.063281 0.058333
5 0.287109 0.840972 0.055469 0.026389
8 0.185156 0.856250 0.067187 0.056944
5 0.185156 0.837500 0.059375 0.025000
8 0.132422 0.853472 0.069531 0.056944
5 0.132422 0.835417 0.061719 0.026389
0 0.011328 0.865278 0.022656 0.266667
0 0.755859 0.826389 0.132031 0.250000
0 0.011328 0.670139 0.022656 0.120833
0 0.077734 0.666667 0.014844 0.113889
1 0.744141 0.706944 0.049219 0.111111
1 0.704297 0.705556 0.046094 0.111111
1 0.732812 0.686806 0.043750 0.087500
1 0.695312 0.693056 0.042188 0.102778
1 0.723437 0.676389 0.040625 0.083333
1 0.687500 0.681944 0.037500 0.094444
1 0.760156 0.660417 0.059375 0.079167
1 0.394531 0.693750 0.071875 0.098611
1 0.401562 0.687500 0.071875 0.094444
1 0.215234 0.684028 0.074219 0.093056
1 0.200391 0.690278 0.077344 0.097222
1 0.075000 0.637500 0.009375 0.033333
2 0.074609 0.635417 0.005469 0.015278
2 0.072266 0.658333 0.003906 0.002778
2 0.070703 0.635417 0.000781 0.015278
1 0.004297 0.620833 0.008594 0.002778
2 0.003125 0.627778 0.006250 0.002778
2 0.000000 0.629167 0.000000 0.000000
1 0.008594 0.642361 0.017188 0.037500
2 0.013672 0.662500 0.000781 0.000000
2 0.007422 0.640972 0.014844 0.020833
2 0.013281 0.659028 0.001563 0.001389
2 0.014844 0.629167 0.000000 0.000000
2 0.008203 0.629167 0.011719 0.000000
2 0.767188 0.988194 0.004687 0.020833
2 0.852734 0.943750 0.175781 0.109722
2 0.877344 0.964583 0.200000 0.068056
5 0.344922 0.680556 0.027344 0.005556
5 0.344922 0.676389 0.027344 0.005556
5 0.344922 0.665972 0.027344 0.006944
5 0.335938 0.672222 0.009375 0.002778
5 0.326172 0.725000 0.024219 0.011111
5 0.338281 0.734722 0.000000 0.005556
5 0.327734 0.733333 0.011719 0.011111
5 0.327734 0.740972 0.011719 0.009722
5 0.303125 0.743750 0.040625 0.012500
5 0.300781 0.751389 0.040625 0.011111
5 0.303125 0.737500 0.040625 0.011111
5 0.300781 0.729861 0.040625 0.012500