3 0.498047 0.855556 0.996094 0.286111
4 0.108594 0.815972 0.003125 0.062500
5 0.623047 0.768056 0.044531 0.016667
5 0.623047 0.768056 0.044531 0.016667
5 0.623047 0.768056 0.044531 0.016667
5 0.623437 0.754861 0.045312 0.018056
5 0.623437 0.754861 0.045312 0.018056
5 0.623437 0.754861 0.045312 0.018056
5 0.622656 0.778472 0.043750 0.015278
5 0.622656 0.778472 0.043750 0.015278
5 0.622656 0.778472 0.043750 0.015278
6 0.388281 0.802083 0.079687 0.073611
6 0.510156 0.795833 0.040625 0.097222
6 0.388672 0.729167 0.080469 0.100000
6 0.423047 0.797222 0.035156 0.083333
6 0.070703 0.853472 0.078906 0.129167
6 0.006250 0.865972 0.012500 0.118056
7 0.239063 0.817361 0.045312 0.012500
7 0.005078 0.861111 0.010156 0.019444
7 0.162109 0.723611 0.028906 0.011111
7 0.201172 0.720833 0.028906 0.011111
7 0.062891 0.731250 0.027344 0.012500
7 0.106250 0.727778 0.029687 0.011111
8 0.132812 0.861806 0.046875 0.048611
5 0.130469 0.836806 0.042188 0.023611
8 0.177734 0.849306 0.066406 0.048611
5 0.176563 0.829167 0.059375 0.022222
8 0.222266 0.841667 0.066406 0.047222
5 0.221484 0.822222 0.058594 0.019444
8 0.267578 0.834722 0.057031 0.044444
5 0.269141 0.815972 0.053906 0.020833
8 0.256641 0.856944 0.069531 0.052778
5 0.255469 0.835417 0.062500 0.023611
8 0.307812 0.843750 0.068750 0.040278
5 0.306641 0.827778 0.061719 0.022222
8 0.210547 0.865972 0.071094 0.054167
5 0.209766 0.843056 0.063281 0.025000
8 0.152734 0.875694 0.072656 0.056944
5 0.151562 0.851389 0.064062 0.025000
8 0.935156 0.945833 0.110937 0.075000
5 0.933594 0.915278 0.100000 0.036111
8 0.958594 0.931250 0.073438 0.070833
5 0.960547 0.902083 0.069531 0.034722
8 0.901953 0.959722 0.114844 0.077778
5 0.900781 0.929861 0.103125 0.040278
8 0.855469 0.967361 0.118750 0.062500
5 0.861328 0.945139 0.091406 0.043056
8 0.885938 0.888889 0.098437 0.025000
5 0.884766 0.881944 0.088281 0.030556
8 0.845703 0.909028 0.100781 0.043056
5 0.852344 0.893750 0.073438 0.031944
8 0.810937 0.932639 0.104688 0.068056
5 0.809375 0.905556 0.093750 0.036111
8 0.763672 0.935417 0.107031 0.048611
5 0.755078 0.918750 0.082031 0.037500
5 0.576172 0.996528 0.025781 0.004167
8 0.503516 0.995833 0.130469 0.005556
5 0.526172 0.986111 0.072656 0.025000
8 0.448828 0.983333 0.122656 0.030556
5 0.449609 0.977778 0.110156 0.041667
8 0.752344 0.981250 0.125000 0.034722
5 0.750781 0.974306 0.112500 0.048611
8 0.697656 0.992361 0.131250 0.012500
5 0.696094 0.984028 0.117188 0.029167
8 0.601172 0.982639 0.121094 0.031944
5 0.601953 0.972917 0.108594 0.048611
8 0.545703 0.965278 0.111719 0.041667
5 0.544531 0.950694 0.103125 0.043056
0 0.340234 0.845833 0.200781 0.305556
0 0.700391 0.743056 0.111719 0.177778
1 0.364453 0.706250 0.064844 0.090278
1 0.340234 0.710417 0.053906 0.095833
1 0.333984 0.695139 0.041406 0.073611
1 0.294922 0.702083 0.061719 0.084722
1 0.287891 0.697917 0.057031 0.084722
1 0.258984 0.700694 0.058594 0.084722
1 0.256250 0.685417 0.059375 0.073611
1 0.036719 0.727083 0.073438 0.104167
1 0.028125 0.724306 0.056250 0.098611
1 0.997266 0.909028 0.003906 0.179167
2 0.952344 0.860417 0.056250 0.059722
2 0.994531 0.843750 0.000000 0.001389
2 0.951953 0.809028 0.055469 0.059722
2 0.996875 0.815278 0.004687 0.052778
2 0.961328 0.752083 0.075781 0.065278
2 0.996484 0.759722 0.005469 0.055556