3 0.496875 0.834028 0.993750 0.329167
4 0.340625 0.689583 0.001563 0.029167
4 0.295703 0.697917 0.003906 0.009722
4 0.273438 0.699306 0.001563 0.006944
4 0.239063 0.733333 0.014063 0.063889
4 0.214453 0.746528 0.005469 0.065278
4 0.167187 0.748611 0.010937 0.055556
4 0.095312 0.779167 0.026562 0.069444
4 0.062109 0.694444 0.007031 0.047222
8 0.229687 0.768056 0.064062 0.047222
8 0.755859 0.740278 0.057031 0.041667
5 0.453516 0.668750 0.035156 0.006944
5 0.453516 0.668750 0.035156 0.006944
5 0.453516 0.668750 0.035156 0.006944
5 0.453516 0.661111 0.035156 0.008333
5 0.453516 0.661111 0.035156 0.008333
5 0.453516 0.661111 0.035156 0.008333
5 0.453516 0.676389 0.035156 0.005556
5 0.453516 0.676389 0.035156 0.005556
5 0.453516 0.676389 0.035156 0.005556
5 0.507031 0.676389 0.029687 0.008333
5 0.507031 0.676389 0.029687 0.008333
5 0.507031 0.676389 0.029687 0.008333
5 0.507812 0.669444 0.028125 0.008333
5 0.507812 0.669444 0.028125 0.008333
5 0.507812 0.669444 0.028125 0.008333
5 0.507812 0.661806 0.028125 0.006944
5 0.507812 0.661806 0.028125 0.006944
5 0.507812 0.661806 0.028125 0.006944
5 0.506250 0.654167 0.031250 0.008333
5 0.506250 0.654167 0.031250 0.008333
5 0.506250 0.654167 0.031250 0.008333
6 0.472266 0.680556 0.033594 0.052778
6 0.488281 0.675000 0.029687 0.052778
6 0.473438 0.633333 0.035937 0.055556
6 0.481641 0.679167 0.030469 0.055556
6 0.407031 0.702083 0.050000 0.062500
6 0.410156 0.706250 0.037500 0.054167
7 0.306250 0.790972 0.070312 0.023611
7 0.277344 0.807639 0.076563 0.026389
7 0.753125 0.847917 0.084375 0.029167
7 0.749609 0.825000 0.077344 0.025000
7 0.761719 0.915278 0.101562 0.038889
7 0.758203 0.882639 0.094531 0.034722
7 0.773828 0.978472 0.125781 0.040278
7 0.083984 0.782639 0.055469 0.026389
7 0.206641 0.743056 0.022656 0.019444
7 0.020313 0.718056 0.039062 0.013889
7 0.344531 0.705556 0.039062 0.011111
7 0.306641 0.722222 0.000781 0.000000
7 0.006250 0.673611 0.012500 0.008333
6 0.876953 0.950694 0.132031 0.095833
6 0.024219 0.872917 0.048438 0.154167
6 0.052734 0.845833 0.105469 0.138889
8 0.130859 0.829861 0.088281 0.043056
5 0.128125 0.815278 0.082812 0.022222
8 0.122266 0.834722 0.044531 0.025000
5 0.121094 0.827778 0.034375 0.013889
8 0.208594 0.808333 0.067187 0.055556
5 0.213281 0.788889 0.051562 0.019444
8 0.162500 0.799306 0.053125 0.040278
5 0.157812 0.778472 0.031250 0.004167
8 0.340234 0.745139 0.042969 0.037500
5 0.352344 0.728472 0.014063 0.006944
8 0.306641 0.741667 0.024219 0.025000
5 0.300391 0.729861 0.011719 0.012500
8 0.362109 0.717361 0.003906 0.020833
5 0.362109 0.702083 0.003906 0.006944
8 0.458594 0.704861 0.010937 0.020833
5 0.446875 0.695833 0.028125 0.005556
8 0.467187 0.702778 0.009375 0.025000
5 0.451172 0.692361 0.036719 0.006944
8 0.455469 0.706250 0.006250 0.018056
5 0.444141 0.697917 0.022656 0.004167
8 0.441016 0.718056 0.016406 0.025000
5 0.439844 0.702778 0.014063 0.005556
8 0.771484 0.690278 0.002344 0.011111
5 0.785547 0.686111 0.028906 0.005556
8 0.771094 0.688194 0.003125 0.012500
5 0.785547 0.681944 0.028906 0.002778
8 0.791406 0.691667 0.037500 0.008333
5 0.787109 0.687500 0.025781 0.002778
8 0.792969 0.693750 0.039062 0.004167
5 0.792188 0.693056 0.035937 0.005556
8 0.744141 0.681944 0.035156 0.002778
5 0.743359 0.680556 0.032031 0.002778
8 0.743750 0.690278 0.035937 0.013889
5 0.743359 0.684028 0.033594 0.001389
8 0.745703 0.695833 0.036719 0.019444
5 0.745313 0.689583 0.034375 0.006944
8 0.745703 0.703472 0.038281 0.026389
5 0.744922 0.692361 0.035156 0.006944
8 0.785547 0.722917 0.028906 0.029167
5 0.786328 0.712500 0.027344 0.011111
8 0.826562 0.726389 0.032813 0.033333
5 0.826172 0.713889 0.028906 0.011111
8 0.751953 0.718056 0.030469 0.022222
5 0.751563 0.711111 0.026562 0.011111
8 0.712891 0.722917 0.032031 0.031944
5 0.712891 0.710417 0.027344 0.009722
8 0.789453 0.712500 0.039844 0.027778
5 0.785547 0.700000 0.028906 0.005556
8 0.795703 0.716667 0.044531 0.027778
5 0.795312 0.705556 0.040625 0.008333
8 0.753516 0.715278 0.028906 0.027778
5 0.752734 0.704861 0.025781 0.009722
8 0.717187 0.714583 0.028125 0.029167
5 0.715625 0.704167 0.026562 0.008333
8 0.809375 0.750000 0.056250 0.022222
5 0.805078 0.743750 0.042969 0.012500
8 0.803516 0.743750 0.046094 0.020833
5 0.804297 0.734722 0.044531 0.005556
8 0.816016 0.788194 0.060156 0.045833
5 0.817187 0.772222 0.057813 0.016667
8 0.815234 0.779861 0.061719 0.045833
5 0.814844 0.760417 0.056250 0.009722
8 0.734766 0.786111 0.061719 0.047222
5 0.733984 0.769444 0.055469 0.016667
8 0.735938 0.772917 0.059375 0.037500
5 0.734766 0.757639 0.053906 0.009722
0 0.460547 0.848611 0.183594 0.300000
0 0.589844 0.700000 0.054688 0.180556
0 0.636328 0.670139 0.039844 0.140278
0 0.115234 0.834722 0.228906 0.327778
0 0.555469 0.640972 0.031250 0.098611
1 0.219141 0.646528 0.047656 0.068056
1 0.202734 0.647917 0.058594 0.070833
1 0.158203 0.640278 0.049219 0.058333
1 0.150000 0.643056 0.059375 0.061111
1 0.114453 0.639583 0.055469 0.056944
1 0.099219 0.642361 0.059375 0.059722
1 0.020313 0.640278 0.040625 0.058333
1 0.061719 0.663889 0.048438 0.080556
1 0.020313 0.666667 0.040625 0.080556
1 0.983984 0.661806 0.014844 0.079167
2 0.984766 0.677778 0.011719 0.025000
2 0.981641 0.643056 0.005469 0.025000
2 0.989844 0.645833 0.001563 0.025000
2 0.986719 0.679861 0.009375 0.026389
2 0.986328 0.644444 0.008594 0.025000
2 0.986719 0.645139 0.003125 0.023611
1 0.903906 0.647222 0.042188 0.052778
2 0.885938 0.673611 0.000000 0.000000
2 0.900391 0.633333 0.028906 0.005556
2 0.907031 0.636111 0.031250 0.005556
2 0.905078 0.675000 0.036719 0.005556
2 0.889453 0.633333 0.005469 0.005556
2 0.890625 0.634028 0.003125 0.004167
2 0.911719 0.631944 0.014063 0.000000
1 0.928516 0.674306 0.044531 0.093056
2 0.917578 0.677083 0.016406 0.004167
2 0.933984 0.675000 0.014844 0.000000
2 0.913672 0.650694 0.010156 0.026389
2 0.933594 0.654861 0.032813 0.029167
2 0.931250 0.692361 0.039062 0.031944
2 0.920312 0.652083 0.017188 0.026389
2 0.937109 0.638889 0.014844 0.000000
2 0.923438 0.654167 0.018750 0.027778
2 0.941406 0.640278 0.015625 0.000000
1 0.865234 0.663889 0.039844 0.086111
2 0.857812 0.662500 0.004687 0.000000
2 0.862500 0.662500 0.000000 0.000000
2 0.869531 0.644444 0.028125 0.025000
2 0.860156 0.677778 0.009375 0.027778
2 0.859375 0.630556 0.007812 0.000000
2 0.864062 0.630556 0.000000 0.000000
2 0.879687 0.631944 0.003125 0.000000
1 0.888281 0.674306 0.046875 0.093056
2 0.880469 0.673611 0.003125 0.000000
2 0.887891 0.674306 0.010156 0.001389
2 0.885547 0.637500 0.013281 0.000000
2 0.893750 0.654167 0.029687 0.027778
2 0.894141 0.691667 0.030469 0.033333
2 0.882812 0.638889 0.007812 0.000000
2 0.889844 0.638889 0.004687 0.000000
2 0.902344 0.749306 0.095312 0.056944
2 0.927344 0.744444 0.096875 0.011111
2 0.857422 0.802083 0.005469 0.056944
2 0.905469 0.759722 0.090625 0.061111
2 0.935547 0.786111 0.113281 0.075000
2 0.936328 0.847917 0.113281 0.076389
2 0.864062 0.813889 0.007812 0.063889
2 0.750391 0.759028 0.049219 0.054167
2 0.691406 0.756944 0.048438 0.052778
2 0.725781 0.681250 0.028125 0.023611
2 0.760938 0.680556 0.029687 0.027778
2 0.725781 0.656250 0.028125 0.023611
2 0.760938 0.655556 0.029687 0.027778
2 0.725781 0.629861 0.028125 0.026389
2 0.760547 0.630556 0.028906 0.027778
5 0.271875 0.709722 0.056250 0.013889
5 0.271875 0.718750 0.056250 0.012500
5 0.271875 0.727083 0.056250 0.012500
5 0.271875 0.736111 0.056250 0.013889
5 0.271875 0.754167 0.056250 0.013889
5 0.271875 0.744444 0.056250 0.013889
5 0.271875 0.770833 0.056250 0.013889
5 0.274609 0.761806 0.050781 0.015278
5 0.009766 0.708333 0.019531 0.008333
5 0.004297 0.714583 0.008594 0.006944
5 0.328516 0.728472 0.055469 0.012500
5 0.328516 0.737500 0.055469 0.013889
5 0.328516 0.755556 0.055469 0.013889
5 0.328516 0.747222 0.055469 0.013889
5 0.328516 0.772917 0.055469 0.015278
5 0.328516 0.763889 0.055469 0.013889
5 0.037500 0.708333 0.043750 0.005556
5 0.049609 0.714583 0.019531 0.006944
5 0.328516 0.720139 0.055469 0.012500
5 0.328516 0.711111 0.055469 0.013889
5 0.389844 0.730556 0.048438 0.011111
5 0.377344 0.739583 0.023438 0.012500
5 0.389844 0.758333 0.048438 0.013889
5 0.389844 0.748611 0.048438 0.013889
5 0.389844 0.775000 0.048438 0.013889
5 0.389844 0.766667 0.048438 0.013889
5 0.082812 0.710417 0.045312 0.009722
5 0.082812 0.717361 0.045312 0.009722
5 0.389844 0.722222 0.048438 0.013889
5 0.381641 0.713194 0.032031 0.012500
5 0.392578 0.660417 0.053906 0.009722
5 0.392578 0.669444 0.053906 0.011111
5 0.392578 0.687500 0.053906 0.011111
5 0.392578 0.678472 0.053906 0.012500
5 0.391797 0.704861 0.052344 0.012500
5 0.392578 0.695833 0.053906 0.011111
5 0.080078 0.706944 0.039844 0.005556
5 0.392578 0.652083 0.053906 0.009722
5 0.392578 0.643056 0.053906 0.011111