3 0.499609 0.945833 0.999219 0.105556
4 0.666016 0.870139 0.022656 0.145833
4 0.957422 0.870139 0.083594 0.187500
4 0.135547 0.499306 0.271094 0.998611
5 0.081641 0.886111 0.003906 0.013889
5 0.081641 0.886111 0.003906 0.013889
5 0.081641 0.886111 0.003906 0.013889
5 0.082422 0.869444 0.003906 0.013889
5 0.082422 0.869444 0.003906 0.013889
5 0.082422 0.869444 0.003906 0.013889
5 0.080859 0.901389 0.003906 0.013889
5 0.080859 0.901389 0.003906 0.013889
5 0.080859 0.901389 0.003906 0.013889
5 0.257031 0.899306 0.009375 0.012500
5 0.257031 0.899306 0.009375 0.012500
5 0.257031 0.899306 0.009375 0.012500
5 0.257422 0.885417 0.008594 0.012500
5 0.257422 0.885417 0.008594 0.012500
5 0.257422 0.885417 0.008594 0.012500
5 0.257812 0.870139 0.009375 0.012500
5 0.257812 0.870139 0.009375 0.012500
5 0.257812 0.870139 0.009375 0.012500
5 0.258203 0.854167 0.008594 0.013889
5 0.258203 0.854167 0.008594 0.013889
5 0.258203 0.854167 0.008594 0.013889
6 0.589844 0.859028 0.090625 0.126389
6 0.466797 0.860417 0.082031 0.112500
6 0.590234 0.747222 0.092969 0.130556
6 0.524609 0.859722 0.094531 0.116667
6 0.947656 0.854167 0.098437 0.180556
7 0.966406 0.961806 0.065625 0.065278
7 0.409375 0.917361 0.117188 0.031944
7 0.773438 0.938889 0.151562 0.044444
8 0.758203 0.902083 0.128906 0.070833
5 0.758203 0.870139 0.114844 0.015278
8 0.685937 0.902083 0.120313 0.070833
5 0.679688 0.870139 0.095312 0.015278
8 0.625391 0.900000 0.114844 0.066667
5 0.622656 0.870139 0.098437 0.012500
8 0.567969 0.898611 0.109375 0.063889
5 0.558594 0.870139 0.079687 0.012500
8 0.705469 0.900000 0.106250 0.058333
5 0.686328 0.873611 0.003906 0.005556
8 0.644531 0.897917 0.096875 0.054167
5 0.639453 0.873611 0.030469 0.005556
8 0.763281 0.893750 0.104688 0.045833
5 0.735938 0.873611 0.015625 0.005556
8 0.818359 0.901389 0.077344 0.069444
5 0.822656 0.870139 0.067187 0.015278
8 0.841406 0.896528 0.029687 0.015278
8 0.811328 0.890972 0.046094 0.004167
8 0.769922 0.888889 0.058594 0.005556
8 0.808594 0.889583 0.051562 0.006944
8 0.837500 0.895833 0.037500 0.022222
0 0.985547 0.741667 0.027344 0.138889
0 0.407813 0.809722 0.109375 0.186111
1 0.834766 0.841667 0.039844 0.102778
1 0.820312 0.839583 0.068750 0.104167
2 0.799219 0.854167 0.017188 0.013889
2 0.798047 0.816667 0.016406 0.033333
2 0.847266 0.814583 0.014844 0.034722
2 0.831641 0.853472 0.047656 0.015278
2 0.814453 0.815972 0.016406 0.034722
2 0.831641 0.815278 0.017969 0.033333
2 0.837109 0.831944 0.000781 0.000000
2 0.564844 0.877083 0.040625 0.029167
2 0.624219 0.877083 0.075000 0.029167
2 0.680859 0.888194 0.024219 0.004167
2 0.623828 0.840972 0.075781 0.040278
2 0.682813 0.842361 0.029687 0.037500
2 0.623828 0.802083 0.075781 0.040278
2 0.680078 0.804167 0.035156 0.038889