3 0.499609 0.877778 0.999219 0.241667
4 0.468359 0.734722 0.002344 0.061111
4 0.530469 0.744444 0.043750 0.088889
4 0.591797 0.745833 0.008594 0.097222
4 0.634375 0.741667 0.042188 0.094444
4 0.726562 0.750000 0.018750 0.119444
4 0.792188 0.753472 0.071875 0.134722
4 0.934375 0.757639 0.025000 0.154167
8 0.808203 0.778472 0.113281 0.070833
5 0.306250 0.746528 0.051562 0.009722
5 0.306250 0.746528 0.051562 0.009722
5 0.306250 0.746528 0.051562 0.009722
5 0.308594 0.736111 0.046875 0.008333
5 0.308594 0.736111 0.046875 0.008333
5 0.308594 0.736111 0.046875 0.008333
5 0.305859 0.756250 0.052344 0.009722
5 0.305859 0.756250 0.052344 0.009722
5 0.305859 0.756250 0.052344 0.009722
5 0.370312 0.755556 0.046875 0.008333
5 0.370312 0.755556 0.046875 0.008333
5 0.370312 0.755556 0.046875 0.008333
5 0.370312 0.746528 0.046875 0.009722
5 0.370312 0.746528 0.046875 0.009722
5 0.370312 0.746528 0.046875 0.009722
5 0.370312 0.736111 0.046875 0.008333
5 0.370312 0.736111 0.046875 0.008333
5 0.370312 0.736111 0.046875 0.008333
5 0.370312 0.726389 0.046875 0.008333
5 0.370312 0.726389 0.046875 0.008333
5 0.370312 0.726389 0.046875 0.008333
6 0.522266 0.731250 0.053906 0.073611
6 0.481641 0.731250 0.044531 0.068056
6 0.522266 0.664583 0.053906 0.076389
6 0.500000 0.730556 0.048438 0.069444
6 0.617188 0.734028 0.081250 0.095833
6 0.682422 0.734028 0.080469 0.101389
7 0.962891 0.797222 0.050781 0.030556
7 0.639844 0.807639 0.110937 0.040278
7 0.173437 0.827083 0.109375 0.031944
7 0.455078 0.784028 0.067969 0.026389
7 0.376172 0.765972 0.064844 0.015278
7 0.464062 0.775694 0.079687 0.018056
8 0.993750 0.779167 0.010937 0.050000
5 0.998828 0.757639 0.000781 0.018056
8 0.719922 0.773611 0.085156 0.044444
5 0.721094 0.745833 0.078125 0.011111
8 0.662500 0.770139 0.085938 0.051389
5 0.660547 0.747222 0.069531 0.011111
8 0.530859 0.759722 0.067969 0.038889
5 0.531250 0.741667 0.062500 0.008333
8 0.510938 0.758333 0.064062 0.036111
5 0.511328 0.741667 0.060156 0.008333
8 0.492969 0.756944 0.064062 0.036111
5 0.492578 0.740972 0.057031 0.006944
8 0.476562 0.756250 0.060937 0.034722
5 0.464844 0.740972 0.032813 0.006944
8 0.551953 0.763194 0.052344 0.023611
8 0.536328 0.758333 0.057031 0.030556
8 0.567187 0.759722 0.048438 0.033333
5 0.562891 0.738194 0.003906 0.001389
8 0.594531 0.760417 0.060937 0.034722
5 0.576562 0.741667 0.000000 0.008333
8 0.743750 0.738194 0.001563 0.004167
5 0.744922 0.738194 0.002344 0.004167
8 0.761719 0.739583 0.001563 0.004167
5 0.761328 0.738194 0.002344 0.004167
8 0.966406 0.754861 0.040625 0.031944
5 0.974219 0.739583 0.025000 0.006944
8 0.984375 0.755556 0.004687 0.027778
5 0.982031 0.740278 0.000000 0.000000
8 0.950391 0.754861 0.055469 0.031944
5 0.948047 0.739583 0.052344 0.006944
8 0.914453 0.753472 0.053906 0.029167
5 0.905859 0.738194 0.038281 0.004167
8 0.889453 0.750000 0.003906 0.000000
8 0.942969 0.757639 0.040625 0.020833
5 0.960547 0.740972 0.000781 0.001389
8 0.923828 0.751389 0.002344 0.000000
5 0.923828 0.740278 0.000781 0.000000
8 0.889453 0.759722 0.003906 0.016667
5 0.887109 0.740278 0.000781 0.000000
0 0.822656 0.688194 0.076563 0.165278
0 0.487109 0.693750 0.052344 0.118056
1 0.028906 0.586111 0.057813 0.825000
1 0.202344 0.586111 0.370312 0.825000
1 0.982422 0.713194 0.003906 0.001389
1 0.949219 0.694444 0.054688 0.041667
1 0.862891 0.693750 0.055469 0.037500
2 0.887891 0.692361 0.003906 0.015278
2 0.888672 0.724306 0.003906 0.004167
1 0.971094 0.707639 0.031250 0.084722
2 0.980078 0.690972 0.008594 0.029167
2 0.981250 0.731944 0.007812 0.030556
1 0.828906 0.677778 0.050000 0.013889
2 0.806250 0.684028 0.000000 0.001389
2 0.851953 0.682639 0.007031 0.004167
2 0.825000 0.682639 0.000000 0.001389
2 0.830859 0.681944 0.010156 0.002778
1 0.950391 0.710417 0.060156 0.093056
2 0.957812 0.689583 0.035937 0.029167
2 0.949609 0.731944 0.055469 0.030556
2 0.922656 0.691667 0.003125 0.016667
2 0.675391 0.745139 0.035156 0.029167
2 0.699219 0.747222 0.010937 0.022222
2 0.675391 0.715278 0.035156 0.027778
2 0.707812 0.715278 0.029687 0.027778
2 0.666406 0.686806 0.051562 0.029167
2 0.707812 0.686111 0.029687 0.027778
5 0.744531 0.693750 0.098437 0.015278
5 0.744922 0.709028 0.099219 0.012500
5 0.744922 0.722222 0.099219 0.013889
5 0.744922 0.737500 0.099219 0.013889
5 0.745703 0.768750 0.099219 0.015278
5 0.744922 0.752778 0.099219 0.013889
5 0.745703 0.797222 0.099219 0.016667
5 0.745703 0.781250 0.099219 0.015278
5 0.825781 0.722917 0.095312 0.012500
5 0.825781 0.737500 0.095312 0.013889
5 0.826562 0.766667 0.095312 0.013889
5 0.826172 0.751389 0.096094 0.013889
5 0.826953 0.795139 0.096094 0.015278
5 0.826562 0.780556 0.095312 0.013889
5 0.825391 0.709722 0.094531 0.013889
5 0.833594 0.695139 0.078125 0.015278
5 0.906250 0.722917 0.096875 0.012500
5 0.907031 0.736806 0.096875 0.012500
5 0.907422 0.765278 0.096094 0.013889
5 0.909766 0.751389 0.091406 0.013889
5 0.901172 0.792361 0.083594 0.015278
5 0.907813 0.777083 0.096875 0.015278
5 0.026953 0.771528 0.039844 0.012500
5 0.027734 0.783333 0.042969 0.013889
5 0.906250 0.710417 0.096875 0.012500
5 0.905859 0.695833 0.096094 0.013889
5 0.904297 0.615972 0.096094 0.018056
5 0.904297 0.629167 0.096094 0.016667
5 0.905078 0.656944 0.096094 0.013889
5 0.904687 0.643750 0.096875 0.015278
5 0.905469 0.683333 0.096875 0.013889
5 0.905078 0.670139 0.096094 0.015278
5 0.027344 0.761806 0.040625 0.012500
5 0.028906 0.749306 0.042188 0.012500
5 0.903516 0.602778 0.096094 0.016667
5 0.903516 0.589583 0.096094 0.018056