3 0.453906 0.823611 0.907813 0.350000
4 0.200781 0.733333 0.001563 0.011111
4 0.063672 0.782639 0.019531 0.070833
4 0.044531 0.697222 0.001563 0.025000
8 0.392969 0.943750 0.106250 0.090278
5 0.587500 0.700694 0.045312 0.012500
5 0.587500 0.700694 0.045312 0.012500
5 0.587500 0.700694 0.045312 0.012500
5 0.587500 0.689583 0.045312 0.015278
5 0.587500 0.689583 0.045312 0.015278
5 0.587500 0.689583 0.045312 0.015278
5 0.586719 0.710417 0.043750 0.012500
5 0.586719 0.710417 0.043750 0.012500
5 0.586719 0.710417 0.043750 0.012500
5 0.637500 0.681250 0.000000 0.001389
5 0.637500 0.681250 0.000000 0.001389
5 0.637500 0.681250 0.000000 0.001389
6 0.417969 0.745833 0.060937 0.072222
6 0.494141 0.729861 0.055469 0.076389
6 0.417969 0.679861 0.060937 0.079167
6 0.457422 0.729167 0.058594 0.063889
6 0.193750 0.781944 0.064062 0.097222
6 0.123438 0.794444 0.070312 0.091667
7 0.000781 0.729167 0.001563 0.000000
7 0.288281 0.752083 0.037500 0.015278
7 0.103125 0.790278 0.037500 0.025000
7 0.176563 0.661806 0.012500 0.009722
7 0.202344 0.657639 0.026562 0.009722
7 0.085156 0.670833 0.028125 0.011111
7 0.122266 0.665972 0.027344 0.009722
8 0.011328 0.838194 0.003906 0.023611
5 0.011328 0.821528 0.003906 0.009722
8 0.226172 0.788194 0.000781 0.001389
5 0.225781 0.767361 0.001563 0.012500
8 0.277734 0.777083 0.016406 0.031944
5 0.273047 0.761111 0.017969 0.013889
8 0.290234 0.770139 0.052344 0.034722
5 0.288672 0.754861 0.047656 0.015278
8 0.325391 0.763889 0.052344 0.036111
5 0.324219 0.748611 0.046875 0.016667
8 0.322656 0.781944 0.056250 0.038889
5 0.321875 0.765278 0.050000 0.016667
8 0.358984 0.775000 0.055469 0.038889
5 0.358203 0.758333 0.049219 0.016667
8 0.291797 0.789583 0.055469 0.040278
5 0.290234 0.772222 0.050781 0.019444
8 0.253125 0.796528 0.054688 0.034722
5 0.250781 0.780556 0.051562 0.013889
8 0.825781 0.836111 0.071875 0.050000
5 0.825391 0.814583 0.066406 0.023611
8 0.850391 0.825000 0.064844 0.047222
5 0.843359 0.805556 0.046094 0.022222
8 0.804297 0.846528 0.075781 0.051389
5 0.803516 0.825000 0.067969 0.025000
8 0.773828 0.857639 0.077344 0.054167
5 0.777734 0.836111 0.058594 0.027778
8 0.793359 0.797222 0.067969 0.016667
5 0.792188 0.792361 0.060937 0.020833
8 0.774609 0.813889 0.052344 0.025000
5 0.765234 0.801389 0.061719 0.022222
8 0.742578 0.828472 0.071094 0.045833
5 0.741406 0.811111 0.064062 0.022222
8 0.705078 0.830556 0.060156 0.030556
5 0.706641 0.820139 0.058594 0.023611
8 0.597656 0.915278 0.079687 0.063889
5 0.595313 0.888194 0.075000 0.034722
8 0.643359 0.934028 0.089844 0.068056
5 0.643750 0.906250 0.079687 0.037500
8 0.551953 0.896528 0.083594 0.051389
5 0.551953 0.872917 0.074219 0.026389
8 0.494922 0.886806 0.050781 0.054167
5 0.500000 0.861111 0.051562 0.030556
8 0.707812 0.879861 0.081250 0.056944
5 0.707031 0.856250 0.073438 0.029167
8 0.675000 0.895139 0.084375 0.059722
5 0.673828 0.870139 0.075781 0.031944
8 0.609766 0.877778 0.078906 0.047222
5 0.610156 0.857639 0.070312 0.029167
8 0.582031 0.852778 0.048438 0.025000
5 0.580078 0.844444 0.044531 0.027778
8 0.294922 0.986111 0.044531 0.025000
5 0.310937 0.985417 0.093750 0.026389
8 0.378516 0.982639 0.102344 0.031944
5 0.377344 0.975000 0.090625 0.047222
8 0.082422 0.991667 0.003906 0.002778
5 0.068359 0.994444 0.044531 0.008333
0 0.071094 0.854861 0.142187 0.287500
0 0.424219 0.781250 0.140625 0.226389
0 0.650781 0.684722 0.084375 0.138889
1 0.357422 0.650000 0.057031 0.077778
1 0.333594 0.650694 0.057813 0.079167
1 0.314844 0.638889 0.045312 0.066667
1 0.296875 0.646528 0.051562 0.079167
1 0.291016 0.633333 0.039844 0.063889
1 0.279297 0.641667 0.016406 0.069444
1 0.248047 0.624306 0.052344 0.062500
1 0.083984 0.672222 0.077344 0.088889
1 0.066406 0.668750 0.075000 0.087500
1 0.967578 0.831944 0.063281 0.169444
2 0.988281 0.770139 0.021875 0.006944
2 0.969141 0.800000 0.057031 0.033333
2 0.958594 0.900000 0.035937 0.027778
2 0.982812 0.776389 0.032813 0.008333
2 0.998047 0.781250 0.002344 0.001389
2 0.973437 0.781250 0.037500 0.009722
2 0.991406 0.785417 0.015625 0.006944
1 0.979297 0.736806 0.039844 0.059722
2 0.981250 0.753472 0.035937 0.040278
1 0.918359 0.834722 0.111719 0.177778
2 0.938672 0.767361 0.063281 0.020833
2 0.889062 0.800694 0.043750 0.059722
2 0.900781 0.869444 0.068750 0.069444
2 0.902734 0.763194 0.016406 0.006944
2 0.946875 0.774306 0.023438 0.018056
2 0.896094 0.768056 0.029687 0.008333
2 0.927734 0.795833 0.036719 0.047222
2 0.226562 0.969444 0.145313 0.058333
2 0.168750 0.956250 0.115625 0.084722
2 0.953125 0.752083 0.018750 0.018056
2 0.839844 0.775000 0.037500 0.044444
2 0.906250 0.764583 0.073438 0.012500
2 0.839844 0.736806 0.037500 0.043056
2 0.906250 0.743750 0.073438 0.040278
2 0.856641 0.694444 0.071094 0.050000
2 0.906250 0.701389 0.073438 0.052778
5 0.014453 0.715972 0.028906 0.012500
5 0.003125 0.724306 0.006250 0.009722
5 0.016797 0.722917 0.019531 0.012500
5 0.016016 0.727778 0.021094 0.005556
5 0.049219 0.731250 0.043750 0.009722
5 0.051562 0.737500 0.031250 0.013889
5 0.049219 0.725000 0.043750 0.008333
5 0.046875 0.716667 0.042188 0.013889