3 0.474609 0.967361 0.949219 0.062500
4 0.254688 0.988194 0.003125 0.020833
4 0.069531 0.986111 0.031250 0.025000
4 0.001172 0.985417 0.002344 0.026389
8 0.499219 0.951389 0.035937 0.025000
8 0.372656 0.945833 0.000000 0.002778
5 0.482812 0.923611 0.039062 0.008333
5 0.482812 0.923611 0.039062 0.008333
5 0.482812 0.923611 0.039062 0.008333
5 0.482812 0.915278 0.039062 0.008333
5 0.482812 0.915278 0.039062 0.008333
5 0.482812 0.915278 0.039062 0.008333
5 0.482812 0.931944 0.039062 0.008333
5 0.482812 0.931944 0.039062 0.008333
5 0.482812 0.931944 0.039062 0.008333
5 0.447266 0.934028 0.032031 0.006944
5 0.447266 0.934028 0.032031 0.006944
5 0.447266 0.934028 0.032031 0.006944
5 0.446875 0.925694 0.031250 0.006944
5 0.446875 0.925694 0.031250 0.006944
5 0.446875 0.925694 0.031250 0.006944
5 0.447266 0.917361 0.030469 0.006944
5 0.447266 0.917361 0.030469 0.006944
5 0.447266 0.917361 0.030469 0.006944
5 0.448047 0.908333 0.038281 0.008333
5 0.448047 0.908333 0.038281 0.008333
5 0.448047 0.908333 0.038281 0.008333
6 0.379297 0.907639 0.013281 0.031944
6 0.398438 0.906944 0.040625 0.036111
6 0.219531 0.971528 0.185938 0.054167
7 0.727734 0.983333 0.005469 0.016667
7 0.798438 0.986111 0.026562 0.016667
7 0.597266 0.980556 0.024219 0.016667
7 0.656250 0.981944 0.021875 0.016667
7 0.138281 0.970139 0.039062 0.015278
7 0.088281 0.968750 0.039062 0.015278
7 0.190625 0.977083 0.001563 0.004167
6 0.017969 0.910417 0.035937 0.084722
6 0.016406 0.970139 0.032813 0.056944
6 0.012891 0.936111 0.025781 0.055556
1 0.910547 0.954167 0.089844 0.088889
1 0.846484 0.954167 0.082031 0.088889
1 0.882422 0.950000 0.078906 0.097222
1 0.824609 0.950000 0.071094 0.097222
1 0.858594 0.946528 0.067187 0.104167
1 0.807031 0.946528 0.064062 0.104167
1 0.897656 0.940278 0.090625 0.113889
1 0.370312 0.950000 0.114062 0.097222
1 0.386328 0.947917 0.107031 0.101389
1 0.121094 0.947222 0.114062 0.102778
1 0.092188 0.948611 0.120313 0.100000
5 0.328906 0.967361 0.032813 0.009722
5 0.329688 0.961111 0.034375 0.008333
5 0.328516 0.947222 0.033594 0.008333
5 0.329688 0.953472 0.034375 0.009722