3 0.499609 0.913194 0.999219 0.170833
4 0.231641 0.900000 0.003906 0.044444
4 0.006641 0.902778 0.010156 0.077778
4 0.452734 0.865972 0.002344 0.056944
4 0.321484 0.852778 0.021094 0.041667
4 0.274219 0.858333 0.007812 0.055556
4 0.210938 0.855556 0.025000 0.055556
4 0.168359 0.852778 0.007031 0.052778
4 0.021875 0.843056 0.003125 0.047222
8 0.679688 0.838194 0.006250 0.018056
8 0.586719 0.829167 0.007812 0.016667
5 0.679297 0.819444 0.007031 0.005556
5 0.679297 0.819444 0.007031 0.005556
5 0.679297 0.819444 0.007031 0.005556
5 0.679297 0.811806 0.007031 0.006944
5 0.679297 0.811806 0.007031 0.006944
5 0.679297 0.811806 0.007031 0.006944
5 0.679297 0.826389 0.007031 0.005556
5 0.679297 0.826389 0.007031 0.005556
5 0.679297 0.826389 0.007031 0.005556
5 0.659766 0.827083 0.032031 0.006944
5 0.659766 0.827083 0.032031 0.006944
5 0.659766 0.827083 0.032031 0.006944
5 0.659375 0.820139 0.031250 0.006944
5 0.659375 0.820139 0.031250 0.006944
5 0.659375 0.820139 0.031250 0.006944
5 0.659375 0.811806 0.031250 0.006944
5 0.659375 0.811806 0.031250 0.006944
5 0.659375 0.811806 0.031250 0.006944
5 0.662109 0.804861 0.036719 0.006944
5 0.662109 0.804861 0.036719 0.006944
5 0.662109 0.804861 0.036719 0.006944
6 0.589453 0.810417 0.014844 0.043056
6 0.623828 0.808333 0.022656 0.041667
6 0.350391 0.945833 0.113281 0.105556
6 0.529297 0.948611 0.116406 0.100000
6 0.350781 0.843750 0.114062 0.134722
6 0.437109 0.945833 0.114844 0.105556
6 0.015234 0.929167 0.013281 0.113889
6 0.003516 0.916667 0.007031 0.105556
7 0.011328 0.874306 0.021094 0.012500
7 0.132031 0.915278 0.004687 0.013889
7 0.399219 0.883333 0.032813 0.013889
7 0.416406 0.956250 0.059375 0.031944
7 0.189453 0.931250 0.011719 0.006944
7 0.888672 0.865278 0.017969 0.013889
7 0.944141 0.867361 0.022656 0.012500
7 0.766406 0.859722 0.018750 0.013889
7 0.814844 0.861806 0.025000 0.012500
7 0.392578 0.843750 0.016406 0.009722
7 0.345313 0.843056 0.018750 0.011111
7 0.443359 0.846528 0.030469 0.012500
6 0.134375 0.838194 0.006250 0.056944
6 0.145313 0.784722 0.026562 0.058333
6 0.240234 0.789583 0.057031 0.065278
6 0.275391 0.788194 0.053906 0.062500
6 0.239453 0.849306 0.057031 0.068056
6 0.274609 0.844444 0.053906 0.063889
6 0.289844 0.815972 0.039062 0.045833
6 0.260547 0.810417 0.038281 0.037500
8 0.173047 0.948611 0.085156 0.050000
5 0.173437 0.928472 0.075000 0.018056
8 0.222266 0.952778 0.083594 0.050000
5 0.223047 0.931944 0.075781 0.016667
8 0.270703 0.959028 0.085156 0.054167
5 0.270313 0.936806 0.075000 0.020833
8 0.317969 0.970139 0.071875 0.054167
5 0.320703 0.940972 0.066406 0.020833
8 0.212500 0.972222 0.093750 0.052778
5 0.212891 0.952778 0.083594 0.025000
8 0.268750 0.977083 0.092188 0.043056
5 0.269141 0.958333 0.083594 0.027778
8 0.167578 0.970139 0.078906 0.056944
5 0.166406 0.948611 0.075000 0.025000
8 0.142969 0.961806 0.028125 0.048611
5 0.140625 0.938194 0.023438 0.012500
0 0.831250 0.877778 0.198437 0.241667
0 0.012500 0.802778 0.025000 0.116667
0 0.167187 0.809028 0.064062 0.129167
0 0.211719 0.809722 0.070312 0.130556
1 0.005469 0.822222 0.010937 0.091667
1 0.974219 0.861111 0.050000 0.141667
1 0.922656 0.861111 0.056250 0.141667
1 0.973437 0.852083 0.051562 0.131944
1 0.923047 0.850694 0.046094 0.129167
1 0.971094 0.836806 0.048438 0.106944
1 0.923047 0.833333 0.042969 0.100000
1 0.544531 0.840972 0.090625 0.115278
1 0.557422 0.836111 0.078906 0.111111
1 0.363672 0.829861 0.082031 0.095833
1 0.341406 0.830556 0.082812 0.097222
1 0.239844 0.809722 0.054688 0.075000
2 0.239844 0.824306 0.001563 0.012500
2 0.225781 0.792361 0.029687 0.023611
2 0.242188 0.827778 0.003125 0.019444
2 0.244531 0.791667 0.006250 0.022222
2 0.226172 0.779167 0.002344 0.000000
2 0.241406 0.779167 0.000000 0.000000
1 0.174219 0.786111 0.059375 0.033333
2 0.161328 0.790278 0.028906 0.022222
2 0.196875 0.777778 0.006250 0.000000
2 0.176563 0.781944 0.000000 0.005556
2 0.187891 0.777778 0.003906 0.000000
2 0.171094 0.777778 0.010937 0.000000
1 0.206250 0.787500 0.057813 0.036111
2 0.195703 0.790972 0.022656 0.023611
2 0.216016 0.777778 0.007031 0.000000
2 0.214844 0.779167 0.006250 0.000000
2 0.219531 0.779167 0.000000 0.000000
2 0.694531 0.971528 0.357812 0.054167
2 0.542188 0.993056 0.137500 0.011111
5 0.544141 0.847222 0.033594 0.005556
5 0.544141 0.840972 0.033594 0.006944
5 0.544141 0.829861 0.033594 0.006944
5 0.544141 0.836111 0.033594 0.005556
5 0.478125 0.876389 0.045312 0.011111
5 0.488672 0.884722 0.019531 0.011111
5 0.467187 0.882639 0.026562 0.012500
5 0.466406 0.890972 0.023438 0.009722
5 0.431641 0.888889 0.047656 0.011111
5 0.430078 0.897917 0.044531 0.012500
5 0.430078 0.882639 0.050781 0.009722
5 0.427344 0.874306 0.050000 0.012500