3 0.512891 0.930556 0.972656 0.136111
5 0.341797 0.852083 0.075781 0.026389
5 0.341797 0.852083 0.075781 0.026389
5 0.341797 0.852083 0.075781 0.026389
5 0.341797 0.835417 0.075781 0.026389
5 0.341797 0.835417 0.075781 0.026389
5 0.341797 0.835417 0.075781 0.026389
5 0.341797 0.867361 0.075781 0.026389
5 0.341797 0.867361 0.075781 0.026389
5 0.341797 0.867361 0.075781 0.026389
5 0.453516 0.868056 0.066406 0.025000
5 0.453516 0.868056 0.066406 0.025000
5 0.453516 0.868056 0.066406 0.025000
5 0.453516 0.852778 0.066406 0.025000
5 0.453516 0.852778 0.066406 0.025000
5 0.453516 0.852778 0.066406 0.025000
5 0.453906 0.836806 0.065625 0.026389
5 0.453906 0.836806 0.065625 0.026389
5 0.453906 0.836806 0.065625 0.026389
5 0.451562 0.820139 0.070312 0.026389
5 0.451562 0.820139 0.070312 0.026389
5 0.451562 0.820139 0.070312 0.026389
6 0.448437 0.982639 0.089063 0.031944
6 0.463672 0.941667 0.072656 0.113889
6 0.451953 0.904861 0.096094 0.187500
6 0.459766 0.956944 0.077344 0.083333
0 0.596094 0.826389 0.068750 0.247222
2 0.916406 0.877083 0.028125 0.076389
2 0.964844 0.906250 0.068750 0.084722
2 0.964844 0.850000 0.068750 0.080556
2 0.964844 0.793750 0.068750 0.076389