3 0.520312 0.831944 0.957812 0.333333
4 0.070703 0.768750 0.000781 0.012500
8 0.646875 0.864583 0.095312 0.056944
5 0.514844 0.692361 0.043750 0.009722
5 0.514844 0.692361 0.043750 0.009722
5 0.514844 0.692361 0.043750 0.009722
5 0.514453 0.682639 0.044531 0.012500
5 0.514453 0.682639 0.044531 0.012500
5 0.514453 0.682639 0.044531 0.012500
5 0.514844 0.700694 0.043750 0.009722
5 0.514844 0.700694 0.043750 0.009722
5 0.514844 0.700694 0.043750 0.009722
5 0.561328 0.705556 0.028906 0.008333
5 0.561328 0.705556 0.028906 0.008333
5 0.561328 0.705556 0.028906 0.008333
5 0.562109 0.696528 0.030469 0.009722
5 0.562109 0.696528 0.030469 0.009722
5 0.562109 0.696528 0.030469 0.009722
5 0.562500 0.688194 0.031250 0.009722
5 0.562500 0.688194 0.031250 0.009722
5 0.562500 0.688194 0.031250 0.009722
5 0.562500 0.677083 0.031250 0.012500
5 0.562500 0.677083 0.031250 0.012500
5 0.562500 0.677083 0.031250 0.012500
6 0.435547 0.731944 0.039844 0.066667
6 0.495312 0.714583 0.034375 0.070833
6 0.435547 0.667361 0.039844 0.070833
6 0.470703 0.718750 0.041406 0.065278
6 0.280859 0.769444 0.069531 0.091667
6 0.240625 0.788194 0.048438 0.101389
7 0.164453 0.788889 0.046094 0.022222
7 0.070703 0.675694 0.014844 0.009722
8 0.118750 0.829167 0.075000 0.038889
5 0.143359 0.811806 0.003906 0.004167
5 0.081250 0.804167 0.001563 0.000000
8 0.324609 0.753472 0.016406 0.006944
5 0.324219 0.752083 0.014063 0.009722
5 0.333594 0.745833 0.031250 0.013889
8 0.352344 0.754167 0.054688 0.033333
5 0.351562 0.738889 0.048438 0.011111
8 0.378125 0.767361 0.042188 0.026389
5 0.372656 0.751389 0.051562 0.013889
8 0.397656 0.759028 0.056250 0.034722
5 0.396875 0.743750 0.050000 0.012500
8 0.353125 0.772222 0.059375 0.033333
5 0.352344 0.757639 0.053125 0.015278
8 0.333594 0.785417 0.034375 0.034722
5 0.332813 0.764583 0.034375 0.012500
8 0.851172 0.772222 0.057031 0.033333
5 0.850000 0.756250 0.051562 0.012500
8 0.860547 0.766667 0.055469 0.036111
5 0.859766 0.750694 0.050781 0.015278
8 0.844531 0.782639 0.059375 0.037500
5 0.846875 0.765278 0.048438 0.016667
8 0.836719 0.792361 0.056250 0.040278
5 0.834766 0.774306 0.052344 0.018056
8 0.802734 0.752778 0.053906 0.019444
5 0.801953 0.744444 0.049219 0.011111
8 0.789062 0.766667 0.051562 0.030556
5 0.789844 0.750694 0.050000 0.012500
8 0.786328 0.773611 0.052344 0.033333
5 0.784375 0.759028 0.048438 0.015278
8 0.771094 0.777083 0.057813 0.023611
5 0.769922 0.768056 0.053906 0.016667
8 0.757812 0.838889 0.060937 0.052778
5 0.757812 0.818056 0.053125 0.025000
8 0.812500 0.846528 0.060937 0.054167
5 0.812891 0.825694 0.053906 0.026389
8 0.706250 0.835417 0.051562 0.045833
5 0.707812 0.813194 0.048438 0.023611
8 0.664453 0.825000 0.052344 0.050000
5 0.662891 0.806250 0.049219 0.023611
8 0.807031 0.806250 0.064062 0.048611
5 0.806250 0.790278 0.057813 0.019444
8 0.798047 0.818750 0.066406 0.040278
5 0.797266 0.801389 0.060156 0.019444
8 0.735547 0.815278 0.057031 0.047222
5 0.735547 0.796528 0.050781 0.020833
8 0.687891 0.809028 0.055469 0.045833
5 0.687109 0.790972 0.050781 0.020833
8 0.664453 0.923611 0.096094 0.041667
5 0.662891 0.907639 0.086719 0.037500
8 0.689453 0.914583 0.091406 0.062500
5 0.694922 0.886806 0.069531 0.031944
8 0.443750 0.979861 0.112500 0.037500
5 0.442188 0.963889 0.101562 0.038889
8 0.495703 0.959722 0.085156 0.047222
5 0.491016 0.943056 0.082031 0.038889
0 0.335547 0.822222 0.149219 0.283333
0 0.561328 0.744444 0.091406 0.202778
0 0.601172 0.669444 0.046094 0.122222
1 0.268359 0.656250 0.044531 0.079167
1 0.240625 0.659722 0.062500 0.077778
1 0.202734 0.652083 0.041406 0.073611
1 0.191797 0.657639 0.061719 0.076389
1 0.167578 0.649306 0.058594 0.070833
1 0.141797 0.653472 0.050781 0.076389
1 0.101562 0.640278 0.054688 0.069444
1 0.976953 0.680556 0.044531 0.033333
2 0.981250 0.677778 0.035937 0.002778
2 0.976562 0.691667 0.040625 0.016667
2 0.971484 0.679167 0.021094 0.002778
2 0.990625 0.680556 0.017188 0.002778
2 0.968750 0.682639 0.020313 0.001389
2 0.989453 0.684028 0.019531 0.001389
1 0.968750 0.759722 0.060937 0.152778
2 0.996484 0.775694 0.000781 0.043056
2 0.973047 0.720139 0.047656 0.043056
2 0.966016 0.730556 0.049219 0.047222
2 0.968359 0.784722 0.053906 0.055556
2 0.958984 0.703472 0.024219 0.004167
2 0.983203 0.724306 0.024219 0.043056
2 0.956641 0.706250 0.024219 0.004167
2 0.981250 0.726389 0.025000 0.041667
2 0.993359 0.997222 0.011719 0.002778
2 0.626563 0.961111 0.175000 0.075000
2 0.485156 0.997917 0.010937 0.001389
2 0.583203 0.977778 0.191406 0.041667
2 0.569531 0.913889 0.107813 0.088889
2 0.499609 0.902083 0.099219 0.087500
2 0.889453 0.725694 0.010156 0.040278
2 0.811719 0.731250 0.045312 0.034722
2 0.858984 0.730556 0.049219 0.030556
2 0.811328 0.700000 0.044531 0.036111
2 0.858984 0.702083 0.049219 0.040278
2 0.813672 0.665278 0.049219 0.038889
2 0.858984 0.668750 0.049219 0.040278
5 0.061719 0.827083 0.039062 0.023611
5 0.055859 0.838194 0.027344 0.023611
5 0.060937 0.862500 0.037500 0.025000
5 0.061719 0.850000 0.039062 0.025000
5 0.060937 0.886111 0.037500 0.022222
5 0.060547 0.874306 0.036719 0.020833
5 0.060937 0.815972 0.037500 0.023611
5 0.060937 0.802778 0.037500 0.027778
5 0.112109 0.837500 0.083594 0.025000
5 0.112109 0.850000 0.083594 0.025000
5 0.112109 0.874306 0.083594 0.026389
5 0.112109 0.861806 0.083594 0.026389
5 0.112109 0.897222 0.083594 0.027778
5 0.112109 0.884722 0.083594 0.027778
5 0.112109 0.826389 0.083594 0.025000
5 0.112109 0.814583 0.083594 0.023611
5 0.112500 0.744444 0.082812 0.022222
5 0.112109 0.756250 0.083594 0.023611
5 0.112109 0.780556 0.083594 0.025000
5 0.112109 0.768750 0.083594 0.023611
5 0.112109 0.803472 0.083594 0.023611
5 0.112109 0.792361 0.083594 0.023611
5 0.112500 0.733333 0.082812 0.022222
5 0.112500 0.720139 0.082812 0.023611