3 0.499609 0.821528 0.999219 0.354167
4 0.469922 0.719444 0.007031 0.050000
4 0.504687 0.744444 0.026562 0.058333
4 0.540625 0.761111 0.007812 0.058333
4 0.558984 0.777083 0.030469 0.065278
4 0.603125 0.797917 0.009375 0.068056
4 0.628125 0.819444 0.035937 0.075000
4 0.683984 0.848611 0.011719 0.075000
4 0.723047 0.865972 0.025781 0.073611
4 0.948828 0.972917 0.003906 0.051389
4 0.150000 0.726389 0.001563 0.019444
4 0.164844 0.793056 0.015625 0.041667
4 0.169531 0.797917 0.006250 0.065278
4 0.198437 0.880556 0.014063 0.094444
4 0.205469 0.909722 0.014063 0.091667
4 0.205469 0.952778 0.028125 0.091667
8 0.645703 0.816667 0.053906 0.052778
8 0.893750 0.713194 0.015625 0.018056
5 0.368750 0.658333 0.017188 0.008333
5 0.368750 0.658333 0.017188 0.008333
5 0.368750 0.658333 0.017188 0.008333
5 0.368750 0.649306 0.017188 0.009722
5 0.368750 0.649306 0.017188 0.009722
5 0.368750 0.649306 0.017188 0.009722
5 0.368750 0.665972 0.017188 0.006944
5 0.368750 0.665972 0.017188 0.006944
5 0.368750 0.665972 0.017188 0.006944
5 0.405859 0.662500 0.033594 0.008333
5 0.405859 0.662500 0.033594 0.008333
5 0.405859 0.662500 0.033594 0.008333
5 0.405859 0.655556 0.033594 0.008333
5 0.405859 0.655556 0.033594 0.008333
5 0.405859 0.655556 0.033594 0.008333
5 0.405859 0.647917 0.033594 0.009722
5 0.405859 0.647917 0.033594 0.009722
5 0.405859 0.647917 0.033594 0.009722
5 0.405859 0.639583 0.033594 0.009722
5 0.405859 0.639583 0.033594 0.009722
5 0.405859 0.639583 0.033594 0.009722
6 0.513281 0.677083 0.037500 0.043056
6 0.485156 0.668056 0.034375 0.050000
6 0.513281 0.634722 0.037500 0.058333
6 0.498828 0.672222 0.035156 0.050000
6 0.567969 0.718750 0.051562 0.070833
6 0.607422 0.725694 0.055469 0.065278
7 0.745313 0.830556 0.054688 0.016667
7 0.793359 0.847917 0.053906 0.020833
7 0.541406 0.857639 0.051562 0.034722
7 0.303906 0.937500 0.015625 0.022222
7 0.454688 0.788889 0.039062 0.025000
7 0.159766 0.779167 0.025781 0.016667
7 0.409375 0.718056 0.043750 0.013889
7 0.464453 0.756250 0.050781 0.018056
6 0.044531 0.913194 0.060937 0.079167
6 0.151172 0.890278 0.042969 0.091667
6 0.159766 0.802778 0.061719 0.116667
6 0.044531 0.816667 0.060937 0.133333
6 0.143359 0.734722 0.044531 0.097222
6 0.051562 0.741667 0.046875 0.100000
6 0.156250 0.804167 0.018750 0.055556
6 0.050000 0.807639 0.043750 0.045833
6 0.978516 0.932639 0.041406 0.131944
8 0.854688 0.912500 0.085938 0.058333
5 0.853906 0.889583 0.076563 0.029167
8 0.895703 0.935417 0.091406 0.062500
5 0.895312 0.911806 0.081250 0.031944
8 0.792188 0.867361 0.071875 0.056944
5 0.793359 0.847917 0.064844 0.029167
8 0.747656 0.877778 0.057813 0.052778
5 0.746875 0.854861 0.056250 0.029167
8 0.597656 0.765278 0.007812 0.022222
5 0.600000 0.759028 0.000000 0.001389
8 0.579297 0.778472 0.044531 0.040278
5 0.580859 0.763194 0.041406 0.018056
8 0.510938 0.730556 0.042188 0.030556
5 0.511719 0.718056 0.040625 0.011111
8 0.500391 0.721528 0.042969 0.031944
5 0.500781 0.711111 0.040625 0.011111
8 0.487109 0.716667 0.039844 0.027778
5 0.489844 0.705556 0.037500 0.011111
8 0.478906 0.710417 0.042188 0.026389
5 0.478516 0.699306 0.038281 0.009722
8 0.516406 0.713889 0.010937 0.027778
5 0.526953 0.702083 0.028906 0.009722
8 0.520703 0.699306 0.041406 0.009722
5 0.520703 0.696528 0.038281 0.009722
8 0.530469 0.718750 0.003125 0.018056
5 0.535156 0.707639 0.012500 0.009722
8 0.540625 0.724306 0.001563 0.012500
5 0.540625 0.714583 0.001563 0.006944
5 0.752344 0.659028 0.006250 0.001389
5 0.710547 0.654167 0.002344 0.000000
8 0.761328 0.678472 0.011719 0.006944
5 0.758203 0.663194 0.017969 0.004167
8 0.768750 0.673611 0.039062 0.013889
5 0.768359 0.668750 0.035156 0.006944
8 0.684375 0.668056 0.018750 0.022222
5 0.690234 0.659028 0.027344 0.006944
8 0.691797 0.670833 0.008594 0.019444
5 0.692969 0.662500 0.007812 0.005556
8 0.753125 0.672222 0.001563 0.002778
5 0.750781 0.671528 0.003125 0.004167
8 0.846484 0.697222 0.022656 0.008333
5 0.837891 0.690972 0.033594 0.009722
8 0.865625 0.697222 0.025000 0.013889
5 0.864062 0.689583 0.026562 0.009722
8 0.814063 0.704167 0.040625 0.027778
5 0.813672 0.693056 0.036719 0.011111
8 0.786719 0.706250 0.040625 0.029167
5 0.785937 0.695833 0.035937 0.011111
8 0.794141 0.686806 0.038281 0.020833
5 0.794922 0.677083 0.036719 0.006944
8 0.814453 0.691667 0.041406 0.022222
5 0.814063 0.681944 0.037500 0.008333
8 0.790234 0.695833 0.038281 0.025000
5 0.789453 0.685417 0.035156 0.009722
8 0.769141 0.700694 0.027344 0.023611
5 0.767578 0.687500 0.024219 0.011111
8 0.980078 0.734028 0.007031 0.012500
5 0.966797 0.725000 0.035156 0.011111
8 0.960547 0.720139 0.013281 0.001389
5 0.949609 0.716667 0.028906 0.008333
8 0.992188 0.771528 0.014063 0.031944
5 0.993750 0.759028 0.010937 0.009722
8 0.977734 0.764583 0.042969 0.034722
5 0.978906 0.750000 0.040625 0.013889
0 0.857422 0.711111 0.086719 0.161111
0 0.731250 0.665972 0.070312 0.126389
0 0.494922 0.627778 0.036719 0.097222
0 0.719531 0.888194 0.142187 0.220833
0 0.097266 0.938194 0.188281 0.120833
0 0.094531 0.895833 0.156250 0.205556
0 0.075000 0.821528 0.150000 0.234722
0 0.062500 0.800000 0.125000 0.216667
1 0.258984 0.913889 0.107031 0.169444
1 0.342187 0.913889 0.115625 0.169444
1 0.114844 0.656250 0.029687 0.051389
1 0.114844 0.660417 0.029687 0.054167
1 0.043750 0.659722 0.062500 0.086111
1 0.042969 0.664583 0.064062 0.087500
1 0.004687 0.661111 0.009375 0.083333
1 0.003906 0.665972 0.007812 0.084722
1 0.085547 0.709028 0.032031 0.106944
1 0.041016 0.713889 0.042969 0.113889
1 0.042188 0.763194 0.053125 0.134722
1 0.102734 0.745833 0.053906 0.105556
1 0.908984 0.619444 0.052344 0.058333
2 0.891797 0.634722 0.005469 0.019444
2 0.893359 0.607639 0.016406 0.020833
2 0.897266 0.635417 0.008594 0.018056
2 0.897266 0.608333 0.008594 0.019444
2 0.900781 0.605556 0.001563 0.008333
1 0.969141 0.634028 0.030469 0.068056
2 0.962500 0.647222 0.012500 0.022222
2 0.972266 0.636111 0.008594 0.000000
2 0.968359 0.618056 0.024219 0.022222
2 0.983594 0.622917 0.001563 0.020833
2 0.974609 0.650000 0.019531 0.025000
2 0.972656 0.620139 0.015625 0.020833
2 0.982812 0.609028 0.003125 0.001389
2 0.978906 0.621528 0.010937 0.020833
1 0.853516 0.620139 0.050781 0.054167
2 0.839453 0.607639 0.019531 0.015278
2 0.860547 0.609722 0.017969 0.011111
2 0.869531 0.645833 0.000000 0.000000
2 0.841406 0.607639 0.009375 0.012500
2 0.852344 0.601389 0.010937 0.000000
2 0.849609 0.607639 0.010156 0.009722
2 0.856641 0.602778 0.002344 0.000000
1 0.924609 0.641667 0.058594 0.075000
2 0.899609 0.650694 0.003906 0.020833
2 0.899609 0.621528 0.003906 0.020833
2 0.942969 0.626389 0.015625 0.022222
2 0.943359 0.655556 0.016406 0.025000
2 0.938672 0.613889 0.005469 0.000000
1 0.791797 0.632639 0.050781 0.073611
2 0.774219 0.633333 0.000000 0.000000
2 0.785156 0.603472 0.006250 0.001389
2 0.802344 0.617361 0.025000 0.020833
2 0.798438 0.644444 0.032813 0.025000
2 0.785156 0.604861 0.006250 0.001389
2 0.790625 0.604167 0.009375 0.000000
2 0.787891 0.606944 0.011719 0.002778
2 0.793750 0.605556 0.003125 0.000000
1 0.859766 0.645139 0.057031 0.079167
2 0.844922 0.615278 0.022656 0.002778
2 0.871875 0.629167 0.028125 0.022222
2 0.865625 0.659722 0.040625 0.025000
2 0.850000 0.615972 0.017188 0.001389
2 0.855078 0.615278 0.007031 0.000000
2 0.855469 0.618750 0.006250 0.001389
2 0.869531 0.618056 0.000000 0.000000
1 0.768750 0.633333 0.045312 0.072222
2 0.752734 0.643056 0.007031 0.022222
2 0.755469 0.631944 0.003125 0.000000
2 0.755469 0.614583 0.018750 0.020833
2 0.776172 0.618750 0.025781 0.020833
2 0.769531 0.645833 0.039062 0.025000
2 0.755078 0.615972 0.010156 0.020833
2 0.763672 0.605556 0.007031 0.000000
2 0.761719 0.617361 0.010937 0.020833
1 0.832422 0.645139 0.057031 0.076389
2 0.812500 0.657639 0.012500 0.023611
2 0.819531 0.645833 0.000000 0.000000
2 0.817969 0.627083 0.023438 0.023611
2 0.844531 0.631250 0.028125 0.023611
2 0.836328 0.661111 0.044531 0.027778
2 0.822656 0.627778 0.017188 0.022222
2 0.830859 0.617361 0.011719 0.001389
2 0.829688 0.630556 0.015625 0.022222
2 0.838672 0.618750 0.010156 0.001389
2 0.955469 0.743056 0.040625 0.047222
2 0.912109 0.745139 0.052344 0.045833
2 0.606250 0.646528 0.015625 0.026389
2 0.633984 0.653472 0.038281 0.026389
2 0.667188 0.652778 0.026562 0.022222
2 0.633984 0.631250 0.038281 0.023611
2 0.667188 0.630556 0.026562 0.022222
2 0.633984 0.608333 0.038281 0.025000
2 0.661328 0.606944 0.038281 0.025000
5 0.622266 0.751389 0.055469 0.019444
5 0.622266 0.761111 0.055469 0.016667
5 0.622266 0.769444 0.055469 0.016667
5 0.622266 0.777778 0.055469 0.016667
5 0.621875 0.795139 0.054688 0.018056
5 0.622266 0.786806 0.055469 0.018056
5 0.622266 0.811806 0.055469 0.018056
5 0.622266 0.803472 0.055469 0.018056
5 0.063672 0.769444 0.030469 0.013889
5 0.064844 0.778472 0.028125 0.015278
5 0.675781 0.763889 0.050000 0.016667
5 0.675781 0.772222 0.050000 0.016667
5 0.665625 0.789583 0.029687 0.018056
5 0.675391 0.781250 0.050781 0.018056
5 0.672266 0.805556 0.042969 0.013889
5 0.673438 0.797222 0.045312 0.016667
5 0.675781 0.756944 0.050000 0.016667
5 0.673047 0.746528 0.055469 0.018056
5 0.727734 0.758333 0.053906 0.016667
5 0.728125 0.766667 0.053125 0.016667
5 0.727734 0.783333 0.053906 0.016667
5 0.728125 0.775000 0.053125 0.016667
5 0.736719 0.790278 0.035937 0.005556
5 0.186719 0.760417 0.032813 0.012500
5 0.187500 0.768750 0.035937 0.012500
5 0.727734 0.750694 0.053906 0.015278
5 0.726953 0.742361 0.055469 0.015278
5 0.726953 0.694444 0.055469 0.013889
5 0.726953 0.702778 0.055469 0.013889
5 0.726953 0.719444 0.055469 0.013889
5 0.726953 0.711111 0.055469 0.013889
5 0.726953 0.735417 0.055469 0.015278
5 0.726953 0.727083 0.055469 0.015278
5 0.196875 0.755556 0.012500 0.011111
5 0.198047 0.746528 0.014844 0.015278
5 0.726953 0.686806 0.055469 0.012500
5 0.726953 0.677083 0.055469 0.015278