3 0.408203 0.809722 0.816406 0.377778
4 0.294531 0.673611 0.001563 0.002778
4 0.207813 0.688889 0.001563 0.000000
4 0.003125 0.762500 0.006250 0.063889
4 0.023438 0.685417 0.018750 0.045833
8 0.024219 0.780556 0.003125 0.013889
8 0.532813 0.773611 0.042188 0.025000
5 0.542969 0.650000 0.014063 0.008333
5 0.542969 0.650000 0.014063 0.008333
5 0.542969 0.650000 0.014063 0.008333
5 0.541406 0.647222 0.001563 0.000000
5 0.541406 0.647222 0.001563 0.000000
5 0.541406 0.647222 0.001563 0.000000
5 0.542969 0.656944 0.014063 0.008333
5 0.542969 0.656944 0.014063 0.008333
5 0.542969 0.656944 0.014063 0.008333
6 0.449219 0.687500 0.042188 0.044444
6 0.492188 0.678472 0.037500 0.037500
6 0.449219 0.625694 0.042188 0.043056
6 0.471875 0.681250 0.040625 0.043056
6 0.312891 0.717361 0.042969 0.037500
6 0.286719 0.731250 0.031250 0.048611
7 0.012891 0.819444 0.025781 0.027778
7 0.222266 0.927778 0.060156 0.041667
7 0.014063 0.993750 0.025000 0.009722
7 0.148438 0.972222 0.050000 0.047222
7 0.237109 0.724306 0.028906 0.009722
7 0.145703 0.631944 0.022656 0.005556
7 0.177734 0.629167 0.016406 0.008333
7 0.123438 0.637500 0.001563 0.005556
8 0.214453 0.748611 0.014844 0.027778
5 0.212891 0.736806 0.011719 0.009722
8 0.371484 0.693056 0.016406 0.005556
5 0.369922 0.691667 0.013281 0.005556
8 0.388672 0.688889 0.022656 0.005556
5 0.386719 0.686806 0.021875 0.006944
8 0.389453 0.708333 0.038281 0.027778
5 0.389844 0.695833 0.037500 0.011111
8 0.412109 0.701389 0.042969 0.022222
5 0.411719 0.690278 0.037500 0.008333
8 0.380859 0.713889 0.030469 0.027778
5 0.378125 0.701389 0.029687 0.011111
8 0.369141 0.715278 0.007031 0.013889
5 0.367188 0.706944 0.007812 0.008333
8 0.737109 0.731944 0.000781 0.000000
5 0.748047 0.706944 0.028906 0.005556
8 0.747266 0.702778 0.000781 0.000000
5 0.755078 0.700694 0.014844 0.006944
8 0.742188 0.728472 0.040625 0.029167
5 0.742969 0.714583 0.039062 0.012500
8 0.730859 0.733333 0.046094 0.025000
5 0.729688 0.720139 0.043750 0.012500
8 0.741797 0.700694 0.013281 0.006944
5 0.722656 0.698611 0.029687 0.011111
8 0.728125 0.706250 0.012500 0.006944
5 0.712500 0.702778 0.039062 0.011111
8 0.701562 0.715972 0.045312 0.018056
5 0.700391 0.709028 0.041406 0.012500
8 0.685937 0.723611 0.046875 0.019444
5 0.682031 0.714583 0.035937 0.012500
8 0.646875 0.765278 0.045312 0.036111
5 0.645703 0.750000 0.042969 0.016667
8 0.680859 0.771528 0.049219 0.037500
5 0.681250 0.756250 0.043750 0.018056
8 0.616406 0.759028 0.043750 0.031944
5 0.610547 0.746528 0.032031 0.015278
8 0.600391 0.751389 0.008594 0.027778
5 0.598047 0.738889 0.007031 0.008333
8 0.698828 0.746528 0.049219 0.031944
5 0.698047 0.730556 0.044531 0.008333
8 0.684766 0.752083 0.050781 0.026389
5 0.683984 0.738889 0.046094 0.013889
8 0.644141 0.750000 0.039844 0.033333
5 0.642578 0.734722 0.036719 0.013889
8 0.610156 0.746528 0.029687 0.029167
5 0.610547 0.730556 0.032031 0.013889
8 0.532422 0.825000 0.042969 0.038889
5 0.532422 0.804861 0.042969 0.018056
8 0.544531 0.805556 0.017188 0.025000
5 0.544922 0.789583 0.017969 0.015278
5 0.374609 0.826389 0.022656 0.013889
8 0.381641 0.818750 0.014844 0.004167
5 0.392578 0.814583 0.032031 0.015278
0 0.712891 0.825694 0.002344 0.001389
0 0.337500 0.740972 0.085938 0.181944
0 0.513281 0.693750 0.076563 0.145833
0 0.609375 0.633333 0.029687 0.100000
1 0.319141 0.613889 0.030469 0.061111
1 0.313281 0.618750 0.042188 0.065278
1 0.291016 0.613889 0.047656 0.061111
1 0.273828 0.613889 0.049219 0.061111
1 0.254297 0.608333 0.042969 0.058333
1 0.233594 0.612500 0.037500 0.063889
1 0.205078 0.600000 0.044531 0.058333
1 0.142578 0.636806 0.039844 0.065278
1 0.129688 0.632639 0.014063 0.062500
1 0.003906 0.656944 0.007812 0.077778
1 0.014453 0.659722 0.028906 0.080556
1 0.843359 0.704861 0.002344 0.073611
2 0.845703 0.734722 0.002344 0.011111
1 0.842578 0.654861 0.008594 0.020833
2 0.843359 0.659028 0.007031 0.012500
2 0.845703 0.651389 0.002344 0.000000
1 0.830859 0.709722 0.032031 0.100000
2 0.832422 0.666667 0.028906 0.002778
2 0.828125 0.734722 0.026562 0.030556
2 0.823047 0.668056 0.016406 0.002778
2 0.837891 0.670139 0.016406 0.001389
2 0.820312 0.670139 0.010937 0.001389
2 0.833594 0.671528 0.014063 0.001389
2 0.573828 0.912500 0.066406 0.050000
2 0.649219 0.864583 0.053125 0.037500
2 0.457813 0.843750 0.103125 0.081944
2 0.376563 0.881250 0.114062 0.093056
2 0.412109 0.938194 0.042969 0.059722
2 0.491797 0.894444 0.035156 0.052778
2 0.419141 0.861111 0.108594 0.086111
2 0.330469 0.902778 0.118750 0.100000
2 0.330469 0.964583 0.118750 0.068056
2 0.453906 0.915278 0.039062 0.055556
2 0.474219 0.795833 0.076563 0.033333
2 0.430859 0.797222 0.077344 0.047222
2 0.746875 0.687500 0.031250 0.025000
2 0.746875 0.662500 0.031250 0.027778
2 0.746875 0.634028 0.031250 0.031944
5 0.126562 0.758333 0.001563 0.000000
5 0.125781 0.750000 0.000000 0.000000
5 0.126172 0.773611 0.000781 0.000000
5 0.126562 0.766667 0.001563 0.000000
5 0.148047 0.745833 0.033594 0.008333
5 0.144531 0.750694 0.043750 0.015278
5 0.141016 0.766667 0.035156 0.016667
5 0.144531 0.760417 0.043750 0.012500
5 0.141016 0.781944 0.035156 0.016667
5 0.144922 0.774306 0.042969 0.015278
5 0.186719 0.750694 0.054688 0.015278
5 0.186719 0.759028 0.054688 0.015278
5 0.186719 0.775694 0.054688 0.015278
5 0.186719 0.767361 0.054688 0.015278
5 0.186719 0.790278 0.054688 0.016667
5 0.186719 0.782639 0.054688 0.015278
5 0.129688 0.684722 0.014063 0.008333
5 0.129688 0.690972 0.014063 0.009722
5 0.186719 0.743750 0.054688 0.015278
5 0.190625 0.736111 0.046875 0.013889
5 0.186719 0.688889 0.054688 0.013889
5 0.186719 0.695139 0.054688 0.012500
5 0.176953 0.700694 0.035156 0.006944
5 0.198828 0.731944 0.030469 0.008333
5 0.129688 0.679861 0.014063 0.009722
5 0.129688 0.674306 0.014063 0.009722
5 0.186719 0.680556 0.054688 0.013889
5 0.186719 0.671528 0.054688 0.015278