3 0.501563 0.836111 0.995313 0.325000
4 0.474219 0.762500 0.009375 0.063889
4 0.526172 0.793750 0.035156 0.076389
4 0.577734 0.814583 0.011719 0.079167
4 0.608594 0.836111 0.042188 0.088889
4 0.676953 0.864583 0.013281 0.093056
4 0.722266 0.895833 0.052344 0.105556
4 0.817969 0.936806 0.017188 0.115278
4 0.887891 0.950000 0.044531 0.097222
4 0.075781 0.846528 0.018750 0.095833
4 0.069141 0.915972 0.003906 0.004167
4 0.092578 0.912500 0.014844 0.113889
4 0.090234 0.943056 0.010156 0.111111
4 0.109375 0.964583 0.026562 0.068056
4 0.111328 0.992361 0.005469 0.012500
8 0.739062 0.891667 0.082812 0.075000
5 0.326953 0.694444 0.046094 0.011111
5 0.326953 0.694444 0.046094 0.011111
5 0.326953 0.694444 0.046094 0.011111
5 0.326953 0.684028 0.046094 0.012500
5 0.326953 0.684028 0.046094 0.012500
5 0.326953 0.684028 0.046094 0.012500
5 0.326953 0.702778 0.046094 0.011111
5 0.326953 0.702778 0.046094 0.011111
5 0.326953 0.702778 0.046094 0.011111
5 0.384375 0.699306 0.043750 0.009722
5 0.384375 0.699306 0.043750 0.009722
5 0.384375 0.699306 0.043750 0.009722
5 0.384375 0.690972 0.043750 0.009722
5 0.384375 0.690972 0.043750 0.009722
5 0.384375 0.690972 0.043750 0.009722
5 0.384375 0.681944 0.043750 0.011111
5 0.384375 0.681944 0.043750 0.011111
5 0.384375 0.681944 0.043750 0.011111
5 0.384375 0.671528 0.043750 0.012500
5 0.384375 0.671528 0.043750 0.012500
5 0.384375 0.671528 0.043750 0.012500
6 0.519141 0.711111 0.046094 0.052778
6 0.484375 0.702083 0.037500 0.059722
6 0.519141 0.660417 0.046094 0.068056
6 0.500391 0.704861 0.042969 0.056944
6 0.599219 0.760417 0.067187 0.087500
6 0.649609 0.768750 0.061719 0.081944
7 0.870703 0.906250 0.077344 0.037500
7 0.944141 0.938194 0.011719 0.006944
7 0.606250 0.952778 0.079687 0.055556
7 0.466406 0.852778 0.054688 0.036111
7 0.055469 0.845833 0.068750 0.027778
7 0.394922 0.761806 0.055469 0.018056
7 0.471484 0.809028 0.066406 0.023611
6 0.042188 0.990278 0.084375 0.016667
6 0.042578 0.893750 0.085156 0.209722
6 0.033203 0.785417 0.066406 0.143056
6 0.036719 0.888194 0.059375 0.093056
8 0.964453 0.957639 0.069531 0.048611
5 0.969141 0.936806 0.060156 0.043056
8 0.911328 0.965278 0.108594 0.061111
5 0.915234 0.950694 0.100781 0.045833
8 0.654687 0.824306 0.020313 0.040278
5 0.657031 0.807639 0.015625 0.009722
8 0.631641 0.837500 0.066406 0.052778
5 0.633984 0.818056 0.061719 0.025000
8 0.526563 0.775694 0.056250 0.037500
5 0.527344 0.759722 0.053125 0.013889
8 0.510938 0.766667 0.056250 0.036111
5 0.510547 0.751389 0.050781 0.013889
8 0.492578 0.760417 0.049219 0.034722
5 0.494531 0.745139 0.050000 0.012500
8 0.480859 0.752778 0.052344 0.033333
5 0.480078 0.738194 0.047656 0.012500
8 0.529297 0.756250 0.017969 0.034722
5 0.544141 0.740972 0.042969 0.012500
8 0.523047 0.737500 0.035156 0.011111
5 0.531250 0.734028 0.046875 0.012500
8 0.545703 0.758333 0.017969 0.027778
5 0.552344 0.747917 0.026562 0.012500
8 0.559375 0.763194 0.010937 0.020833
5 0.565234 0.755556 0.000781 0.011111
5 0.785937 0.689583 0.004687 0.001389
8 0.740234 0.696528 0.003906 0.018056
5 0.742578 0.688194 0.005469 0.004167
5 0.813281 0.702083 0.001563 0.001389
8 0.722656 0.702778 0.042188 0.025000
5 0.722266 0.691667 0.038281 0.008333
8 0.730078 0.706944 0.024219 0.025000
5 0.731641 0.695833 0.024219 0.008333
8 0.739453 0.709028 0.008594 0.023611
5 0.740625 0.699306 0.006250 0.006944
8 0.910937 0.743056 0.021875 0.027778
5 0.916016 0.725694 0.035156 0.012500
8 0.941406 0.730556 0.053125 0.019444
5 0.930859 0.722222 0.027344 0.008333
8 0.904687 0.744444 0.012500 0.027778
5 0.903125 0.730556 0.009375 0.008333
8 0.854297 0.746528 0.003906 0.023611
5 0.854297 0.730556 0.002344 0.011111
8 0.877734 0.716667 0.050781 0.005556
5 0.877344 0.716667 0.045312 0.005556
8 0.853516 0.723611 0.002344 0.000000
5 0.854297 0.720139 0.003906 0.009722
5 0.813672 0.723611 0.000781 0.000000
0 0.958594 0.743750 0.081250 0.201389
0 0.777734 0.693056 0.069531 0.150000
0 0.489063 0.656250 0.046875 0.112500
0 0.954688 0.921528 0.089063 0.154167
0 0.012109 0.893750 0.024219 0.209722
0 0.012891 0.878472 0.025781 0.240278
1 0.164062 0.968056 0.131250 0.061111
1 0.303516 0.959028 0.128906 0.079167
1 0.032813 0.681250 0.065625 0.084722
1 0.033594 0.692361 0.067187 0.098611
1 0.006641 0.748611 0.013281 0.136111
1 0.012500 0.807639 0.018750 0.168056
1 0.958594 0.645833 0.062500 0.061111
2 0.936328 0.674306 0.005469 0.001389
2 0.936719 0.630556 0.014063 0.016667
2 0.975391 0.629861 0.022656 0.009722
2 0.956250 0.671528 0.032813 0.009722
2 0.942187 0.633333 0.004687 0.016667
2 0.970313 0.625000 0.012500 0.000000
1 0.917969 0.629167 0.021875 0.016667
2 0.912109 0.633333 0.027344 0.011111
2 0.901563 0.626389 0.006250 0.000000
2 0.900391 0.627778 0.003906 0.000000
2 0.909766 0.627778 0.013281 0.000000
1 0.981641 0.665278 0.035156 0.080556
2 0.970313 0.674306 0.010937 0.012500
2 0.973047 0.668750 0.011719 0.001389
2 0.974219 0.644444 0.020313 0.019444
2 0.994141 0.652083 0.010156 0.026389
2 0.983203 0.684028 0.032031 0.029167
2 0.973828 0.649306 0.013281 0.026389
2 0.988672 0.636111 0.014844 0.000000
2 0.985547 0.650694 0.014844 0.026389
2 0.996484 0.637500 0.005469 0.000000
1 0.830469 0.656944 0.060937 0.072222
2 0.810937 0.628472 0.010937 0.001389
2 0.846094 0.644444 0.025000 0.025000
2 0.835547 0.675000 0.046094 0.027778
2 0.834766 0.629167 0.002344 0.000000
2 0.840625 0.630556 0.014063 0.000000
1 0.924609 0.672917 0.039844 0.087500
2 0.905859 0.638194 0.013281 0.001389
2 0.930859 0.655556 0.027344 0.027778
2 0.921875 0.690972 0.045312 0.031944
2 0.906641 0.640278 0.014844 0.000000
2 0.916406 0.639583 0.006250 0.001389
2 0.917578 0.642361 0.014844 0.001389
2 0.928125 0.640972 0.009375 0.001389
1 0.794141 0.656250 0.044531 0.070833
2 0.783594 0.673611 0.009375 0.025000
2 0.790234 0.661111 0.010156 0.000000
2 0.778516 0.642361 0.008594 0.023611
2 0.808203 0.645833 0.016406 0.025000
2 0.799609 0.677083 0.033594 0.029167
2 0.788672 0.642361 0.011719 0.023611
2 0.801172 0.630556 0.011719 0.000000
2 0.797656 0.644444 0.007812 0.025000
2 0.810937 0.631944 0.010937 0.000000
1 0.887500 0.676389 0.070312 0.091667
2 0.858203 0.685417 0.007031 0.020833
2 0.858203 0.653472 0.007031 0.026389
2 0.909375 0.656944 0.020313 0.027778
2 0.909375 0.693056 0.020313 0.030556
2 0.902734 0.643056 0.007031 0.000000
2 0.614844 0.679861 0.020313 0.029167
2 0.645312 0.686111 0.039062 0.030556
2 0.690234 0.686111 0.024219 0.025000
2 0.645312 0.660417 0.039062 0.029167
2 0.690234 0.661111 0.024219 0.025000
2 0.645312 0.634028 0.039062 0.029167
2 0.678906 0.633333 0.046875 0.027778
5 0.694922 0.800694 0.077344 0.026389
5 0.694922 0.814583 0.077344 0.023611
5 0.694922 0.824306 0.077344 0.023611
5 0.694922 0.836806 0.077344 0.023611
5 0.694922 0.861111 0.077344 0.025000
5 0.694922 0.848611 0.077344 0.025000
5 0.694141 0.882639 0.074219 0.026389
5 0.695312 0.870833 0.076563 0.025000
5 0.760547 0.818056 0.072656 0.019444
5 0.760156 0.829861 0.073438 0.020833
5 0.761328 0.852778 0.071094 0.022222
5 0.760938 0.840972 0.071875 0.020833
5 0.766016 0.873611 0.063281 0.019444
5 0.761719 0.863194 0.071875 0.020833
5 0.028906 0.815972 0.043750 0.004167
5 0.760156 0.806944 0.073438 0.022222
5 0.758984 0.793750 0.075781 0.026389
5 0.825391 0.808333 0.072656 0.022222
5 0.825391 0.819444 0.072656 0.022222
5 0.825391 0.842361 0.072656 0.023611
5 0.825391 0.831250 0.072656 0.023611
5 0.825391 0.863194 0.072656 0.023611
5 0.829688 0.852083 0.064062 0.023611
5 0.107813 0.818750 0.048438 0.020833
5 0.109766 0.828472 0.049219 0.020833
5 0.825391 0.798611 0.072656 0.022222
5 0.825000 0.788194 0.073438 0.020833
5 0.825000 0.722917 0.073438 0.018056
5 0.825000 0.734722 0.073438 0.019444
5 0.825000 0.756250 0.073438 0.020833
5 0.825000 0.745139 0.073438 0.020833
5 0.825000 0.777778 0.073438 0.022222
5 0.825000 0.766667 0.073438 0.019444
5 0.106641 0.810417 0.050781 0.020833
5 0.107031 0.800694 0.054688 0.023611
5 0.825000 0.713194 0.073438 0.018056
5 0.825000 0.701389 0.073438 0.019444