3 0.499609 0.835417 0.999219 0.326389
4 0.167578 0.718750 0.013281 0.054167
4 0.110156 0.702083 0.000000 0.001389
4 0.053125 0.702778 0.001563 0.000000
4 0.070312 0.687500 0.001563 0.033333
8 0.001953 0.755556 0.003906 0.019444
8 0.552734 0.771528 0.080469 0.045833
5 0.539844 0.675000 0.026562 0.005556
5 0.539844 0.675000 0.026562 0.005556
5 0.539844 0.675000 0.026562 0.005556
5 0.570312 0.696528 0.015625 0.006944
5 0.570312 0.696528 0.015625 0.006944
5 0.570312 0.696528 0.015625 0.006944
5 0.569922 0.688194 0.014844 0.006944
5 0.569922 0.688194 0.014844 0.006944
5 0.569922 0.688194 0.014844 0.006944
5 0.569922 0.679861 0.014844 0.006944
5 0.569922 0.679861 0.014844 0.006944
5 0.569922 0.679861 0.014844 0.006944
5 0.570312 0.670833 0.015625 0.008333
5 0.570312 0.670833 0.015625 0.008333
5 0.570312 0.670833 0.015625 0.008333
6 0.442188 0.698611 0.048438 0.061111
6 0.491016 0.690972 0.041406 0.056944
6 0.443359 0.644444 0.049219 0.061111
6 0.468359 0.694444 0.046094 0.061111
6 0.271094 0.692361 0.023438 0.023611
6 0.243359 0.723611 0.035156 0.077778
7 0.008203 0.793750 0.016406 0.020833
7 0.141016 0.893750 0.088281 0.043056
7 0.028516 0.934722 0.057031 0.052778
7 0.016406 0.713889 0.026562 0.013889
7 0.192969 0.734722 0.043750 0.016667
7 0.109766 0.674306 0.000781 0.001389
7 0.148828 0.673611 0.008594 0.002778
7 0.044922 0.681944 0.030469 0.008333
7 0.067969 0.679861 0.012500 0.006944
8 0.159375 0.750000 0.029687 0.033333
5 0.157812 0.735417 0.026562 0.009722
8 0.361328 0.715278 0.003906 0.019444
5 0.356250 0.705556 0.007812 0.002778
8 0.373047 0.716667 0.025781 0.027778
5 0.367969 0.702778 0.031250 0.005556
8 0.377734 0.723611 0.046094 0.027778
5 0.375391 0.709722 0.044531 0.008333
8 0.403516 0.719444 0.041406 0.027778
5 0.399609 0.706944 0.042969 0.008333
8 0.367969 0.727083 0.025000 0.029167
5 0.365234 0.713194 0.024219 0.009722
8 0.354687 0.722222 0.001563 0.013889
8 0.797266 0.731944 0.002344 0.000000
8 0.828906 0.734722 0.006250 0.013889
8 0.776953 0.738194 0.042969 0.029167
5 0.777344 0.722222 0.042188 0.008333
8 0.766797 0.740972 0.053906 0.031944
5 0.750000 0.725694 0.020313 0.009722
5 0.750000 0.709028 0.020313 0.004167
8 0.756250 0.721528 0.003125 0.009722
5 0.739453 0.713194 0.041406 0.006944
8 0.730859 0.720139 0.052344 0.006944
5 0.730078 0.717361 0.047656 0.006944
8 0.713672 0.727083 0.053906 0.012500
5 0.710156 0.721528 0.043750 0.009722
8 0.672266 0.761806 0.052344 0.037500
5 0.670703 0.745833 0.049219 0.013889
8 0.712891 0.763194 0.058594 0.034722
5 0.712500 0.749306 0.051562 0.015278
8 0.626563 0.760417 0.045312 0.037500
5 0.628125 0.743056 0.042188 0.013889
8 0.592969 0.752778 0.056250 0.033333
5 0.592969 0.738889 0.050000 0.013889
8 0.732812 0.749306 0.054688 0.034722
5 0.730078 0.733333 0.052344 0.011111
8 0.715625 0.754861 0.059375 0.037500
5 0.714844 0.737500 0.054688 0.011111
8 0.675000 0.752083 0.029687 0.037500
5 0.666406 0.734028 0.040625 0.009722
8 0.623828 0.748611 0.050781 0.036111
5 0.625000 0.731944 0.046875 0.011111
8 0.545703 0.801389 0.069531 0.041667
5 0.543359 0.783333 0.064844 0.019444
8 0.572266 0.793056 0.075781 0.041667
5 0.570703 0.774306 0.067969 0.018056
0 0.874609 0.825694 0.249219 0.345833
0 0.303125 0.697222 0.104688 0.169444
0 0.521094 0.685417 0.076563 0.156944
0 0.607031 0.656944 0.057813 0.111111
1 0.330078 0.655556 0.021094 0.063889
1 0.294922 0.650694 0.053906 0.056944
1 0.271875 0.652778 0.021875 0.044444
1 0.253516 0.653472 0.053906 0.065278
1 0.235156 0.650694 0.051562 0.062500
1 0.216016 0.653472 0.052344 0.065278
1 0.182422 0.646528 0.049219 0.059722
1 0.091406 0.664583 0.068750 0.073611
1 0.068750 0.665278 0.068750 0.075000
1 0.965234 0.697222 0.057031 0.113889
2 0.969531 0.695833 0.004687 0.000000
2 0.975000 0.695833 0.004687 0.000000
2 0.978906 0.653472 0.025000 0.001389
2 0.972266 0.681250 0.010156 0.015278
2 0.969922 0.715972 0.030469 0.037500
2 0.956641 0.652778 0.013281 0.000000
2 0.984375 0.654167 0.007812 0.000000
1 0.933594 0.710417 0.067187 0.126389
2 0.923047 0.709028 0.002344 0.001389
2 0.957422 0.728472 0.014844 0.037500
2 0.962109 0.685417 0.003906 0.023611
2 0.926953 0.687500 0.047656 0.030556
2 0.932031 0.731944 0.056250 0.044444
2 0.958203 0.686806 0.003906 0.026389
2 0.953125 0.686806 0.004687 0.029167
1 0.916016 0.674306 0.057031 0.070833
2 0.930859 0.651389 0.021094 0.000000
2 0.894922 0.652778 0.002344 0.000000
2 0.908984 0.708333 0.024219 0.005556
2 0.911328 0.651389 0.016406 0.000000
2 0.905469 0.652778 0.017188 0.000000
2 0.914844 0.652778 0.000000 0.000000
1 0.878906 0.709028 0.067187 0.126389
2 0.872266 0.706250 0.008594 0.001389
2 0.901172 0.710417 0.016406 0.006944
2 0.871094 0.689583 0.045312 0.018056
2 0.876563 0.729167 0.056250 0.044444
2 0.900000 0.688194 0.000000 0.018056
2 0.896875 0.688889 0.004687 0.019444
2 0.764844 0.918750 0.068750 0.081944
2 0.639844 0.954167 0.181250 0.088889
2 0.639844 0.870833 0.181250 0.130556
2 0.723047 0.828472 0.150781 0.104167
2 0.442188 0.794444 0.132812 0.088889
2 0.332813 0.822222 0.150000 0.102778
2 0.377734 0.905556 0.060156 0.094444
2 0.485156 0.866667 0.046875 0.080556
2 0.391016 0.807639 0.141406 0.095833
2 0.266797 0.839583 0.161719 0.112500
2 0.266016 0.927778 0.161719 0.105556
2 0.435156 0.885417 0.053125 0.087500
2 0.512109 0.779861 0.002344 0.029167
2 0.859375 0.706944 0.015625 0.005556
2 0.781641 0.695833 0.005469 0.000000
2 0.841016 0.712500 0.019531 0.033333
2 0.783594 0.683333 0.010937 0.022222
2 0.832422 0.684722 0.024219 0.019444
2 0.785547 0.647222 0.049219 0.027778
2 0.825000 0.647917 0.050000 0.029167
5 0.044922 0.711111 0.061719 0.013889
5 0.035937 0.720833 0.043750 0.011111
5 0.040234 0.728472 0.052344 0.012500
5 0.040234 0.738889 0.052344 0.011111
5 0.035547 0.756944 0.044531 0.011111
5 0.039844 0.747222 0.051562 0.013889
5 0.035547 0.773611 0.044531 0.013889
5 0.035547 0.764583 0.044531 0.012500
5 0.027734 0.703472 0.041406 0.006944
5 0.010937 0.706944 0.000000 0.000000
5 0.076172 0.732639 0.050781 0.015278
5 0.076172 0.742361 0.050781 0.015278
5 0.075781 0.761111 0.051562 0.013889
5 0.076172 0.752083 0.050781 0.012500
5 0.075781 0.778472 0.051562 0.015278
5 0.075781 0.769444 0.051562 0.013889
5 0.050000 0.702778 0.037500 0.002778
5 0.076172 0.725000 0.050781 0.013889
5 0.080078 0.714583 0.058594 0.015278
5 0.126562 0.737500 0.065625 0.013889
5 0.126562 0.748611 0.065625 0.013889
5 0.126562 0.766667 0.065625 0.016667
5 0.126562 0.757639 0.065625 0.015278
5 0.126562 0.785417 0.065625 0.018056
5 0.126562 0.775694 0.065625 0.015278
5 0.126562 0.729861 0.065625 0.012500
5 0.126953 0.719444 0.064844 0.013889
5 0.127344 0.663889 0.065625 0.011111
5 0.127344 0.673611 0.065625 0.011111
5 0.126953 0.693056 0.064844 0.011111
5 0.127344 0.683333 0.065625 0.011111
5 0.126953 0.711806 0.064844 0.012500
5 0.126953 0.702083 0.064844 0.012500
5 0.080469 0.703472 0.042188 0.004167
5 0.079687 0.697917 0.042188 0.006944
5 0.127344 0.655556 0.065625 0.011111
5 0.127344 0.645833 0.065625 0.011111