3 0.499609 0.818056 0.999219 0.361111
4 0.180859 0.711806 0.000781 0.015278
4 0.128516 0.713889 0.008594 0.005556
4 0.078125 0.757639 0.009375 0.062500
4 0.017188 0.770833 0.015625 0.069444
4 0.089453 0.670833 0.000781 0.022222
8 0.076563 0.779167 0.065625 0.047222
8 0.610938 0.768056 0.067187 0.030556
5 0.515625 0.656944 0.026562 0.008333
5 0.515625 0.656944 0.026562 0.008333
5 0.515625 0.656944 0.026562 0.008333
5 0.515234 0.649306 0.027344 0.009722
5 0.515234 0.649306 0.027344 0.009722
5 0.515234 0.649306 0.027344 0.009722
5 0.515625 0.664583 0.026562 0.006944
5 0.515625 0.664583 0.026562 0.006944
5 0.515625 0.664583 0.026562 0.006944
5 0.548438 0.668750 0.021875 0.004167
5 0.548438 0.668750 0.021875 0.004167
5 0.548438 0.668750 0.021875 0.004167
5 0.550000 0.660417 0.025000 0.006944
5 0.550000 0.660417 0.025000 0.006944
5 0.550000 0.660417 0.025000 0.006944
5 0.550391 0.653472 0.025781 0.006944
5 0.550391 0.653472 0.025781 0.006944
5 0.550391 0.653472 0.025781 0.006944
5 0.550391 0.645139 0.025781 0.009722
5 0.550391 0.645139 0.025781 0.009722
5 0.550391 0.645139 0.025781 0.009722
6 0.452344 0.685417 0.037500 0.056944
6 0.497266 0.671528 0.025781 0.051389
6 0.452344 0.635417 0.037500 0.056944
6 0.471094 0.675000 0.034375 0.050000
6 0.335938 0.711111 0.050000 0.069444
6 0.308594 0.723611 0.035937 0.075000
7 0.112109 0.809722 0.063281 0.025000
7 0.055078 0.827778 0.066406 0.027778
7 0.364063 0.921528 0.087500 0.040278
7 0.405469 0.892361 0.062500 0.034722
7 0.209375 0.991667 0.098437 0.013889
7 0.282813 0.968056 0.096875 0.047222
7 0.110547 0.745139 0.011719 0.012500
7 0.048047 0.702778 0.039844 0.013889
7 0.253516 0.729861 0.011719 0.012500
7 0.093750 0.648611 0.029687 0.008333
7 0.116016 0.645139 0.016406 0.006944
7 0.034375 0.657639 0.018750 0.009722
7 0.057813 0.653472 0.029687 0.009722
8 0.007812 0.822222 0.015625 0.038889
5 0.005859 0.806250 0.011719 0.012500
8 0.240625 0.751389 0.000000 0.000000
8 0.365625 0.710417 0.009375 0.020833
5 0.364844 0.700694 0.007812 0.006944
8 0.378125 0.696528 0.017188 0.004167
5 0.372266 0.694444 0.022656 0.005556
8 0.383203 0.692361 0.042969 0.004167
5 0.381641 0.691667 0.036719 0.008333
8 0.409375 0.708333 0.003125 0.011111
5 0.396484 0.700000 0.028906 0.008333
8 0.420312 0.705556 0.043750 0.022222
5 0.417969 0.695139 0.035937 0.009722
8 0.387109 0.715278 0.046094 0.025000
5 0.386328 0.705556 0.041406 0.008333
8 0.376172 0.719444 0.028906 0.019444
5 0.374219 0.709722 0.026562 0.011111
8 0.774609 0.716667 0.044531 0.027778
5 0.774219 0.703472 0.040625 0.009722
8 0.796875 0.711111 0.017188 0.027778
5 0.783594 0.699306 0.039062 0.009722
8 0.774609 0.721528 0.033594 0.029167
5 0.769141 0.708333 0.039844 0.011111
8 0.760156 0.727778 0.043750 0.030556
5 0.758594 0.715278 0.040625 0.011111
8 0.739844 0.698611 0.042188 0.008333
5 0.739062 0.695139 0.039062 0.009722
8 0.732031 0.709722 0.039062 0.022222
5 0.726172 0.697917 0.033594 0.006944
8 0.721875 0.715278 0.042188 0.025000
5 0.721875 0.704861 0.040625 0.009722
8 0.712891 0.718750 0.038281 0.020833
5 0.712500 0.709722 0.037500 0.011111
8 0.694922 0.756944 0.046094 0.036111
5 0.698438 0.742361 0.032813 0.015278
8 0.734375 0.761806 0.045312 0.037500
5 0.733984 0.746528 0.039844 0.015278
8 0.660547 0.754167 0.046094 0.036111
5 0.657031 0.739583 0.032813 0.015278
8 0.624609 0.749306 0.044531 0.034722
5 0.623828 0.735417 0.039844 0.015278
8 0.735938 0.738889 0.046875 0.030556
5 0.734766 0.725694 0.042969 0.012500
8 0.726953 0.745139 0.049219 0.031944
5 0.726172 0.731944 0.044531 0.013889
8 0.680469 0.741667 0.043750 0.030556
5 0.680859 0.729167 0.038281 0.011111
8 0.644922 0.739583 0.042969 0.034722
5 0.644922 0.726389 0.038281 0.013889
8 0.649219 0.808333 0.009375 0.036111
5 0.620313 0.790278 0.057813 0.016667
8 0.659375 0.800000 0.023438 0.041667
5 0.642188 0.781944 0.050000 0.019444
8 0.454297 0.834722 0.033594 0.027778
5 0.464062 0.821528 0.048438 0.020833
8 0.466797 0.809722 0.003906 0.002778
5 0.495703 0.806944 0.057031 0.016667
0 0.977734 0.886111 0.042969 0.225000
0 0.394531 0.734722 0.096875 0.188889
0 0.550391 0.689583 0.067969 0.148611
0 0.585156 0.636806 0.043750 0.098611
1 0.293359 0.627083 0.052344 0.062500
1 0.260937 0.628472 0.020313 0.065278
1 0.250391 0.625694 0.041406 0.065278
1 0.234766 0.628472 0.052344 0.065278
1 0.212109 0.622222 0.050781 0.061111
1 0.198828 0.625694 0.036719 0.065278
1 0.149219 0.614583 0.021875 0.059722
1 0.100781 0.650000 0.062500 0.075000
1 0.075781 0.649306 0.062500 0.076389
1 0.919922 0.683333 0.042969 0.100000
2 0.937891 0.695139 0.002344 0.026389
2 0.923047 0.657639 0.032031 0.029167
2 0.916406 0.663889 0.032813 0.030556
2 0.932031 0.700694 0.010937 0.034722
2 0.912891 0.645139 0.014844 0.001389
2 0.929297 0.659722 0.016406 0.027778
2 0.910547 0.647222 0.016406 0.000000
2 0.927734 0.661111 0.016406 0.027778
1 0.905859 0.704861 0.049219 0.115278
2 0.926953 0.718750 0.002344 0.031944
2 0.909766 0.675000 0.036719 0.033333
2 0.901563 0.682639 0.035937 0.034722
2 0.904687 0.724306 0.042188 0.040278
2 0.898047 0.661806 0.017969 0.001389
2 0.916797 0.677778 0.017969 0.030556
2 0.895312 0.664583 0.017188 0.001389
2 0.914453 0.680556 0.019531 0.033333
1 0.876953 0.645833 0.042969 0.030556
2 0.880859 0.649306 0.032031 0.018056
2 0.873828 0.656250 0.033594 0.020833
2 0.883203 0.702083 0.008594 0.012500
2 0.870703 0.643056 0.016406 0.000000
2 0.887500 0.650000 0.015625 0.013889
2 0.867969 0.645139 0.014063 0.001389
2 0.884375 0.645833 0.017188 0.000000
1 0.858203 0.702083 0.049219 0.112500
2 0.878906 0.713194 0.004687 0.029167
2 0.863672 0.672222 0.035156 0.033333
2 0.854688 0.679861 0.037500 0.034722
2 0.857422 0.720139 0.042969 0.040278
2 0.851172 0.659028 0.017969 0.001389
2 0.869922 0.675694 0.017969 0.031944
2 0.848047 0.661806 0.016406 0.001389
2 0.866406 0.677778 0.018750 0.033333
2 0.889453 0.927778 0.022656 0.080556
2 0.812109 0.968056 0.130469 0.061111
2 0.812109 0.906944 0.130469 0.108333
2 0.843359 0.861111 0.114844 0.091667
2 0.590625 0.825694 0.106250 0.079167
2 0.533984 0.863194 0.119531 0.093056
2 0.579297 0.930556 0.028906 0.080556
2 0.632422 0.885417 0.022656 0.070833
2 0.564063 0.843056 0.112500 0.086111
2 0.500781 0.884722 0.126562 0.100000
2 0.500781 0.956250 0.126562 0.084722
2 0.607422 0.906944 0.025781 0.075000
2 0.555469 0.787500 0.073438 0.033333
2 0.504297 0.790972 0.074219 0.051389
2 0.814844 0.682639 0.009375 0.031944
2 0.753125 0.684722 0.029687 0.025000
2 0.789062 0.686111 0.040625 0.025000
2 0.753125 0.661111 0.029687 0.027778
2 0.789062 0.662500 0.040625 0.030556
2 0.755859 0.633333 0.035156 0.030556
2 0.789062 0.635417 0.040625 0.031944
5 0.138281 0.723611 0.056250 0.016667
5 0.133984 0.732639 0.047656 0.015278
5 0.133984 0.740278 0.047656 0.013889
5 0.133984 0.748611 0.047656 0.016667
5 0.133984 0.765278 0.047656 0.016667
5 0.133984 0.756944 0.047656 0.016667
5 0.133984 0.780556 0.047656 0.016667
5 0.133984 0.772917 0.047656 0.015278
5 0.044141 0.689583 0.038281 0.009722
5 0.040234 0.695833 0.030469 0.008333
5 0.179688 0.745833 0.056250 0.013889
5 0.178906 0.754167 0.054688 0.016667
5 0.179297 0.770833 0.055469 0.016667
5 0.179297 0.762500 0.055469 0.016667
5 0.179297 0.787500 0.055469 0.016667
5 0.178125 0.779167 0.053125 0.016667
5 0.066016 0.693056 0.030469 0.011111
5 0.073438 0.699306 0.026562 0.009722
5 0.179688 0.738194 0.056250 0.015278
5 0.178906 0.729167 0.054688 0.016667
5 0.228125 0.752083 0.057813 0.015278
5 0.228125 0.761111 0.057813 0.016667
5 0.228125 0.777778 0.057813 0.016667
5 0.228125 0.769444 0.057813 0.016667
5 0.228125 0.794444 0.057813 0.016667
5 0.228125 0.786111 0.057813 0.016667
5 0.102344 0.696528 0.040625 0.009722
5 0.101562 0.703472 0.040625 0.009722
5 0.228125 0.744444 0.057813 0.016667
5 0.228125 0.735417 0.057813 0.015278
5 0.228125 0.685417 0.057813 0.015278
5 0.228125 0.694444 0.057813 0.013889
5 0.228125 0.711806 0.057813 0.015278
5 0.228125 0.702778 0.057813 0.013889
5 0.228125 0.727778 0.057813 0.016667
5 0.228125 0.719444 0.057813 0.013889
5 0.102344 0.692361 0.040625 0.009722
5 0.101562 0.685417 0.040625 0.009722
5 0.228125 0.677778 0.057813 0.013889
5 0.228125 0.668750 0.057813 0.015278