3 0.643359 0.731250 0.711719 0.106944
6 0.496094 0.673611 0.034375 0.033333
6 0.481641 0.661111 0.007031 0.005556
6 0.276953 0.686806 0.022656 0.040278
7 0.992188 0.786806 0.012500 0.004167
8 0.289844 0.702778 0.001563 0.000000
5 0.293359 0.698611 0.010156 0.005556
8 0.310937 0.697222 0.000000 0.000000
5 0.302734 0.695139 0.025781 0.004167
5 0.346094 0.692361 0.010937 0.001389
5 0.355469 0.691667 0.026562 0.002778
8 0.357031 0.700000 0.012500 0.002778
5 0.354687 0.697222 0.028125 0.005556
5 0.368359 0.693056 0.000781 0.000000
8 0.357812 0.699306 0.001563 0.001389
5 0.335547 0.698611 0.039844 0.005556
8 0.298047 0.704167 0.019531 0.002778
5 0.301953 0.700694 0.027344 0.006944
0 0.263672 0.658333 0.007031 0.097222
0 0.482031 0.651389 0.020313 0.083333
1 0.363281 0.654167 0.012500 0.061111
1 0.355078 0.656250 0.028906 0.065278
1 0.355078 0.654167 0.028906 0.061111
1 0.330078 0.654167 0.042969 0.061111
1 0.305469 0.651389 0.020313 0.058333
1 0.295703 0.651389 0.041406 0.058333
1 0.280469 0.646528 0.032813 0.048611
1 0.991406 0.711111 0.015625 0.138889
2 0.991797 0.707639 0.014844 0.001389
2 0.998047 0.708333 0.002344 0.000000
2 0.991797 0.652778 0.014844 0.000000
2 0.991406 0.677083 0.014063 0.043056
2 0.991797 0.732639 0.014844 0.048611
2 0.984375 0.654167 0.000000 0.000000
2 0.992969 0.654167 0.012500 0.000000
2 0.992188 0.675694 0.014063 0.043056