3 0.641797 0.913194 0.714844 0.170833
8 0.648438 0.811806 0.118750 0.084722
5 0.615625 0.822917 0.020313 0.006944
5 0.615625 0.822917 0.020313 0.006944
5 0.615625 0.822917 0.020313 0.006944
5 0.610938 0.796528 0.006250 0.004167
5 0.610938 0.796528 0.006250 0.004167
5 0.610938 0.796528 0.006250 0.004167
8 0.965234 0.822222 0.010156 0.030556
5 0.990625 0.794444 0.000000 0.000000
8 0.975391 0.819444 0.021094 0.033333
8 0.976953 0.813194 0.044531 0.023611
5 0.983203 0.790972 0.013281 0.006944
8 0.962109 0.813889 0.074219 0.055556
5 0.967187 0.788889 0.064062 0.011111
8 0.918750 0.816667 0.076563 0.027778
8 0.898047 0.819444 0.077344 0.033333
8 0.888281 0.820139 0.087500 0.034722
8 0.871484 0.813194 0.074219 0.051389
5 0.864844 0.788194 0.057813 0.004167
8 0.834766 0.814583 0.105469 0.070833
5 0.841406 0.784028 0.076563 0.015278
8 0.928516 0.815278 0.107031 0.075000
5 0.928125 0.781944 0.095312 0.016667
8 0.758984 0.814583 0.100781 0.068056
5 0.783203 0.784722 0.041406 0.013889
8 0.677734 0.820833 0.096094 0.052778
8 0.922266 0.814583 0.102344 0.059722
5 0.928516 0.786806 0.077344 0.006944
8 0.907422 0.815278 0.105469 0.061111
5 0.874609 0.786806 0.039844 0.006944
8 0.804297 0.815278 0.091406 0.061111
5 0.805469 0.788889 0.060937 0.005556
8 0.739062 0.815972 0.073438 0.056944
8 0.652344 0.816667 0.126562 0.113889
5 0.646094 0.766667 0.114062 0.025000
8 0.683203 0.816667 0.174219 0.102778
5 0.701953 0.770833 0.114844 0.022222
0 0.598047 0.704167 0.021094 0.263889
0 0.649219 0.747222 0.068750 0.163889
2 0.476562 0.479861 0.212500 0.379167
2 0.475391 0.799306 0.217969 0.356944
2 0.186719 0.347222 0.373437 0.555556
2 0.184766 0.768056 0.369531 0.461111
2 0.932422 0.817361 0.063281 0.029167
2 0.983203 0.818056 0.032031 0.030556
2 0.932031 0.755556 0.065625 0.036111
2 0.982031 0.759722 0.034375 0.044444
2 0.930859 0.715972 0.066406 0.048611
2 0.980859 0.713194 0.036719 0.048611