3 0.499609 0.890278 0.999219 0.216667
5 0.157422 0.853472 0.083594 0.023611
5 0.157422 0.853472 0.083594 0.023611
5 0.157422 0.853472 0.083594 0.023611
5 0.157422 0.834028 0.083594 0.029167
5 0.157422 0.834028 0.083594 0.029167
5 0.157422 0.834028 0.083594 0.029167
5 0.157031 0.868056 0.084375 0.022222
5 0.157031 0.868056 0.084375 0.022222
5 0.157031 0.868056 0.084375 0.022222
5 0.257812 0.854861 0.079687 0.020833
5 0.257812 0.854861 0.079687 0.020833
5 0.257812 0.854861 0.079687 0.020833
5 0.257812 0.840972 0.079687 0.020833
5 0.257812 0.840972 0.079687 0.020833
5 0.257812 0.840972 0.079687 0.020833
5 0.258203 0.826389 0.078906 0.022222
5 0.258203 0.826389 0.078906 0.022222
5 0.258203 0.826389 0.078906 0.022222
5 0.258203 0.808333 0.078906 0.025000
5 0.258203 0.808333 0.078906 0.025000
5 0.258203 0.808333 0.078906 0.025000
6 0.567969 0.919444 0.103125 0.136111
6 0.468750 0.881944 0.087500 0.133333
6 0.568750 0.803472 0.106250 0.143056
6 0.521875 0.895833 0.076563 0.136111
6 0.892188 0.972917 0.134375 0.051389
6 0.996484 0.996528 0.005469 0.004167
8 0.510938 0.998611 0.004687 0.000000
5 0.570312 0.989583 0.112500 0.018056
8 0.522266 0.986111 0.116406 0.025000
5 0.521875 0.978472 0.104688 0.040278
8 0.669531 0.988194 0.118750 0.020833
5 0.668750 0.980556 0.106250 0.036111
8 0.617188 0.975000 0.110937 0.038889
5 0.616406 0.961111 0.100000 0.038889
8 0.665625 0.998611 0.004687 0.000000
5 0.719531 0.990278 0.101562 0.016667
8 0.909375 0.845833 0.065625 0.036111
5 0.912109 0.829167 0.063281 0.013889
8 0.871875 0.837500 0.067187 0.036111
5 0.871875 0.821528 0.060937 0.015278
8 0.953125 0.854861 0.073438 0.040278
5 0.952734 0.836806 0.064844 0.018056
8 0.980078 0.867361 0.038281 0.045833
5 0.982422 0.847222 0.033594 0.019444
8 0.841016 0.845139 0.035156 0.037500
5 0.839063 0.829167 0.031250 0.016667
8 0.861719 0.857639 0.070312 0.045833
5 0.863281 0.836806 0.065625 0.018056
8 0.903516 0.866667 0.075781 0.047222
5 0.903516 0.845139 0.067969 0.018056
8 0.950000 0.877083 0.079687 0.048611
5 0.950000 0.854861 0.070312 0.020833
0 0.997266 0.899306 0.003906 0.084722
0 0.437500 0.781944 0.098437 0.197222
1 0.983984 0.755556 0.030469 0.105556
2 0.985547 0.769444 0.024219 0.016667
2 0.994141 0.760417 0.010156 0.001389
2 0.985938 0.732639 0.026562 0.034722
2 0.995703 0.779861 0.007031 0.034722
2 0.995313 0.734028 0.007812 0.031944
1 0.942187 0.770833 0.103125 0.125000
2 0.914453 0.722917 0.039844 0.004167
2 0.967578 0.745833 0.041406 0.038889
2 0.961719 0.795139 0.056250 0.043056
2 0.925391 0.725000 0.028906 0.002778
2 0.937891 0.724306 0.022656 0.001389
2 0.941016 0.727778 0.025781 0.002778
2 0.952344 0.725694 0.021875 0.001389
1 0.907813 0.769444 0.104688 0.116667
2 0.873437 0.793056 0.026562 0.038889
2 0.888672 0.773611 0.021094 0.002778
2 0.880469 0.743056 0.040625 0.038889
2 0.933594 0.749306 0.043750 0.040278
2 0.917188 0.798611 0.078125 0.047222
2 0.890625 0.745833 0.028125 0.038889
2 0.903516 0.727083 0.022656 0.001389
2 0.905859 0.748611 0.024219 0.038889
2 0.918750 0.728472 0.020313 0.001389
2 0.617188 0.806944 0.040625 0.050000
2 0.636719 0.781250 0.001563 0.001389
2 0.677734 0.818750 0.078906 0.051389
2 0.737109 0.816667 0.039844 0.044444
2 0.677344 0.777778 0.078125 0.047222
2 0.737109 0.776389 0.039844 0.041667
2 0.676953 0.736806 0.078906 0.048611
2 0.717969 0.733333 0.078125 0.047222