3 0.318359 0.826389 0.636719 0.344444
4 0.212891 0.687500 0.003906 0.041667
4 0.118750 0.673611 0.001563 0.000000
4 0.002734 0.709028 0.005469 0.051389
4 0.123438 0.661806 0.001563 0.023611
4 0.032031 0.677083 0.018750 0.043056
8 0.039453 0.720139 0.033594 0.020833
8 0.542578 0.722917 0.047656 0.018056
5 0.549219 0.663889 0.009375 0.005556
5 0.549219 0.663889 0.009375 0.005556
5 0.549219 0.663889 0.009375 0.005556
5 0.544141 0.656944 0.019531 0.008333
5 0.544141 0.656944 0.019531 0.008333
5 0.544141 0.656944 0.019531 0.008333
5 0.564453 0.664583 0.010156 0.001389
5 0.564453 0.664583 0.010156 0.001389
5 0.564453 0.664583 0.010156 0.001389
5 0.564453 0.659028 0.010156 0.006944
5 0.564453 0.659028 0.010156 0.006944
5 0.564453 0.659028 0.010156 0.006944
5 0.564844 0.650694 0.010937 0.006944
5 0.564844 0.650694 0.010937 0.006944
5 0.564844 0.650694 0.010937 0.006944
6 0.448437 0.663889 0.042188 0.033333
6 0.478906 0.659028 0.009375 0.031944
6 0.449609 0.626389 0.042969 0.052778
6 0.467578 0.661111 0.032031 0.033333
6 0.301563 0.677778 0.021875 0.041667
6 0.280469 0.680556 0.028125 0.041667
7 0.203125 0.808333 0.054688 0.027778
7 0.027734 0.848611 0.055469 0.036111
7 0.121484 0.829861 0.063281 0.031944
7 0.096875 0.688194 0.006250 0.001389
7 0.224609 0.702083 0.013281 0.009722
7 0.629297 0.994444 0.014844 0.008333
7 0.159766 0.656944 0.008594 0.005556
7 0.098437 0.661806 0.015625 0.006944
7 0.123438 0.660417 0.026562 0.006944
8 0.212109 0.704167 0.016406 0.008333
5 0.210547 0.701389 0.013281 0.005556
5 0.373437 0.678472 0.006250 0.001389
5 0.383203 0.677083 0.028906 0.004167
8 0.391797 0.684028 0.039844 0.004167
5 0.390234 0.682639 0.038281 0.006944
8 0.416406 0.682639 0.031250 0.004167
5 0.410938 0.680556 0.037500 0.005556
8 0.385156 0.686111 0.018750 0.002778
5 0.381250 0.684722 0.020313 0.005556
8 0.371094 0.688194 0.001563 0.001389
8 0.625781 0.718056 0.004687 0.005556
5 0.625781 0.710417 0.004687 0.009722
8 0.623437 0.718056 0.000000 0.000000
5 0.624219 0.704167 0.001563 0.000000
8 0.561719 0.720833 0.026562 0.022222
5 0.574609 0.709722 0.000781 0.000000
5 0.625781 0.702083 0.004687 0.004167
8 0.535156 0.735417 0.032813 0.004167
5 0.533203 0.734028 0.028906 0.009722
8 0.560156 0.732639 0.029687 0.009722
5 0.546094 0.729861 0.054688 0.012500
0 0.605078 0.779861 0.061719 0.304167
0 0.332813 0.647917 0.075000 0.098611
0 0.531641 0.659722 0.025781 0.130556
0 0.572656 0.626389 0.004687 0.075000
1 0.335938 0.637500 0.048438 0.058333
1 0.319141 0.631944 0.049219 0.050000
1 0.293359 0.631250 0.035156 0.048611
1 0.289062 0.632639 0.034375 0.051389
1 0.273438 0.631944 0.003125 0.044444
1 0.248438 0.635417 0.046875 0.056944
1 0.213281 0.628472 0.035937 0.051389
1 0.140625 0.643750 0.059375 0.062500
1 0.114062 0.643056 0.046875 0.063889
1 0.008984 0.654167 0.017969 0.075000
1 0.019141 0.655556 0.038281 0.077778
1 0.993750 0.697222 0.001563 0.055556
2 0.547266 0.843056 0.057031 0.072222
2 0.573438 0.775694 0.109375 0.079167
2 0.624609 0.731944 0.007031 0.022222
2 0.467578 0.746528 0.036719 0.040278
2 0.385156 0.763889 0.043750 0.047222
2 0.384766 0.811806 0.044531 0.065278
2 0.467578 0.790278 0.036719 0.058333
2 0.428125 0.754861 0.040625 0.043056
2 0.314453 0.773611 0.096094 0.050000
2 0.314063 0.823611 0.096875 0.069444
2 0.428125 0.800000 0.040625 0.061111
5 0.115234 0.679861 0.049219 0.009722
5 0.108594 0.688889 0.035937 0.008333
5 0.111719 0.694444 0.042188 0.011111
5 0.111719 0.702778 0.042188 0.008333
5 0.111328 0.718056 0.041406 0.008333
5 0.108594 0.710417 0.035937 0.009722
5 0.103125 0.721528 0.025000 0.004167
5 0.092188 0.679167 0.003125 0.005556
5 0.144922 0.697222 0.049219 0.011111
5 0.141797 0.705556 0.042969 0.011111
5 0.127344 0.718056 0.014063 0.002778
5 0.141797 0.712500 0.042969 0.011111
5 0.097266 0.681250 0.007031 0.001389
5 0.100781 0.688889 0.000000 0.000000
5 0.141797 0.691667 0.042969 0.008333
5 0.144922 0.682639 0.049219 0.009722
5 0.183594 0.701389 0.053125 0.011111
5 0.183594 0.707639 0.053125 0.009722
5 0.174219 0.713194 0.034375 0.004167
5 0.183594 0.695139 0.053125 0.009722
5 0.183594 0.686806 0.053125 0.009722
5 0.183594 0.640972 0.053125 0.006944
5 0.183594 0.648611 0.053125 0.008333
5 0.183594 0.665278 0.053125 0.008333
5 0.183594 0.656944 0.053125 0.008333
5 0.183594 0.679861 0.053125 0.009722
5 0.183594 0.671528 0.053125 0.009722
5 0.125781 0.672222 0.023438 0.005556
5 0.183984 0.633333 0.052344 0.008333
5 0.184375 0.625000 0.053125 0.008333