3 0.499609 0.859028 0.999219 0.279167
5 0.251172 0.777083 0.069531 0.029167
5 0.251172 0.777083 0.069531 0.029167
5 0.251172 0.777083 0.069531 0.029167
5 0.251172 0.761806 0.069531 0.029167
5 0.251172 0.761806 0.069531 0.029167
5 0.251172 0.761806 0.069531 0.029167
5 0.251172 0.790278 0.069531 0.027778
5 0.251172 0.790278 0.069531 0.027778
5 0.251172 0.790278 0.069531 0.027778
5 0.345313 0.779861 0.068750 0.026389
5 0.345313 0.779861 0.068750 0.026389
5 0.345313 0.779861 0.068750 0.026389
5 0.345313 0.767361 0.068750 0.026389
5 0.345313 0.767361 0.068750 0.026389
5 0.345313 0.767361 0.068750 0.026389
5 0.345313 0.753472 0.068750 0.026389
5 0.345313 0.753472 0.068750 0.026389
5 0.345313 0.753472 0.068750 0.026389
5 0.344922 0.738889 0.069531 0.027778
5 0.344922 0.738889 0.069531 0.027778
5 0.344922 0.738889 0.069531 0.027778
6 0.522656 0.911111 0.078125 0.113889
6 0.471094 0.856250 0.070312 0.134722
6 0.522656 0.813889 0.078125 0.150000
6 0.494922 0.886111 0.071094 0.144444
8 0.436719 0.986111 0.100000 0.025000
5 0.435937 0.985417 0.090625 0.026389
8 0.596875 0.996528 0.004687 0.004167
5 0.577344 0.996528 0.039062 0.004167
8 0.539453 0.984028 0.100781 0.029167
5 0.538281 0.981250 0.090625 0.034722
8 0.996094 0.823611 0.006250 0.016667
5 0.991797 0.809028 0.014844 0.018056
8 0.933203 0.813889 0.000781 0.022222
5 0.933203 0.795833 0.000781 0.019444
8 0.991797 0.834722 0.014844 0.013889
5 0.991797 0.827778 0.014844 0.019444
8 0.864453 0.821528 0.036719 0.048611
5 0.866406 0.802778 0.034375 0.022222
8 0.880078 0.831250 0.005469 0.034722
5 0.907031 0.815972 0.053125 0.012500
8 0.962891 0.856944 0.060156 0.041667
5 0.960547 0.836111 0.055469 0.019444
8 0.991406 0.873611 0.015625 0.022222
5 0.991406 0.856250 0.015625 0.029167
0 0.991016 0.879861 0.016406 0.237500
0 0.495703 0.732639 0.071094 0.193056
1 0.999219 0.671528 0.000000 0.015278
1 0.991797 0.727778 0.014844 0.127778
2 0.985547 0.734722 0.000781 0.000000
2 0.992188 0.680556 0.014063 0.005556
2 0.992188 0.758333 0.014063 0.044444
2 0.992188 0.706250 0.014063 0.043056
2 0.997266 0.684028 0.003906 0.001389
2 0.994531 0.709722 0.009375 0.038889
2 0.702734 0.745833 0.032031 0.058333
2 0.756641 0.766667 0.074219 0.058333
2 0.818359 0.767361 0.047656 0.045833
2 0.756641 0.726389 0.074219 0.055556
2 0.818359 0.727083 0.047656 0.043056
2 0.757031 0.685417 0.075000 0.056944
2 0.804688 0.681250 0.075000 0.056944