3 0.501953 0.957639 0.994531 0.081944
4 0.440234 0.968056 0.002344 0.047222
4 0.284766 0.967361 0.025781 0.062500
4 0.230078 0.958333 0.002344 0.050000
4 0.155859 0.962500 0.028906 0.066667
4 0.106641 0.959722 0.008594 0.063889
4 0.040234 0.954861 0.027344 0.062500
8 0.714063 0.933333 0.034375 0.025000
8 0.594922 0.921528 0.008594 0.015278
5 0.710938 0.908333 0.039062 0.008333
5 0.710938 0.908333 0.039062 0.008333
5 0.710938 0.908333 0.039062 0.008333
5 0.710938 0.900000 0.039062 0.008333
5 0.710938 0.900000 0.039062 0.008333
5 0.710938 0.900000 0.039062 0.008333
5 0.710938 0.916667 0.039062 0.008333
5 0.710938 0.916667 0.039062 0.008333
5 0.710938 0.916667 0.039062 0.008333
5 0.674219 0.916667 0.035937 0.008333
5 0.674219 0.916667 0.035937 0.008333
5 0.674219 0.916667 0.035937 0.008333
5 0.673438 0.909028 0.034375 0.006944
5 0.673438 0.909028 0.034375 0.006944
5 0.673438 0.909028 0.034375 0.006944
5 0.673438 0.900000 0.034375 0.008333
5 0.673438 0.900000 0.034375 0.008333
5 0.673438 0.900000 0.034375 0.008333
5 0.676172 0.891667 0.039844 0.008333
5 0.676172 0.891667 0.039844 0.008333
5 0.676172 0.891667 0.039844 0.008333
6 0.601562 0.898611 0.023438 0.050000
6 0.627344 0.895833 0.039062 0.047222
6 0.289844 0.945833 0.160938 0.105556
7 0.375391 0.994444 0.041406 0.008333
7 0.955859 0.970833 0.011719 0.016667
7 0.804297 0.963194 0.022656 0.018056
7 0.862500 0.965972 0.028125 0.018056
7 0.371484 0.940972 0.036719 0.012500
7 0.343750 0.938889 0.006250 0.011111
7 0.432031 0.944444 0.035937 0.013889
6 0.066406 0.937500 0.018750 0.069444
6 0.030469 0.944444 0.048438 0.075000
6 0.032813 0.879167 0.048438 0.072222
6 0.081250 0.875694 0.043750 0.068056
6 0.192188 0.884722 0.068750 0.077778
6 0.244922 0.880556 0.044531 0.075000
6 0.190625 0.955556 0.068750 0.080556
6 0.239844 0.947917 0.037500 0.073611
6 0.260156 0.906250 0.043750 0.054167
6 0.241016 0.904861 0.019531 0.051389
6 0.200000 0.901389 0.001563 0.000000
0 0.957422 0.943056 0.083594 0.111111
0 0.109766 0.904861 0.077344 0.151389
0 0.158984 0.907639 0.080469 0.154167
1 0.990625 0.961806 0.017188 0.073611
1 0.988281 0.940972 0.021875 0.115278
1 0.986328 0.938194 0.025781 0.120833
1 0.550391 0.938194 0.108594 0.120833
1 0.566406 0.936111 0.095312 0.125000
1 0.337109 0.931944 0.097656 0.122222
1 0.308594 0.933333 0.101562 0.122222
1 0.199609 0.896528 0.067969 0.076389
2 0.196875 0.915972 0.006250 0.020833
2 0.184375 0.881944 0.032813 0.027778
2 0.226953 0.884722 0.008594 0.013889
2 0.212500 0.914583 0.035937 0.023611
2 0.188281 0.866667 0.001563 0.000000
1 0.128516 0.875000 0.069531 0.041667
2 0.111328 0.878472 0.028906 0.026389
2 0.143750 0.864583 0.020313 0.001389
2 0.153125 0.900000 0.000000 0.000000
2 0.128906 0.865278 0.015625 0.000000
2 0.117969 0.865278 0.000000 0.000000
2 0.145313 0.865278 0.009375 0.000000
1 0.164844 0.879167 0.067187 0.044444
2 0.148828 0.879861 0.032031 0.026389
2 0.188672 0.865278 0.000781 0.000000
2 0.195312 0.901389 0.000000 0.000000
2 0.172656 0.868750 0.009375 0.004167
2 0.179688 0.865972 0.015625 0.001389
2 0.162891 0.865278 0.016406 0.000000
5 0.546875 0.944444 0.037500 0.008333
5 0.546875 0.937500 0.037500 0.008333
5 0.546875 0.924306 0.037500 0.009722
5 0.546875 0.931250 0.037500 0.006944
5 0.469922 0.988889 0.050781 0.016667
5 0.485156 0.995139 0.020313 0.006944
5 0.456250 0.993750 0.035937 0.009722
5 0.412891 0.995833 0.061719 0.005556
5 0.409766 0.989583 0.061719 0.018056