3 0.499609 0.818056 0.999219 0.361111
4 0.012891 0.893750 0.003906 0.079167
4 0.011328 0.746528 0.002344 0.034722
8 0.081641 0.659722 0.030469 0.016667
5 0.024219 0.633333 0.035937 0.008333
5 0.024219 0.633333 0.035937 0.008333
5 0.024219 0.633333 0.035937 0.008333
5 0.023828 0.625000 0.036719 0.011111
5 0.023828 0.625000 0.036719 0.011111
5 0.023828 0.625000 0.036719 0.011111
5 0.024219 0.641667 0.035937 0.008333
5 0.024219 0.641667 0.035937 0.008333
5 0.024219 0.641667 0.035937 0.008333
5 0.002734 0.643750 0.005469 0.006944
5 0.002734 0.643750 0.005469 0.006944
5 0.002734 0.643750 0.005469 0.006944
5 0.002734 0.636806 0.005469 0.006944
5 0.002734 0.636806 0.005469 0.006944
5 0.002734 0.636806 0.005469 0.006944
5 0.002734 0.628472 0.005469 0.006944
5 0.002734 0.628472 0.005469 0.006944
5 0.002734 0.628472 0.005469 0.006944
5 0.002734 0.619444 0.005469 0.008333
5 0.002734 0.619444 0.005469 0.008333
5 0.002734 0.619444 0.005469 0.008333
6 0.100391 0.618056 0.017969 0.044444
6 0.082812 0.590278 0.032813 0.044444
6 0.083203 0.618750 0.033594 0.045833
5 0.767188 0.815972 0.059375 0.034722
5 0.767188 0.815972 0.059375 0.034722
5 0.767188 0.815972 0.059375 0.034722
5 0.772266 0.799306 0.067969 0.037500
5 0.772266 0.799306 0.067969 0.037500
5 0.772266 0.799306 0.067969 0.037500
5 0.767578 0.828472 0.060156 0.031944
5 0.767578 0.828472 0.060156 0.031944
5 0.767578 0.828472 0.060156 0.031944
5 0.845703 0.867361 0.088281 0.034722
5 0.845703 0.867361 0.088281 0.034722
5 0.845703 0.867361 0.088281 0.034722
5 0.871484 0.856944 0.036719 0.025000
5 0.871484 0.856944 0.036719 0.025000
5 0.871484 0.856944 0.036719 0.025000
5 0.851953 0.832639 0.075781 0.040278
5 0.851953 0.832639 0.075781 0.040278
5 0.851953 0.832639 0.075781 0.040278
5 0.847266 0.813889 0.085156 0.038889
5 0.847266 0.813889 0.085156 0.038889
5 0.847266 0.813889 0.085156 0.038889
6 0.334375 0.927778 0.101562 0.141667
6 0.501953 0.895833 0.097656 0.144444
6 0.334375 0.811806 0.101562 0.145833
6 0.421484 0.909722 0.099219 0.150000
7 0.215625 0.886806 0.045312 0.043056
7 0.314453 0.677083 0.025781 0.015278
7 0.358984 0.674306 0.025781 0.012500
7 0.204687 0.685417 0.023438 0.015278
7 0.252734 0.681250 0.024219 0.012500
8 0.012500 0.952778 0.025000 0.077778
5 0.010937 0.929861 0.021875 0.034722
8 0.066797 0.952778 0.049219 0.069444
5 0.063672 0.925694 0.038281 0.040278
8 0.136719 0.932639 0.060937 0.076389
5 0.135937 0.913889 0.053125 0.041667
8 0.207422 0.925694 0.063281 0.081944
5 0.206641 0.904861 0.055469 0.040278
8 0.144141 0.963889 0.066406 0.069444
5 0.142578 0.952083 0.058594 0.048611
8 0.219531 0.958333 0.068750 0.080556
5 0.218750 0.940278 0.060937 0.047222
8 0.067578 0.973611 0.053906 0.050000
5 0.067969 0.965278 0.048438 0.050000
8 0.013281 0.975000 0.021875 0.047222
5 0.009375 0.976389 0.018750 0.044444
0 0.058594 0.940278 0.117188 0.116667
0 0.811328 0.837500 0.180469 0.261111
1 0.493359 0.688889 0.066406 0.116667
1 0.455469 0.693056 0.065625 0.119444
1 0.459766 0.668056 0.061719 0.094444
1 0.423438 0.677778 0.060937 0.111111
1 0.430469 0.655556 0.056250 0.088889
1 0.396484 0.665972 0.055469 0.104167
1 0.424609 0.634028 0.063281 0.084722
1 0.095703 0.714583 0.092969 0.129167
1 0.092188 0.704167 0.089063 0.122222
5 0.011328 0.756944 0.022656 0.013889
5 0.009375 0.763194 0.018750 0.001389
5 0.011328 0.767361 0.022656 0.006944
5 0.012109 0.793750 0.024219 0.015278
5 0.010547 0.802083 0.021094 0.018056
5 0.012109 0.782639 0.024219 0.020833
5 0.010547 0.774306 0.021094 0.020833