3 0.429297 0.826389 0.796094 0.316667
4 0.046094 0.681944 0.010937 0.055556
4 0.052344 0.665972 0.017188 0.040278
8 0.550391 0.694444 0.028906 0.036111
5 0.558984 0.671528 0.011719 0.004167
5 0.558984 0.671528 0.011719 0.004167
5 0.558984 0.671528 0.011719 0.004167
5 0.558594 0.665278 0.010937 0.005556
5 0.558594 0.665278 0.010937 0.005556
5 0.558594 0.665278 0.010937 0.005556
5 0.558594 0.657639 0.010937 0.006944
5 0.558594 0.657639 0.010937 0.006944
5 0.558594 0.657639 0.010937 0.006944
5 0.558203 0.650000 0.011719 0.005556
5 0.558203 0.650000 0.011719 0.005556
5 0.558203 0.650000 0.011719 0.005556
6 0.453125 0.643056 0.039062 0.011111
6 0.488281 0.641667 0.023438 0.011111
6 0.454297 0.617361 0.039844 0.048611
6 0.474219 0.642361 0.037500 0.009722
7 0.052734 0.706250 0.019531 0.006944
7 0.770312 0.809028 0.107813 0.029167
7 0.714844 0.833333 0.131250 0.041667
7 0.533984 0.909028 0.174219 0.065278
7 0.623047 0.869444 0.150781 0.047222
8 0.028516 0.699306 0.013281 0.023611
5 0.027344 0.689583 0.009375 0.006944
8 0.561719 0.686806 0.006250 0.020833
5 0.563281 0.676389 0.003125 0.002778
8 0.550391 0.705556 0.028906 0.030556
5 0.550391 0.689583 0.028906 0.009722
8 0.552734 0.703472 0.024219 0.023611
5 0.553125 0.686806 0.023438 0.006944
0 0.092578 0.657639 0.185156 0.681944
0 0.733203 0.661111 0.188281 0.275000
0 0.526563 0.629167 0.053125 0.102778
0 0.584375 0.628472 0.040625 0.081944
1 0.162500 0.629861 0.020313 0.037500
1 0.154297 0.629861 0.007031 0.037500
1 0.033984 0.647222 0.002344 0.072222
1 0.044531 0.647917 0.025000 0.073611
1 0.825000 0.632639 0.003125 0.037500
2 0.825000 0.632639 0.003125 0.026389
2 0.825391 0.659722 0.002344 0.005556
2 0.825781 0.654167 0.001563 0.000000
1 0.816406 0.630556 0.020313 0.044444
2 0.825781 0.655556 0.001563 0.000000
2 0.825000 0.618056 0.001563 0.000000
2 0.810547 0.632639 0.008594 0.026389
2 0.823438 0.618056 0.000000 0.000000
2 0.809766 0.631944 0.007031 0.027778
2 0.682813 0.729861 0.012500 0.051389
2 0.621094 0.740972 0.110937 0.062500
2 0.620313 0.684722 0.110937 0.061111
2 0.657031 0.677778 0.064062 0.052778
2 0.483984 0.672917 0.089844 0.048611
2 0.442969 0.677778 0.048438 0.052778
2 0.449609 0.727778 0.035156 0.052778
2 0.514453 0.719444 0.028906 0.047222
2 0.458984 0.675000 0.080469 0.050000
2 0.425391 0.679167 0.013281 0.052778
2 0.425391 0.731944 0.013281 0.052778
2 0.483594 0.723611 0.031250 0.050000
2 0.759766 0.663194 0.011719 0.004167
2 0.741016 0.645139 0.013281 0.020833
2 0.758203 0.647917 0.021094 0.023611
2 0.733984 0.622917 0.022656 0.023611
2 0.764844 0.622917 0.021875 0.023611
5 0.163672 0.653472 0.019531 0.006944
5 0.160547 0.661111 0.011719 0.005556
5 0.160547 0.667361 0.011719 0.006944
5 0.160547 0.674306 0.011719 0.006944
5 0.160938 0.688889 0.010937 0.005556
5 0.160547 0.681944 0.011719 0.005556
5 0.160156 0.702778 0.010937 0.005556
5 0.160547 0.694444 0.011719 0.008333
5 0.166797 0.668056 0.013281 0.005556
5 0.166797 0.675000 0.013281 0.005556
5 0.166406 0.689583 0.012500 0.006944
5 0.166406 0.682639 0.012500 0.006944
5 0.166406 0.703472 0.012500 0.006944
5 0.166406 0.696528 0.012500 0.006944
5 0.166797 0.661806 0.013281 0.006944
5 0.166797 0.654167 0.013281 0.005556