3 0.251953 0.646528 0.503906 0.070833
4 0.050391 0.672222 0.019531 0.013889
4 0.000000 0.675000 0.000000 0.013889
8 0.199609 0.626389 0.021094 0.016667
5 0.151953 0.606944 0.019531 0.005556
5 0.151953 0.606944 0.019531 0.005556
5 0.151953 0.606944 0.019531 0.005556
5 0.151562 0.599306 0.020313 0.006944
5 0.151562 0.599306 0.020313 0.006944
5 0.151562 0.599306 0.020313 0.006944
5 0.151953 0.612500 0.019531 0.005556
5 0.151953 0.612500 0.019531 0.005556
5 0.151953 0.612500 0.019531 0.005556
5 0.125781 0.614583 0.007812 0.004167
5 0.125781 0.614583 0.007812 0.004167
5 0.125781 0.614583 0.007812 0.004167
5 0.125391 0.608333 0.007031 0.005556
5 0.125391 0.608333 0.007031 0.005556
5 0.125391 0.608333 0.007031 0.005556
5 0.125391 0.602778 0.007031 0.005556
5 0.125391 0.602778 0.007031 0.005556
5 0.125391 0.602778 0.007031 0.005556
5 0.125000 0.595139 0.007812 0.006944
5 0.125000 0.595139 0.007812 0.006944
5 0.125000 0.595139 0.007812 0.006944
6 0.210156 0.597917 0.021875 0.026389
6 0.219531 0.597917 0.003125 0.026389
6 0.197656 0.570833 0.017188 0.030556
6 0.194922 0.598611 0.011719 0.022222
7 0.296484 0.638889 0.017969 0.002778
7 0.330469 0.636806 0.014063 0.004167
7 0.020313 0.653472 0.014063 0.004167
0 0.683203 0.635417 0.071094 0.012500
1 0.509375 0.625000 0.040625 0.052778
1 0.488281 0.625000 0.031250 0.052778
1 0.488281 0.622222 0.031250 0.061111
1 0.478125 0.625694 0.010937 0.054167
1 0.480859 0.620833 0.016406 0.058333
1 0.481250 0.602083 0.017188 0.054167
1 0.227734 0.638889 0.064844 0.061111
1 0.223438 0.636806 0.062500 0.065278
1 0.041406 0.647222 0.062500 0.066667
1 0.040234 0.650694 0.064844 0.062500
1 0.960156 0.987500 0.039062 0.022222
2 0.921484 0.989583 0.066406 0.018056
2 0.874609 0.993750 0.050781 0.009722
2 0.896875 0.997917 0.010937 0.001389
2 0.842187 0.997222 0.021875 0.002778
2 0.962500 0.981944 0.073438 0.033333
5 0.098047 0.647917 0.008594 0.004167
5 0.098047 0.642361 0.008594 0.006944
5 0.098047 0.632639 0.008594 0.006944
5 0.098047 0.638889 0.008594 0.002778