3 0.499609 0.838889 0.999219 0.319444
4 0.275000 0.665278 0.007812 0.002778
4 0.248047 0.666667 0.000781 0.000000
4 0.207031 0.686111 0.009375 0.030556
4 0.124609 0.688889 0.003906 0.016667
4 0.038672 0.697222 0.028906 0.030556
4 0.002344 0.686806 0.003125 0.048611
8 0.709375 0.696528 0.056250 0.009722
5 0.476172 0.674306 0.024219 0.006944
5 0.476172 0.674306 0.024219 0.006944
5 0.476172 0.674306 0.024219 0.006944
5 0.475391 0.667361 0.022656 0.006944
5 0.475391 0.667361 0.022656 0.006944
5 0.475391 0.667361 0.022656 0.006944
5 0.476172 0.681944 0.024219 0.005556
5 0.476172 0.681944 0.024219 0.005556
5 0.476172 0.681944 0.024219 0.005556
6 0.473438 0.675694 0.023438 0.054167
6 0.483984 0.669444 0.016406 0.038889
6 0.474219 0.626389 0.025000 0.052778
6 0.477344 0.673611 0.029687 0.052778
6 0.391797 0.684028 0.039844 0.062500
6 0.379297 0.688194 0.039844 0.068056
7 0.255469 0.738889 0.056250 0.019444
7 0.237891 0.746528 0.021094 0.018056
7 0.634375 0.770139 0.082812 0.023611
7 0.647266 0.759028 0.075781 0.020833
7 0.592578 0.802083 0.102344 0.029167
7 0.612891 0.786806 0.091406 0.026389
7 0.524609 0.852083 0.125781 0.023611
7 0.572266 0.835417 0.082031 0.037500
7 0.044141 0.700694 0.035156 0.012500
7 0.030078 0.678472 0.003906 0.006944
7 0.042969 0.678472 0.023438 0.006944
6 0.260156 0.895139 0.318750 0.206944
6 0.655859 0.902083 0.260156 0.193056
6 0.542188 0.829167 0.131250 0.230556
6 0.743750 0.800694 0.115625 0.168056
6 0.001563 0.720833 0.003125 0.083333
8 0.002344 0.758333 0.000000 0.022222
5 0.002344 0.738889 0.001563 0.013889
8 0.302734 0.713889 0.041406 0.030556
5 0.314844 0.697917 0.017188 0.006944
8 0.246094 0.713194 0.000000 0.018056
5 0.246094 0.696528 0.000000 0.001389
8 0.417187 0.701389 0.001563 0.002778
5 0.415625 0.679861 0.007812 0.001389
8 0.414062 0.703472 0.001563 0.006944
5 0.417187 0.683333 0.006250 0.005556
8 0.462500 0.686111 0.001563 0.011111
8 0.416016 0.697222 0.008594 0.019444
5 0.416406 0.684722 0.007812 0.005556
8 0.416406 0.700000 0.007812 0.025000
5 0.416406 0.686806 0.007812 0.006944
5 0.738281 0.676389 0.021875 0.000000
8 0.728516 0.683333 0.002344 0.000000
5 0.738281 0.680556 0.021875 0.005556
8 0.728516 0.684722 0.002344 0.000000
5 0.738281 0.681944 0.021875 0.005556
8 0.747656 0.688194 0.004687 0.009722
5 0.738281 0.683333 0.021875 0.005556
8 0.748047 0.696528 0.003906 0.004167
5 0.747656 0.692361 0.004687 0.006944
8 0.721484 0.694444 0.032031 0.005556
5 0.722266 0.692361 0.030469 0.006944
8 0.688672 0.692361 0.027344 0.006944
5 0.687109 0.690972 0.025781 0.006944
8 0.745703 0.687500 0.000781 0.000000
5 0.732422 0.686806 0.010156 0.001389
8 0.703906 0.692361 0.004687 0.006944
5 0.692969 0.688194 0.029687 0.006944
8 0.739062 0.709722 0.014063 0.000000
5 0.738672 0.706250 0.022656 0.006944
8 0.739062 0.707639 0.014063 0.001389
5 0.739844 0.704167 0.020313 0.008333
8 0.728125 0.741667 0.043750 0.030556
5 0.727734 0.715278 0.044531 0.002778
8 0.730078 0.729861 0.039844 0.001389
5 0.730469 0.711806 0.039062 0.004167
8 0.662500 0.734028 0.048438 0.037500
5 0.678906 0.718056 0.009375 0.011111
8 0.662500 0.731944 0.048438 0.036111
5 0.680469 0.713889 0.012500 0.008333
8 0.462891 0.954861 0.217969 0.087500
5 0.460547 0.926389 0.196094 0.063889
8 0.715234 0.957639 0.217969 0.081944
5 0.712500 0.949306 0.198437 0.076389
8 0.734375 0.943750 0.189062 0.106944
5 0.731641 0.906250 0.172656 0.043056
8 0.512109 0.943056 0.185156 0.111111
5 0.526172 0.890278 0.128906 0.055556
0 0.114453 0.736111 0.228906 0.525000
0 0.547656 0.659028 0.032813 0.168056
0 0.603906 0.649306 0.034375 0.129167
0 0.001172 0.666667 0.002344 0.275000
0 0.565625 0.641667 0.035937 0.094444
1 0.241406 0.643056 0.040625 0.047222
1 0.225000 0.652083 0.050000 0.065278
1 0.187891 0.645833 0.044531 0.052778
1 0.180469 0.652083 0.054688 0.065278
1 0.142969 0.638889 0.043750 0.038889
1 0.133984 0.635417 0.053906 0.031944
1 0.056641 0.650000 0.030469 0.061111
1 0.073438 0.654861 0.062500 0.070833
1 0.049609 0.652083 0.049219 0.065278
1 0.990234 0.661111 0.017969 0.086111
2 0.984375 0.674306 0.001563 0.023611
2 0.983984 0.639583 0.002344 0.023611
2 0.994531 0.640278 0.009375 0.025000
2 0.992578 0.675694 0.013281 0.026389
2 0.985938 0.640278 0.001563 0.025000
2 0.988281 0.640278 0.001563 0.025000
1 0.904297 0.660417 0.038281 0.084722
2 0.893750 0.662500 0.014063 0.002778
2 0.910547 0.661111 0.010156 0.000000
2 0.895312 0.639583 0.007812 0.023611
2 0.904297 0.674306 0.032031 0.026389
2 0.896484 0.652778 0.005469 0.000000
1 0.919922 0.665278 0.044531 0.094444
2 0.907813 0.678472 0.015625 0.026389
2 0.919531 0.665278 0.006250 0.000000
2 0.915625 0.640972 0.032813 0.026389
2 0.920703 0.643056 0.035156 0.027778
2 0.919922 0.681250 0.038281 0.029167
2 0.908203 0.640972 0.014844 0.026389
2 0.902344 0.642361 0.001563 0.026389
1 0.864844 0.659722 0.035937 0.083333
2 0.849219 0.663194 0.000000 0.004167
2 0.849219 0.646528 0.000000 0.009722
2 0.854297 0.640278 0.005469 0.025000
2 0.864062 0.667361 0.028125 0.012500
2 0.849219 0.634028 0.000000 0.012500
1 0.875781 0.664583 0.040625 0.093056
2 0.857812 0.678472 0.000000 0.026389
2 0.885938 0.665278 0.006250 0.000000
2 0.872656 0.640972 0.031250 0.026389
2 0.876953 0.642361 0.032031 0.026389
2 0.876172 0.680556 0.035156 0.030556
2 0.865234 0.636111 0.014844 0.016667
2 0.882031 0.627778 0.014063 0.000000
2 0.866406 0.643056 0.015625 0.025000
2 0.882031 0.655556 0.007812 0.000000
2 0.805469 0.665972 0.087500 0.001389
2 0.803906 0.670833 0.098437 0.002778
2 0.804688 0.668056 0.092188 0.002778
2 0.803125 0.704861 0.106250 0.065278
2 0.803906 0.766667 0.106250 0.063889
2 0.692969 0.719444 0.037500 0.047222
2 0.632031 0.718750 0.051562 0.045833
2 0.748828 0.670833 0.002344 0.008333
2 0.737109 0.671528 0.019531 0.006944
2 0.751172 0.671528 0.000781 0.004167
2 0.736719 0.655556 0.020313 0.025000
2 0.766016 0.655556 0.030469 0.025000
2 0.736719 0.631250 0.020313 0.023611
2 0.765625 0.631250 0.031250 0.023611
5 0.233984 0.672222 0.055469 0.008333
5 0.231641 0.680556 0.050781 0.008333
5 0.231641 0.688194 0.050781 0.009722
5 0.231641 0.697222 0.050781 0.008333
5 0.240234 0.713889 0.033594 0.011111
5 0.233203 0.705556 0.047656 0.008333
5 0.242578 0.727083 0.032031 0.004167
5 0.240625 0.721528 0.032813 0.009722
5 0.032031 0.692361 0.010937 0.001389
5 0.285547 0.688889 0.055469 0.008333
5 0.285547 0.697917 0.055469 0.009722
5 0.285547 0.715278 0.055469 0.011111
5 0.285547 0.706250 0.055469 0.009722
5 0.285547 0.731250 0.055469 0.012500
5 0.285547 0.722917 0.055469 0.009722
5 0.048828 0.695139 0.033594 0.006944
5 0.062891 0.701389 0.005469 0.005556
5 0.285547 0.681250 0.055469 0.009722
5 0.285547 0.672222 0.055469 0.008333
5 0.344531 0.689583 0.054688 0.009722
5 0.344141 0.699306 0.055469 0.009722
5 0.343750 0.716667 0.054688 0.011111
5 0.343750 0.707639 0.054688 0.009722
5 0.343750 0.732639 0.054688 0.012500
5 0.343750 0.723611 0.054688 0.011111
5 0.344531 0.681944 0.054688 0.008333
5 0.344531 0.673611 0.054688 0.008333
5 0.344531 0.622917 0.054688 0.006944
5 0.344531 0.631250 0.054688 0.006944
5 0.344531 0.649306 0.054688 0.006944
5 0.344531 0.640278 0.054688 0.008333
5 0.344531 0.665278 0.054688 0.008333
5 0.344531 0.656944 0.054688 0.008333
5 0.072656 0.684722 0.001563 0.005556
5 0.344531 0.614583 0.054688 0.006944
5 0.344531 0.606250 0.054688 0.006944