3 0.499609 0.929861 0.999219 0.137500
5 0.329688 0.864583 0.095312 0.040278
5 0.329688 0.864583 0.095312 0.040278
5 0.329688 0.864583 0.095312 0.040278
5 0.329688 0.844444 0.095312 0.041667
5 0.329688 0.844444 0.095312 0.041667
5 0.329688 0.844444 0.095312 0.041667
5 0.329688 0.883333 0.095312 0.038889
5 0.329688 0.883333 0.095312 0.038889
5 0.329688 0.883333 0.095312 0.038889
5 0.463672 0.888194 0.089844 0.037500
5 0.463672 0.888194 0.089844 0.037500
5 0.463672 0.888194 0.089844 0.037500
5 0.463672 0.869444 0.089844 0.038889
5 0.463672 0.869444 0.089844 0.038889
5 0.463672 0.869444 0.089844 0.038889
5 0.463672 0.850000 0.089844 0.038889
5 0.463672 0.850000 0.089844 0.038889
5 0.463672 0.850000 0.089844 0.038889
5 0.463281 0.827778 0.090625 0.041667
5 0.463281 0.827778 0.090625 0.041667
5 0.463281 0.827778 0.090625 0.041667
6 0.365625 0.998611 0.003125 0.000000
0 0.641797 0.853472 0.089844 0.290278