3 0.499609 0.868750 0.999219 0.259722
4 0.722656 0.947222 0.004687 0.102778
4 0.982812 0.976389 0.032813 0.044444
5 0.120313 0.829861 0.084375 0.026389
5 0.120313 0.829861 0.084375 0.026389
5 0.120313 0.829861 0.084375 0.026389
5 0.120313 0.813889 0.084375 0.027778
5 0.120313 0.813889 0.084375 0.027778
5 0.120313 0.813889 0.084375 0.027778
5 0.119922 0.843750 0.083594 0.026389
5 0.119922 0.843750 0.083594 0.026389
5 0.119922 0.843750 0.083594 0.026389
5 0.206250 0.828472 0.076563 0.023611
5 0.206250 0.828472 0.076563 0.023611
5 0.206250 0.828472 0.076563 0.023611
5 0.206250 0.815278 0.076563 0.022222
5 0.206250 0.815278 0.076563 0.022222
5 0.206250 0.815278 0.076563 0.022222
5 0.206641 0.801389 0.075781 0.022222
5 0.206641 0.801389 0.075781 0.022222
5 0.206641 0.801389 0.075781 0.022222
5 0.206641 0.784722 0.075781 0.025000
5 0.206641 0.784722 0.075781 0.025000
5 0.206641 0.784722 0.075781 0.025000
6 0.606641 0.851389 0.061719 0.102778
6 0.474219 0.832639 0.082812 0.112500
6 0.591406 0.758333 0.092188 0.116667
6 0.516406 0.842361 0.057813 0.118056
6 0.923828 0.922222 0.107031 0.152778
7 0.480859 0.963889 0.094531 0.050000
8 0.787500 0.964583 0.100000 0.068056
5 0.787500 0.938889 0.089063 0.038889
8 0.718750 0.953472 0.096875 0.073611
5 0.718750 0.923611 0.085938 0.036111
8 0.660547 0.940972 0.094531 0.070833
5 0.660156 0.911806 0.084375 0.034722
8 0.602344 0.925694 0.092188 0.068056
5 0.602344 0.898611 0.081250 0.030556
8 0.715625 0.918750 0.087500 0.065278
5 0.715625 0.892361 0.078125 0.029167
8 0.658203 0.906250 0.085156 0.062500
5 0.658203 0.880556 0.075781 0.027778
8 0.771484 0.930556 0.089844 0.069444
5 0.771875 0.902778 0.079687 0.033333
8 0.832031 0.948611 0.079687 0.066667
5 0.834766 0.915972 0.074219 0.034722
8 0.772266 0.793056 0.052344 0.036111
5 0.771875 0.776389 0.046875 0.011111
8 0.735547 0.788194 0.050781 0.034722
5 0.735547 0.772222 0.046094 0.011111
8 0.807422 0.797222 0.053906 0.036111
5 0.807422 0.781250 0.047656 0.012500
8 0.843359 0.804167 0.046094 0.036111
5 0.844922 0.786111 0.042969 0.013889
8 0.703906 0.795833 0.054688 0.036111
5 0.703906 0.779861 0.048438 0.012500
8 0.741406 0.800694 0.054688 0.037500
5 0.741406 0.784722 0.048438 0.013889
8 0.777344 0.805556 0.056250 0.038889
5 0.777344 0.788889 0.050000 0.013889
8 0.818359 0.811111 0.057031 0.038889
5 0.818750 0.793750 0.050000 0.015278
0 0.955859 0.784028 0.086719 0.220833
0 0.394922 0.750694 0.094531 0.176389
1 0.841016 0.707639 0.041406 0.076389
2 0.830469 0.721528 0.014063 0.001389
2 0.835547 0.681944 0.024219 0.005556
2 0.865625 0.687500 0.000000 0.008333
2 0.850781 0.731250 0.025000 0.023611
2 0.846484 0.683333 0.019531 0.005556
2 0.850000 0.679167 0.003125 0.000000
2 0.858594 0.690972 0.014063 0.020833
2 0.861719 0.680556 0.007812 0.000000
1 0.974219 0.704167 0.050000 0.033333
2 0.962500 0.731250 0.012500 0.001389
2 0.960938 0.688194 0.017188 0.006944
2 0.984375 0.734028 0.029687 0.018056
2 0.976562 0.689583 0.015625 0.004167
2 0.984766 0.686111 0.003906 0.000000
2 0.990625 0.693056 0.012500 0.008333
1 0.817187 0.722917 0.078125 0.098611
2 0.792578 0.730556 0.005469 0.002778
2 0.792578 0.687500 0.022656 0.008333
2 0.838672 0.701389 0.027344 0.030556
2 0.824609 0.738889 0.057031 0.033333
2 0.804688 0.699306 0.018750 0.026389
2 0.812500 0.684722 0.015625 0.000000
2 0.817578 0.700694 0.014844 0.029167
2 0.828906 0.686111 0.012500 0.000000
1 0.955859 0.729167 0.086719 0.094444
2 0.931250 0.694444 0.017188 0.008333
2 0.981250 0.709722 0.028125 0.033333
2 0.971094 0.749306 0.050000 0.034722
2 0.948438 0.696528 0.010937 0.006944
2 0.949219 0.691667 0.017188 0.000000
2 0.959375 0.709028 0.020313 0.031944
2 0.967969 0.693056 0.015625 0.000000
1 0.768359 0.726389 0.083594 0.094444
2 0.738672 0.733333 0.011719 0.000000
2 0.744922 0.691667 0.028906 0.002778
2 0.791406 0.709028 0.029687 0.031944
2 0.778906 0.749306 0.056250 0.034722
2 0.753125 0.692361 0.015625 0.001389
2 0.765234 0.690972 0.008594 0.001389
2 0.771875 0.693750 0.020313 0.001389
2 0.778516 0.692361 0.010156 0.001389
1 0.949609 0.734722 0.021094 0.088889
2 0.940234 0.718750 0.030469 0.034722
2 0.937500 0.761111 0.039062 0.033333
2 0.912891 0.700000 0.000781 0.000000
2 0.921094 0.702083 0.017188 0.001389
2 0.926953 0.700694 0.008594 0.001389
1 0.746875 0.727778 0.085938 0.091667
2 0.717578 0.750694 0.019531 0.031944
2 0.727734 0.734028 0.013281 0.001389
2 0.723047 0.709028 0.030469 0.031944
2 0.770312 0.712500 0.031250 0.033333
2 0.755078 0.752778 0.063281 0.036111
2 0.731250 0.710417 0.017188 0.031944
2 0.744141 0.693750 0.011719 0.001389
2 0.748828 0.711806 0.021094 0.031944
2 0.757422 0.695139 0.013281 0.001389
1 0.894531 0.743750 0.095312 0.109722
2 0.858594 0.763889 0.015625 0.033333
2 0.862500 0.745139 0.006250 0.001389
2 0.857812 0.718750 0.015625 0.034722
2 0.925391 0.722917 0.025781 0.037500
2 0.920703 0.759028 0.008594 0.020833
2 0.912891 0.704167 0.000781 0.000000
2 0.506641 0.770833 0.044531 0.041667
2 0.521875 0.749306 0.014063 0.004167
2 0.565234 0.775694 0.071094 0.034722
2 0.611719 0.770833 0.020313 0.027778
2 0.565234 0.741667 0.071094 0.036111
2 0.615234 0.740278 0.027344 0.036111
2 0.564844 0.707639 0.070312 0.040278
2 0.602344 0.704167 0.053125 0.038889