3 0.505078 0.901389 0.988281 0.194444
4 0.534375 0.772917 0.003125 0.076389
4 0.667578 0.783333 0.055469 0.116667
4 0.888281 0.782639 0.081250 0.145833
4 0.094141 0.758333 0.111719 0.430556
4 0.208203 0.721528 0.038281 0.554167
4 0.790625 0.499306 0.095312 0.998611
5 0.246094 0.795139 0.048438 0.009722
5 0.246094 0.795139 0.048438 0.009722
5 0.246094 0.795139 0.048438 0.009722
5 0.246484 0.783333 0.049219 0.011111
5 0.246484 0.783333 0.049219 0.011111
5 0.246484 0.783333 0.049219 0.011111
5 0.245703 0.806944 0.049219 0.011111
5 0.245703 0.806944 0.049219 0.011111
5 0.245703 0.806944 0.049219 0.011111
5 0.314453 0.806250 0.061719 0.009722
5 0.314453 0.806250 0.061719 0.009722
5 0.314453 0.806250 0.061719 0.009722
5 0.314844 0.795139 0.060937 0.009722
5 0.314844 0.795139 0.060937 0.009722
5 0.314844 0.795139 0.060937 0.009722
5 0.314844 0.783333 0.060937 0.011111
5 0.314844 0.783333 0.060937 0.011111
5 0.314844 0.783333 0.060937 0.011111
5 0.315234 0.770833 0.061719 0.011111
5 0.315234 0.770833 0.061719 0.011111
5 0.315234 0.770833 0.061719 0.011111
6 0.545312 0.774306 0.071875 0.090278
6 0.476172 0.775694 0.061719 0.084722
6 0.546094 0.692361 0.073438 0.093056
6 0.512891 0.775694 0.058594 0.087500
6 0.721094 0.772222 0.073438 0.122222
6 0.853125 0.771528 0.056250 0.131944
7 0.784766 0.940972 0.428906 0.115278
7 0.621875 0.835417 0.118750 0.037500
7 0.388672 0.815278 0.082031 0.022222
7 0.557422 0.825694 0.096094 0.026389
6 0.078906 0.562500 0.157812 0.872222
6 0.080078 0.222917 0.160156 0.445833
8 0.917578 0.813889 0.085156 0.066667
5 0.919531 0.783333 0.076563 0.013889
8 0.886328 0.814583 0.117969 0.070833
5 0.883594 0.783333 0.114062 0.013889
8 0.607812 0.799306 0.087500 0.037500
5 0.608594 0.783333 0.081250 0.011111
8 0.572266 0.798611 0.085156 0.036111
5 0.572656 0.783333 0.071875 0.008333
8 0.539844 0.804167 0.081250 0.044444
5 0.524609 0.783333 0.044531 0.008333
8 0.509375 0.803472 0.078125 0.043056
5 0.487500 0.783333 0.028125 0.008333
8 0.608594 0.806250 0.078125 0.023611
8 0.575781 0.803472 0.073438 0.018056
8 0.626953 0.805556 0.049219 0.022222
5 0.633594 0.785417 0.000000 0.004167
8 0.667188 0.803472 0.057813 0.045833
5 0.658984 0.779167 0.017969 0.002778
8 0.839063 0.802778 0.018750 0.008333
8 0.843359 0.803472 0.022656 0.006944
5 0.846484 0.784028 0.002344 0.001389
8 0.837109 0.803472 0.005469 0.006944
8 0.841406 0.797222 0.026562 0.019444
5 0.833594 0.784028 0.000000 0.001389
8 0.907813 0.818056 0.000000 0.000000
0 0.905469 0.723611 0.107813 0.197222
0 0.455078 0.737500 0.061719 0.147222
1 0.957812 0.755556 0.000000 0.000000
1 0.853125 0.759028 0.054688 0.095833
1 0.946484 0.710417 0.002344 0.006944
1 0.850000 0.743056 0.046875 0.063889
2 0.844531 0.735417 0.017188 0.029167
2 0.837891 0.776389 0.022656 0.027778
2 0.830859 0.736806 0.010156 0.029167
1 0.927734 0.710417 0.024219 0.009722
2 0.919531 0.716667 0.003125 0.000000
2 0.942969 0.718056 0.009375 0.005556
2 0.957031 0.730556 0.000000 0.000000
2 0.601172 0.792361 0.032031 0.031944
2 0.642578 0.792361 0.050781 0.031944
2 0.642578 0.759722 0.050781 0.033333
2 0.642188 0.727778 0.050000 0.033333
2 0.698438 0.716667 0.028125 0.008333
5 0.984375 0.709722 0.029687 0.019444
5 0.984766 0.729167 0.028906 0.016667
5 0.985156 0.747222 0.028125 0.019444
5 0.985156 0.768056 0.028125 0.019444
5 0.985938 0.808333 0.026562 0.016667
5 0.985547 0.788194 0.027344 0.018056
5 0.986719 0.847222 0.025000 0.019444
5 0.986328 0.826389 0.025781 0.019444