3 0.475391 0.834028 0.950781 0.329167
8 0.837500 0.758333 0.062500 0.050000
6 0.663672 0.907639 0.100781 0.137500
6 0.492578 0.921528 0.099219 0.151389
6 0.663672 0.797917 0.100781 0.137500
6 0.578906 0.912500 0.100000 0.147222
7 0.751563 0.682639 0.004687 0.015278
7 0.799609 0.680556 0.027344 0.013889
7 0.883984 0.675000 0.021094 0.013889
7 0.851562 0.677083 0.034375 0.015278
7 0.654687 0.686806 0.029687 0.015278
7 0.696094 0.684028 0.026562 0.015278
7 0.594922 0.689583 0.028906 0.015278
7 0.554297 0.693056 0.017969 0.016667
8 0.919922 0.959722 0.060156 0.077778
5 0.923047 0.938889 0.053906 0.044444
8 0.883203 0.963194 0.096094 0.070833
5 0.883984 0.946528 0.085156 0.045833
8 0.823047 0.964583 0.077344 0.068056
5 0.821094 0.952778 0.073438 0.047222
8 0.833594 0.927083 0.085938 0.076389
5 0.834375 0.908333 0.076563 0.038889
8 0.770312 0.931944 0.082812 0.069444
5 0.771094 0.913194 0.073438 0.037500
8 0.885156 0.910417 0.087500 0.054167
5 0.886328 0.901389 0.077344 0.038889
8 0.925391 0.918750 0.049219 0.073611
5 0.928516 0.896528 0.042969 0.037500
8 0.423047 0.771528 0.035156 0.045833
5 0.422266 0.755556 0.033594 0.016667
8 0.367578 0.774306 0.024219 0.043056
5 0.369141 0.758333 0.021094 0.016667
8 0.458594 0.768750 0.042188 0.043056
5 0.458984 0.754861 0.036719 0.018056
8 0.501563 0.767361 0.043750 0.043056
5 0.501953 0.752083 0.038281 0.018056
8 0.370312 0.791667 0.018750 0.047222
5 0.371875 0.776389 0.015625 0.019444
8 0.428906 0.788194 0.043750 0.048611
5 0.429688 0.772917 0.039062 0.020833
8 0.469141 0.785417 0.044531 0.045833
5 0.469922 0.770139 0.039844 0.020833
8 0.514844 0.781944 0.045312 0.047222
5 0.515625 0.768056 0.040625 0.019444
8 0.670312 0.751389 0.018750 0.019444
5 0.681641 0.745833 0.038281 0.013889
8 0.662500 0.745833 0.029687 0.027778
5 0.671094 0.736111 0.043750 0.013889
8 0.685547 0.766667 0.019531 0.033333
5 0.689844 0.755556 0.023438 0.013889
8 0.696484 0.778472 0.007031 0.034722
5 0.697266 0.764583 0.007031 0.009722
8 0.578125 0.763889 0.048438 0.041667
5 0.579297 0.749306 0.042969 0.018056
8 0.608203 0.761111 0.028906 0.041667
5 0.618750 0.746528 0.042188 0.018056
8 0.647266 0.772917 0.058594 0.040278
5 0.646484 0.756944 0.052344 0.013889
8 0.659766 0.783333 0.057031 0.041667
5 0.662109 0.769444 0.052344 0.016667
8 0.881641 0.745833 0.030469 0.038889
5 0.889453 0.731944 0.039844 0.016667
8 0.855078 0.747222 0.052344 0.038889
5 0.855859 0.733333 0.046094 0.016667
8 0.950781 0.722222 0.000000 0.000000
0 0.950781 0.626389 0.001563 0.047222
0 0.769141 0.738889 0.139844 0.186111
0 0.178906 0.838194 0.200000 0.268056
1 0.296875 0.663194 0.068750 0.095833
2 0.267578 0.682639 0.002344 0.023611
2 0.266406 0.663889 0.000000 0.000000
2 0.273828 0.640972 0.014844 0.029167
2 0.325391 0.631250 0.007031 0.012500
2 0.289062 0.633333 0.015625 0.011111
2 0.287891 0.627083 0.014844 0.001389
2 0.303125 0.633333 0.010937 0.011111
2 0.302344 0.627083 0.012500 0.001389
1 0.432422 0.652083 0.055469 0.081944
2 0.407813 0.672917 0.006250 0.026389
2 0.406250 0.658333 0.003125 0.000000
2 0.408594 0.636806 0.007812 0.029167
2 0.447656 0.627083 0.018750 0.012500
2 0.419141 0.628472 0.016406 0.009722
2 0.416797 0.622222 0.014844 0.000000
2 0.434375 0.628472 0.015625 0.009722
2 0.432031 0.621528 0.014063 0.001389
1 0.303906 0.679861 0.075000 0.104167
2 0.271484 0.695833 0.002344 0.025000
2 0.269531 0.700000 0.000000 0.019444
2 0.278125 0.656944 0.017188 0.033333
2 0.330078 0.647222 0.016406 0.016667
2 0.295312 0.649306 0.017188 0.015278
2 0.294141 0.640972 0.016406 0.001389
2 0.306250 0.648611 0.004687 0.013889
2 0.305859 0.640278 0.005469 0.000000
1 0.442969 0.672917 0.075000 0.101389
2 0.421875 0.691667 0.015625 0.030556
2 0.416797 0.688194 0.016406 0.029167
2 0.418750 0.651389 0.020313 0.033333
2 0.466797 0.640972 0.021094 0.015278
2 0.431250 0.690278 0.000000 0.000000
2 0.436719 0.643056 0.017188 0.013889
2 0.432812 0.635417 0.015625 0.001389
2 0.452344 0.642361 0.018750 0.012500
2 0.449219 0.634028 0.015625 0.001389
1 0.312500 0.701389 0.082812 0.116667
2 0.284766 0.662500 0.019531 0.011111
2 0.339844 0.659028 0.021875 0.006944
2 0.301563 0.662500 0.014063 0.005556
2 0.300391 0.658333 0.014844 0.002778
2 0.327344 0.660417 0.009375 0.004167
2 0.326562 0.656944 0.007812 0.002778
1 0.464844 0.691667 0.082812 0.108333
2 0.435156 0.713889 0.007812 0.033333
2 0.432422 0.709722 0.010156 0.033333
2 0.438281 0.668750 0.023438 0.037500
2 0.491016 0.652083 0.022656 0.006944
2 0.457813 0.654861 0.020313 0.004167
2 0.454297 0.651389 0.017969 0.002778
2 0.475391 0.654167 0.019531 0.002778
2 0.471484 0.650694 0.019531 0.001389
1 0.316797 0.711111 0.086719 0.122222
2 0.288281 0.734028 0.018750 0.037500
2 0.286328 0.727083 0.019531 0.029167
2 0.287500 0.685417 0.020313 0.040278
2 0.345313 0.682639 0.021875 0.040278
2 0.326953 0.730556 0.060156 0.041667
2 0.302734 0.686111 0.011719 0.036111
2 0.302344 0.665972 0.012500 0.001389
2 0.329297 0.684722 0.014844 0.036111
2 0.328125 0.665278 0.012500 0.002778
1 0.475000 0.702083 0.085938 0.115278
2 0.449609 0.723611 0.021094 0.036111
2 0.445312 0.720139 0.020313 0.034722
2 0.447266 0.677083 0.024219 0.037500
2 0.501953 0.674306 0.024219 0.037500
2 0.484766 0.720139 0.060156 0.040278
2 0.467969 0.677778 0.020313 0.036111
2 0.463281 0.658333 0.018750 0.002778
2 0.485547 0.677083 0.021094 0.034722
2 0.481250 0.657639 0.020313 0.001389
2 0.923047 0.693750 0.055469 0.037500
2 0.923047 0.664583 0.055469 0.037500
2 0.924219 0.754167 0.053125 0.050000
2 0.938672 0.767361 0.024219 0.051389
2 0.108203 0.813889 0.071094 0.063889
2 0.119922 0.793750 0.077344 0.054167
2 0.198828 0.812500 0.078906 0.050000
2 0.198828 0.767361 0.078906 0.048611
2 0.198828 0.718750 0.078906 0.056944
2 0.200781 0.685417 0.075000 0.012500