3 0.499609 0.850694 0.999219 0.295833
4 0.346484 0.770833 0.008594 0.066667
4 0.315234 0.807639 0.025781 0.070833
4 0.282813 0.861111 0.028125 0.097222
4 0.271484 0.898611 0.008594 0.102778
4 0.239063 0.937500 0.035937 0.122222
4 0.218359 0.981250 0.005469 0.034722
4 0.182031 0.989583 0.012500 0.018056
8 0.312500 0.936111 0.079687 0.086111
8 0.932813 0.814583 0.087500 0.034722
5 0.402344 0.694444 0.039062 0.008333
5 0.402344 0.694444 0.039062 0.008333
5 0.402344 0.694444 0.039062 0.008333
5 0.402344 0.683333 0.039062 0.011111
5 0.402344 0.683333 0.039062 0.011111
5 0.402344 0.683333 0.039062 0.011111
5 0.402344 0.702778 0.039062 0.008333
5 0.402344 0.702778 0.039062 0.008333
5 0.402344 0.702778 0.039062 0.008333
5 0.463281 0.700694 0.040625 0.009722
5 0.463281 0.700694 0.040625 0.009722
5 0.463281 0.700694 0.040625 0.009722
5 0.454688 0.693056 0.023438 0.011111
5 0.454688 0.693056 0.023438 0.011111
5 0.454688 0.693056 0.023438 0.011111
5 0.463281 0.683333 0.040625 0.011111
5 0.463281 0.683333 0.040625 0.011111
5 0.463281 0.683333 0.040625 0.011111
5 0.463281 0.674306 0.040625 0.009722
5 0.463281 0.674306 0.040625 0.009722
5 0.463281 0.674306 0.040625 0.009722
6 0.483594 0.728472 0.032813 0.059722
6 0.483203 0.709722 0.027344 0.058333
6 0.485156 0.669444 0.035937 0.072222
6 0.483203 0.717361 0.027344 0.062500
6 0.451172 0.779167 0.063281 0.088889
6 0.467187 0.801389 0.073438 0.108333
7 0.452734 0.976389 0.097656 0.041667
7 0.090625 0.973611 0.071875 0.050000
7 0.192969 0.860417 0.048438 0.037500
7 0.326953 0.765278 0.053906 0.016667
7 0.292969 0.819444 0.067187 0.022222
8 0.408594 0.998611 0.003125 0.000000
5 0.375391 0.997917 0.061719 0.001389
8 0.411719 0.862500 0.045312 0.061111
5 0.413672 0.843750 0.041406 0.026389
8 0.346875 0.871528 0.037500 0.034722
5 0.354687 0.843056 0.021875 0.022222
8 0.395703 0.789583 0.046094 0.029167
5 0.400391 0.773611 0.036719 0.013889
8 0.400391 0.768750 0.036719 0.020833
5 0.400391 0.761111 0.036719 0.008333
8 0.382031 0.759028 0.000000 0.001389
5 0.400781 0.753472 0.035937 0.006944
8 0.407031 0.748611 0.023438 0.000000
5 0.404297 0.745139 0.028906 0.006944
8 0.490234 0.754861 0.002344 0.006944
5 0.485547 0.753472 0.005469 0.006944
8 0.491016 0.750694 0.003906 0.015278
5 0.486328 0.747222 0.007031 0.011111
8 0.490234 0.772222 0.003906 0.016667
5 0.486328 0.762500 0.007031 0.008333
8 0.487109 0.789583 0.008594 0.040278
5 0.485547 0.774306 0.005469 0.012500
8 0.827344 0.734722 0.010937 0.025000
5 0.844922 0.722222 0.044531 0.008333
8 0.812500 0.715972 0.001563 0.006944
5 0.839063 0.716667 0.034375 0.008333
8 0.857031 0.738889 0.051562 0.027778
5 0.856641 0.728472 0.046094 0.009722
8 0.868750 0.742361 0.053125 0.020833
5 0.867969 0.735417 0.048438 0.009722
8 0.786719 0.729861 0.043750 0.026389
5 0.785547 0.715278 0.041406 0.008333
8 0.792188 0.732639 0.043750 0.029167
5 0.792969 0.721528 0.042188 0.006944
8 0.807813 0.740972 0.043750 0.023611
5 0.806250 0.727778 0.040625 0.008333
8 0.814063 0.746528 0.051562 0.031944
5 0.813281 0.734722 0.046875 0.011111
8 0.912109 0.787500 0.046094 0.044444
5 0.913281 0.772917 0.043750 0.018056
8 0.962891 0.788889 0.055469 0.044444
5 0.966016 0.773611 0.041406 0.016667
8 0.875391 0.788889 0.050781 0.044444
5 0.874219 0.773611 0.045312 0.016667
8 0.830469 0.790972 0.043750 0.037500
5 0.828906 0.772917 0.040625 0.018056
8 0.886328 0.750000 0.058594 0.011111
5 0.885938 0.748611 0.053125 0.011111
8 0.903906 0.771528 0.060937 0.037500
5 0.903516 0.757639 0.055469 0.012500
8 0.858203 0.775000 0.047656 0.041667
5 0.857031 0.759722 0.042188 0.013889
8 0.831250 0.776389 0.009375 0.027778
5 0.814844 0.757639 0.035937 0.012500
8 0.987891 0.825000 0.021094 0.011111
5 0.989844 0.824306 0.018750 0.012500
8 0.994922 0.922222 0.008594 0.050000
5 0.996875 0.902778 0.004687 0.013889
8 0.981641 0.909028 0.035156 0.065278
5 0.983594 0.886111 0.031250 0.022222
0 0.792578 0.806944 0.099219 0.266667
0 0.730859 0.727083 0.061719 0.184722
0 0.542969 0.663889 0.034375 0.119444
1 0.104297 0.673611 0.072656 0.088889
1 0.092969 0.678472 0.075000 0.090278
1 0.035937 0.674306 0.071875 0.087500
1 0.029687 0.678472 0.059375 0.090278
1 0.002734 0.666667 0.005469 0.072222
1 0.953906 0.683333 0.062500 0.088889
2 0.927734 0.689583 0.005469 0.001389
2 0.937109 0.649306 0.024219 0.001389
2 0.963672 0.659722 0.036719 0.011111
2 0.940234 0.697222 0.017969 0.016667
2 0.940234 0.651389 0.017969 0.002778
2 0.954297 0.650000 0.014844 0.000000
2 0.947266 0.652778 0.003906 0.000000
2 0.966406 0.652778 0.012500 0.000000
1 0.991797 0.659722 0.014844 0.013889
2 0.992188 0.711806 0.006250 0.001389
2 0.993359 0.666667 0.011719 0.002778
2 0.997656 0.712500 0.003125 0.002778
2 0.997656 0.668750 0.003125 0.004167
1 0.908594 0.689583 0.053125 0.101389
2 0.892578 0.700694 0.016406 0.029167
2 0.900391 0.662500 0.032031 0.027778
2 0.918359 0.668750 0.033594 0.029167
2 0.912891 0.706250 0.044531 0.034722
2 0.898047 0.664583 0.016406 0.029167
2 0.913281 0.650000 0.014063 0.000000
2 0.905078 0.667361 0.017969 0.029167
2 0.922656 0.652778 0.015625 0.000000
1 0.972266 0.709722 0.053906 0.113889
2 0.947656 0.723611 0.004687 0.033333
2 0.964063 0.681250 0.037500 0.031944
2 0.982031 0.688889 0.034375 0.033333
2 0.974219 0.730556 0.050000 0.041667
2 0.959766 0.681944 0.021094 0.030556
2 0.981250 0.668056 0.014063 0.000000
2 0.969922 0.686111 0.019531 0.033333
2 0.989453 0.670833 0.017969 0.000000
2 0.965625 0.866667 0.067187 0.080556
2 0.907031 0.866667 0.092188 0.080556
2 0.712500 0.694444 0.007812 0.027778
2 0.737891 0.704861 0.041406 0.034722
2 0.778906 0.709028 0.039062 0.026389
2 0.737891 0.676389 0.041406 0.033333
2 0.778906 0.675694 0.039062 0.029167
2 0.737891 0.647917 0.041406 0.031944
2 0.776953 0.647917 0.042969 0.031944
5 0.348828 0.831250 0.066406 0.026389
5 0.348828 0.844444 0.066406 0.027778
5 0.348828 0.855556 0.066406 0.027778
5 0.348828 0.868056 0.066406 0.027778
5 0.348828 0.894444 0.066406 0.030556
5 0.348828 0.881250 0.066406 0.029167
5 0.348438 0.918750 0.065625 0.029167
5 0.348438 0.906944 0.065625 0.027778
5 0.432031 0.856250 0.065625 0.026389
5 0.432031 0.868056 0.065625 0.027778
5 0.432031 0.893750 0.065625 0.029167
5 0.432031 0.881250 0.065625 0.029167
5 0.432031 0.918056 0.065625 0.030556
5 0.432031 0.906250 0.065625 0.029167
5 0.432031 0.843750 0.065625 0.026389
5 0.432031 0.831250 0.065625 0.026389
5 0.527344 0.856250 0.064062 0.026389
5 0.527344 0.868056 0.064062 0.027778
5 0.527734 0.894444 0.064844 0.027778
5 0.527344 0.881250 0.064062 0.029167
5 0.527734 0.918750 0.064844 0.029167
5 0.527734 0.906250 0.064844 0.026389
5 0.004687 0.792361 0.009375 0.012500
5 0.005078 0.801389 0.010156 0.013889
5 0.527344 0.843750 0.064062 0.026389
5 0.527344 0.831944 0.064062 0.025000
5 0.527344 0.756944 0.064062 0.022222
5 0.527344 0.771528 0.064062 0.020833
5 0.527344 0.795833 0.064062 0.025000
5 0.527344 0.784722 0.064062 0.019444
5 0.527344 0.819444 0.064062 0.025000
5 0.527344 0.806944 0.064062 0.025000
5 0.004687 0.783333 0.009375 0.011111
5 0.005078 0.775694 0.010156 0.012500
5 0.527344 0.746528 0.064062 0.020833
5 0.527344 0.732639 0.064062 0.020833