3 0.499609 0.850000 0.999219 0.297222
4 0.762500 0.955556 0.004687 0.086111
5 0.104297 0.827778 0.085156 0.030556
5 0.104297 0.827778 0.085156 0.030556
5 0.104297 0.827778 0.085156 0.030556
5 0.104688 0.811111 0.084375 0.033333
5 0.104688 0.811111 0.084375 0.033333
5 0.104688 0.811111 0.084375 0.033333
5 0.104297 0.843056 0.085156 0.030556
5 0.104297 0.843056 0.085156 0.030556
5 0.104297 0.843056 0.085156 0.030556
5 0.179297 0.818750 0.060156 0.020833
5 0.179297 0.818750 0.060156 0.020833
5 0.179297 0.818750 0.060156 0.020833
5 0.179297 0.805556 0.060156 0.022222
5 0.179297 0.805556 0.060156 0.022222
5 0.179297 0.805556 0.060156 0.022222
5 0.179297 0.793750 0.060156 0.018056
5 0.179297 0.793750 0.060156 0.018056
5 0.179297 0.793750 0.060156 0.018056
5 0.179688 0.776389 0.060937 0.022222
5 0.179688 0.776389 0.060937 0.022222
5 0.179688 0.776389 0.060937 0.022222
6 0.599219 0.851389 0.089063 0.102778
6 0.475391 0.829167 0.082031 0.113889
6 0.598828 0.760417 0.089844 0.115278
6 0.529687 0.840278 0.075000 0.119444
6 0.940625 0.925694 0.093750 0.145833
7 0.517578 0.974306 0.086719 0.048611
8 0.815234 0.962500 0.089844 0.072222
5 0.815625 0.947222 0.079687 0.044444
8 0.744922 0.959028 0.088281 0.076389
5 0.745313 0.929861 0.078125 0.040278
8 0.685547 0.946528 0.086719 0.073611
5 0.685547 0.918750 0.077344 0.037500
8 0.624609 0.930556 0.085156 0.069444
5 0.624609 0.904167 0.075781 0.036111
8 0.729688 0.916667 0.081250 0.061111
5 0.729688 0.893750 0.071875 0.034722
8 0.671094 0.900694 0.079687 0.051389
5 0.671094 0.881250 0.070312 0.031944
8 0.786719 0.929167 0.081250 0.063889
5 0.787109 0.904167 0.072656 0.036111
8 0.853516 0.941667 0.082031 0.083333
5 0.854297 0.918750 0.074219 0.037500
8 0.737109 0.769444 0.049219 0.036111
5 0.737500 0.754167 0.043750 0.013889
8 0.700781 0.763889 0.048438 0.036111
5 0.700391 0.750000 0.042969 0.013889
8 0.771875 0.772222 0.050000 0.033333
5 0.772266 0.757639 0.044531 0.015278
8 0.809375 0.781250 0.045312 0.034722
5 0.810547 0.763194 0.041406 0.015278
8 0.673438 0.773611 0.051562 0.036111
5 0.673438 0.757639 0.045312 0.015278
8 0.710938 0.778472 0.051562 0.037500
5 0.711328 0.763194 0.046094 0.015278
8 0.746875 0.783333 0.051562 0.038889
5 0.746875 0.767361 0.046875 0.015278
8 0.787500 0.789583 0.053125 0.040278
5 0.787891 0.773611 0.046094 0.016667
5 0.997266 0.787500 0.003906 0.008333
5 0.997266 0.778472 0.003906 0.006944
5 0.997266 0.797222 0.003906 0.011111
8 0.997266 0.821528 0.003906 0.004167
5 0.978906 0.810417 0.040625 0.018056
8 0.873437 0.790972 0.021875 0.031944
5 0.877344 0.772917 0.023438 0.015278
8 0.955859 0.779861 0.002344 0.009722
5 0.950000 0.777083 0.009375 0.006944
8 0.958203 0.798611 0.000781 0.002778
5 0.957422 0.792361 0.000781 0.006944
8 0.881250 0.804861 0.001563 0.018056
5 0.882812 0.795139 0.000000 0.001389
0 0.940625 0.774306 0.117188 0.212500
0 0.369531 0.740278 0.115625 0.177778
1 0.798438 0.676389 0.065625 0.077778
2 0.769141 0.690278 0.002344 0.000000
2 0.777734 0.650000 0.019531 0.008333
2 0.820312 0.662500 0.021875 0.027778
2 0.795312 0.695139 0.025000 0.026389
2 0.789844 0.652083 0.017188 0.006944
2 0.796484 0.647222 0.016406 0.000000
2 0.803125 0.661806 0.015625 0.026389
2 0.810937 0.647917 0.010937 0.001389
1 0.927734 0.688889 0.075781 0.091667
2 0.906250 0.701389 0.000000 0.000000
2 0.901172 0.657639 0.017969 0.009722
2 0.951172 0.670833 0.021094 0.030556
2 0.951562 0.706944 0.021875 0.030556
2 0.908984 0.659028 0.002344 0.006944
2 0.941406 0.656944 0.001563 0.000000
2 0.943359 0.655556 0.005469 0.000000
1 0.766016 0.690972 0.074219 0.095833
2 0.743359 0.658333 0.024219 0.011111
2 0.787500 0.671528 0.025000 0.029167
2 0.776172 0.706944 0.049219 0.033333
2 0.753516 0.660417 0.014844 0.009722
2 0.761719 0.654861 0.010937 0.001389
2 0.769531 0.670833 0.018750 0.027778
2 0.776563 0.656250 0.017188 0.001389
1 0.900000 0.700000 0.081250 0.097222
2 0.874219 0.667361 0.023438 0.012500
2 0.903906 0.709722 0.004687 0.013889
2 0.887109 0.669444 0.017969 0.011111
2 0.893750 0.663194 0.014063 0.001389
2 0.902734 0.679861 0.014844 0.029167
2 0.905859 0.663889 0.008594 0.000000
1 0.724219 0.700694 0.079687 0.098611
2 0.700781 0.664583 0.026562 0.004167
2 0.746875 0.681944 0.026562 0.033333
2 0.746875 0.721528 0.028125 0.034722
2 0.712891 0.666667 0.021094 0.002778
2 0.720313 0.664583 0.018750 0.001389
2 0.727734 0.667361 0.021094 0.001389
2 0.734375 0.665278 0.018750 0.000000
1 0.865625 0.711111 0.087500 0.094444
2 0.838672 0.673611 0.027344 0.002778
2 0.891797 0.693056 0.027344 0.036111
2 0.894531 0.735417 0.021875 0.034722
2 0.856250 0.676389 0.015625 0.002778
2 0.859375 0.673611 0.020313 0.002778
2 0.870703 0.677778 0.021094 0.002778
2 0.876563 0.674306 0.020313 0.001389
1 0.705469 0.706250 0.082812 0.101389
2 0.677344 0.724306 0.018750 0.031944
2 0.685547 0.706944 0.019531 0.002778
2 0.682031 0.682639 0.028125 0.031944
2 0.728516 0.686111 0.028906 0.033333
2 0.713672 0.726389 0.060156 0.038889
2 0.693750 0.684722 0.021875 0.030556
2 0.701562 0.668750 0.018750 0.001389
2 0.709375 0.686111 0.021875 0.030556
2 0.716016 0.668750 0.019531 0.001389
1 0.850391 0.721528 0.089844 0.115278
2 0.819922 0.738194 0.022656 0.034722
2 0.824219 0.719444 0.014063 0.002778
2 0.819922 0.693750 0.022656 0.034722
2 0.877344 0.698611 0.028125 0.036111
2 0.859766 0.741667 0.064844 0.041667
2 0.828906 0.695833 0.004687 0.033333
2 0.850391 0.678472 0.003906 0.001389
2 0.857422 0.697917 0.017969 0.034722
2 0.862109 0.679861 0.017969 0.001389
2 0.475000 0.748611 0.046875 0.044444
2 0.489063 0.724306 0.018750 0.006944
2 0.532813 0.757639 0.067187 0.043056
2 0.532813 0.722917 0.067187 0.040278
2 0.533203 0.685417 0.067969 0.043056
2 0.546875 0.663194 0.040625 0.006944