3 0.499609 0.834722 0.999219 0.327778
4 0.301953 0.775694 0.008594 0.062500
4 0.231250 0.813889 0.004687 0.069444
4 0.206641 0.834722 0.002344 0.044444
4 0.156250 0.878472 0.020313 0.090278
4 0.112500 0.925694 0.012500 0.095833
4 0.038672 0.954167 0.016406 0.088889
8 0.133594 0.961111 0.090625 0.075000
8 0.844531 0.867361 0.081250 0.051389
5 0.443750 0.677083 0.042188 0.012500
5 0.443750 0.677083 0.042188 0.012500
5 0.443750 0.677083 0.042188 0.012500
5 0.443750 0.667361 0.042188 0.012500
5 0.443750 0.667361 0.042188 0.012500
5 0.443750 0.667361 0.042188 0.012500
5 0.443750 0.684722 0.042188 0.011111
5 0.443750 0.684722 0.042188 0.011111
5 0.443750 0.684722 0.042188 0.011111
5 0.503125 0.687500 0.040625 0.011111
5 0.503125 0.687500 0.040625 0.011111
5 0.503125 0.687500 0.040625 0.011111
5 0.503125 0.679167 0.040625 0.011111
5 0.503125 0.679167 0.040625 0.011111
5 0.503125 0.679167 0.040625 0.011111
5 0.502734 0.670139 0.041406 0.012500
5 0.502734 0.670139 0.041406 0.012500
5 0.502734 0.670139 0.041406 0.012500
5 0.502734 0.660417 0.041406 0.012500
5 0.502734 0.660417 0.041406 0.012500
5 0.502734 0.660417 0.041406 0.012500
6 0.467187 0.732639 0.040625 0.076389
6 0.485156 0.709722 0.037500 0.069444
6 0.468359 0.672222 0.044531 0.075000
6 0.477734 0.721528 0.038281 0.073611
6 0.382812 0.794444 0.068750 0.094444
6 0.382422 0.818750 0.060156 0.104167
7 0.218359 0.998611 0.000781 0.000000
7 0.112891 0.867361 0.050781 0.040278
7 0.312109 0.761806 0.053906 0.018056
7 0.233984 0.824306 0.066406 0.023611
8 0.313281 0.877083 0.017188 0.043056
5 0.298438 0.861806 0.042188 0.018056
8 0.248828 0.867361 0.039844 0.029167
5 0.246484 0.860417 0.035156 0.020833
5 0.346875 0.765972 0.001563 0.009722
8 0.346484 0.761111 0.000781 0.000000
5 0.374219 0.756250 0.046875 0.006944
8 0.407031 0.750000 0.012500 0.008333
5 0.386719 0.747917 0.045312 0.012500
8 0.451562 0.777083 0.010937 0.037500
5 0.435547 0.761111 0.036719 0.011111
8 0.441797 0.765278 0.049219 0.038889
5 0.440625 0.752083 0.045312 0.015278
8 0.435547 0.788194 0.030469 0.040278
5 0.432031 0.772917 0.029687 0.015278
8 0.428516 0.801389 0.021094 0.041667
5 0.426172 0.786111 0.017969 0.016667
8 0.851953 0.748611 0.044531 0.036111
5 0.852734 0.734722 0.042969 0.011111
8 0.850000 0.737500 0.046875 0.030556
5 0.849219 0.725694 0.042188 0.009722
8 0.855469 0.752778 0.042188 0.027778
5 0.856641 0.742361 0.041406 0.009722
8 0.864062 0.758333 0.051562 0.019444
5 0.863281 0.754861 0.046875 0.015278
8 0.796484 0.736111 0.044531 0.033333
5 0.795703 0.723611 0.039844 0.008333
8 0.797266 0.745833 0.044531 0.036111
5 0.797656 0.732639 0.042188 0.009722
8 0.802734 0.754861 0.047656 0.037500
5 0.801953 0.739583 0.042969 0.009722
8 0.805078 0.763889 0.049219 0.036111
5 0.804297 0.751389 0.044531 0.013889
8 0.870703 0.823611 0.044531 0.052778
5 0.870313 0.808333 0.039062 0.025000
8 0.924219 0.828472 0.045312 0.051389
5 0.922266 0.811806 0.041406 0.023611
8 0.826562 0.822222 0.042188 0.052778
5 0.825781 0.806250 0.037500 0.023611
8 0.776172 0.818750 0.039844 0.051389
5 0.775781 0.803472 0.034375 0.023611
8 0.865625 0.788889 0.054688 0.041667
5 0.863672 0.772222 0.046094 0.011111
8 0.876172 0.797917 0.060156 0.037500
5 0.875781 0.787500 0.054688 0.016667
8 0.823047 0.801389 0.039844 0.047222
5 0.822266 0.786806 0.035156 0.020833
8 0.775391 0.797917 0.036719 0.045833
5 0.775000 0.783333 0.032813 0.019444
8 0.930078 0.929861 0.083594 0.065278
5 0.928906 0.911806 0.075000 0.031944
8 0.920703 0.904861 0.078906 0.059722
5 0.916016 0.887500 0.064844 0.025000
8 0.921875 0.995139 0.003125 0.006944
5 0.961328 0.995139 0.075781 0.006944
8 0.952734 0.979167 0.086719 0.038889
5 0.955859 0.977083 0.086719 0.037500
8 0.847266 0.989583 0.088281 0.018056
5 0.847656 0.989583 0.082812 0.018056
8 0.843750 0.974306 0.089063 0.048611
5 0.842578 0.968056 0.080469 0.036111
0 0.631250 0.859722 0.071875 0.277778
0 0.676562 0.752778 0.050000 0.197222
0 0.566797 0.656944 0.039844 0.122222
1 0.162891 0.652083 0.067969 0.084722
1 0.148047 0.656944 0.069531 0.086111
1 0.102344 0.650694 0.068750 0.081944
1 0.092578 0.656250 0.057031 0.084722
1 0.038281 0.649306 0.057813 0.081944
1 0.022656 0.651389 0.045312 0.077778
1 0.980078 0.665278 0.038281 0.041667
2 0.981250 0.660417 0.035937 0.009722
2 0.987109 0.675694 0.024219 0.020833
2 0.977344 0.670139 0.020313 0.020833
2 0.992578 0.660417 0.013281 0.001389
2 0.980078 0.671528 0.017969 0.018056
2 0.994531 0.662500 0.009375 0.000000
1 0.942187 0.697222 0.054688 0.105556
2 0.920703 0.710417 0.007031 0.031944
2 0.933594 0.670139 0.031250 0.029167
2 0.947656 0.678472 0.039062 0.029167
2 0.935156 0.718056 0.028125 0.041667
2 0.930859 0.672917 0.019531 0.029167
2 0.944141 0.659028 0.010156 0.001389
2 0.932813 0.676389 0.017188 0.030556
2 0.952344 0.662500 0.020313 0.002778
1 0.979688 0.735417 0.039062 0.129167
2 0.961328 0.730556 0.000781 0.000000
2 0.978516 0.684028 0.035156 0.004167
2 0.983203 0.712500 0.032031 0.038889
2 0.979688 0.756250 0.039062 0.048611
2 0.971094 0.704167 0.020313 0.036111
2 0.988672 0.687500 0.021094 0.002778
2 0.973437 0.707639 0.021875 0.037500
2 0.991406 0.690972 0.015625 0.001389
2 0.851172 0.934722 0.077344 0.100000
2 0.771484 0.928472 0.067969 0.098611
2 0.749609 0.692361 0.000781 0.034722
2 0.789453 0.693750 0.002344 0.034722
2 0.768359 0.706944 0.035156 0.036111
2 0.809766 0.706250 0.038281 0.040278
2 0.768359 0.676389 0.035156 0.036111
2 0.809766 0.677083 0.038281 0.037500
2 0.768359 0.646528 0.035156 0.037500
2 0.810156 0.647917 0.037500 0.037500
5 0.196484 0.862500 0.078906 0.033333
5 0.196484 0.876389 0.078906 0.030556
5 0.195312 0.886111 0.076563 0.030556
5 0.195312 0.898611 0.076563 0.030556
5 0.195312 0.923611 0.076563 0.033333
5 0.195703 0.911806 0.077344 0.031944
5 0.195703 0.945833 0.077344 0.033333
5 0.195312 0.934028 0.076563 0.031944
5 0.273047 0.892361 0.077344 0.029167
5 0.273047 0.904861 0.077344 0.031944
5 0.273047 0.929861 0.077344 0.031944
5 0.273047 0.917361 0.077344 0.031944
5 0.273047 0.952778 0.077344 0.033333
5 0.273047 0.940972 0.077344 0.031944
5 0.273047 0.881944 0.077344 0.030556
5 0.273047 0.867361 0.077344 0.031944
5 0.360547 0.898611 0.075781 0.030556
5 0.360547 0.910417 0.075781 0.031944
5 0.360547 0.936111 0.075781 0.033333
5 0.360547 0.923611 0.075781 0.033333
5 0.360938 0.959722 0.075000 0.033333
5 0.360938 0.947222 0.075000 0.033333
5 0.005078 0.778472 0.010156 0.012500
5 0.005078 0.787500 0.010156 0.011111
5 0.360156 0.887500 0.075000 0.030556
5 0.360156 0.875694 0.075000 0.029167
5 0.360156 0.802778 0.075000 0.025000
5 0.360156 0.815278 0.075000 0.027778
5 0.360156 0.840278 0.075000 0.027778
5 0.360156 0.827778 0.075000 0.027778
5 0.360156 0.863889 0.075000 0.030556
5 0.360156 0.851389 0.075000 0.027778
5 0.005078 0.770833 0.010156 0.011111
5 0.005078 0.763889 0.010156 0.011111
5 0.360156 0.790278 0.075000 0.027778
5 0.360156 0.777778 0.075000 0.027778