3 0.499609 0.814583 0.999219 0.368056
4 0.523047 0.770139 0.008594 0.059722
4 0.582812 0.807639 0.006250 0.068056
4 0.660547 0.833333 0.010156 0.072222
4 0.704297 0.859028 0.039844 0.079167
4 0.784375 0.889583 0.012500 0.081944
4 0.843750 0.923611 0.046875 0.091667
4 0.949609 0.958333 0.003906 0.080556
4 0.160938 0.807639 0.000000 0.012500
4 0.220312 0.903472 0.023438 0.090278
4 0.296875 0.956944 0.014063 0.055556
4 0.330859 0.993750 0.000781 0.009722
8 0.841016 0.911111 0.080469 0.072222
8 0.928906 0.740278 0.006250 0.019444
5 0.307422 0.679167 0.044531 0.011111
5 0.307422 0.679167 0.044531 0.011111
5 0.307422 0.679167 0.044531 0.011111
5 0.307422 0.668750 0.044531 0.015278
5 0.307422 0.668750 0.044531 0.015278
5 0.307422 0.668750 0.044531 0.015278
5 0.307422 0.687500 0.044531 0.011111
5 0.307422 0.687500 0.044531 0.011111
5 0.307422 0.687500 0.044531 0.011111
5 0.366797 0.679861 0.036719 0.012500
5 0.366797 0.679861 0.036719 0.012500
5 0.366797 0.679861 0.036719 0.012500
5 0.366797 0.671528 0.036719 0.012500
5 0.366797 0.671528 0.036719 0.012500
5 0.366797 0.671528 0.036719 0.012500
5 0.366797 0.663889 0.036719 0.011111
5 0.366797 0.663889 0.036719 0.011111
5 0.366797 0.663889 0.036719 0.011111
5 0.366797 0.653472 0.036719 0.015278
5 0.366797 0.653472 0.036719 0.015278
5 0.366797 0.653472 0.036719 0.015278
6 0.530859 0.709028 0.047656 0.054167
6 0.483203 0.694444 0.042969 0.066667
6 0.531641 0.657639 0.049219 0.068056
6 0.508984 0.699306 0.038281 0.062500
6 0.645703 0.762500 0.050781 0.077778
6 0.700391 0.781944 0.060156 0.088889
7 0.944922 0.915972 0.057031 0.040278
7 0.760547 0.978472 0.082031 0.040278
7 0.561719 0.876389 0.048438 0.038889
7 0.182422 0.887500 0.053906 0.025000
7 0.429297 0.764583 0.052344 0.020833
7 0.538281 0.821528 0.060937 0.026389
6 0.403125 0.955556 0.107813 0.086111
6 0.251563 0.972917 0.120313 0.051389
6 0.242969 0.867361 0.081250 0.148611
6 0.127734 0.892361 0.082031 0.162500
6 0.242188 0.939583 0.078125 0.045833
6 0.108984 0.963889 0.042969 0.069444
8 0.990625 0.980556 0.017188 0.036111
5 0.993750 0.965972 0.010937 0.020833
8 0.729688 0.836111 0.034375 0.036111
5 0.731641 0.823611 0.030469 0.025000
8 0.710156 0.852083 0.067187 0.051389
5 0.711328 0.833333 0.060156 0.027778
8 0.563672 0.780556 0.044531 0.036111
5 0.565234 0.764583 0.042969 0.018056
8 0.547266 0.770139 0.053906 0.034722
5 0.547656 0.754167 0.046875 0.016667
8 0.526563 0.761806 0.051562 0.034722
5 0.526563 0.746528 0.046875 0.015278
8 0.507031 0.752083 0.051562 0.031944
5 0.506641 0.737500 0.046094 0.016667
8 0.566406 0.754167 0.040625 0.033333
5 0.567187 0.739583 0.039062 0.015278
8 0.550781 0.734722 0.050000 0.011111
5 0.550781 0.731250 0.045312 0.015278
8 0.576562 0.760417 0.020313 0.031944
5 0.577734 0.748611 0.017969 0.013889
8 0.732812 0.676389 0.029687 0.019444
5 0.733594 0.667361 0.028125 0.009722
8 0.718359 0.671528 0.038281 0.020833
5 0.718359 0.662500 0.035156 0.008333
8 0.757031 0.671528 0.040625 0.001389
5 0.757031 0.672222 0.035937 0.005556
8 0.778906 0.681944 0.006250 0.002778
5 0.778516 0.677083 0.007031 0.009722
8 0.687500 0.677083 0.039062 0.023611
5 0.687500 0.665972 0.035937 0.009722
8 0.706641 0.683333 0.039844 0.025000
5 0.706641 0.671528 0.036719 0.009722
8 0.720703 0.687500 0.032031 0.025000
5 0.723437 0.676389 0.032813 0.011111
8 0.731641 0.691667 0.013281 0.022222
5 0.733594 0.682639 0.012500 0.009722
8 0.878125 0.711111 0.046875 0.016667
5 0.876953 0.706944 0.042969 0.013889
8 0.894922 0.713889 0.033594 0.027778
5 0.895703 0.702778 0.032031 0.013889
8 0.857812 0.718056 0.048438 0.022222
5 0.857422 0.711111 0.042969 0.013889
8 0.832812 0.727778 0.048438 0.033333
5 0.832031 0.714583 0.043750 0.015278
8 0.821094 0.693750 0.032813 0.012500
5 0.819922 0.688889 0.030469 0.011111
8 0.842578 0.701389 0.042969 0.016667
5 0.842187 0.694444 0.039062 0.011111
8 0.825391 0.712500 0.041406 0.025000
5 0.823828 0.700694 0.038281 0.012500
8 0.812891 0.718056 0.016406 0.025000
5 0.811328 0.706250 0.013281 0.009722
0 0.951172 0.739583 0.047656 0.168056
0 0.783594 0.688194 0.092188 0.145833
0 0.464453 0.638889 0.053906 0.111111
0 0.232813 0.925000 0.142187 0.147222
0 0.202734 0.908333 0.146094 0.180556
1 0.035156 0.690972 0.070312 0.098611
1 0.039062 0.699306 0.078125 0.104167
1 0.068750 0.781944 0.073438 0.133333
1 0.020703 0.802083 0.041406 0.156944
1 0.071484 0.897222 0.096094 0.202778
1 0.145703 0.877778 0.089844 0.188889
1 0.877344 0.608333 0.056250 0.055556
2 0.862891 0.598611 0.022656 0.022222
2 0.891406 0.602778 0.023438 0.022222
2 0.894531 0.636111 0.003125 0.000000
2 0.866797 0.600694 0.011719 0.020833
2 0.878125 0.589583 0.009375 0.001389
2 0.875781 0.602083 0.010937 0.020833
2 0.885156 0.590972 0.006250 0.001389
1 0.954688 0.625000 0.040625 0.066667
2 0.943750 0.641667 0.014063 0.022222
2 0.951953 0.629861 0.011719 0.001389
2 0.947266 0.611806 0.021094 0.023611
2 0.972656 0.616667 0.006250 0.022222
2 0.962109 0.643750 0.025781 0.026389
2 0.955078 0.613889 0.014844 0.022222
2 0.963281 0.602083 0.010937 0.001389
2 0.964844 0.615278 0.014063 0.022222
2 0.972656 0.603472 0.006250 0.001389
1 0.828516 0.617361 0.057031 0.062500
2 0.812891 0.604167 0.021094 0.022222
2 0.842187 0.605556 0.025000 0.016667
2 0.818359 0.605556 0.013281 0.019444
2 0.828125 0.595139 0.007812 0.001389
2 0.826953 0.605556 0.013281 0.016667
2 0.835547 0.596528 0.005469 0.001389
1 0.916406 0.638889 0.064062 0.083333
2 0.893750 0.649306 0.014063 0.023611
2 0.902344 0.636806 0.010937 0.001389
2 0.899219 0.618056 0.025000 0.025000
2 0.938672 0.622917 0.013281 0.023611
2 0.921875 0.653472 0.048438 0.029167
2 0.905078 0.620139 0.014844 0.023611
2 0.910937 0.607639 0.003125 0.001389
2 0.910156 0.622222 0.004687 0.022222
2 0.932422 0.609722 0.000781 0.000000
1 0.773438 0.628472 0.057813 0.070833
2 0.747266 0.601389 0.000781 0.000000
2 0.787109 0.614583 0.025781 0.020833
2 0.785937 0.645833 0.026562 0.025000
2 0.776953 0.600694 0.008594 0.001389
2 0.776563 0.604167 0.007812 0.002778
2 0.778906 0.602778 0.006250 0.000000
1 0.859766 0.647917 0.064844 0.087500
2 0.842578 0.614583 0.025781 0.004167
2 0.875781 0.631250 0.028125 0.026389
2 0.871094 0.663194 0.037500 0.029167
2 0.849609 0.616667 0.017969 0.002778
2 0.859375 0.614583 0.014063 0.001389
2 0.858594 0.618750 0.015625 0.004167
2 0.867969 0.617361 0.015625 0.001389
1 0.750000 0.632639 0.057813 0.079167
2 0.730469 0.643750 0.015625 0.023611
2 0.737109 0.631944 0.003906 0.000000
2 0.734766 0.613194 0.022656 0.023611
2 0.774609 0.618056 0.003906 0.022222
2 0.754297 0.646528 0.044531 0.026389
2 0.738281 0.615972 0.012500 0.023611
2 0.746484 0.603472 0.002344 0.001389
2 0.744141 0.616667 0.007031 0.022222
1 0.835938 0.650000 0.065625 0.086111
2 0.814453 0.661111 0.017969 0.025000
2 0.820703 0.648611 0.003906 0.000000
2 0.819141 0.628472 0.027344 0.026389
2 0.851562 0.634722 0.028125 0.027778
2 0.841016 0.665972 0.049219 0.031944
2 0.825391 0.631250 0.017969 0.026389
2 0.834766 0.618056 0.014844 0.002778
2 0.834375 0.633333 0.015625 0.025000
2 0.843359 0.620139 0.013281 0.001389
2 0.574609 0.650694 0.022656 0.031944
2 0.604297 0.658333 0.035156 0.027778
2 0.657422 0.656250 0.002344 0.023611
2 0.604297 0.634722 0.035156 0.027778
2 0.657422 0.632639 0.002344 0.023611
2 0.604297 0.610417 0.035156 0.026389
2 0.639453 0.606944 0.038281 0.027778
5 0.783203 0.825000 0.069531 0.030556
5 0.783203 0.838889 0.069531 0.025000
5 0.783203 0.847222 0.069531 0.025000
5 0.782813 0.857639 0.070312 0.026389
5 0.782813 0.878472 0.070312 0.026389
5 0.782813 0.868750 0.070312 0.026389
5 0.782422 0.898611 0.069531 0.027778
5 0.782813 0.888194 0.070312 0.026389
5 0.056641 0.886806 0.055469 0.026389
5 0.058203 0.895139 0.052344 0.031944
5 0.837891 0.837500 0.053906 0.019444
5 0.841797 0.847222 0.046094 0.019444
5 0.841406 0.867361 0.045312 0.020833
5 0.841406 0.857639 0.045312 0.020833
5 0.841016 0.886806 0.046094 0.020833
5 0.841406 0.875000 0.045312 0.016667
5 0.124219 0.870139 0.010937 0.023611
5 0.124219 0.880556 0.010937 0.022222
5 0.835156 0.825694 0.059375 0.023611
5 0.830859 0.813194 0.067969 0.029167
5 0.889062 0.824306 0.048438 0.018056
5 0.885547 0.833333 0.055469 0.019444
5 0.888672 0.852778 0.047656 0.019444
5 0.889062 0.843056 0.048438 0.019444
5 0.888672 0.870833 0.047656 0.019444
5 0.888281 0.861806 0.048438 0.018056
5 0.205859 0.857639 0.049219 0.023611
5 0.207031 0.868056 0.051562 0.016667
5 0.881641 0.812500 0.063281 0.022222
5 0.880078 0.802778 0.066406 0.022222
5 0.880078 0.747222 0.066406 0.019444
5 0.880078 0.756250 0.066406 0.020833
5 0.880078 0.775694 0.066406 0.020833
5 0.880078 0.765972 0.066406 0.020833
5 0.880078 0.794444 0.066406 0.022222
5 0.880078 0.785417 0.066406 0.020833
5 0.197266 0.850694 0.030469 0.020833
5 0.211719 0.839583 0.045312 0.015278
5 0.880469 0.738889 0.065625 0.019444
5 0.880859 0.727083 0.066406 0.023611