3 0.462500 0.862500 0.925000 0.272222
4 0.377344 0.731250 0.004687 0.065278
4 0.366797 0.740972 0.025781 0.076389
4 0.376953 0.747917 0.005469 0.081944
4 0.364844 0.754861 0.031250 0.090278
4 0.376953 0.764583 0.007031 0.098611
4 0.360156 0.775694 0.040625 0.112500
4 0.376563 0.790972 0.009375 0.123611
4 0.376172 0.806944 0.010156 0.147222
4 0.369922 0.896528 0.010156 0.204167
4 0.325000 0.913194 0.098437 0.170833
8 0.422266 0.791667 0.064844 0.063889
8 0.915625 0.731250 0.003125 0.004167
5 0.382422 0.716667 0.041406 0.008333
5 0.382422 0.716667 0.041406 0.008333
5 0.382422 0.716667 0.041406 0.008333
5 0.382422 0.706944 0.041406 0.008333
5 0.382422 0.706944 0.041406 0.008333
5 0.382422 0.706944 0.041406 0.008333
5 0.382422 0.725000 0.041406 0.008333
5 0.382422 0.725000 0.041406 0.008333
5 0.382422 0.725000 0.041406 0.008333
5 0.443359 0.719444 0.017969 0.000000
5 0.443359 0.719444 0.017969 0.000000
5 0.443359 0.719444 0.017969 0.000000
5 0.442578 0.704861 0.021094 0.004167
5 0.442578 0.704861 0.021094 0.004167
5 0.442578 0.704861 0.021094 0.004167
5 0.442578 0.697917 0.021094 0.006944
5 0.442578 0.697917 0.021094 0.006944
5 0.442578 0.697917 0.021094 0.006944
6 0.486719 0.686111 0.023438 0.008333
6 0.482422 0.685417 0.032031 0.009722
6 0.486719 0.652778 0.023438 0.063889
6 0.472656 0.685417 0.003125 0.009722
6 0.492969 0.727083 0.054688 0.081944
6 0.508594 0.732639 0.059375 0.090278
7 0.589063 0.805556 0.050000 0.013889
7 0.621484 0.827778 0.052344 0.030556
7 0.211328 0.818056 0.055469 0.036111
7 0.254688 0.777778 0.037500 0.025000
7 0.341016 0.745833 0.052344 0.013889
7 0.333984 0.763889 0.064844 0.016667
6 0.818359 0.877083 0.213281 0.243056
6 0.869922 0.891667 0.110156 0.213889
6 0.736719 0.868750 0.215625 0.259722
6 0.670312 0.862500 0.162500 0.272222
8 0.535156 0.863194 0.121875 0.093056
5 0.538672 0.822222 0.121094 0.022222
8 0.553906 0.881944 0.140625 0.100000
5 0.556250 0.842361 0.135937 0.031944
8 0.541406 0.807639 0.087500 0.037500
5 0.548438 0.797917 0.064062 0.026389
8 0.450781 0.830556 0.081250 0.080556
5 0.451562 0.799306 0.071875 0.026389
8 0.484375 0.772917 0.028125 0.029167
5 0.484375 0.750000 0.028125 0.013889
8 0.416797 0.767361 0.035156 0.043056
5 0.423438 0.750000 0.040625 0.011111
8 0.432812 0.746528 0.040625 0.018056
5 0.432812 0.729167 0.040625 0.002778
8 0.432812 0.740972 0.040625 0.001389
5 0.432812 0.726389 0.040625 0.000000
8 0.404297 0.733333 0.000781 0.016667
5 0.423438 0.730556 0.021875 0.000000
8 0.403906 0.723611 0.000000 0.000000
5 0.412891 0.720833 0.000781 0.000000
8 0.497656 0.750000 0.048438 0.025000
8 0.917969 0.731250 0.004687 0.004167
5 0.917969 0.728472 0.007812 0.009722
8 0.901172 0.755556 0.000781 0.008333
5 0.898828 0.719444 0.003906 0.000000
8 0.919922 0.730556 0.000781 0.000000
5 0.909375 0.722222 0.025000 0.002778
0 0.852734 0.680556 0.096094 0.202778
0 0.732422 0.677778 0.035156 0.152778
0 0.527344 0.672917 0.021875 0.109722
0 0.004687 0.949306 0.009375 0.012500
1 0.081641 0.690972 0.074219 0.087500
1 0.072266 0.691667 0.077344 0.088889
1 0.023438 0.690972 0.046875 0.087500
1 0.018359 0.690972 0.036719 0.087500
1 0.937109 0.718750 0.124219 0.559722
2 0.959375 0.761806 0.079687 0.401389
1 0.916406 0.687500 0.006250 0.005556
2 0.918359 0.670139 0.002344 0.026389
2 0.916797 0.706944 0.007031 0.027778
2 0.914453 0.671528 0.000781 0.023611
1 0.907031 0.683333 0.021875 0.072222
2 0.905078 0.670139 0.017969 0.026389
2 0.905859 0.706944 0.017969 0.025000
2 0.870313 0.668750 0.001563 0.023611
2 0.874219 0.668750 0.006250 0.023611
1 0.920703 0.688889 0.002344 0.063889
2 0.918359 0.757639 0.008594 0.045833
2 0.712500 0.718056 0.004687 0.027778
2 0.712500 0.689583 0.004687 0.026389
2 0.723828 0.661806 0.028906 0.026389
2 0.741406 0.650000 0.004687 0.002778
5 0.437109 0.713889 0.064844 0.013889
5 0.437109 0.726389 0.064844 0.013889
5 0.437109 0.737500 0.064844 0.013889
5 0.437109 0.750694 0.064844 0.015278
5 0.437109 0.775694 0.064844 0.015278
5 0.437109 0.763194 0.064844 0.015278
5 0.432422 0.802083 0.038281 0.012500
5 0.437891 0.783333 0.063281 0.011111
5 0.514844 0.736806 0.046875 0.015278
5 0.514844 0.749306 0.046875 0.015278
5 0.514844 0.775000 0.046875 0.016667
5 0.514844 0.761806 0.046875 0.015278
5 0.494531 0.801389 0.006250 0.013889
5 0.514844 0.786111 0.046875 0.016667
5 0.514062 0.726389 0.045312 0.013889
5 0.494922 0.713194 0.007031 0.012500
5 0.610547 0.736111 0.071094 0.013889
5 0.608203 0.749306 0.066406 0.015278
5 0.610156 0.773611 0.070312 0.016667
5 0.610156 0.761806 0.070312 0.015278
5 0.610547 0.797222 0.069531 0.016667
5 0.610547 0.784722 0.069531 0.016667
5 0.014063 0.754167 0.028125 0.011111
5 0.014453 0.763889 0.028906 0.011111
5 0.610547 0.725000 0.071094 0.013889
5 0.610547 0.712500 0.071094 0.013889
5 0.610156 0.640278 0.070312 0.011111
5 0.610156 0.652778 0.070312 0.011111
5 0.610547 0.677778 0.071094 0.011111
5 0.610156 0.665278 0.070312 0.011111
5 0.610547 0.702083 0.071094 0.012500
5 0.610547 0.689583 0.071094 0.012500
5 0.014063 0.746528 0.028125 0.009722
5 0.014453 0.737500 0.028906 0.011111
5 0.610156 0.629167 0.070312 0.011111
5 0.610156 0.617361 0.070312 0.012500