3 0.499609 0.825694 0.999219 0.345833
4 0.012109 0.913194 0.011719 0.109722
8 0.339453 0.694444 0.042969 0.033333
8 0.186719 0.672222 0.003125 0.022222
5 0.317969 0.640972 0.043750 0.012500
5 0.317969 0.640972 0.043750 0.012500
5 0.317969 0.640972 0.043750 0.012500
5 0.317969 0.631250 0.043750 0.012500
5 0.317969 0.631250 0.043750 0.012500
5 0.317969 0.631250 0.043750 0.012500
5 0.317969 0.649306 0.043750 0.012500
5 0.317969 0.649306 0.043750 0.012500
5 0.317969 0.649306 0.043750 0.012500
5 0.262500 0.653472 0.021875 0.006944
5 0.262500 0.653472 0.021875 0.006944
5 0.262500 0.653472 0.021875 0.006944
5 0.262500 0.644444 0.021875 0.008333
5 0.262500 0.644444 0.021875 0.008333
5 0.262500 0.644444 0.021875 0.008333
5 0.262500 0.634722 0.021875 0.008333
5 0.262500 0.634722 0.021875 0.008333
5 0.262500 0.634722 0.021875 0.008333
5 0.275000 0.622917 0.046875 0.012500
5 0.275000 0.622917 0.046875 0.012500
5 0.275000 0.622917 0.046875 0.012500
6 0.193750 0.640972 0.017188 0.062500
6 0.217188 0.633333 0.048438 0.061111
7 0.618359 0.753472 0.013281 0.026389
7 0.696875 0.754861 0.032813 0.026389
7 0.462109 0.752778 0.027344 0.027778
7 0.533203 0.752778 0.027344 0.027778
1 0.855859 0.861806 0.060156 0.251389
1 0.811719 0.861111 0.121875 0.252778
1 0.833594 0.797917 0.104688 0.193056
1 0.765625 0.808333 0.101562 0.216667
1 0.793359 0.757639 0.092969 0.168056
1 0.730859 0.768056 0.086719 0.188889
1 0.809375 0.686806 0.103125 0.112500
1 0.175391 0.832639 0.160156 0.209722
1 0.198437 0.804861 0.146875 0.193056
5 0.130859 0.729167 0.049219 0.016667
5 0.130859 0.720833 0.049219 0.016667
5 0.130469 0.705556 0.048438 0.016667
5 0.130859 0.713889 0.049219 0.016667
5 0.051953 0.888194 0.082031 0.037500
5 0.053125 0.902778 0.070312 0.036111
5 0.030078 0.925000 0.060156 0.041667
5 0.036328 0.940972 0.038281 0.040278
5 0.008594 0.962500 0.017188 0.025000
5 0.005859 0.979167 0.011719 0.025000
5 0.008203 0.950000 0.016406 0.025000
5 0.005469 0.935417 0.010937 0.023611