3 0.751563 0.977778 0.495312 0.041667
6 0.737500 0.940972 0.145313 0.115278
5 0.673438 0.997917 0.028125 0.001389
0 0.209766 0.917361 0.161719 0.162500
1 0.718359 0.920139 0.089844 0.115278
2 0.688672 0.877083 0.022656 0.004167
2 0.747266 0.892361 0.022656 0.034722
2 0.736328 0.939583 0.046094 0.037500
2 0.704688 0.878472 0.017188 0.004167
2 0.710156 0.875000 0.018750 0.000000
2 0.724609 0.878472 0.014844 0.004167
2 0.729297 0.875000 0.017969 0.000000
1 0.931641 0.925694 0.007031 0.120833
2 0.860156 0.880556 0.012500 0.005556
2 0.919531 0.881250 0.010937 0.004167
2 0.930469 0.950000 0.001563 0.027778
2 0.875781 0.881250 0.020313 0.004167
2 0.876953 0.877778 0.019531 0.000000
2 0.891016 0.881250 0.008594 0.004167
2 0.891406 0.877778 0.007812 0.000000
1 0.694531 0.929861 0.098437 0.126389
2 0.662500 0.884028 0.026562 0.006944
2 0.725000 0.901389 0.026562 0.038889
2 0.719141 0.952083 0.041406 0.043056
2 0.680469 0.884028 0.021875 0.004167
2 0.686719 0.880556 0.020313 0.000000
2 0.701953 0.884722 0.022656 0.005556
2 0.699219 0.880556 0.003125 0.000000
1 0.928906 0.934722 0.007812 0.127778
2 0.855469 0.887500 0.003125 0.008333
2 0.917188 0.888889 0.006250 0.008333
2 0.927734 0.963889 0.000781 0.025000
2 0.866797 0.888194 0.022656 0.006944
2 0.875391 0.884722 0.008594 0.000000
2 0.887500 0.888889 0.017188 0.005556
2 0.888281 0.884722 0.015625 0.000000
1 0.662891 0.926389 0.110156 0.108333
2 0.624609 0.947222 0.022656 0.002778
2 0.628516 0.888889 0.032031 0.002778
2 0.706641 0.915278 0.011719 0.033333
2 0.675391 0.962500 0.077344 0.036111
2 0.646875 0.889583 0.023438 0.001389
2 0.655078 0.888194 0.017969 0.001389
2 0.661719 0.890972 0.004687 0.001389
1 0.925781 0.938194 0.007812 0.120833
2 0.908984 0.918056 0.025781 0.047222
2 0.890234 0.973611 0.069531 0.036111
2 0.861328 0.895139 0.014844 0.001389
2 0.862109 0.893056 0.016406 0.000000
2 0.882422 0.895139 0.025781 0.001389
2 0.883594 0.893056 0.025000 0.000000
1 0.653516 0.936806 0.103906 0.123611
2 0.612109 0.975000 0.021094 0.047222
2 0.616016 0.950000 0.024219 0.002778
2 0.614453 0.913889 0.025781 0.047222
2 0.685547 0.918750 0.030469 0.043056
2 0.660937 0.974306 0.081250 0.048611
2 0.632812 0.915278 0.028125 0.044444
2 0.640234 0.892361 0.024219 0.001389
2 0.653906 0.915972 0.021875 0.045833
2 0.656641 0.892361 0.014844 0.001389
1 0.866797 0.939583 0.122656 0.118056
2 0.906641 0.922917 0.028906 0.051389
2 0.889453 0.978472 0.067969 0.040278
2 0.859375 0.922222 0.010937 0.047222
2 0.860156 0.897222 0.012500 0.000000
2 0.878906 0.922917 0.028125 0.048611
2 0.880078 0.897222 0.025781 0.000000
2 0.327344 0.993056 0.076563 0.011111
2 0.342969 0.983333 0.045312 0.011111
2 0.426172 0.997917 0.099219 0.001389
2 0.489844 0.993056 0.026562 0.011111
2 0.420703 0.970833 0.110156 0.055556
2 0.490234 0.965278 0.027344 0.058333
2 0.421094 0.917361 0.109375 0.062500
2 0.452734 0.911111 0.102344 0.058333