3 0.503906 0.877083 0.989062 0.243056
4 0.508594 0.779861 0.003125 0.034722
4 0.607422 0.799306 0.030469 0.051389
4 0.681250 0.809028 0.010937 0.056944
4 0.747656 0.804861 0.034375 0.093056
4 0.863672 0.813889 0.019531 0.116667
4 0.958984 0.827778 0.074219 0.136111
4 0.016016 0.789583 0.003906 0.020833
4 0.296484 0.875000 0.016406 0.033333
8 0.941016 0.840972 0.108594 0.081944
5 0.302344 0.746528 0.010937 0.009722
5 0.302344 0.746528 0.010937 0.009722
5 0.302344 0.746528 0.010937 0.009722
5 0.302344 0.735417 0.010937 0.009722
5 0.302344 0.735417 0.010937 0.009722
5 0.302344 0.735417 0.010937 0.009722
5 0.302344 0.756944 0.010937 0.008333
5 0.302344 0.756944 0.010937 0.008333
5 0.302344 0.756944 0.010937 0.008333
5 0.350781 0.754861 0.045312 0.009722
5 0.350781 0.754861 0.045312 0.009722
5 0.350781 0.754861 0.045312 0.009722
5 0.350781 0.746528 0.045312 0.006944
5 0.350781 0.746528 0.045312 0.006944
5 0.350781 0.746528 0.045312 0.006944
6 0.516406 0.781250 0.023438 0.004167
6 0.465625 0.765972 0.025000 0.020833
6 0.534375 0.665278 0.060937 0.061111
6 0.491016 0.773611 0.025781 0.011111
6 0.657031 0.792361 0.059375 0.034722
6 0.757422 0.787500 0.055469 0.061111
7 0.832031 0.892361 0.132812 0.054167
7 0.464453 0.976389 0.153906 0.044444
7 0.540234 0.831944 0.067969 0.033333
7 0.010547 0.820833 0.000781 0.002778
7 0.396094 0.784028 0.067187 0.018056
7 0.521484 0.808333 0.083594 0.022222
6 0.008984 0.818750 0.017969 0.079167
6 0.042578 0.633333 0.085156 0.363889
6 0.023047 0.654167 0.046094 0.186111
6 0.012891 0.780556 0.025781 0.088889
8 0.808594 0.812500 0.070312 0.047222
5 0.790234 0.784722 0.033594 0.016667
8 0.766797 0.813889 0.072656 0.052778
5 0.764453 0.788194 0.069531 0.018056
8 0.567578 0.785417 0.064844 0.040278
5 0.555859 0.768056 0.035156 0.005556
8 0.542188 0.780556 0.062500 0.036111
5 0.525391 0.764583 0.024219 0.004167
8 0.513672 0.777778 0.053906 0.036111
5 0.501172 0.761806 0.022656 0.004167
8 0.495312 0.774306 0.059375 0.034722
5 0.478516 0.759722 0.021094 0.002778
8 0.567578 0.789583 0.003906 0.006944
8 0.529297 0.783333 0.000781 0.002778
8 0.585938 0.782639 0.025000 0.015278
8 0.631250 0.787500 0.064062 0.025000
8 0.788672 0.760417 0.013281 0.006944
8 0.730469 0.762500 0.001563 0.000000
8 0.746875 0.761806 0.015625 0.006944
8 0.791016 0.758333 0.000781 0.002778
8 0.788672 0.762500 0.005469 0.011111
0 0.840625 0.698611 0.084375 0.155556
0 0.469531 0.697222 0.060937 0.127778
0 0.170313 0.499306 0.340625 0.998611
0 0.005078 0.838194 0.010156 0.043056
1 0.653516 0.709028 0.691406 0.579167
1 0.782813 0.774306 0.418750 0.448611
1 0.933984 0.673611 0.000781 0.005556
1 0.908984 0.675694 0.069531 0.012500
1 0.864453 0.687500 0.022656 0.016667
2 0.858594 0.687500 0.026562 0.016667
1 0.939844 0.677778 0.064062 0.019444
2 0.966797 0.688194 0.010156 0.004167
1 0.812891 0.682639 0.071094 0.026389
2 0.786328 0.685417 0.008594 0.012500
2 0.842969 0.686806 0.004687 0.015278
2 0.795312 0.686806 0.007812 0.015278
2 0.805078 0.686806 0.000781 0.015278
1 0.921875 0.681250 0.078125 0.029167
2 0.888672 0.686806 0.010156 0.018056
2 0.934766 0.686806 0.027344 0.018056
2 0.900781 0.686806 0.012500 0.018056
2 0.914453 0.686806 0.013281 0.018056
2 0.649219 0.682639 0.043750 0.026389
2 0.681250 0.682639 0.020313 0.026389
5 0.859375 0.761806 0.104688 0.015278
5 0.859375 0.774306 0.104688 0.018056
5 0.859766 0.789583 0.103906 0.018056
5 0.860156 0.821528 0.104688 0.020833
5 0.860156 0.805556 0.104688 0.019444
5 0.860938 0.848611 0.104688 0.025000
5 0.860156 0.834028 0.104688 0.023611
5 0.938281 0.770139 0.082812 0.018056
5 0.939063 0.786111 0.082812 0.016667
5 0.939063 0.813889 0.082812 0.016667
5 0.939063 0.800694 0.082812 0.018056
5 0.941406 0.845139 0.059375 0.018056
5 0.939844 0.829167 0.082812 0.016667
5 0.912109 0.761111 0.030469 0.005556
5 0.973047 0.768750 0.033594 0.009722
5 0.973437 0.780556 0.034375 0.016667
5 0.974219 0.809028 0.034375 0.015278
5 0.973437 0.794444 0.034375 0.016667
5 0.982812 0.838194 0.025000 0.015278
5 0.987109 0.822917 0.010156 0.015278
5 0.011328 0.815278 0.002344 0.005556
5 0.969922 0.658333 0.042969 0.013889
5 0.970313 0.672917 0.042188 0.012500
5 0.970313 0.695833 0.042188 0.002778
5 0.970313 0.686806 0.042188 0.012500
5 0.013281 0.802778 0.000000 0.013889
5 0.969531 0.645139 0.042188 0.012500
5 0.969531 0.631944 0.042188 0.013889