3 0.498437 0.846528 0.996875 0.304167
4 0.511719 0.747222 0.009375 0.063889
4 0.588672 0.768056 0.033594 0.075000
4 0.653906 0.778472 0.003125 0.073611
4 0.704297 0.806944 0.025781 0.036111
4 0.851953 0.866667 0.049219 0.036111
4 0.975391 0.877778 0.017969 0.072222
4 0.101953 0.756250 0.000781 0.029167
4 0.220312 0.872917 0.007812 0.079167
4 0.242969 0.884028 0.010937 0.123611
4 0.303906 0.936111 0.035937 0.125000
4 0.350781 0.916667 0.006250 0.061111
8 0.875391 0.854861 0.044531 0.029167
8 0.960938 0.728472 0.000000 0.001389
5 0.303125 0.707639 0.048438 0.009722
5 0.303125 0.707639 0.048438 0.009722
5 0.303125 0.707639 0.048438 0.009722
5 0.286328 0.693056 0.008594 0.000000
5 0.286328 0.693056 0.008594 0.000000
5 0.286328 0.693056 0.008594 0.000000
5 0.316406 0.715972 0.017188 0.006944
5 0.316406 0.715972 0.017188 0.006944
5 0.316406 0.715972 0.017188 0.006944
5 0.357422 0.680556 0.013281 0.000000
5 0.357422 0.680556 0.013281 0.000000
5 0.357422 0.680556 0.013281 0.000000
6 0.530078 0.705556 0.050781 0.044444
6 0.480859 0.701389 0.042969 0.050000
6 0.530859 0.657639 0.052344 0.068056
6 0.513672 0.702778 0.027344 0.047222
6 0.642188 0.740972 0.064062 0.081944
6 0.704688 0.729167 0.067187 0.044444
7 0.962500 0.849306 0.042188 0.026389
7 0.523438 0.982639 0.018750 0.031944
7 0.390625 0.758333 0.007812 0.013889
7 0.528906 0.788889 0.057813 0.019444
6 0.084375 0.936806 0.132812 0.123611
6 0.280469 0.928472 0.129688 0.140278
6 0.279687 0.791667 0.129688 0.219444
6 0.085547 0.809722 0.133594 0.241667
6 0.151172 0.725694 0.088281 0.129167
6 0.047656 0.714583 0.017188 0.101389
6 0.111328 0.785417 0.008594 0.012500
8 0.733203 0.800000 0.028906 0.027778
5 0.747656 0.786111 0.000000 0.000000
8 0.712109 0.806250 0.069531 0.040278
5 0.726562 0.788889 0.034375 0.005556
8 0.560547 0.762500 0.053906 0.036111
5 0.561719 0.746528 0.051562 0.012500
8 0.539844 0.756250 0.053125 0.034722
5 0.540625 0.740972 0.053125 0.012500
8 0.521875 0.754167 0.043750 0.030556
5 0.523047 0.736111 0.046094 0.011111
8 0.513672 0.745833 0.027344 0.030556
5 0.512500 0.729167 0.025000 0.005556
8 0.561719 0.748611 0.039062 0.033333
5 0.566016 0.731944 0.042969 0.008333
8 0.531641 0.741667 0.017969 0.027778
5 0.549219 0.727778 0.048438 0.008333
8 0.580859 0.752778 0.035156 0.033333
5 0.582031 0.736111 0.032813 0.008333
8 0.592187 0.748611 0.012500 0.016667
5 0.598437 0.743750 0.000000 0.006944
8 0.745703 0.718750 0.000781 0.004167
5 0.745313 0.697222 0.007812 0.002778
8 0.730859 0.708333 0.011719 0.022222
5 0.735156 0.695139 0.028125 0.004167
8 0.704688 0.709028 0.039062 0.023611
5 0.706250 0.697917 0.037500 0.006944
8 0.725781 0.712500 0.042188 0.025000
5 0.726562 0.700694 0.039062 0.006944
8 0.737109 0.715278 0.025781 0.025000
5 0.737891 0.703472 0.022656 0.006944
8 0.747656 0.717361 0.004687 0.023611
5 0.748828 0.706250 0.002344 0.004167
8 0.931641 0.735417 0.002344 0.020833
5 0.930859 0.717361 0.002344 0.001389
8 0.939063 0.731250 0.017188 0.026389
5 0.938281 0.718056 0.017188 0.008333
8 0.872266 0.725000 0.000781 0.000000
5 0.868750 0.716667 0.010937 0.000000
8 0.853516 0.731250 0.041406 0.020833
5 0.854688 0.722917 0.039062 0.009722
8 0.865625 0.708333 0.000000 0.000000
5 0.846094 0.708333 0.037500 0.005556
8 0.851562 0.733333 0.000000 0.000000
5 0.862500 0.711806 0.023438 0.006944
8 0.853125 0.727778 0.042188 0.025000
5 0.849609 0.713889 0.044531 0.005556
8 0.839063 0.731250 0.015625 0.018056
5 0.835938 0.718056 0.017188 0.008333
0 0.979688 0.696528 0.039062 0.156944
0 0.805469 0.678472 0.057813 0.131944
0 0.455078 0.650000 0.008594 0.077778
0 0.717578 0.869444 0.563281 0.258333
0 0.308594 0.838889 0.301563 0.319444
0 0.109766 0.820833 0.214844 0.355556
0 0.080078 0.807639 0.160156 0.340278
1 0.632812 0.891667 0.265625 0.213889
1 0.735938 0.891667 0.307812 0.213889
1 0.032813 0.645833 0.000000 0.002778
1 0.046094 0.651389 0.004687 0.005556
1 0.080859 0.741667 0.063281 0.113889
1 0.914844 0.652778 0.060937 0.044444
2 0.899219 0.640278 0.025000 0.005556
2 0.929297 0.642361 0.025781 0.006944
2 0.936328 0.673611 0.013281 0.002778
2 0.900781 0.641667 0.009375 0.005556
2 0.912500 0.637500 0.000000 0.000000
2 0.911328 0.642361 0.008594 0.006944
1 0.984375 0.665278 0.018750 0.063889
2 0.983203 0.684722 0.010156 0.022222
2 0.992969 0.672222 0.001563 0.000000
2 0.985547 0.652778 0.014844 0.022222
2 0.990625 0.673611 0.000000 0.000000
2 0.992969 0.652778 0.004687 0.022222
1 0.861328 0.664583 0.061719 0.068056
2 0.837891 0.679861 0.008594 0.020833
2 0.845313 0.650000 0.023438 0.022222
2 0.875781 0.642361 0.026562 0.004167
2 0.851953 0.678472 0.017969 0.001389
2 0.846875 0.642361 0.007812 0.004167
2 0.860938 0.642361 0.014063 0.004167
1 0.955078 0.672917 0.069531 0.076389
2 0.930859 0.688889 0.002344 0.013889
2 0.940625 0.675000 0.001563 0.000000
2 0.934766 0.654861 0.022656 0.023611
2 0.976172 0.656944 0.021094 0.025000
2 0.961719 0.688889 0.051562 0.025000
2 0.939844 0.656250 0.010937 0.023611
2 0.955859 0.656250 0.019531 0.023611
2 0.967187 0.644444 0.001563 0.000000
1 0.804688 0.668750 0.054688 0.073611
2 0.780469 0.641667 0.001563 0.000000
2 0.816406 0.654167 0.025000 0.022222
2 0.812109 0.684722 0.035156 0.025000
2 0.787891 0.641667 0.011719 0.000000
2 0.799219 0.641667 0.009375 0.000000
1 0.892969 0.657639 0.070312 0.043056
2 0.866797 0.679861 0.010156 0.001389
2 0.871484 0.645139 0.013281 0.001389
2 0.909766 0.659722 0.030469 0.025000
2 0.897266 0.687500 0.049219 0.013889
2 0.880469 0.645833 0.017188 0.000000
2 0.892969 0.645833 0.006250 0.000000
2 0.891016 0.647222 0.005469 0.000000
2 0.901172 0.645833 0.008594 0.000000
1 0.774609 0.662500 0.060156 0.058333
2 0.748047 0.682639 0.002344 0.018056
2 0.748047 0.652778 0.002344 0.022222
2 0.790234 0.654861 0.025781 0.023611
2 0.797266 0.677778 0.011719 0.005556
2 0.778125 0.641667 0.001563 0.000000
1 0.866406 0.673611 0.070312 0.075000
2 0.841797 0.693056 0.014844 0.025000
2 0.855859 0.680556 0.011719 0.000000
2 0.848828 0.658333 0.030469 0.025000
2 0.883203 0.660417 0.030469 0.026389
2 0.867969 0.693056 0.045312 0.025000
2 0.850781 0.659722 0.010937 0.025000
2 0.863672 0.659722 0.014844 0.025000
2 0.879297 0.647222 0.014844 0.000000
2 0.587891 0.694444 0.022656 0.027778
2 0.629687 0.695833 0.039062 0.022222
2 0.663672 0.695833 0.027344 0.022222
2 0.629687 0.672917 0.039062 0.026389
2 0.663672 0.672222 0.027344 0.025000
2 0.629687 0.647222 0.039062 0.027778
2 0.656250 0.646528 0.042188 0.026389
5 0.808594 0.761111 0.001563 0.000000
5 0.821484 0.769444 0.014844 0.002778
5 0.766016 0.793056 0.014844 0.011111
5 0.762109 0.813194 0.025781 0.015278
5 0.761719 0.801389 0.025000 0.019444
5 0.761328 0.835417 0.022656 0.018056
5 0.761328 0.822917 0.024219 0.015278
5 0.850391 0.772222 0.066406 0.011111
5 0.873828 0.777778 0.000781 0.000000
5 0.073047 0.809028 0.030469 0.020833
5 0.062500 0.816667 0.001563 0.005556
5 0.853906 0.761806 0.048438 0.015278
5 0.844531 0.748611 0.078125 0.016667
5 0.914453 0.762500 0.050781 0.008333
5 0.899219 0.779861 0.048438 0.009722
5 0.906641 0.783333 0.022656 0.000000
5 0.906250 0.754861 0.067187 0.015278
5 0.902344 0.745833 0.075000 0.016667
5 0.901563 0.681944 0.075000 0.013889
5 0.901953 0.693750 0.075781 0.012500
5 0.901953 0.715972 0.075781 0.015278
5 0.901953 0.704861 0.075781 0.012500
5 0.901953 0.736806 0.075781 0.015278
5 0.901953 0.725000 0.075781 0.016667
5 0.115625 0.790278 0.000000 0.002778
5 0.901563 0.672917 0.075000 0.012500
5 0.901563 0.661111 0.075000 0.013889