3 0.448828 0.869444 0.897656 0.258333
4 0.008594 0.848611 0.003125 0.041667
8 0.171484 0.761111 0.035156 0.019444
5 0.132031 0.730556 0.039062 0.011111
5 0.132031 0.730556 0.039062 0.011111
5 0.132031 0.730556 0.039062 0.011111
5 0.132031 0.722917 0.039062 0.009722
5 0.132031 0.722917 0.039062 0.009722
5 0.132031 0.722917 0.039062 0.009722
5 0.132031 0.738194 0.039062 0.009722
5 0.132031 0.738194 0.039062 0.009722
5 0.132031 0.738194 0.039062 0.009722
5 0.092969 0.742361 0.039062 0.006944
5 0.092969 0.742361 0.039062 0.006944
5 0.092969 0.742361 0.039062 0.006944
5 0.092578 0.734722 0.038281 0.008333
5 0.092578 0.734722 0.038281 0.008333
5 0.092578 0.734722 0.038281 0.008333
5 0.092578 0.726389 0.038281 0.008333
5 0.092578 0.726389 0.038281 0.008333
5 0.092578 0.726389 0.038281 0.008333
5 0.093750 0.715972 0.040625 0.009722
5 0.093750 0.715972 0.040625 0.009722
5 0.093750 0.715972 0.040625 0.009722
6 0.189062 0.684722 0.006250 0.041667
6 0.189062 0.715278 0.006250 0.041667
6 0.053906 0.723611 0.023438 0.050000
5 0.946484 0.980556 0.061719 0.036111
5 0.946484 0.980556 0.061719 0.036111
5 0.946484 0.980556 0.061719 0.036111
5 0.948438 0.965972 0.101562 0.056944
5 0.948438 0.965972 0.101562 0.056944
5 0.948438 0.965972 0.101562 0.056944
5 0.948047 0.996528 0.008594 0.004167
5 0.948047 0.996528 0.008594 0.004167
5 0.948047 0.996528 0.008594 0.004167
5 0.999219 0.994444 0.000000 0.000000
5 0.999219 0.994444 0.000000 0.000000
5 0.999219 0.994444 0.000000 0.000000
5 0.996875 0.980556 0.004687 0.025000
5 0.996875 0.980556 0.004687 0.025000
5 0.996875 0.980556 0.004687 0.025000
6 0.505469 0.992361 0.126562 0.012500
6 0.249219 0.925000 0.139063 0.147222
6 0.431250 0.997917 0.017188 0.001389
7 0.415234 0.785417 0.025781 0.015278
7 0.467187 0.784028 0.026562 0.015278
7 0.289844 0.790278 0.021875 0.016667
7 0.343750 0.788194 0.023438 0.015278
0 0.930859 0.913194 0.136719 0.170833
1 0.602344 0.804167 0.078125 0.144444
1 0.553516 0.805556 0.075781 0.147222
1 0.564453 0.777083 0.063281 0.115278
1 0.522266 0.787500 0.067969 0.133333
1 0.538281 0.762500 0.062500 0.105556
1 0.496484 0.772917 0.061719 0.123611
1 0.546094 0.738194 0.073438 0.093056
1 0.112109 0.816667 0.097656 0.144444
1 0.116406 0.804861 0.089063 0.137500
5 0.009375 0.790972 0.018750 0.012500
5 0.009766 0.783333 0.019531 0.011111
5 0.009766 0.770833 0.019531 0.011111
5 0.009766 0.777778 0.019531 0.011111
5 0.021094 0.863889 0.042188 0.019444
5 0.019531 0.876389 0.039062 0.016667
5 0.023828 0.880556 0.016406 0.022222
5 0.022266 0.893056 0.011719 0.016667
5 0.009375 0.900694 0.018750 0.023611
5 0.007422 0.914583 0.014844 0.020833
5 0.009375 0.891667 0.018750 0.022222
5 0.007812 0.881250 0.015625 0.023611