3 0.499609 0.850694 0.999219 0.295833
4 0.658203 0.934028 0.016406 0.109722
4 0.874609 0.970833 0.052344 0.055556
5 0.166406 0.793750 0.075000 0.023611
5 0.166406 0.793750 0.075000 0.023611
5 0.166406 0.793750 0.075000 0.023611
5 0.166406 0.778472 0.075000 0.026389
5 0.166406 0.778472 0.075000 0.026389
5 0.166406 0.778472 0.075000 0.026389
5 0.166406 0.804861 0.075000 0.026389
5 0.166406 0.804861 0.075000 0.026389
5 0.166406 0.804861 0.075000 0.026389
5 0.246094 0.791667 0.068750 0.022222
5 0.246094 0.791667 0.068750 0.022222
5 0.246094 0.791667 0.068750 0.022222
5 0.246094 0.779167 0.068750 0.022222
5 0.246094 0.779167 0.068750 0.022222
5 0.246094 0.779167 0.068750 0.022222
5 0.246094 0.766667 0.068750 0.022222
5 0.246094 0.766667 0.068750 0.022222
5 0.246094 0.766667 0.068750 0.022222
5 0.246094 0.752083 0.068750 0.023611
5 0.246094 0.752083 0.068750 0.023611
5 0.246094 0.752083 0.068750 0.023611
6 0.583984 0.829861 0.066406 0.098611
6 0.478906 0.804861 0.067187 0.104167
6 0.584375 0.740972 0.067187 0.109722
6 0.523438 0.811806 0.078125 0.101389
6 0.866016 0.911806 0.069531 0.156944
6 0.964453 0.928472 0.069531 0.140278
7 0.471875 0.930556 0.053125 0.044444
8 0.724219 0.946528 0.093750 0.070833
5 0.724219 0.917361 0.084375 0.037500
8 0.667969 0.927778 0.090625 0.066667
5 0.667969 0.900694 0.081250 0.034722
8 0.619922 0.914583 0.088281 0.062500
5 0.617969 0.888194 0.075000 0.031944
8 0.571875 0.898611 0.084375 0.061111
5 0.571484 0.873611 0.075781 0.030556
8 0.677344 0.893750 0.082812 0.056944
5 0.676953 0.869444 0.074219 0.027778
8 0.629687 0.877778 0.079687 0.050000
5 0.629297 0.856944 0.071094 0.027778
8 0.724609 0.893056 0.085156 0.033333
5 0.724609 0.881250 0.075781 0.031944
8 0.767578 0.925694 0.061719 0.062500
5 0.769922 0.895833 0.057031 0.033333
8 0.771094 0.765278 0.034375 0.033333
5 0.776953 0.748611 0.041406 0.011111
8 0.745703 0.757639 0.050781 0.029167
5 0.746094 0.743750 0.045312 0.012500
8 0.811719 0.766667 0.053125 0.027778
5 0.811719 0.752778 0.046875 0.005556
8 0.847266 0.778472 0.033594 0.031944
5 0.847266 0.760417 0.033594 0.015278
8 0.712891 0.765972 0.052344 0.034722
5 0.713281 0.751389 0.046875 0.013889
8 0.746094 0.772222 0.051562 0.036111
5 0.746875 0.756944 0.048438 0.013889
8 0.775000 0.778472 0.045312 0.034722
5 0.776563 0.761806 0.042188 0.015278
8 0.817187 0.782639 0.056250 0.034722
5 0.817187 0.768056 0.050000 0.011111
8 0.999219 0.788889 0.000000 0.000000
8 0.993359 0.818056 0.011719 0.005556
5 0.993359 0.795139 0.011719 0.009722
8 0.988281 0.822917 0.021875 0.015278
5 0.993359 0.807639 0.011719 0.018056
8 0.943750 0.769444 0.001563 0.000000
5 0.941797 0.768750 0.000781 0.001389
8 0.989062 0.784722 0.003125 0.016667
5 0.981641 0.779861 0.011719 0.009722
8 0.987500 0.788889 0.000000 0.000000
5 0.977734 0.789583 0.000781 0.006944
0 0.936719 0.770139 0.125000 0.212500
0 0.413281 0.723611 0.090625 0.161111
1 0.883984 0.665278 0.072656 0.052778
2 0.851953 0.691667 0.002344 0.000000
2 0.857422 0.651389 0.013281 0.008333
2 0.904297 0.657639 0.025781 0.015278
2 0.873437 0.652083 0.018750 0.004167
2 0.884766 0.648611 0.003906 0.000000
2 0.888672 0.661806 0.011719 0.023611
2 0.894531 0.650000 0.017188 0.000000
1 0.978516 0.654861 0.014844 0.018056
2 0.989844 0.705556 0.000000 0.000000
2 0.986719 0.660417 0.025000 0.009722
2 0.991797 0.705556 0.002344 0.000000
2 0.994531 0.662500 0.009375 0.008333
1 0.847266 0.689583 0.033594 0.079167
2 0.831250 0.690278 0.001563 0.000000
2 0.831250 0.654167 0.001563 0.000000
2 0.855469 0.671528 0.017188 0.029167
2 0.847266 0.706250 0.033594 0.031944
2 0.832812 0.670139 0.004687 0.026389
2 0.837500 0.654861 0.014063 0.001389
2 0.840625 0.670833 0.015625 0.027778
2 0.851172 0.656250 0.011719 0.001389
1 0.964063 0.705556 0.070312 0.105556
2 0.946875 0.669444 0.028125 0.011111
2 0.990234 0.683333 0.016406 0.033333
2 0.976172 0.722917 0.044531 0.034722
2 0.959375 0.670139 0.021875 0.009722
2 0.966797 0.665278 0.021094 0.000000
2 0.975781 0.677083 0.021875 0.020833
2 0.983203 0.665972 0.021094 0.001389
1 0.757422 0.656250 0.019531 0.012500
2 0.764062 0.663194 0.026562 0.004167
2 0.795703 0.667361 0.003906 0.001389
2 0.792578 0.706250 0.010156 0.004167
2 0.774219 0.664583 0.018750 0.001389
2 0.783984 0.663194 0.016406 0.001389
2 0.787500 0.665972 0.017188 0.001389
2 0.792969 0.663889 0.009375 0.000000
1 0.925781 0.709028 0.085938 0.095833
2 0.890234 0.675000 0.014844 0.002778
2 0.953906 0.695139 0.021875 0.031944
2 0.949219 0.736111 0.032813 0.033333
2 0.907031 0.677083 0.017188 0.001389
2 0.925000 0.678472 0.018750 0.001389
2 0.937109 0.675694 0.007031 0.001389
1 0.760547 0.702778 0.074219 0.100000
2 0.737109 0.720139 0.021094 0.031944
2 0.746875 0.704167 0.020313 0.002778
2 0.740625 0.679861 0.028125 0.031944
2 0.783984 0.684722 0.027344 0.033333
2 0.769531 0.723611 0.056250 0.036111
2 0.750000 0.681944 0.018750 0.030556
2 0.762109 0.665972 0.013281 0.001389
2 0.764844 0.683333 0.018750 0.030556
2 0.776172 0.667361 0.013281 0.001389
1 0.901953 0.717361 0.092969 0.101389
2 0.861719 0.736806 0.004687 0.031944
2 0.887109 0.720139 0.008594 0.001389
2 0.873437 0.693056 0.028125 0.033333
2 0.928516 0.698611 0.032031 0.036111
2 0.913672 0.740972 0.061719 0.040278
2 0.889844 0.695833 0.014063 0.033333
2 0.896094 0.678472 0.018750 0.001389
2 0.905078 0.697222 0.022656 0.033333
2 0.913672 0.679861 0.017969 0.001389
2 0.532031 0.739583 0.040625 0.040278
2 0.551562 0.715972 0.001563 0.004167
2 0.586328 0.746528 0.066406 0.037500
2 0.633984 0.743056 0.028906 0.036111
2 0.586328 0.714583 0.066406 0.034722
2 0.633984 0.710417 0.028906 0.034722
2 0.585938 0.679167 0.065625 0.041667
2 0.616016 0.675000 0.064844 0.038889