3 0.499609 0.909722 0.999219 0.177778
5 0.201172 0.872917 0.082031 0.023611
5 0.201172 0.872917 0.082031 0.023611
5 0.201172 0.872917 0.082031 0.023611
5 0.201563 0.853472 0.081250 0.029167
5 0.201563 0.853472 0.081250 0.029167
5 0.201563 0.853472 0.081250 0.029167
5 0.200781 0.888194 0.081250 0.023611
5 0.200781 0.888194 0.081250 0.023611
5 0.200781 0.888194 0.081250 0.023611
5 0.309375 0.878472 0.079687 0.020833
5 0.309375 0.878472 0.079687 0.020833
5 0.309375 0.878472 0.079687 0.020833
5 0.309375 0.863889 0.079687 0.022222
5 0.309375 0.863889 0.079687 0.022222
5 0.309375 0.863889 0.079687 0.022222
5 0.309375 0.848611 0.079687 0.022222
5 0.309375 0.848611 0.079687 0.022222
5 0.309375 0.848611 0.079687 0.022222
5 0.309766 0.829861 0.078906 0.026389
5 0.309766 0.829861 0.078906 0.026389
5 0.309766 0.829861 0.078906 0.026389
6 0.539453 0.948611 0.105469 0.100000
6 0.469531 0.924306 0.075000 0.148611
6 0.539453 0.847917 0.107031 0.168056
6 0.498828 0.933333 0.091406 0.130556
8 0.997266 0.882639 0.003906 0.004167
8 0.975391 0.889583 0.044531 0.043056
5 0.978125 0.872917 0.042188 0.020833
8 0.930469 0.900694 0.085938 0.054167
5 0.930078 0.879167 0.077344 0.022222
8 0.962109 0.915278 0.069531 0.055556
5 0.965234 0.892361 0.067969 0.023611
8 0.984375 0.923611 0.029687 0.050000
5 0.986719 0.904861 0.025000 0.020833
0 0.486719 0.809722 0.090625 0.213889
1 0.996484 0.802083 0.005469 0.120833
2 0.999219 0.818750 0.000000 0.006944
2 0.998828 0.777778 0.000781 0.041667
2 0.712500 0.840972 0.039062 0.056944
2 0.775391 0.857639 0.086719 0.059722
2 0.845313 0.856944 0.051562 0.050000
2 0.775391 0.811111 0.086719 0.055556
2 0.844922 0.811111 0.052344 0.047222
2 0.775000 0.765278 0.085938 0.055556
2 0.826562 0.761806 0.087500 0.054167