3 0.462109 0.945139 0.924219 0.106944
8 0.828125 0.977778 0.039062 0.041667
6 0.759375 0.946528 0.173437 0.104167
7 0.637109 0.908333 0.041406 0.016667
7 0.682422 0.902083 0.041406 0.012500
7 0.776563 0.894444 0.031250 0.011111
7 0.739844 0.900000 0.040625 0.016667
7 0.523047 0.915972 0.039844 0.018056
7 0.573438 0.911806 0.040625 0.018056
7 0.456250 0.920833 0.031250 0.019444
7 0.412500 0.927778 0.007812 0.013889
8 0.233203 0.995139 0.003906 0.006944
5 0.264844 0.993056 0.057813 0.011111
8 0.168359 0.998611 0.003906 0.000000
5 0.196484 0.995833 0.050781 0.005556
8 0.290625 0.991667 0.010937 0.011111
5 0.317969 0.990278 0.056250 0.016667
8 0.377734 0.986806 0.066406 0.009722
5 0.408594 0.988889 0.000000 0.002778
5 0.417969 0.995833 0.018750 0.005556
8 0.597656 0.973611 0.026562 0.013889
5 0.622266 0.970139 0.069531 0.018056
8 0.596094 0.966667 0.073438 0.019444
5 0.595703 0.960417 0.066406 0.018056
8 0.627344 0.983333 0.032813 0.016667
5 0.644922 0.979861 0.060156 0.020833
8 0.655469 0.992361 0.029687 0.012500
5 0.659766 0.990278 0.030469 0.016667
8 0.481250 0.986806 0.071875 0.023611
5 0.482422 0.981250 0.063281 0.023611
8 0.532422 0.984028 0.071094 0.029167
5 0.533203 0.975000 0.063281 0.022222
8 0.578906 0.990278 0.081250 0.016667
5 0.578516 0.986111 0.074219 0.022222
8 0.608203 0.996528 0.086719 0.004167
5 0.607031 0.992361 0.078125 0.012500
8 0.842187 0.963194 0.048438 0.045833
5 0.848047 0.945139 0.050781 0.018056
8 0.827734 0.970833 0.038281 0.041667
5 0.825000 0.949306 0.032813 0.018056
8 0.945703 0.929167 0.002344 0.000000
5 0.951953 0.929167 0.005469 0.002778
8 0.930859 0.936806 0.044531 0.009722
5 0.933984 0.935417 0.041406 0.012500
0 0.857422 0.818750 0.032031 0.076389
0 0.743750 0.907639 0.128125 0.181944
0 0.026562 0.936111 0.053125 0.125000
1 0.015625 0.897917 0.010937 0.129167
2 0.019922 0.922222 0.007031 0.036111
2 0.015234 0.917361 0.000781 0.020833
2 0.028906 0.859028 0.025000 0.026389
2 0.092188 0.849306 0.018750 0.009722
2 0.053125 0.852083 0.021875 0.009722
2 0.050781 0.846528 0.020313 0.001389
2 0.075000 0.851389 0.023438 0.008333
2 0.073047 0.845139 0.022656 0.001389
1 0.237109 0.886111 0.094531 0.122222
2 0.209766 0.907639 0.024219 0.037500
2 0.204687 0.904167 0.021875 0.036111
2 0.208203 0.858333 0.027344 0.038889
2 0.268750 0.842361 0.023438 0.009722
2 0.234375 0.893056 0.039062 0.013889
2 0.232422 0.844444 0.019531 0.008333
2 0.227344 0.839583 0.015625 0.001389
2 0.250781 0.844444 0.021875 0.008333
2 0.246094 0.838889 0.020313 0.000000
1 0.075000 0.913889 0.114062 0.147222
2 0.026172 0.952778 0.002344 0.019444
2 0.024219 0.936806 0.000000 0.023611
2 0.039453 0.864583 0.028906 0.015278
2 0.112891 0.861806 0.028906 0.012500
2 0.066016 0.865278 0.025781 0.013889
2 0.064062 0.857639 0.025000 0.001389
2 0.089453 0.864583 0.024219 0.012500
2 0.087891 0.856250 0.024219 0.001389
1 0.267578 0.900694 0.103906 0.134722
2 0.237891 0.924306 0.025781 0.043056
2 0.232031 0.921528 0.023438 0.040278
2 0.235937 0.870139 0.031250 0.043056
2 0.299609 0.853472 0.030469 0.012500
2 0.252344 0.921528 0.020313 0.043056
2 0.262891 0.870139 0.021094 0.040278
2 0.254297 0.849306 0.021094 0.001389
2 0.282422 0.855556 0.024219 0.011111
2 0.276953 0.847917 0.022656 0.001389
1 0.093359 0.925000 0.128906 0.147222
2 0.055859 0.875694 0.027344 0.006944
2 0.137500 0.872222 0.029687 0.005556
2 0.070312 0.945833 0.000000 0.000000
2 0.082812 0.876389 0.029687 0.005556
2 0.079687 0.872222 0.028125 0.002778
2 0.110156 0.875000 0.029687 0.002778
2 0.096484 0.871528 0.008594 0.001389
1 0.298047 0.915972 0.097656 0.145833
2 0.271094 0.946528 0.021875 0.045833
2 0.266406 0.943750 0.025000 0.045833
2 0.272656 0.885417 0.035937 0.048611
2 0.336719 0.861111 0.020313 0.005556
2 0.293750 0.927778 0.003125 0.000000
2 0.300391 0.864583 0.027344 0.004167
2 0.291797 0.861806 0.024219 0.001389
2 0.323047 0.863889 0.028906 0.002778
2 0.317578 0.860417 0.025781 0.001389
1 0.103906 0.928472 0.131250 0.140278
2 0.062891 0.974306 0.025781 0.048611
2 0.060937 0.947917 0.021875 0.004167
2 0.060156 0.907639 0.034375 0.056944
2 0.146484 0.902778 0.035156 0.055556
2 0.117188 0.968750 0.092188 0.059722
2 0.087891 0.907639 0.025781 0.054167
2 0.086719 0.879167 0.028125 0.002778
2 0.128516 0.904861 0.014844 0.051389
2 0.115625 0.877778 0.029687 0.002778
1 0.305859 0.922222 0.080469 0.138889
2 0.292969 0.957639 0.031250 0.051389
2 0.285156 0.952778 0.029687 0.050000
2 0.289844 0.893750 0.039062 0.051389
2 0.345703 0.865278 0.002344 0.000000
2 0.321094 0.952778 0.050000 0.055556
2 0.318750 0.893056 0.029687 0.047222
2 0.312109 0.868056 0.027344 0.002778
2 0.338672 0.891667 0.016406 0.047222
2 0.334375 0.866667 0.025000 0.002778
2 0.841016 0.911111 0.067969 0.041667
2 0.911328 0.908333 0.025781 0.036111
2 0.902344 0.871528 0.070312 0.040278
2 0.840234 0.875694 0.067969 0.043056
2 0.938672 0.891667 0.030469 0.044444
2 0.939453 0.923611 0.030469 0.025000
2 0.910547 0.968056 0.088281 0.061111
2 0.935156 0.974306 0.042188 0.048611