3 0.519531 0.888889 0.959375 0.219444
8 0.739844 0.869444 0.029687 0.041667
6 0.695703 0.972917 0.132031 0.051389
6 0.519922 0.981250 0.111719 0.034722
6 0.694531 0.890972 0.132812 0.176389
6 0.603125 0.972917 0.137500 0.051389
6 0.996094 0.936111 0.006250 0.083333
7 0.566406 0.806250 0.037500 0.015278
7 0.595313 0.800000 0.015625 0.011111
7 0.694531 0.793056 0.035937 0.011111
7 0.655859 0.797222 0.033594 0.013889
7 0.473438 0.814583 0.018750 0.015278
7 0.509375 0.810417 0.037500 0.015278
7 0.398828 0.820139 0.033594 0.015278
7 0.353125 0.826389 0.031250 0.016667
8 0.823828 0.998611 0.000781 0.000000
5 0.860938 0.996528 0.067187 0.004167
8 0.896094 0.996528 0.003125 0.001389
5 0.932813 0.988889 0.084375 0.019444
8 0.936328 0.981250 0.028906 0.009722
5 0.964063 0.983333 0.070312 0.030556
8 0.256641 0.912500 0.060156 0.050000
5 0.257422 0.892361 0.053906 0.020833
8 0.200391 0.920139 0.060156 0.054167
5 0.201172 0.899306 0.053906 0.023611
8 0.302734 0.906250 0.060156 0.048611
5 0.303516 0.886806 0.053906 0.020833
8 0.353906 0.900000 0.060937 0.047222
5 0.355078 0.881250 0.053906 0.020833
8 0.221484 0.938194 0.064844 0.059722
5 0.221875 0.915972 0.057813 0.026389
8 0.280469 0.931250 0.065625 0.056944
5 0.281250 0.909028 0.057813 0.026389
8 0.328906 0.923611 0.065625 0.055556
5 0.329688 0.902778 0.057813 0.025000
8 0.382422 0.917361 0.064844 0.054167
5 0.383594 0.896528 0.057813 0.023611
8 0.541797 0.864583 0.022656 0.009722
5 0.563672 0.862500 0.060156 0.016667
8 0.539453 0.860417 0.064844 0.018056
5 0.539062 0.854167 0.057813 0.016667
8 0.585547 0.888889 0.061719 0.044444
5 0.587500 0.870139 0.059375 0.018056
8 0.598828 0.899306 0.035156 0.045833
5 0.600781 0.879861 0.031250 0.018056
8 0.442969 0.890278 0.064062 0.044444
5 0.467969 0.875000 0.007812 0.011111
8 0.491016 0.888889 0.053906 0.041667
5 0.489844 0.868056 0.051562 0.019444
8 0.528516 0.896528 0.071094 0.045833
5 0.527734 0.876389 0.063281 0.019444
8 0.554688 0.906944 0.073438 0.047222
5 0.554297 0.886806 0.066406 0.020833
8 0.750391 0.853472 0.039844 0.040278
5 0.754297 0.838194 0.041406 0.015278
8 0.739844 0.859722 0.029687 0.036111
5 0.738672 0.841667 0.027344 0.013889
8 0.866406 0.826389 0.057813 0.008333
5 0.867188 0.826389 0.051562 0.011111
8 0.824609 0.829861 0.035156 0.006944
5 0.826172 0.827083 0.030469 0.009722
8 0.906250 0.851389 0.004687 0.016667
5 0.899609 0.831944 0.021094 0.008333
8 0.899219 0.857639 0.020313 0.029167
5 0.898828 0.839583 0.021094 0.012500
0 0.977734 0.729167 0.042969 0.097222
0 0.762891 0.724306 0.028906 0.070833
0 0.954297 0.815278 0.089844 0.188889
0 0.689453 0.839583 0.147656 0.215278
0 0.086719 0.896528 0.173437 0.204167
0 0.995313 0.703472 0.007812 0.045833
1 0.045703 0.770833 0.091406 0.058333
2 0.012891 0.775694 0.025781 0.037500
2 0.075000 0.759722 0.023438 0.011111
2 0.035156 0.761806 0.021875 0.009722
2 0.032422 0.756250 0.022656 0.001389
2 0.055859 0.761806 0.022656 0.009722
2 0.051953 0.755556 0.021094 0.000000
1 0.204297 0.790972 0.086719 0.112500
2 0.179297 0.810417 0.021094 0.034722
2 0.174609 0.808333 0.017969 0.033333
2 0.177344 0.765972 0.026562 0.034722
2 0.232422 0.750694 0.022656 0.009722
2 0.205469 0.808333 0.043750 0.036111
2 0.199219 0.765278 0.020313 0.033333
2 0.192578 0.747917 0.016406 0.001389
2 0.215625 0.752778 0.021875 0.008333
2 0.210156 0.747222 0.020313 0.000000
1 0.064453 0.781250 0.103906 0.059722
2 0.030859 0.788889 0.028906 0.041667
2 0.098047 0.772222 0.028906 0.013889
2 0.056250 0.775694 0.023438 0.012500
2 0.051953 0.768056 0.024219 0.002778
2 0.078906 0.774306 0.023438 0.012500
2 0.074219 0.766667 0.023438 0.002778
1 0.237500 0.804167 0.095312 0.122222
2 0.212109 0.826389 0.024219 0.038889
2 0.204687 0.823611 0.021875 0.036111
2 0.209375 0.777778 0.029687 0.038889
2 0.266797 0.761806 0.028906 0.012500
2 0.228516 0.822917 0.028906 0.040278
2 0.232031 0.777083 0.021875 0.037500
2 0.225781 0.757639 0.018750 0.001389
2 0.250781 0.763889 0.023438 0.011111
2 0.244922 0.756250 0.021094 0.001389
1 0.092188 0.833333 0.115625 0.138889
2 0.048047 0.863194 0.010156 0.040278
2 0.046094 0.863194 0.012500 0.043056
2 0.055078 0.803472 0.033594 0.043056
2 0.128516 0.781944 0.033594 0.005556
2 0.075000 0.848611 0.000000 0.000000
2 0.082422 0.786111 0.028906 0.005556
2 0.077344 0.781944 0.025000 0.002778
2 0.104688 0.784028 0.023438 0.004167
2 0.101172 0.780556 0.025781 0.002778
1 0.280469 0.818056 0.104688 0.130556
2 0.250781 0.845139 0.021875 0.040278
2 0.244922 0.843056 0.024219 0.041667
2 0.250000 0.792361 0.034375 0.043056
2 0.312891 0.769444 0.032031 0.005556
2 0.275391 0.772917 0.025781 0.004167
2 0.266797 0.770139 0.019531 0.001389
2 0.295312 0.771528 0.026562 0.004167
2 0.288672 0.768750 0.022656 0.001389
1 0.104688 0.849306 0.121875 0.159722
2 0.068750 0.877778 0.029687 0.050000
2 0.063281 0.872917 0.029687 0.048611
2 0.066406 0.814583 0.034375 0.051389
2 0.148438 0.809028 0.023438 0.048611
2 0.117969 0.871528 0.084375 0.056944
2 0.095312 0.814583 0.029687 0.048611
2 0.089453 0.789583 0.027344 0.004167
2 0.110937 0.813194 0.009375 0.045833
2 0.108594 0.787500 0.015625 0.002778
1 0.300391 0.823611 0.108594 0.130556
2 0.272266 0.855556 0.028906 0.044444
2 0.264453 0.852083 0.027344 0.043056
2 0.268750 0.799306 0.035937 0.045833
2 0.333984 0.794444 0.033594 0.044444
2 0.313281 0.850000 0.075000 0.050000
2 0.294531 0.797917 0.028125 0.043056
2 0.287891 0.775694 0.024219 0.001389
2 0.316016 0.797222 0.027344 0.041667
2 0.309375 0.775000 0.025000 0.002778
2 0.750781 0.807639 0.053125 0.034722
2 0.798828 0.802083 0.041406 0.034722
2 0.801562 0.770833 0.060937 0.036111
2 0.750781 0.775694 0.053125 0.037500
2 0.856250 0.790972 0.071875 0.040278
2 0.918359 0.785417 0.061719 0.040278
2 0.949219 0.807639 0.000000 0.004167
2 0.856250 0.818056 0.071875 0.022222
2 0.904297 0.789583 0.033594 0.040278
2 0.940625 0.784028 0.070312 0.040278
2 0.950781 0.807639 0.001563 0.004167
2 0.902344 0.822222 0.018750 0.025000
2 0.806641 0.856944 0.071094 0.052778
2 0.854688 0.867361 0.087500 0.054167
2 0.015625 0.968750 0.031250 0.054167
2 0.019531 0.911111 0.039062 0.063889
2 0.020313 0.847222 0.040625 0.075000
2 0.014453 0.804861 0.028906 0.009722