3 0.499609 0.825000 0.999219 0.347222
4 0.480859 0.702083 0.007031 0.048611
4 0.520312 0.720833 0.026562 0.055556
4 0.558203 0.732639 0.008594 0.056944
4 0.579297 0.743750 0.030469 0.062500
4 0.623437 0.758333 0.004687 0.063889
4 0.751953 0.789583 0.025781 0.051389
4 0.981250 0.894444 0.017188 0.102778
4 0.200000 0.743056 0.000000 0.011111
4 0.223438 0.778472 0.018750 0.073611
4 0.233984 0.802083 0.002344 0.015278
4 0.262891 0.804167 0.010156 0.044444
4 0.271875 0.814583 0.003125 0.037500
4 0.284375 0.856250 0.025000 0.070833
4 0.401172 0.962500 0.003906 0.066667
4 0.455859 0.986806 0.003906 0.001389
8 0.681641 0.777778 0.010156 0.036111
8 0.892578 0.695833 0.017969 0.008333
5 0.350781 0.661806 0.015625 0.006944
5 0.350781 0.661806 0.015625 0.006944
5 0.350781 0.661806 0.015625 0.006944
5 0.350781 0.652083 0.015625 0.009722
5 0.350781 0.652083 0.015625 0.009722
5 0.350781 0.652083 0.015625 0.009722
5 0.350781 0.668750 0.015625 0.006944
5 0.350781 0.668750 0.015625 0.006944
5 0.350781 0.668750 0.015625 0.006944
5 0.403516 0.665278 0.038281 0.008333
5 0.403516 0.665278 0.038281 0.008333
5 0.403516 0.665278 0.038281 0.008333
5 0.403516 0.658333 0.038281 0.008333
5 0.403516 0.658333 0.038281 0.008333
5 0.403516 0.658333 0.038281 0.008333
5 0.403516 0.650694 0.038281 0.006944
5 0.403516 0.650694 0.038281 0.006944
5 0.403516 0.650694 0.038281 0.006944
5 0.403516 0.642361 0.038281 0.009722
5 0.403516 0.642361 0.038281 0.009722
5 0.403516 0.642361 0.038281 0.009722
6 0.515234 0.667361 0.035156 0.037500
6 0.487891 0.661111 0.028906 0.044444
6 0.514844 0.628472 0.035937 0.054167
6 0.500000 0.663889 0.034375 0.041667
6 0.576172 0.700694 0.050781 0.065278
6 0.605469 0.704861 0.029687 0.062500
7 0.765234 0.781944 0.047656 0.013889
7 0.816797 0.802083 0.025781 0.015278
7 0.573047 0.806944 0.052344 0.027778
7 0.372656 0.857639 0.053125 0.034722
7 0.476562 0.758333 0.040625 0.022222
7 0.417969 0.706250 0.043750 0.012500
7 0.479297 0.734028 0.049219 0.015278
6 0.260156 0.921528 0.137500 0.154167
6 0.455859 0.911111 0.144531 0.175000
6 0.124219 0.850000 0.060937 0.127778
6 0.228906 0.822222 0.064062 0.063889
6 0.229687 0.741667 0.064062 0.119444
6 0.124219 0.749306 0.060937 0.123611
6 0.187500 0.694444 0.050000 0.088889
6 0.102734 0.701389 0.047656 0.094444
6 0.206250 0.775000 0.012500 0.083333
6 0.084375 0.781250 0.010937 0.098611
6 0.989453 0.844444 0.019531 0.113889
8 0.879687 0.841667 0.075000 0.047222
5 0.877344 0.819444 0.070312 0.022222
8 0.918750 0.855556 0.084375 0.052778
5 0.903906 0.833333 0.046875 0.025000
8 0.817969 0.810417 0.059375 0.040278
5 0.816016 0.790972 0.057031 0.020833
8 0.773828 0.807639 0.064844 0.020833
5 0.772656 0.795833 0.062500 0.022222
8 0.610547 0.740972 0.005469 0.029167
5 0.615625 0.728472 0.009375 0.006944
8 0.596875 0.748611 0.046875 0.036111
5 0.598437 0.733333 0.043750 0.013889
8 0.520703 0.712500 0.042969 0.025000
5 0.521484 0.700694 0.041406 0.009722
8 0.507812 0.708333 0.040625 0.027778
5 0.508594 0.696528 0.039062 0.009722
8 0.494531 0.703472 0.039062 0.026389
5 0.496094 0.692361 0.039062 0.009722
8 0.483203 0.698611 0.038281 0.025000
5 0.484375 0.687500 0.037500 0.008333
8 0.522266 0.690972 0.011719 0.004167
5 0.534375 0.689583 0.032813 0.006944
8 0.510938 0.686806 0.012500 0.004167
5 0.524219 0.685417 0.035937 0.006944
8 0.535547 0.700694 0.013281 0.018056
5 0.541016 0.693750 0.019531 0.006944
8 0.546484 0.704167 0.008594 0.013889
5 0.550391 0.699306 0.000781 0.006944
8 0.766016 0.668056 0.021094 0.008333
5 0.772656 0.664583 0.003125 0.004167
8 0.681250 0.667361 0.009375 0.018056
5 0.681641 0.656944 0.010156 0.005556
8 0.682813 0.668750 0.007812 0.018056
5 0.683594 0.660417 0.006250 0.004167
8 0.811719 0.694444 0.004687 0.005556
5 0.812891 0.677778 0.008594 0.002778
8 0.800781 0.688194 0.029687 0.018056
5 0.801562 0.681944 0.028125 0.008333
8 0.783984 0.693750 0.032031 0.018056
5 0.782422 0.683333 0.028906 0.008333
8 0.803516 0.669444 0.000781 0.000000
5 0.784766 0.669444 0.033594 0.005556
8 0.798828 0.684028 0.030469 0.023611
5 0.803516 0.672917 0.035156 0.006944
8 0.783203 0.687500 0.030469 0.019444
5 0.782813 0.676389 0.029687 0.008333
8 0.764062 0.688889 0.017188 0.016667
5 0.770312 0.677083 0.004687 0.001389
8 0.968750 0.710417 0.006250 0.009722
5 0.964844 0.704167 0.014063 0.008333
8 0.906641 0.697917 0.002344 0.001389
5 0.917188 0.697222 0.018750 0.002778
8 0.994141 0.718750 0.002344 0.006944
5 0.997266 0.715972 0.003906 0.004167
8 0.988281 0.741667 0.021875 0.033333
5 0.989453 0.727778 0.019531 0.011111
8 0.978516 0.736806 0.041406 0.026389
5 0.978516 0.720833 0.041406 0.011111
0 0.862109 0.684028 0.094531 0.148611
0 0.741016 0.620139 0.003906 0.043056
0 0.488672 0.627778 0.042969 0.091667
0 0.792969 0.839583 0.107813 0.293056
0 0.258984 0.872222 0.192969 0.252778
0 0.169141 0.850000 0.228906 0.297222
0 0.124609 0.763889 0.166406 0.219444
0 0.111328 0.748611 0.144531 0.205556
1 0.348438 0.861806 0.115625 0.229167
1 0.430469 0.859028 0.101562 0.234722
1 0.116406 0.649306 0.062500 0.073611
1 0.119531 0.650694 0.059375 0.070833
1 0.051172 0.656944 0.063281 0.083333
1 0.051953 0.660417 0.066406 0.084722
1 0.008203 0.656250 0.016406 0.076389
1 0.008594 0.661111 0.017188 0.083333
1 0.112109 0.681250 0.041406 0.079167
1 0.065625 0.697222 0.045312 0.111111
1 0.083594 0.735417 0.056250 0.137500
1 0.139063 0.691667 0.053125 0.044444
1 0.889062 0.623611 0.045312 0.055556
2 0.867969 0.637500 0.001563 0.016667
2 0.872266 0.627778 0.000781 0.000000
2 0.876172 0.609028 0.019531 0.012500
2 0.897656 0.608333 0.023438 0.005556
2 0.887500 0.638194 0.031250 0.018056
2 0.874219 0.613194 0.007812 0.018056
2 0.883203 0.607639 0.010156 0.006944
2 0.894922 0.604167 0.011719 0.000000
1 0.964844 0.638889 0.014063 0.066667
2 0.965625 0.621528 0.012500 0.020833
2 0.964844 0.649306 0.014063 0.023611
2 0.960547 0.609722 0.005469 0.000000
2 0.961328 0.621528 0.007031 0.020833
2 0.968359 0.611111 0.005469 0.000000
1 0.825391 0.603472 0.032031 0.012500
2 0.820312 0.609028 0.018750 0.009722
2 0.841797 0.608333 0.017969 0.002778
2 0.824219 0.609028 0.012500 0.006944
2 0.835156 0.605556 0.007812 0.000000
2 0.828516 0.608333 0.007031 0.002778
2 0.842187 0.605556 0.001563 0.000000
1 0.901172 0.640278 0.050781 0.072222
2 0.885156 0.649306 0.003125 0.020833
2 0.893359 0.638889 0.011719 0.000000
2 0.889844 0.621528 0.023438 0.020833
2 0.915234 0.624306 0.022656 0.020833
2 0.906641 0.652083 0.039844 0.023611
2 0.894141 0.622917 0.014844 0.020833
2 0.904687 0.612500 0.004687 0.000000
2 0.900000 0.624306 0.010937 0.020833
2 0.910937 0.612500 0.006250 0.000000
1 0.785937 0.634722 0.029687 0.063889
2 0.772656 0.606944 0.003125 0.000000
2 0.786328 0.619444 0.024219 0.019444
2 0.784766 0.645833 0.027344 0.022222
2 0.777734 0.606944 0.000781 0.000000
2 0.774609 0.609028 0.007031 0.001389
2 0.783984 0.608333 0.010156 0.000000
1 0.843359 0.641667 0.055469 0.072222
2 0.832812 0.643056 0.001563 0.000000
2 0.834375 0.643056 0.000000 0.000000
2 0.830078 0.613889 0.025781 0.000000
2 0.867969 0.629861 0.001563 0.015278
2 0.847266 0.654861 0.042969 0.023611
1 0.758594 0.633333 0.035937 0.061111
2 0.764453 0.620833 0.019531 0.019444
2 0.756641 0.646528 0.035156 0.020833
2 0.739844 0.620833 0.001563 0.011111
2 0.755078 0.609722 0.000781 0.000000
1 0.817578 0.638889 0.055469 0.063889
2 0.800391 0.654861 0.016406 0.020833
2 0.809375 0.643056 0.006250 0.000000
2 0.801562 0.625000 0.018750 0.022222
2 0.829297 0.628472 0.027344 0.020833
2 0.821484 0.657639 0.042969 0.026389
2 0.804297 0.626389 0.008594 0.022222
2 0.815234 0.615278 0.010156 0.000000
2 0.814063 0.627778 0.012500 0.022222
2 0.932031 0.718056 0.065625 0.038889
2 0.905078 0.722222 0.042969 0.041667
2 0.596094 0.650694 0.015625 0.023611
2 0.612500 0.654167 0.015625 0.022222
2 0.612500 0.632639 0.015625 0.023611
2 0.612500 0.611111 0.015625 0.022222
5 0.619141 0.716667 0.011719 0.011111
5 0.619141 0.725000 0.011719 0.008333
5 0.618359 0.731944 0.010156 0.011111
5 0.618359 0.740278 0.010156 0.011111
5 0.618359 0.756944 0.010156 0.011111
5 0.618359 0.748611 0.010156 0.011111
5 0.618359 0.772917 0.010156 0.012500
5 0.618359 0.765278 0.010156 0.011111
5 0.082812 0.747917 0.014063 0.012500
5 0.083984 0.754861 0.011719 0.006944
5 0.681641 0.729167 0.010156 0.013889
5 0.681641 0.738194 0.010156 0.012500
5 0.681641 0.754861 0.010156 0.012500
5 0.681641 0.746528 0.010156 0.012500
5 0.680469 0.770139 0.007812 0.012500
5 0.681641 0.761806 0.010156 0.009722
5 0.681641 0.722917 0.010156 0.012500
5 0.681641 0.713889 0.010156 0.013889
5 0.741797 0.727778 0.002344 0.005556
5 0.741406 0.735417 0.003125 0.006944
5 0.741016 0.752083 0.003906 0.006944
5 0.741016 0.743750 0.003906 0.006944
5 0.742188 0.764583 0.001563 0.001389
5 0.741016 0.759028 0.003906 0.006944
5 0.216016 0.739583 0.005469 0.009722
5 0.216016 0.745833 0.005469 0.011111
5 0.742578 0.721528 0.000781 0.004167
5 0.739062 0.709722 0.000000 0.002778
5 0.747266 0.664583 0.016406 0.006944
5 0.747266 0.672917 0.016406 0.006944
5 0.747266 0.688194 0.016406 0.009722
5 0.747266 0.680556 0.016406 0.008333
5 0.739844 0.707639 0.001563 0.001389
5 0.747266 0.693750 0.016406 0.004167
5 0.214844 0.734028 0.006250 0.006944
5 0.215625 0.727778 0.004687 0.005556
5 0.747266 0.656944 0.016406 0.008333
5 0.747266 0.647917 0.016406 0.009722