3 0.492969 0.848611 0.985938 0.300000
4 0.205469 0.763194 0.015625 0.037500
4 0.166016 0.770833 0.000781 0.016667
4 0.107031 0.820139 0.018750 0.093056
4 0.048828 0.847222 0.010156 0.097222
8 0.064062 0.881944 0.101562 0.077778
8 0.825391 0.831944 0.082031 0.063889
5 0.456641 0.702083 0.038281 0.009722
5 0.456641 0.702083 0.038281 0.009722
5 0.456641 0.702083 0.038281 0.009722
5 0.455469 0.692361 0.035937 0.009722
5 0.455469 0.692361 0.035937 0.009722
5 0.455469 0.692361 0.035937 0.009722
5 0.456641 0.710417 0.038281 0.009722
5 0.456641 0.710417 0.038281 0.009722
5 0.456641 0.710417 0.038281 0.009722
5 0.516406 0.711806 0.040625 0.009722
5 0.516406 0.711806 0.040625 0.009722
5 0.516406 0.711806 0.040625 0.009722
5 0.516406 0.703472 0.040625 0.009722
5 0.516406 0.703472 0.040625 0.009722
5 0.516406 0.703472 0.040625 0.009722
5 0.516016 0.694444 0.041406 0.011111
5 0.516016 0.694444 0.041406 0.011111
5 0.516016 0.694444 0.041406 0.011111
5 0.515234 0.684722 0.042969 0.011111
5 0.515234 0.684722 0.042969 0.011111
5 0.515234 0.684722 0.042969 0.011111
6 0.461328 0.729861 0.044531 0.073611
6 0.486328 0.715972 0.038281 0.068056
6 0.462500 0.668056 0.046875 0.072222
6 0.474609 0.722917 0.041406 0.070833
6 0.366016 0.765278 0.058594 0.088889
6 0.354297 0.783333 0.052344 0.105556
7 0.157031 0.926389 0.107813 0.041667
7 0.092188 0.963889 0.120313 0.047222
7 0.775391 0.998611 0.008594 0.000000
7 0.069141 0.822222 0.058594 0.030556
8 0.015234 0.961806 0.030469 0.068056
5 0.011719 0.937500 0.023438 0.025000
8 0.260937 0.835417 0.025000 0.040278
5 0.260937 0.812500 0.025000 0.019444
8 0.402734 0.740972 0.002344 0.004167
5 0.398047 0.740972 0.005469 0.006944
8 0.420312 0.765278 0.050000 0.036111
5 0.418359 0.749306 0.046094 0.009722
8 0.430469 0.757639 0.054688 0.034722
5 0.429688 0.743750 0.050000 0.012500
8 0.415625 0.771528 0.040625 0.037500
5 0.413672 0.756250 0.036719 0.012500
8 0.408203 0.779861 0.025781 0.040278
5 0.406250 0.764583 0.021875 0.012500
8 0.860547 0.747917 0.042969 0.029167
5 0.851953 0.736111 0.022656 0.008333
8 0.861328 0.735417 0.046094 0.015278
5 0.861328 0.729167 0.042969 0.005556
8 0.868359 0.746528 0.050781 0.015278
5 0.864844 0.740278 0.040625 0.005556
8 0.870703 0.753472 0.052344 0.018056
5 0.869922 0.748611 0.047656 0.011111
8 0.805859 0.730556 0.046094 0.008333
5 0.805078 0.727778 0.041406 0.005556
8 0.805469 0.740972 0.046875 0.018056
5 0.805078 0.734028 0.042969 0.006944
8 0.808594 0.750000 0.048438 0.027778
5 0.807813 0.738194 0.043750 0.006944
8 0.808594 0.759722 0.050000 0.036111
5 0.807813 0.746528 0.045312 0.012500
8 0.864453 0.799306 0.041406 0.048611
5 0.865234 0.782639 0.038281 0.018056
8 0.920703 0.802778 0.047656 0.050000
5 0.924219 0.785417 0.032813 0.018056
8 0.817969 0.796528 0.042188 0.045833
5 0.817578 0.781250 0.036719 0.018056
8 0.765625 0.795139 0.043750 0.048611
5 0.765234 0.778472 0.038281 0.018056
8 0.867578 0.777083 0.053906 0.040278
5 0.868750 0.759028 0.053125 0.006944
8 0.876563 0.782639 0.062500 0.037500
5 0.872656 0.769444 0.050000 0.013889
8 0.819141 0.781250 0.039844 0.037500
5 0.818359 0.768750 0.035156 0.015278
8 0.770312 0.781944 0.039062 0.041667
5 0.768750 0.766667 0.035937 0.016667
8 0.905859 0.864583 0.085156 0.051389
5 0.904687 0.850000 0.076563 0.025000
8 0.900781 0.842361 0.079687 0.034722
5 0.899609 0.831944 0.072656 0.016667
8 0.929297 0.944444 0.107031 0.086111
5 0.927344 0.916667 0.096875 0.036111
8 0.921484 0.915972 0.099219 0.073611
5 0.914062 0.890278 0.078125 0.025000
8 0.797266 0.933333 0.097656 0.083333
5 0.795703 0.907639 0.088281 0.034722
8 0.798047 0.904861 0.091406 0.065278
5 0.796484 0.882639 0.082031 0.023611
0 0.584375 0.788889 0.084375 0.277778
0 0.661719 0.725000 0.056250 0.191667
0 0.575000 0.671528 0.040625 0.120833
1 0.174609 0.673611 0.067969 0.080556
1 0.153906 0.676389 0.060937 0.083333
1 0.115625 0.673611 0.068750 0.080556
1 0.098047 0.675694 0.071094 0.081944
1 0.059375 0.672222 0.068750 0.080556
1 0.040234 0.674306 0.071094 0.081944
1 0.983203 0.659028 0.002344 0.015278
2 0.984375 0.664583 0.000000 0.004167
1 0.959375 0.706250 0.050000 0.109722
2 0.944141 0.718750 0.014844 0.029167
2 0.955078 0.677778 0.036719 0.030556
2 0.964453 0.682639 0.039844 0.031944
2 0.957031 0.724306 0.034375 0.037500
2 0.945312 0.678472 0.012500 0.029167
2 0.969141 0.663889 0.003906 0.000000
2 0.946875 0.681250 0.009375 0.031944
2 0.973437 0.665278 0.012500 0.000000
1 0.976172 0.730556 0.017969 0.122222
2 0.976562 0.734028 0.017188 0.020833
2 0.975781 0.693056 0.017188 0.036111
2 0.981641 0.700000 0.007031 0.038889
2 0.978125 0.747917 0.014063 0.045833
2 0.975000 0.694444 0.009375 0.033333
2 0.979297 0.696528 0.010156 0.034722
2 0.985938 0.881250 0.001563 0.079167
2 0.986719 0.960417 0.001563 0.076389
2 0.819531 0.871528 0.073438 0.090278
2 0.732812 0.865278 0.071875 0.086111
2 0.807031 0.710417 0.000000 0.026389
2 0.782813 0.723611 0.035937 0.030556
2 0.826562 0.722917 0.037500 0.037500
2 0.782813 0.693056 0.035937 0.030556
2 0.826562 0.692361 0.037500 0.034722
2 0.782422 0.660417 0.035156 0.034722
2 0.826172 0.660417 0.036719 0.034722
5 0.141406 0.790972 0.084375 0.023611
5 0.137109 0.804167 0.075781 0.022222
5 0.137109 0.815278 0.075781 0.022222
5 0.137500 0.829167 0.076563 0.022222
5 0.137109 0.854167 0.075781 0.022222
5 0.137109 0.841667 0.075781 0.022222
5 0.141406 0.877083 0.084375 0.026389
5 0.137109 0.864583 0.075781 0.026389
5 0.217578 0.820139 0.083594 0.023611
5 0.217188 0.831944 0.082812 0.025000
5 0.217188 0.858333 0.082812 0.025000
5 0.217188 0.845833 0.082812 0.025000
5 0.217188 0.882639 0.082812 0.026389
5 0.217188 0.869444 0.082812 0.025000
5 0.217578 0.808333 0.083594 0.022222
5 0.217578 0.794444 0.083594 0.025000
5 0.304297 0.824306 0.082031 0.023611
5 0.304297 0.837500 0.082031 0.025000
5 0.304297 0.863194 0.082031 0.026389
5 0.304297 0.850694 0.082031 0.026389
5 0.304297 0.887500 0.082031 0.030556
5 0.304297 0.875694 0.082031 0.026389
5 0.304688 0.813194 0.081250 0.023611
5 0.304688 0.799306 0.081250 0.023611
5 0.304688 0.725000 0.081250 0.019444
5 0.304688 0.736806 0.081250 0.020833
5 0.304688 0.763889 0.081250 0.022222
5 0.304688 0.750000 0.081250 0.022222
5 0.304688 0.788889 0.081250 0.022222
5 0.304688 0.775694 0.081250 0.020833
5 0.304688 0.712500 0.081250 0.019444
5 0.304688 0.699306 0.081250 0.018056