3 0.322266 0.917361 0.644531 0.162500
4 0.065625 0.881250 0.004687 0.051389
4 0.125391 0.859722 0.007031 0.061111
8 0.239453 0.838194 0.028906 0.018056
5 0.200391 0.825694 0.033594 0.006944
5 0.200391 0.825694 0.033594 0.006944
5 0.200391 0.825694 0.033594 0.006944
5 0.200391 0.818056 0.033594 0.005556
5 0.200391 0.818056 0.033594 0.005556
5 0.200391 0.818056 0.033594 0.005556
5 0.200391 0.832639 0.033594 0.006944
5 0.200391 0.832639 0.033594 0.006944
5 0.200391 0.832639 0.033594 0.006944
5 0.166406 0.834722 0.032813 0.005556
5 0.166406 0.834722 0.032813 0.005556
5 0.166406 0.834722 0.032813 0.005556
5 0.166406 0.827083 0.032813 0.006944
5 0.166406 0.827083 0.032813 0.006944
5 0.166406 0.827083 0.032813 0.006944
5 0.166797 0.820139 0.033594 0.006944
5 0.166797 0.820139 0.033594 0.006944
5 0.166797 0.820139 0.033594 0.006944
5 0.167969 0.811806 0.034375 0.006944
5 0.167969 0.811806 0.034375 0.006944
5 0.167969 0.811806 0.034375 0.006944
6 0.251563 0.788194 0.023438 0.040278
6 0.251172 0.814583 0.022656 0.040278
6 0.137891 0.816667 0.013281 0.041667
5 0.882422 0.897917 0.002344 0.004167
5 0.882422 0.897917 0.002344 0.004167
5 0.882422 0.897917 0.002344 0.004167
5 0.882422 0.886111 0.002344 0.016667
5 0.882422 0.886111 0.002344 0.016667
5 0.882422 0.886111 0.002344 0.016667
5 0.941406 0.912500 0.034375 0.008333
5 0.941406 0.912500 0.034375 0.008333
5 0.941406 0.912500 0.034375 0.008333
5 0.917969 0.897917 0.081250 0.023611
5 0.917969 0.897917 0.081250 0.023611
5 0.917969 0.897917 0.081250 0.023611
5 0.917188 0.879861 0.081250 0.020833
5 0.917188 0.879861 0.081250 0.020833
5 0.917188 0.879861 0.081250 0.020833
6 0.349219 0.859722 0.060937 0.025000
6 0.508984 0.855556 0.092969 0.027778
6 0.349609 0.795833 0.061719 0.119444
6 0.424609 0.856944 0.089844 0.030556
7 0.059375 0.881250 0.035937 0.018056
7 0.256641 0.922222 0.003906 0.025000
7 0.447656 0.850694 0.018750 0.006944
7 0.492969 0.850000 0.021875 0.005556
7 0.342187 0.852083 0.018750 0.006944
7 0.390234 0.852083 0.016406 0.006944
7 0.002344 0.854167 0.003125 0.011111
8 0.052734 0.931944 0.033594 0.058333
5 0.047656 0.909028 0.034375 0.018056
8 0.105078 0.931250 0.061719 0.059722
5 0.102734 0.907639 0.058594 0.018056
8 0.163672 0.929167 0.060156 0.058333
5 0.162891 0.904861 0.053906 0.015278
8 0.231641 0.927083 0.053906 0.056944
5 0.230078 0.904861 0.049219 0.015278
8 0.151172 0.943056 0.067969 0.063889
5 0.150781 0.918750 0.059375 0.020833
8 0.223828 0.940972 0.061719 0.062500
5 0.223047 0.917361 0.053906 0.020833
8 0.085547 0.945139 0.072656 0.065278
5 0.085547 0.920139 0.064844 0.020833
8 0.041016 0.940278 0.017969 0.052778
5 0.037891 0.920139 0.014844 0.018056
0 0.017578 0.842361 0.035156 0.312500
0 0.805859 0.805556 0.141406 0.188889
1 0.600391 0.821528 0.061719 0.093056
1 0.552344 0.821528 0.043750 0.093056
1 0.574219 0.816667 0.056250 0.083333
1 0.536719 0.821528 0.054688 0.093056
1 0.550000 0.813194 0.046875 0.079167
1 0.516406 0.820833 0.050000 0.094444
1 0.552344 0.810417 0.043750 0.073611
1 0.210156 0.829861 0.085938 0.109722
1 0.212500 0.827778 0.081250 0.105556
1 0.012500 0.825694 0.025000 0.101389
1 0.002734 0.829861 0.005469 0.062500
1 0.299219 0.995139 0.123438 0.006944
1 0.628906 0.899306 0.740625 0.187500
2 0.859766 0.946528 0.278906 0.104167
2 0.392578 0.952778 0.210156 0.091667
2 0.680859 0.909722 0.194531 0.022222
2 0.742578 0.957639 0.228906 0.081944
2 0.530859 0.913889 0.183594 0.022222
2 0.573047 0.959722 0.217969 0.077778
1 0.547266 0.895139 0.569531 0.195833
2 0.710156 0.881944 0.196875 0.033333
2 0.355469 0.932639 0.142187 0.120833
2 0.575391 0.873611 0.138281 0.011111
2 0.607422 0.890278 0.155469 0.025000
2 0.461328 0.876389 0.130469 0.011111
2 0.483984 0.894444 0.149219 0.027778
5 0.097266 0.852083 0.030469 0.006944
5 0.097266 0.845833 0.030469 0.005556
5 0.097656 0.834722 0.031250 0.005556
5 0.097656 0.840278 0.031250 0.005556
5 0.132422 0.870833 0.030469 0.008333
5 0.142969 0.879861 0.004687 0.006944
5 0.121875 0.875694 0.040625 0.009722
5 0.120703 0.884722 0.038281 0.008333
5 0.113672 0.881944 0.044531 0.011111
5 0.110937 0.890278 0.045312 0.011111
5 0.114062 0.873611 0.043750 0.011111
5 0.111328 0.865278 0.044531 0.011111