3 0.426953 0.837500 0.853906 0.322222
5 0.692969 0.911111 0.117188 0.058333
5 0.692969 0.911111 0.117188 0.058333
5 0.692969 0.911111 0.117188 0.058333
5 0.692969 0.881944 0.117188 0.069444
5 0.692969 0.881944 0.117188 0.069444
5 0.692969 0.881944 0.117188 0.069444
5 0.692578 0.931250 0.117969 0.056944
5 0.692578 0.931250 0.117969 0.056944
5 0.692578 0.931250 0.117969 0.056944
5 0.833203 0.976389 0.130469 0.044444
5 0.833203 0.976389 0.130469 0.044444
5 0.833203 0.976389 0.130469 0.044444
5 0.833984 0.965278 0.130469 0.066667
5 0.833984 0.965278 0.130469 0.066667
5 0.833984 0.965278 0.130469 0.066667
5 0.833984 0.940278 0.130469 0.066667
5 0.833984 0.940278 0.130469 0.066667
5 0.833984 0.940278 0.130469 0.066667
5 0.833984 0.908333 0.130469 0.077778
5 0.833984 0.908333 0.130469 0.077778
5 0.833984 0.908333 0.130469 0.077778
0 0.919922 0.900694 0.158594 0.195833
1 0.191406 0.726389 0.114062 0.183333
1 0.136719 0.741667 0.117188 0.191667
1 0.125000 0.694444 0.104688 0.150000
1 0.071094 0.715972 0.107813 0.176389
1 0.067969 0.673611 0.096875 0.138889
1 0.032813 0.694444 0.065625 0.163889
1 0.041016 0.629167 0.082031 0.127778