3 0.486328 0.827083 0.972656 0.343056
4 0.080859 0.845833 0.003906 0.083333
8 0.075000 0.674306 0.028125 0.020833
5 0.005859 0.651389 0.011719 0.005556
5 0.005859 0.651389 0.011719 0.005556
5 0.005859 0.651389 0.011719 0.005556
5 0.005859 0.643056 0.011719 0.008333
5 0.005859 0.643056 0.011719 0.008333
5 0.005859 0.643056 0.011719 0.008333
5 0.005859 0.658333 0.011719 0.005556
5 0.005859 0.658333 0.011719 0.005556
5 0.005859 0.658333 0.011719 0.005556
6 0.089453 0.636111 0.027344 0.041667
6 0.100781 0.635417 0.004687 0.040278
6 0.068750 0.609722 0.031250 0.041667
6 0.068750 0.636806 0.031250 0.043056
5 0.717578 0.778472 0.057031 0.020833
5 0.717578 0.778472 0.057031 0.020833
5 0.717578 0.778472 0.057031 0.020833
5 0.720313 0.766667 0.048438 0.022222
5 0.720313 0.766667 0.048438 0.022222
5 0.720313 0.766667 0.048438 0.022222
5 0.806250 0.820833 0.029687 0.016667
5 0.806250 0.820833 0.029687 0.016667
5 0.806250 0.820833 0.029687 0.016667
5 0.806250 0.806250 0.029687 0.023611
5 0.806250 0.806250 0.029687 0.023611
5 0.806250 0.806250 0.029687 0.023611
5 0.806250 0.790972 0.029687 0.023611
5 0.806250 0.790972 0.029687 0.023611
5 0.806250 0.790972 0.029687 0.023611
5 0.789453 0.772917 0.063281 0.029167
5 0.789453 0.772917 0.063281 0.029167
5 0.789453 0.772917 0.063281 0.029167
6 0.362891 0.856944 0.086719 0.116667
6 0.500000 0.832639 0.082812 0.115278
6 0.362891 0.759722 0.086719 0.116667
6 0.434375 0.843056 0.084375 0.119444
6 0.005859 0.884722 0.011719 0.127778
7 0.243750 0.838889 0.032813 0.030556
7 0.303906 0.684028 0.012500 0.012500
7 0.335156 0.682639 0.018750 0.012500
7 0.196875 0.692361 0.023438 0.012500
7 0.241016 0.688194 0.024219 0.012500
8 0.067969 0.881250 0.029687 0.037500
5 0.068359 0.867361 0.030469 0.029167
8 0.139453 0.880556 0.055469 0.052778
5 0.139063 0.859028 0.046875 0.029167
8 0.190234 0.870139 0.053906 0.065278
5 0.190625 0.851389 0.050000 0.027778
8 0.254297 0.863194 0.049219 0.062500
5 0.251563 0.843056 0.046875 0.025000
8 0.205859 0.898611 0.061719 0.063889
5 0.205078 0.875694 0.053906 0.031944
8 0.275000 0.887500 0.048438 0.069444
5 0.271094 0.867361 0.046875 0.031944
8 0.149219 0.904861 0.060937 0.073611
5 0.148438 0.884028 0.053125 0.034722
8 0.082422 0.918056 0.058594 0.069444
5 0.069141 0.895139 0.028906 0.034722
0 0.175781 0.886111 0.182812 0.225000
0 0.756641 0.779861 0.147656 0.212500
1 0.470313 0.686806 0.060937 0.104167
1 0.436719 0.688889 0.060937 0.105556
1 0.437500 0.669444 0.056250 0.083333
1 0.405078 0.676389 0.057031 0.094444
1 0.408594 0.661111 0.053125 0.077778
1 0.380859 0.670139 0.046094 0.093056
1 0.398438 0.643750 0.059375 0.073611
1 0.112500 0.708333 0.085938 0.113889
1 0.106250 0.700694 0.082812 0.109722
2 0.984766 0.970833 0.022656 0.055556
2 0.984766 0.914583 0.022656 0.073611
2 0.984766 0.845139 0.022656 0.079167
5 0.010156 0.752778 0.003125 0.013889
5 0.008203 0.759722 0.003906 0.013889
5 0.011328 0.760417 0.000781 0.009722
5 0.010156 0.771528 0.003125 0.015278
5 0.054688 0.776389 0.003125 0.005556
5 0.053516 0.784722 0.000781 0.008333
5 0.054688 0.767361 0.003125 0.009722
5 0.053516 0.760417 0.000781 0.009722