3 0.499609 0.690972 0.999219 0.615278
8 0.715234 0.655556 0.099219 0.083333
6 0.904687 0.975694 0.076563 0.045833
7 0.985156 0.570139 0.028125 0.023611
7 0.799609 0.423611 0.042969 0.016667
7 0.869922 0.408333 0.042969 0.016667
7 0.840625 0.413889 0.043750 0.016667
7 0.509375 0.492361 0.007812 0.015278
7 0.537109 0.478472 0.047656 0.023611
7 0.638672 0.456944 0.046094 0.022222
7 0.606641 0.465972 0.027344 0.020833
7 0.280859 0.532639 0.042969 0.026389
7 0.218359 0.547917 0.047656 0.031944
8 0.064062 0.831944 0.092188 0.119444
5 0.065234 0.806944 0.082031 0.069444
8 0.009766 0.853472 0.019531 0.106944
5 0.007422 0.829861 0.014844 0.048611
8 0.137109 0.797222 0.091406 0.094444
5 0.138281 0.781944 0.081250 0.063889
8 0.215625 0.778472 0.090625 0.101389
5 0.216406 0.757639 0.079687 0.059722
8 0.024609 0.917361 0.049219 0.123611
5 0.022266 0.895833 0.044531 0.080556
8 0.096484 0.893056 0.102344 0.136111
5 0.097656 0.865972 0.090625 0.081944
8 0.174609 0.862500 0.100781 0.127778
5 0.175391 0.836111 0.089844 0.075000
8 0.257422 0.833333 0.099219 0.119444
5 0.258984 0.808333 0.088281 0.069444
8 0.532031 0.688889 0.053125 0.063889
5 0.529297 0.675694 0.047656 0.037500
8 0.512500 0.655556 0.014063 0.011111
5 0.510156 0.651389 0.009375 0.016667
8 0.552344 0.709722 0.093750 0.063889
5 0.550000 0.700694 0.087500 0.045833
8 0.578125 0.752083 0.070312 0.095833
5 0.580859 0.729861 0.066406 0.051389
8 0.302734 0.736806 0.007031 0.051389
5 0.305469 0.715278 0.000000 0.011111
8 0.511719 0.729861 0.012500 0.015278
5 0.508984 0.726389 0.007031 0.016667
8 0.533984 0.771528 0.057031 0.079167
5 0.530859 0.757639 0.050781 0.051389
8 0.755859 0.620139 0.036719 0.045833
5 0.758984 0.591667 0.063281 0.033333
8 0.712109 0.621528 0.075781 0.051389
5 0.717969 0.608333 0.056250 0.025000
8 0.878125 0.575000 0.075000 0.052778
5 0.878906 0.554167 0.067187 0.027778
8 0.843750 0.576389 0.075000 0.036111
5 0.844922 0.564583 0.067969 0.029167
8 0.943750 0.599306 0.073438 0.056944
5 0.946875 0.578472 0.068750 0.031944
8 0.912891 0.606944 0.082031 0.050000
5 0.914062 0.589583 0.073438 0.031944
0 0.957422 0.350694 0.082031 0.115278
0 0.730469 0.379861 0.062500 0.109722
0 0.987109 0.605556 0.024219 0.252778
0 0.705469 0.722917 0.200000 0.345833
0 0.977344 0.343056 0.043750 0.108333
1 0.989844 0.325000 0.017188 0.033333
2 0.991406 0.326389 0.015625 0.022222
1 0.065234 0.461806 0.019531 0.051389
2 0.051953 0.472222 0.036719 0.038889
2 0.001563 0.560417 0.003125 0.004167
2 0.010156 0.481944 0.020313 0.036111
2 0.006250 0.462500 0.012500 0.005556
2 0.030469 0.478472 0.031250 0.034722
2 0.023828 0.459722 0.028906 0.008333
1 0.061328 0.561111 0.122656 0.188889
2 0.019922 0.597222 0.035156 0.058333
2 0.002734 0.590972 0.005469 0.054167
2 0.017578 0.529861 0.035156 0.065278
2 0.096484 0.511111 0.041406 0.052778
2 0.041016 0.593056 0.019531 0.052778
2 0.045703 0.527083 0.035156 0.056944
2 0.037500 0.497917 0.032813 0.009722
2 0.073828 0.519444 0.035156 0.050000
2 0.065234 0.493750 0.032031 0.009722
1 0.108984 0.616667 0.152344 0.219444
2 0.063672 0.661806 0.024219 0.062500
2 0.049609 0.650694 0.013281 0.062500
2 0.064062 0.581944 0.048438 0.075000
2 0.155078 0.539583 0.047656 0.026389
2 0.100000 0.556250 0.039062 0.020833
2 0.090625 0.544444 0.037500 0.013889
2 0.130469 0.550000 0.039062 0.019444
2 0.120703 0.538194 0.038281 0.012500
1 0.137500 0.643750 0.164062 0.234722
2 0.097656 0.690278 0.043750 0.072222
2 0.073438 0.679167 0.015625 0.066667
2 0.089453 0.607639 0.053906 0.081944
2 0.184375 0.585417 0.053125 0.076389
2 0.162500 0.673611 0.101562 0.086111
2 0.127344 0.604167 0.043750 0.072222
2 0.116016 0.566667 0.039844 0.013889
2 0.158984 0.597222 0.042969 0.069444
2 0.148047 0.559722 0.039844 0.013889
2 0.710938 0.496528 0.076563 0.051389
2 0.780078 0.481944 0.060156 0.041667
2 0.773828 0.441667 0.074219 0.050000
2 0.711719 0.456250 0.076563 0.056944
2 0.857422 0.497917 0.091406 0.068056
2 0.920312 0.480556 0.087500 0.063889
2 0.947656 0.529167 0.029687 0.047222
2 0.855859 0.538889 0.091406 0.050000
2 0.889844 0.489583 0.089063 0.065278
2 0.949219 0.472222 0.085938 0.061111
2 0.976172 0.518750 0.028906 0.045833
2 0.917188 0.536806 0.031250 0.045833
2 0.827344 0.626389 0.106250 0.091667
2 0.887891 0.651389 0.111719 0.097222