3 0.499609 0.852083 0.999219 0.293056
4 0.269141 0.677778 0.000781 0.011111
4 0.248438 0.702778 0.001563 0.061111
4 0.208594 0.706944 0.015625 0.069444
4 0.176953 0.710417 0.010156 0.076389
4 0.125781 0.714583 0.018750 0.081944
8 0.198437 0.729861 0.064062 0.045833
8 0.782422 0.718750 0.064844 0.043056
7 0.251563 0.738194 0.025000 0.006944
7 0.230859 0.752778 0.064844 0.025000
7 0.791406 0.768056 0.096875 0.025000
7 0.784375 0.759028 0.087500 0.023611
7 0.817187 0.797917 0.131250 0.034722
7 0.802734 0.784028 0.110156 0.029167
7 0.866797 0.865278 0.199219 0.061111
7 0.836719 0.831250 0.154688 0.043056
7 0.161719 0.729861 0.025000 0.012500
7 0.240234 0.723611 0.000781 0.000000
6 0.955078 0.801389 0.088281 0.338889
8 0.105469 0.754167 0.023438 0.055556
5 0.101172 0.729861 0.017969 0.012500
8 0.160547 0.745139 0.082031 0.054167
5 0.161328 0.722222 0.072656 0.013889
8 0.116406 0.743056 0.045312 0.041667
5 0.113672 0.721528 0.044531 0.012500
8 0.248047 0.718056 0.000781 0.011111
8 0.792578 0.696528 0.002344 0.004167
5 0.794141 0.694444 0.002344 0.002778
8 0.791406 0.695139 0.001563 0.004167
5 0.809375 0.691667 0.035937 0.000000
8 0.794922 0.694444 0.000781 0.000000
5 0.812891 0.695833 0.033594 0.005556
8 0.839063 0.695833 0.000000 0.000000
5 0.816797 0.694444 0.039844 0.000000
8 0.771875 0.697222 0.007812 0.000000
5 0.770703 0.691667 0.017969 0.000000
8 0.751953 0.695139 0.016406 0.004167
5 0.762109 0.694444 0.035156 0.005556
8 0.765234 0.696528 0.039844 0.004167
5 0.766406 0.694444 0.034375 0.002778
8 0.766016 0.702083 0.041406 0.012500
5 0.765625 0.695139 0.037500 0.004167
8 0.818750 0.714583 0.021875 0.029167
5 0.813672 0.700694 0.030469 0.004167
8 0.857422 0.714583 0.036719 0.029167
5 0.860156 0.702083 0.026562 0.006944
5 0.775000 0.697917 0.029687 0.001389
8 0.745313 0.713889 0.009375 0.027778
5 0.732422 0.700694 0.030469 0.006944
8 0.800781 0.703472 0.015625 0.012500
5 0.816406 0.698611 0.043750 0.005556
8 0.822266 0.704861 0.049219 0.012500
5 0.819141 0.700000 0.039844 0.005556
8 0.775391 0.698611 0.032031 0.000000
5 0.775391 0.697222 0.027344 0.002778
8 0.746094 0.707639 0.007812 0.018056
5 0.735156 0.699306 0.028125 0.006944
8 0.844922 0.727083 0.063281 0.040278
5 0.844141 0.709028 0.058594 0.006944
8 0.838672 0.725000 0.055469 0.038889
5 0.839453 0.704861 0.053906 0.001389
8 0.860547 0.738889 0.075781 0.047222
5 0.859766 0.718056 0.069531 0.011111
8 0.855078 0.734028 0.071094 0.043056
5 0.854297 0.715278 0.064844 0.011111
8 0.765234 0.736806 0.071094 0.045833
5 0.764062 0.716667 0.064062 0.011111
8 0.764844 0.733333 0.065625 0.044444
5 0.764062 0.714583 0.060937 0.009722
8 0.998047 0.853472 0.002344 0.015278
0 0.395313 0.561806 0.332813 0.873611
0 0.598437 0.654167 0.060937 0.191667
0 0.648828 0.656944 0.041406 0.147222
0 0.073047 0.620833 0.146094 0.552778
0 0.566797 0.658333 0.019531 0.105556
1 0.197656 0.671528 0.060937 0.070833
1 0.184766 0.671528 0.063281 0.073611
1 0.142578 0.671528 0.061719 0.070833
1 0.124609 0.672222 0.057031 0.072222
1 0.114062 0.671528 0.014063 0.070833
1 0.096875 0.672222 0.020313 0.072222
1 0.927344 0.630556 0.032813 0.005556
1 0.967578 0.628472 0.055469 0.009722
1 0.892578 0.668750 0.044531 0.081944
2 0.874219 0.687500 0.001563 0.025000
2 0.873437 0.652778 0.001563 0.025000
2 0.891406 0.652083 0.010937 0.026389
2 0.886328 0.688889 0.022656 0.027778
2 0.875391 0.652778 0.000781 0.025000
2 0.889844 0.665278 0.007812 0.000000
1 0.919141 0.672222 0.049219 0.097222
2 0.898047 0.690278 0.000781 0.027778
2 0.897266 0.650694 0.000781 0.029167
2 0.926562 0.642361 0.034375 0.015278
2 0.910156 0.681250 0.003125 0.059722
2 0.932813 0.683333 0.015625 0.066667
2 0.933984 0.745833 0.014844 0.061111
2 0.911328 0.739583 0.003906 0.059722
2 0.918359 0.681944 0.013281 0.063889
2 0.969531 0.684722 0.059375 0.069444
2 0.970313 0.756944 0.057813 0.075000
2 0.919141 0.740278 0.013281 0.055556
2 0.779297 0.723611 0.057031 0.047222
2 0.712891 0.723611 0.053906 0.050000
2 0.762500 0.687500 0.000000 0.005556
2 0.741797 0.697222 0.030469 0.022222
2 0.779297 0.690972 0.032031 0.009722
2 0.741797 0.672222 0.030469 0.025000
2 0.779297 0.672222 0.032031 0.025000
2 0.741797 0.645139 0.030469 0.026389
2 0.779297 0.645139 0.032031 0.026389
5 0.241016 0.673611 0.057031 0.008333
5 0.240625 0.683333 0.056250 0.008333
5 0.239844 0.692361 0.056250 0.009722
5 0.239453 0.702083 0.055469 0.009722
5 0.238672 0.722222 0.053906 0.011111
5 0.239063 0.711806 0.054688 0.009722
5 0.231641 0.738889 0.039844 0.005556
5 0.238281 0.730556 0.053125 0.011111