3 0.499609 0.904861 0.999219 0.187500
5 0.429297 0.814583 0.063281 0.015278
5 0.429297 0.814583 0.063281 0.015278
5 0.429297 0.814583 0.063281 0.015278
5 0.430078 0.800000 0.064844 0.019444
5 0.430078 0.800000 0.064844 0.019444
5 0.430078 0.800000 0.064844 0.019444
5 0.421094 0.827778 0.046875 0.011111
5 0.421094 0.827778 0.046875 0.011111
5 0.421094 0.827778 0.046875 0.011111
5 0.522266 0.830556 0.060156 0.016667
5 0.522266 0.830556 0.060156 0.016667
5 0.522266 0.830556 0.060156 0.016667
5 0.520312 0.817361 0.064062 0.018056
5 0.520312 0.817361 0.064062 0.018056
5 0.520312 0.817361 0.064062 0.018056
5 0.520312 0.803472 0.064062 0.018056
5 0.520312 0.803472 0.064062 0.018056
5 0.520312 0.803472 0.064062 0.018056
5 0.520312 0.788889 0.064062 0.019444
5 0.520312 0.788889 0.064062 0.019444
5 0.520312 0.788889 0.064062 0.019444
6 0.430469 0.915972 0.082812 0.148611
6 0.475000 0.870833 0.068750 0.125000
6 0.433203 0.800694 0.088281 0.140278
6 0.455859 0.891667 0.074219 0.138889
6 0.190625 0.977778 0.168750 0.041667
7 0.144531 0.962500 0.093750 0.033333
8 0.232813 0.975694 0.115625 0.029167
5 0.231250 0.965972 0.104688 0.026389
8 0.269922 0.960417 0.107031 0.045833
5 0.268750 0.946528 0.096875 0.031944
8 0.339062 0.984028 0.115625 0.029167
5 0.337891 0.977778 0.103906 0.033333
8 0.370703 0.972222 0.107031 0.052778
5 0.369141 0.954861 0.096094 0.034722
8 0.372266 0.996528 0.007031 0.004167
5 0.321094 0.991667 0.093750 0.013889
8 0.997266 0.907639 0.003906 0.029167
5 0.998828 0.896528 0.000781 0.009722
0 0.872266 0.976389 0.239844 0.044444
0 0.869141 0.875694 0.125781 0.240278
0 0.618750 0.783333 0.065625 0.200000
1 0.022656 0.775000 0.045312 0.122222
1 0.016406 0.779861 0.032813 0.131944
2 0.919531 0.838889 0.009375 0.050000
2 0.960547 0.864583 0.072656 0.070833
2 0.998047 0.859722 0.002344 0.052778
2 0.960156 0.814583 0.071875 0.065278
2 0.997656 0.811111 0.003125 0.052778
2 0.959375 0.765278 0.071875 0.061111
2 0.996094 0.761806 0.006250 0.051389