3 0.499609 0.765972 0.999219 0.465278
4 0.098047 0.688889 0.002344 0.038889
8 0.248047 0.565972 0.019531 0.023611
5 0.204297 0.525694 0.021094 0.006944
5 0.204297 0.525694 0.021094 0.006944
5 0.204297 0.525694 0.021094 0.006944
5 0.203906 0.516667 0.021875 0.011111
5 0.203906 0.516667 0.021875 0.011111
5 0.203906 0.516667 0.021875 0.011111
5 0.204687 0.534028 0.021875 0.006944
5 0.204687 0.534028 0.021875 0.006944
5 0.204687 0.534028 0.021875 0.006944
5 0.175391 0.535417 0.035156 0.006944
5 0.175391 0.535417 0.035156 0.006944
5 0.175391 0.535417 0.035156 0.006944
5 0.175391 0.528472 0.035156 0.006944
5 0.175391 0.528472 0.035156 0.006944
5 0.175391 0.528472 0.035156 0.006944
5 0.175391 0.520833 0.035156 0.008333
5 0.175391 0.520833 0.035156 0.008333
5 0.175391 0.520833 0.035156 0.008333
5 0.176172 0.511111 0.036719 0.011111
5 0.176172 0.511111 0.036719 0.011111
5 0.176172 0.511111 0.036719 0.011111
6 0.260547 0.485417 0.017969 0.040278
6 0.260937 0.511806 0.017188 0.045833
6 0.139063 0.518750 0.023438 0.045833
5 0.913672 0.872222 0.060156 0.061111
5 0.913672 0.872222 0.060156 0.061111
5 0.913672 0.872222 0.060156 0.061111
5 0.923828 0.851389 0.080469 0.063889
5 0.923828 0.851389 0.080469 0.063889
5 0.923828 0.851389 0.080469 0.063889
5 0.914844 0.891667 0.064062 0.061111
5 0.914844 0.891667 0.064062 0.061111
5 0.914844 0.891667 0.064062 0.061111
5 0.980859 0.961111 0.036719 0.050000
5 0.980859 0.961111 0.036719 0.050000
5 0.980859 0.961111 0.036719 0.050000
5 0.980859 0.947222 0.036719 0.038889
5 0.980859 0.947222 0.036719 0.038889
5 0.980859 0.947222 0.036719 0.038889
5 0.981250 0.918056 0.035937 0.050000
5 0.981250 0.918056 0.035937 0.050000
5 0.981250 0.918056 0.035937 0.050000
5 0.981250 0.891667 0.035937 0.055556
5 0.981250 0.891667 0.035937 0.055556
5 0.981250 0.891667 0.035937 0.055556
6 0.289062 0.976389 0.114062 0.044444
6 0.513281 0.947917 0.115625 0.101389
6 0.287891 0.881250 0.114844 0.187500
6 0.404687 0.953472 0.112500 0.090278
7 0.023438 0.729861 0.043750 0.034722
7 0.223828 0.909028 0.042969 0.062500
7 0.468750 0.597917 0.020313 0.018056
7 0.519141 0.597222 0.024219 0.016667
7 0.353516 0.603472 0.019531 0.018056
7 0.403516 0.600694 0.021094 0.018056
8 0.034375 0.968750 0.054688 0.059722
5 0.030859 0.968056 0.050781 0.061111
8 0.091016 0.965278 0.085156 0.066667
5 0.090625 0.961111 0.075000 0.061111
8 0.173047 0.962500 0.077344 0.072222
5 0.173047 0.955556 0.067969 0.061111
8 0.076953 0.995833 0.069531 0.005556
5 0.075000 0.995139 0.060937 0.006944
8 0.163281 0.993056 0.068750 0.011111
5 0.161328 0.992361 0.061719 0.012500
0 0.896875 0.893750 0.192188 0.209722
1 0.647656 0.644444 0.045312 0.141667
1 0.577344 0.646528 0.043750 0.143056
1 0.606641 0.612500 0.063281 0.113889
1 0.564063 0.620833 0.060937 0.130556
1 0.576562 0.591667 0.045312 0.105556
1 0.542578 0.600000 0.055469 0.119444
1 0.594922 0.542361 0.069531 0.068056
1 0.194141 0.652083 0.097656 0.134722
1 0.198828 0.634028 0.092969 0.123611
5 0.091406 0.597222 0.034375 0.013889
5 0.091406 0.590972 0.034375 0.012500
5 0.091406 0.578472 0.034375 0.012500
5 0.091406 0.585417 0.034375 0.012500
5 0.104688 0.693750 0.046875 0.020833
5 0.105859 0.704167 0.039844 0.016667
5 0.097656 0.713194 0.043750 0.023611
5 0.112109 0.725694 0.008594 0.018056
5 0.081250 0.738889 0.053125 0.027778
5 0.078125 0.751389 0.053125 0.022222
5 0.080859 0.730556 0.053906 0.025000
5 0.077734 0.722222 0.053906 0.027778