3 0.499609 0.840278 0.999219 0.316667
4 0.532031 0.697222 0.003125 0.013889
4 0.589844 0.729861 0.007812 0.062500
4 0.618359 0.737500 0.035156 0.069444
4 0.719141 0.758333 0.036719 0.077778
4 0.794531 0.770833 0.004687 0.083333
4 0.847266 0.785417 0.042969 0.098611
4 0.321875 0.795139 0.009375 0.029167
4 0.623437 0.986806 0.007812 0.023611
8 0.729688 0.765972 0.060937 0.048611
5 0.337500 0.673611 0.040625 0.008333
5 0.337500 0.673611 0.040625 0.008333
5 0.337500 0.673611 0.040625 0.008333
5 0.340234 0.693750 0.035156 0.001389
5 0.340234 0.693750 0.035156 0.001389
5 0.340234 0.693750 0.035156 0.001389
5 0.387891 0.690972 0.032031 0.001389
5 0.387891 0.690972 0.032031 0.001389
5 0.387891 0.690972 0.032031 0.001389
5 0.369922 0.676389 0.002344 0.000000
5 0.369922 0.676389 0.002344 0.000000
5 0.369922 0.676389 0.002344 0.000000
5 0.387500 0.672917 0.039062 0.006944
5 0.387500 0.672917 0.039062 0.006944
5 0.387500 0.672917 0.039062 0.006944
5 0.387500 0.663889 0.039062 0.008333
5 0.387500 0.663889 0.039062 0.008333
5 0.387500 0.663889 0.039062 0.008333
6 0.526953 0.675694 0.013281 0.031944
6 0.471875 0.668750 0.014063 0.029167
6 0.526953 0.635417 0.013281 0.056944
6 0.521094 0.676389 0.001563 0.027778
6 0.599609 0.712500 0.053906 0.052778
6 0.646484 0.711111 0.057031 0.063889
7 0.816016 0.777083 0.021094 0.020833
7 0.866016 0.794444 0.005469 0.002778
7 0.628516 0.796528 0.064844 0.029167
7 0.404687 0.831944 0.060937 0.016667
7 0.409375 0.721528 0.010937 0.004167
6 0.277734 0.989583 0.007031 0.018056
6 0.691406 0.974306 0.237500 0.048611
6 0.400781 0.837500 0.251563 0.322222
6 0.690625 0.832639 0.237500 0.331944
6 0.097656 0.824306 0.060937 0.154167
6 0.223438 0.799306 0.056250 0.106944
6 0.237109 0.693056 0.080469 0.111111
6 0.098437 0.700000 0.060937 0.144444
6 0.176563 0.665278 0.040625 0.091667
6 0.072656 0.672917 0.059375 0.106944
6 0.050391 0.767361 0.016406 0.112500
8 0.910547 0.772917 0.083594 0.012500
8 0.846094 0.793056 0.045312 0.044444
5 0.848828 0.776389 0.039844 0.019444
8 0.650781 0.744444 0.012500 0.025000
5 0.652344 0.724306 0.010937 0.004167
8 0.633203 0.745833 0.050781 0.036111
5 0.633594 0.729861 0.046875 0.012500
5 0.530469 0.704167 0.006250 0.002778
5 0.530469 0.701389 0.006250 0.002778
8 0.476172 0.719444 0.010156 0.008333
5 0.530469 0.697222 0.006250 0.002778
5 0.528125 0.693750 0.003125 0.001389
5 0.711719 0.673611 0.007812 0.000000
8 0.697656 0.680556 0.023438 0.008333
5 0.696875 0.676389 0.021875 0.005556
8 0.696875 0.681250 0.015625 0.006944
5 0.703125 0.677778 0.025000 0.005556
8 0.709766 0.681944 0.010156 0.005556
5 0.710938 0.679861 0.007812 0.004167
8 0.859766 0.703472 0.011719 0.023611
5 0.860156 0.690972 0.012500 0.006944
8 0.864062 0.704167 0.003125 0.011111
5 0.865625 0.687500 0.003125 0.000000
8 0.836719 0.704861 0.043750 0.023611
5 0.839844 0.692361 0.031250 0.006944
8 0.815625 0.707639 0.020313 0.020833
5 0.819922 0.694444 0.011719 0.005556
5 0.819922 0.683333 0.011719 0.000000
5 0.819922 0.685417 0.011719 0.001389
8 0.825000 0.709028 0.001563 0.004167
5 0.825000 0.687500 0.001563 0.000000
8 0.783203 0.700694 0.000781 0.001389
5 0.985156 0.700694 0.028125 0.001389
0 0.910156 0.676389 0.089063 0.155556
0 0.748828 0.659722 0.066406 0.125000
0 0.470313 0.640278 0.017188 0.088889
0 0.907813 0.779861 0.182812 0.351389
0 0.326953 0.804167 0.291406 0.388889
0 0.176563 0.802083 0.300000 0.393056
0 0.097656 0.731944 0.195312 0.261111
0 0.087500 0.720833 0.175000 0.241667
1 0.404687 0.825000 0.153125 0.269444
1 0.497656 0.813194 0.164062 0.245833
1 0.074609 0.667361 0.069531 0.084722
1 0.078125 0.665278 0.060937 0.075000
1 0.018750 0.669444 0.037500 0.086111
1 0.019922 0.670833 0.039844 0.088889
1 0.077344 0.695139 0.051562 0.112500
1 0.023828 0.697917 0.047656 0.123611
1 0.034766 0.724306 0.047656 0.154167
1 0.105859 0.688889 0.044531 0.072222
2 0.879687 0.627083 0.003125 0.004167
2 0.918750 0.627083 0.004687 0.001389
2 0.885938 0.659722 0.001563 0.002778
2 0.882422 0.627083 0.000781 0.004167
1 0.974219 0.659028 0.050000 0.068056
2 0.951953 0.658333 0.000781 0.002778
2 0.967969 0.655556 0.000000 0.000000
2 0.952344 0.637500 0.001563 0.019444
2 0.990234 0.639583 0.017969 0.020833
2 0.983594 0.668750 0.031250 0.023611
2 0.971094 0.638194 0.009375 0.020833
2 0.975781 0.638194 0.009375 0.020833
2 0.988281 0.627778 0.014063 0.000000
1 0.841406 0.638194 0.046875 0.040278
2 0.824609 0.659722 0.000781 0.000000
2 0.824219 0.628472 0.001563 0.001389
2 0.860156 0.627778 0.009375 0.002778
2 0.860156 0.659028 0.009375 0.001389
1 0.942578 0.659722 0.025781 0.069444
2 0.941406 0.640278 0.021875 0.022222
2 0.934375 0.670139 0.034375 0.023611
2 0.918359 0.630556 0.003906 0.002778
1 0.786719 0.647917 0.053125 0.056944
2 0.761719 0.626389 0.000000 0.000000
2 0.798438 0.639583 0.012500 0.018056
2 0.798438 0.666667 0.012500 0.019444
1 0.867578 0.639583 0.028906 0.037500
2 0.855469 0.659722 0.003125 0.000000
2 0.856641 0.629167 0.007031 0.000000
2 0.872266 0.641667 0.019531 0.022222
2 0.873047 0.665972 0.027344 0.006944
2 0.858984 0.630556 0.005469 0.000000
1 0.755078 0.636806 0.041406 0.034722
2 0.752344 0.655556 0.004687 0.000000
2 0.739062 0.631250 0.004687 0.006944
2 0.764844 0.636806 0.009375 0.015278
2 0.783594 0.672222 0.000000 0.008333
2 0.748828 0.638194 0.005469 0.020833
2 0.756641 0.638194 0.010156 0.020833
1 0.837109 0.654861 0.061719 0.065278
2 0.819141 0.668750 0.010156 0.015278
2 0.825000 0.661111 0.000000 0.000000
2 0.815625 0.640278 0.003125 0.019444
2 0.858984 0.642361 0.011719 0.023611
2 0.844141 0.674306 0.042969 0.023611
2 0.821094 0.641667 0.007812 0.022222
2 0.853906 0.630556 0.001563 0.000000
2 0.976953 0.720833 0.044531 0.041667
2 0.971875 0.722917 0.040625 0.040278
2 0.593750 0.665972 0.018750 0.006944
2 0.625000 0.673611 0.042188 0.016667
2 0.655078 0.675000 0.016406 0.019444
2 0.625000 0.654167 0.042188 0.025000
2 0.655078 0.654167 0.016406 0.022222
2 0.625000 0.631250 0.042188 0.023611
2 0.650781 0.631250 0.023438 0.023611
5 0.689063 0.704861 0.062500 0.009722
5 0.689063 0.714583 0.062500 0.009722
5 0.689063 0.723611 0.062500 0.011111
5 0.689063 0.732639 0.062500 0.009722
5 0.689063 0.750694 0.062500 0.012500
5 0.689063 0.742361 0.062500 0.009722
5 0.687500 0.769444 0.059375 0.011111
5 0.689063 0.760417 0.062500 0.012500
5 0.045312 0.750694 0.023438 0.012500
5 0.046875 0.756250 0.021875 0.006944
5 0.740234 0.720139 0.060156 0.012500
5 0.742188 0.729861 0.056250 0.012500
5 0.740625 0.748611 0.060937 0.013889
5 0.740625 0.739583 0.060937 0.012500
5 0.742578 0.766667 0.057031 0.013889
5 0.746094 0.757639 0.050000 0.012500
5 0.740234 0.712500 0.060156 0.011111
5 0.740234 0.703472 0.060156 0.009722
5 0.792969 0.718056 0.060937 0.011111
5 0.792969 0.726389 0.060937 0.011111
5 0.793359 0.745139 0.061719 0.012500
5 0.792969 0.735417 0.060937 0.012500
5 0.793750 0.762500 0.060937 0.011111
5 0.793750 0.752778 0.060937 0.013889
5 0.814453 0.709028 0.017969 0.009722
5 0.795703 0.700000 0.055469 0.008333
5 0.792969 0.647917 0.060937 0.009722
5 0.792969 0.657639 0.060937 0.009722
5 0.792969 0.675694 0.060937 0.009722
5 0.792969 0.665972 0.060937 0.009722
5 0.803906 0.692361 0.039062 0.009722
5 0.792969 0.682639 0.060937 0.009722
5 0.792969 0.640278 0.060937 0.008333
5 0.792578 0.630556 0.060156 0.008333