3 0.499609 0.922917 0.999219 0.151389
4 0.417187 0.791667 0.004687 0.086111
4 0.479687 0.796528 0.059375 0.143056
4 0.573047 0.772222 0.007031 0.127778
4 0.630078 0.762500 0.077344 0.155556
4 0.800781 0.773611 0.039062 0.244444
4 0.933984 0.757639 0.130469 0.315278
8 0.925000 0.824306 0.148438 0.156944
5 0.273828 0.829167 0.063281 0.011111
5 0.273828 0.829167 0.063281 0.011111
5 0.273828 0.829167 0.063281 0.011111
5 0.273828 0.816667 0.063281 0.011111
5 0.273828 0.816667 0.063281 0.011111
5 0.273828 0.816667 0.063281 0.011111
5 0.255469 0.841667 0.028125 0.011111
5 0.255469 0.841667 0.028125 0.011111
5 0.255469 0.841667 0.028125 0.011111
5 0.357812 0.829861 0.062500 0.009722
5 0.357812 0.829861 0.062500 0.009722
5 0.357812 0.829861 0.062500 0.009722
5 0.357812 0.817361 0.062500 0.009722
5 0.357812 0.817361 0.062500 0.009722
5 0.357812 0.817361 0.062500 0.009722
5 0.357812 0.804167 0.062500 0.011111
5 0.357812 0.804167 0.062500 0.011111
5 0.357812 0.804167 0.062500 0.011111
6 0.520703 0.791667 0.066406 0.086111
6 0.475000 0.804167 0.056250 0.091667
6 0.520312 0.708333 0.067187 0.108333
6 0.496484 0.802778 0.063281 0.097222
6 0.635547 0.777778 0.117969 0.125000
6 0.729688 0.783333 0.125000 0.161111
7 0.585156 0.883333 0.254688 0.100000
7 0.327734 0.854861 0.097656 0.045833
7 0.303516 0.842361 0.080469 0.020833
7 0.410938 0.850694 0.081250 0.029167
8 0.791016 0.832639 0.150781 0.087500
5 0.790625 0.793056 0.098437 0.008333
8 0.689844 0.830556 0.146875 0.094444
5 0.693359 0.793750 0.133594 0.029167
8 0.508984 0.819444 0.091406 0.036111
5 0.509766 0.804861 0.088281 0.012500
8 0.486328 0.830556 0.088281 0.055556
5 0.488281 0.806250 0.084375 0.012500
8 0.467187 0.828472 0.089063 0.048611
5 0.435937 0.806944 0.018750 0.011111
8 0.445312 0.822222 0.075000 0.030556
5 0.428125 0.809028 0.034375 0.009722
8 0.522266 0.827083 0.016406 0.018056
8 0.520703 0.827778 0.016406 0.016667
8 0.547266 0.834722 0.002344 0.002778
5 0.832812 0.816667 0.000000 0.000000
8 0.836719 0.832639 0.009375 0.031944
5 0.837500 0.817361 0.006250 0.001389
8 0.868359 0.844444 0.003906 0.008333
0 0.945703 0.738889 0.107031 0.225000
0 0.497656 0.761111 0.059375 0.150000
2 0.732422 0.822917 0.057031 0.020833
2 0.722656 0.783333 0.043750 0.022222
2 0.729688 0.754167 0.060937 0.038889
2 0.775781 0.754167 0.031250 0.033333
5 0.835156 0.676389 0.190625 0.041667
5 0.836328 0.704167 0.191406 0.036111
5 0.836719 0.730556 0.192188 0.036111
5 0.837500 0.759722 0.192188 0.033333
5 0.839063 0.818056 0.193750 0.027778
5 0.838281 0.788889 0.192188 0.030556
5 0.840625 0.873611 0.193750 0.030556
5 0.839844 0.844444 0.193750 0.027778
5 0.949609 0.734028 0.099219 0.031944
5 0.950000 0.760417 0.098437 0.026389
5 0.951172 0.829861 0.096094 0.004167
5 0.950781 0.794444 0.096875 0.002778
5 0.950391 0.870833 0.097656 0.027778
5 0.951172 0.843750 0.096094 0.026389
5 0.949219 0.710417 0.100000 0.031944
5 0.946875 0.684722 0.104688 0.038889