3 0.499609 0.872917 0.999219 0.251389
4 0.136328 0.792361 0.007031 0.070833
4 0.039453 0.765278 0.003906 0.052778
8 0.012109 0.749306 0.024219 0.018056
6 0.013672 0.727778 0.027344 0.038889
6 0.028906 0.727083 0.026562 0.040278
6 0.002344 0.697917 0.004687 0.031944
6 0.001953 0.727778 0.003906 0.038889
8 0.126953 0.931250 0.125781 0.115278
5 0.635156 0.775694 0.018750 0.012500
5 0.635156 0.775694 0.018750 0.012500
5 0.635156 0.775694 0.018750 0.012500
5 0.634766 0.763889 0.019531 0.011111
5 0.634766 0.763889 0.019531 0.011111
5 0.634766 0.763889 0.019531 0.011111
5 0.635547 0.786111 0.019531 0.011111
5 0.635547 0.786111 0.019531 0.011111
5 0.635547 0.786111 0.019531 0.011111
5 0.737891 0.793750 0.007031 0.009722
5 0.737891 0.793750 0.007031 0.009722
5 0.737891 0.793750 0.007031 0.009722
5 0.737891 0.782639 0.007031 0.009722
5 0.737891 0.782639 0.007031 0.009722
5 0.737891 0.782639 0.007031 0.009722
5 0.735156 0.770833 0.012500 0.011111
5 0.735156 0.770833 0.012500 0.011111
5 0.735156 0.770833 0.012500 0.011111
5 0.735156 0.757639 0.012500 0.012500
5 0.735156 0.757639 0.012500 0.012500
5 0.735156 0.757639 0.012500 0.012500
6 0.396875 0.786111 0.062500 0.086111
6 0.496484 0.780556 0.069531 0.086111
6 0.396875 0.707639 0.064062 0.087500
6 0.446094 0.783333 0.071875 0.088889
6 0.092188 0.801389 0.065625 0.105556
6 0.018750 0.804861 0.037500 0.104167
7 0.029297 0.822222 0.041406 0.022222
7 0.234766 0.753472 0.025781 0.009722
7 0.276562 0.752778 0.017188 0.008333
7 0.135156 0.756944 0.012500 0.008333
7 0.182031 0.755556 0.025000 0.008333
8 0.147656 0.819444 0.046875 0.038889
5 0.146875 0.798611 0.046875 0.013889
8 0.195703 0.813889 0.053906 0.041667
5 0.196484 0.795139 0.050781 0.012500
8 0.234375 0.813194 0.037500 0.037500
5 0.234766 0.791667 0.041406 0.011111
5 0.267969 0.786806 0.000000 0.001389
8 0.251953 0.815972 0.032031 0.029167
5 0.246094 0.799306 0.018750 0.012500
8 0.220703 0.820833 0.060156 0.044444
5 0.219531 0.802083 0.053125 0.015278
8 0.166406 0.825000 0.060937 0.047222
5 0.165625 0.804861 0.053125 0.015278
8 0.832812 0.874306 0.043750 0.031944
5 0.831250 0.836806 0.051562 0.009722
5 0.878516 0.829861 0.047656 0.006944
8 0.807422 0.875694 0.094531 0.065278
5 0.809375 0.848611 0.090625 0.025000
8 0.763672 0.886111 0.096094 0.063889
5 0.759766 0.854861 0.088281 0.026389
8 0.825781 0.848611 0.090625 0.052778
5 0.824609 0.825000 0.082031 0.013889
8 0.783594 0.854167 0.084375 0.044444
5 0.778125 0.829861 0.082812 0.015278
8 0.758594 0.862500 0.056250 0.052778
5 0.748047 0.834722 0.064844 0.016667
8 0.686719 0.865972 0.096875 0.059722
5 0.685156 0.840972 0.085938 0.020833
8 0.449609 0.918750 0.122656 0.079167
5 0.450391 0.883333 0.110156 0.030556
8 0.496484 0.936111 0.132031 0.086111
5 0.497266 0.897917 0.117969 0.034722
8 0.410156 0.909722 0.092188 0.066667
5 0.412500 0.872917 0.096875 0.029167
8 0.371875 0.886111 0.107813 0.058333
5 0.373047 0.858333 0.097656 0.019444
8 0.645312 0.896528 0.110937 0.073611
5 0.644141 0.865278 0.099219 0.027778
8 0.583984 0.905556 0.113281 0.077778
5 0.582031 0.873611 0.101562 0.030556
8 0.507031 0.893750 0.107813 0.070833
5 0.508984 0.862500 0.099219 0.025000
8 0.466797 0.854861 0.100781 0.012500
5 0.468359 0.852083 0.092969 0.023611
8 0.046875 0.957639 0.093750 0.081944
5 0.042578 0.936111 0.085156 0.047222
0 0.293750 0.768750 0.203125 0.268056
0 0.701562 0.734722 0.114062 0.166667
1 0.414062 0.729861 0.059375 0.081944
1 0.389844 0.731250 0.048438 0.084722
1 0.385547 0.728472 0.039844 0.079167
1 0.349219 0.728472 0.045312 0.045833
1 0.348438 0.712500 0.043750 0.038889
1 0.310156 0.722917 0.032813 0.068056
1 0.312109 0.718056 0.028906 0.061111
1 0.095312 0.737500 0.082812 0.094444
1 0.083984 0.730556 0.080469 0.080556
1 0.971094 0.843750 0.056250 0.270833
2 0.975391 0.780556 0.047656 0.086111
2 0.976172 0.891667 0.046094 0.097222
2 0.989844 0.736111 0.018750 0.000000
1 0.922266 0.838194 0.153906 0.268056
2 0.966016 0.730556 0.066406 0.002778
2 0.903125 0.773611 0.098437 0.083333
2 0.926953 0.876389 0.144531 0.097222
2 0.925391 0.731250 0.035156 0.001389
2 0.975000 0.734028 0.048438 0.004167
2 0.908203 0.732639 0.055469 0.001389
2 0.946875 0.735417 0.060937 0.004167
2 0.905078 0.825000 0.028906 0.005556
2 0.926172 0.713194 0.075781 0.034722
2 0.975000 0.713194 0.048438 0.031944
5 0.013281 0.777083 0.026562 0.009722
5 0.006250 0.786111 0.012500 0.005556
5 0.024609 0.781250 0.041406 0.009722
5 0.022656 0.788889 0.042188 0.008333
5 0.036719 0.785417 0.042188 0.009722
5 0.035156 0.793750 0.043750 0.009722
5 0.036719 0.778472 0.042188 0.006944
5 0.035547 0.771528 0.042969 0.009722