3 0.499609 0.850000 0.999219 0.297222
4 0.241797 0.809028 0.002344 0.056944
4 0.111719 0.777083 0.028125 0.012500
4 0.029297 0.802778 0.007031 0.066667
4 0.279687 0.750000 0.025000 0.050000
4 0.235156 0.747917 0.006250 0.048611
4 0.175000 0.745139 0.023438 0.048611
4 0.076172 0.740972 0.022656 0.048611
4 0.036719 0.738889 0.006250 0.047222
8 0.589844 0.714583 0.026562 0.018056
8 0.494922 0.710417 0.002344 0.001389
5 0.586328 0.693750 0.032031 0.006944
5 0.586328 0.693750 0.032031 0.006944
5 0.586328 0.693750 0.032031 0.006944
5 0.586328 0.686806 0.032031 0.006944
5 0.586328 0.686806 0.032031 0.006944
5 0.586328 0.686806 0.032031 0.006944
5 0.586328 0.700000 0.032031 0.005556
5 0.586328 0.700000 0.032031 0.005556
5 0.586328 0.700000 0.032031 0.005556
5 0.556250 0.701389 0.028125 0.005556
5 0.556250 0.701389 0.028125 0.005556
5 0.556250 0.701389 0.028125 0.005556
5 0.555859 0.694444 0.027344 0.005556
5 0.555859 0.694444 0.027344 0.005556
5 0.555859 0.694444 0.027344 0.005556
5 0.555859 0.687500 0.027344 0.005556
5 0.555859 0.687500 0.027344 0.005556
5 0.555859 0.687500 0.027344 0.005556
5 0.558203 0.679861 0.032031 0.006944
5 0.558203 0.679861 0.032031 0.006944
5 0.558203 0.679861 0.032031 0.006944
6 0.500391 0.680556 0.014844 0.027778
6 0.513672 0.683333 0.022656 0.036111
5 0.938672 0.882639 0.011719 0.034722
5 0.938672 0.882639 0.011719 0.034722
5 0.938672 0.882639 0.011719 0.034722
5 0.959766 0.864583 0.055469 0.034722
5 0.959766 0.864583 0.055469 0.034722
5 0.959766 0.864583 0.055469 0.034722
5 0.938672 0.899306 0.011719 0.034722
5 0.938672 0.899306 0.011719 0.034722
5 0.938672 0.899306 0.011719 0.034722
5 0.972266 0.936806 0.053906 0.045833
5 0.972266 0.936806 0.053906 0.045833
5 0.972266 0.936806 0.053906 0.045833
5 0.972266 0.918056 0.053906 0.044444
5 0.972266 0.918056 0.053906 0.044444
5 0.972266 0.918056 0.053906 0.044444
5 0.972266 0.897917 0.053906 0.043056
5 0.972266 0.897917 0.053906 0.043056
5 0.972266 0.897917 0.053906 0.043056
5 0.971875 0.876389 0.054688 0.041667
5 0.971875 0.876389 0.054688 0.041667
5 0.971875 0.876389 0.054688 0.041667
6 0.352344 0.857639 0.046875 0.104167
6 0.519922 0.867361 0.086719 0.123611
6 0.352344 0.761111 0.046875 0.105556
6 0.455859 0.862500 0.064844 0.119444
6 0.105469 0.828472 0.079687 0.106944
6 0.026172 0.824306 0.049219 0.098611
7 0.012109 0.765972 0.024219 0.012500
7 0.353125 0.772917 0.014063 0.012500
7 0.423438 0.840972 0.000000 0.004167
7 0.176172 0.823611 0.036719 0.016667
7 0.760547 0.741667 0.016406 0.013889
7 0.810156 0.738889 0.000000 0.000000
7 0.658984 0.737500 0.016406 0.011111
7 0.697266 0.739583 0.013281 0.012500
7 0.317969 0.725000 0.023438 0.011111
7 0.284766 0.722222 0.025781 0.008333
7 0.357812 0.729861 0.001563 0.004167
6 0.081641 0.727083 0.035156 0.054167
6 0.054297 0.731944 0.050781 0.058333
6 0.054688 0.681250 0.051562 0.056944
6 0.087891 0.677778 0.047656 0.052778
6 0.200000 0.685417 0.051562 0.059722
6 0.227734 0.681944 0.049219 0.055556
6 0.199609 0.738889 0.050781 0.061111
6 0.227734 0.731944 0.049219 0.058333
6 0.218750 0.697222 0.035937 0.041667
6 0.196875 0.688889 0.018750 0.011111
8 0.010937 0.822222 0.012500 0.036111
5 0.008594 0.807639 0.009375 0.009722
8 0.199219 0.845139 0.067187 0.048611
5 0.199219 0.827083 0.059375 0.020833
8 0.244531 0.848611 0.067187 0.047222
5 0.244531 0.829861 0.059375 0.018056
8 0.287500 0.851389 0.065625 0.050000
5 0.287500 0.834028 0.057813 0.020833
8 0.332422 0.857639 0.058594 0.043056
5 0.333984 0.836806 0.055469 0.020833
8 0.248828 0.869444 0.071094 0.055556
5 0.248828 0.849306 0.063281 0.023611
8 0.299219 0.874306 0.070312 0.056944
5 0.298438 0.853472 0.060937 0.023611
8 0.203125 0.865972 0.071875 0.054167
5 0.203906 0.846528 0.064062 0.023611
8 0.156250 0.862500 0.073438 0.052778
5 0.156250 0.843056 0.065625 0.022222
0 0.005859 0.872222 0.011719 0.216667
0 0.790625 0.854167 0.210938 0.286111
0 0.008203 0.731944 0.016406 0.025000
0 0.124609 0.701389 0.055469 0.116667
0 0.176953 0.702778 0.055469 0.119444
1 0.842187 0.749306 0.046875 0.118056
1 0.797266 0.747222 0.041406 0.116667
1 0.837109 0.729861 0.041406 0.093056
1 0.796484 0.728472 0.038281 0.093056
1 0.833203 0.720833 0.038281 0.086111
1 0.795312 0.719444 0.035937 0.086111
1 0.888281 0.711111 0.065625 0.086111
1 0.478516 0.729861 0.077344 0.101389
1 0.489453 0.725000 0.071094 0.097222
1 0.310937 0.717361 0.073438 0.090278
1 0.292969 0.722917 0.076563 0.095833
1 0.178125 0.690972 0.050000 0.065278
2 0.163281 0.698611 0.000000 0.000000
2 0.166797 0.679167 0.027344 0.022222
2 0.189844 0.676389 0.023438 0.022222
2 0.192578 0.706944 0.017969 0.022222
2 0.184375 0.678472 0.006250 0.020833
2 0.168750 0.666667 0.004687 0.000000
2 0.187109 0.677083 0.014844 0.020833
2 0.175391 0.666667 0.007031 0.000000
1 0.102734 0.692361 0.033594 0.073611
2 0.092969 0.711111 0.009375 0.013889
2 0.102344 0.677778 0.028125 0.022222
2 0.120703 0.663889 0.010156 0.000000
2 0.123047 0.695833 0.000781 0.002778
2 0.120703 0.676389 0.007031 0.019444
2 0.106250 0.665278 0.001563 0.000000
2 0.120703 0.665972 0.010156 0.001389
2 0.113281 0.665278 0.003125 0.000000
1 0.146094 0.677778 0.053125 0.036111
2 0.123828 0.678472 0.003906 0.020833
2 0.167969 0.665972 0.006250 0.001389
2 0.165625 0.694444 0.000000 0.000000
2 0.155078 0.666667 0.003906 0.000000
2 0.160938 0.666667 0.006250 0.000000
2 0.824219 0.998611 0.000000 0.000000
2 0.728516 0.940278 0.191406 0.116667
2 0.709375 0.958333 0.217188 0.080556
5 0.459766 0.725000 0.028906 0.005556
5 0.459766 0.720139 0.028906 0.006944
5 0.459766 0.710417 0.028906 0.004167
5 0.459766 0.715278 0.028906 0.005556
5 0.430469 0.761111 0.014063 0.011111
5 0.429297 0.767361 0.011719 0.009722
5 0.361328 0.777778 0.000781 0.005556
5 0.360547 0.784028 0.002344 0.006944
5 0.361328 0.771528 0.000781 0.004167
5 0.360547 0.763194 0.002344 0.006944