3 0.499609 0.838889 0.999219 0.319444
4 0.547266 0.788194 0.010156 0.070833
4 0.648828 0.821528 0.042969 0.081944
4 0.734766 0.843750 0.013281 0.087500
4 0.799219 0.866667 0.050000 0.097222
4 0.913672 0.895833 0.016406 0.102778
4 0.987109 0.927083 0.024219 0.112500
4 0.196484 0.913194 0.011719 0.098611
4 0.239063 0.944444 0.004687 0.022222
4 0.317969 0.941667 0.028125 0.011111
8 0.964844 0.920139 0.068750 0.084722
5 0.274219 0.716667 0.053125 0.013889
5 0.274219 0.716667 0.053125 0.013889
5 0.274219 0.716667 0.053125 0.013889
5 0.274219 0.704861 0.053125 0.015278
5 0.274219 0.704861 0.053125 0.015278
5 0.274219 0.704861 0.053125 0.015278
5 0.274219 0.725694 0.053125 0.012500
5 0.274219 0.725694 0.053125 0.012500
5 0.274219 0.725694 0.053125 0.012500
5 0.334766 0.719444 0.050781 0.011111
5 0.334766 0.719444 0.050781 0.011111
5 0.334766 0.719444 0.050781 0.011111
5 0.334766 0.710417 0.050781 0.012500
5 0.334766 0.710417 0.050781 0.012500
5 0.334766 0.710417 0.050781 0.012500
5 0.334766 0.700694 0.050781 0.012500
5 0.334766 0.700694 0.050781 0.012500
5 0.334766 0.700694 0.050781 0.012500
5 0.334766 0.689583 0.050781 0.015278
5 0.334766 0.689583 0.050781 0.015278
5 0.334766 0.689583 0.050781 0.015278
6 0.541016 0.730556 0.057031 0.058333
6 0.476953 0.722917 0.042969 0.073611
6 0.541016 0.673611 0.058594 0.075000
6 0.510156 0.726389 0.053125 0.069444
6 0.690234 0.780556 0.063281 0.097222
6 0.762891 0.792361 0.067969 0.098611
7 0.913281 0.986111 0.107813 0.025000
7 0.628125 0.893750 0.079687 0.043056
7 0.132422 0.910417 0.007031 0.018056
7 0.436719 0.793056 0.048438 0.019444
7 0.574609 0.841667 0.072656 0.030556
6 0.519531 0.929861 0.198437 0.137500
6 0.307422 0.950000 0.208594 0.097222
6 0.244922 0.853472 0.111719 0.195833
6 0.084375 0.881250 0.120313 0.215278
6 0.239453 0.948611 0.097656 0.052778
6 0.084375 0.967361 0.120313 0.062500
8 0.820312 0.858333 0.050000 0.052778
5 0.822266 0.833333 0.046094 0.025000
8 0.795312 0.866667 0.084375 0.058333
5 0.796484 0.843056 0.075781 0.027778
8 0.599219 0.801389 0.064062 0.041667
5 0.600000 0.782639 0.059375 0.018056
8 0.571094 0.792361 0.064062 0.040278
5 0.571094 0.773611 0.057813 0.016667
8 0.544531 0.784722 0.060937 0.038889
5 0.544531 0.767361 0.056250 0.015278
8 0.519141 0.777083 0.060156 0.037500
5 0.518750 0.760417 0.053125 0.015278
8 0.590625 0.765972 0.051562 0.015278
5 0.594141 0.760417 0.053906 0.015278
8 0.567969 0.759028 0.057813 0.015278
5 0.567578 0.753472 0.052344 0.015278
8 0.610547 0.784722 0.039844 0.038889
5 0.614062 0.766667 0.040625 0.016667
8 0.625391 0.790972 0.011719 0.034722
5 0.628516 0.775000 0.011719 0.011111
8 0.753125 0.711111 0.035937 0.022222
5 0.755469 0.699306 0.039062 0.006944
8 0.731641 0.704861 0.041406 0.018056
5 0.732422 0.695139 0.038281 0.006944
8 0.766406 0.714583 0.020313 0.023611
5 0.767969 0.702778 0.018750 0.005556
8 0.700000 0.711806 0.043750 0.026389
5 0.700000 0.700000 0.039062 0.008333
8 0.720703 0.715972 0.039844 0.026389
5 0.723047 0.704167 0.039844 0.008333
8 0.743750 0.720139 0.042188 0.026389
5 0.745703 0.707639 0.041406 0.009722
8 0.761719 0.725000 0.028125 0.027778
5 0.763281 0.711806 0.026562 0.009722
8 0.930469 0.745833 0.048438 0.030556
5 0.926172 0.729861 0.049219 0.012500
8 0.944531 0.736111 0.040625 0.025000
5 0.945312 0.727083 0.039062 0.012500
8 0.907031 0.747917 0.056250 0.034722
5 0.906250 0.733333 0.050000 0.013889
8 0.891797 0.753472 0.035156 0.031944
5 0.889844 0.737500 0.031250 0.013889
8 0.874219 0.715278 0.000000 0.000000
8 0.892578 0.734028 0.027344 0.029167
5 0.888672 0.720139 0.028906 0.009722
8 0.883594 0.738194 0.014063 0.023611
5 0.880469 0.727083 0.012500 0.006944
0 0.831641 0.702083 0.111719 0.156944
0 0.453906 0.669444 0.067187 0.122222
0 0.262891 0.895139 0.235156 0.206944
0 0.200391 0.881250 0.217969 0.234722
1 0.003516 0.726389 0.007031 0.113889
1 0.021875 0.804167 0.043750 0.177778
1 0.033594 0.889583 0.067187 0.218056
1 0.105078 0.884028 0.130469 0.229167
1 0.898047 0.648611 0.047656 0.061111
2 0.877734 0.626389 0.007031 0.000000
2 0.906250 0.635417 0.025000 0.015278
2 0.907031 0.677778 0.000000 0.002778
2 0.878906 0.634722 0.009375 0.013889
2 0.887891 0.626389 0.011719 0.000000
2 0.889844 0.634722 0.012500 0.013889
2 0.900391 0.627778 0.007031 0.000000
1 0.978125 0.661111 0.042188 0.072222
2 0.966016 0.670833 0.005469 0.002778
2 0.964063 0.636111 0.009375 0.005556
2 0.998047 0.647917 0.002344 0.023611
2 0.993359 0.679167 0.011719 0.027778
2 0.988672 0.634722 0.002344 0.000000
2 0.989062 0.633333 0.003125 0.000000
2 0.992969 0.647222 0.010937 0.025000
2 0.996094 0.634722 0.006250 0.000000
1 0.819141 0.656944 0.017969 0.072222
2 0.835547 0.629167 0.002344 0.000000
2 0.830078 0.677083 0.003906 0.001389
2 0.832031 0.638889 0.001563 0.005556
2 0.837500 0.638889 0.007812 0.008333
1 0.937891 0.668750 0.061719 0.081944
2 0.917969 0.682639 0.015625 0.023611
2 0.928516 0.670139 0.008594 0.001389
2 0.922266 0.649306 0.024219 0.026389
2 0.958203 0.653472 0.021094 0.026389
2 0.946484 0.686111 0.044531 0.030556
2 0.932813 0.651389 0.017188 0.025000
2 0.938672 0.637500 0.007031 0.000000
2 0.943359 0.652083 0.016406 0.026389
2 0.951172 0.638889 0.016406 0.000000
1 0.781641 0.656944 0.057031 0.063889
2 0.764062 0.668056 0.001563 0.000000
2 0.769141 0.634028 0.027344 0.001389
2 0.799219 0.648611 0.021875 0.025000
2 0.792969 0.678472 0.034375 0.023611
2 0.774219 0.635417 0.014063 0.001389
2 0.782422 0.634722 0.000781 0.000000
2 0.792188 0.636111 0.006250 0.000000
2 0.795703 0.634722 0.002344 0.000000
1 0.910156 0.679167 0.026562 0.086111
2 0.877734 0.641667 0.007031 0.000000
2 0.905469 0.658333 0.029687 0.027778
2 0.901172 0.694444 0.039844 0.030556
2 0.876172 0.643750 0.003906 0.001389
2 0.887500 0.643056 0.012500 0.000000
2 0.885547 0.645139 0.008594 0.001389
2 0.898438 0.643750 0.007812 0.001389
1 0.761328 0.662500 0.064844 0.072222
2 0.738281 0.679861 0.014063 0.023611
2 0.751172 0.667361 0.010156 0.001389
2 0.742969 0.647222 0.023438 0.025000
2 0.777344 0.650694 0.028125 0.026389
2 0.766797 0.682639 0.049219 0.029167
2 0.747266 0.648611 0.011719 0.025000
2 0.761328 0.636111 0.016406 0.000000
2 0.759375 0.650000 0.014063 0.025000
2 0.771875 0.637500 0.009375 0.000000
1 0.863281 0.679167 0.073438 0.086111
2 0.828906 0.691667 0.000000 0.011111
2 0.834766 0.657639 0.013281 0.026389
2 0.885156 0.661111 0.021875 0.027778
2 0.869141 0.697222 0.055469 0.030556
2 0.842969 0.658333 0.003125 0.025000
2 0.876172 0.645833 0.003906 0.000000
2 0.568359 0.690972 0.027344 0.031944
2 0.582031 0.675000 0.000000 0.000000
2 0.608594 0.697222 0.051562 0.030556
2 0.660156 0.695139 0.003125 0.026389
2 0.608203 0.670139 0.050781 0.029167
2 0.660156 0.668056 0.003125 0.025000
2 0.608203 0.643056 0.050781 0.030556
2 0.637500 0.640278 0.048438 0.027778
5 0.896484 0.822917 0.086719 0.031944
5 0.896484 0.838194 0.086719 0.026389
5 0.896484 0.848611 0.086719 0.027778
5 0.896484 0.862500 0.086719 0.027778
5 0.896484 0.888889 0.086719 0.027778
5 0.896484 0.875000 0.086719 0.030556
5 0.896484 0.913194 0.086719 0.029167
5 0.896484 0.900694 0.086719 0.029167
5 0.012109 0.906944 0.024219 0.030556
5 0.012109 0.922222 0.024219 0.027778
5 0.958984 0.838889 0.058594 0.022222
5 0.958984 0.850694 0.058594 0.023611
5 0.959766 0.875694 0.057031 0.023611
5 0.959375 0.863194 0.057813 0.023611
5 0.959375 0.899306 0.057813 0.023611
5 0.958984 0.887500 0.058594 0.022222
5 0.064844 0.895139 0.053125 0.029167
5 0.062500 0.908333 0.046875 0.022222
5 0.956641 0.825000 0.063281 0.027778
5 0.946094 0.810417 0.082812 0.029167
5 0.989062 0.825000 0.020313 0.019444
5 0.989062 0.835417 0.020313 0.020833
5 0.989062 0.859722 0.020313 0.019444
5 0.989062 0.847917 0.020313 0.020833
5 0.993750 0.882639 0.010937 0.020833
5 0.989453 0.868750 0.019531 0.015278
5 0.163672 0.881944 0.069531 0.016667
5 0.134375 0.892361 0.006250 0.012500
5 0.987500 0.811111 0.023438 0.022222
5 0.978125 0.800000 0.042188 0.022222
5 0.977734 0.731944 0.042969 0.019444
5 0.978125 0.743750 0.042188 0.020833
5 0.978125 0.767361 0.042188 0.020833
5 0.978125 0.756250 0.042188 0.020833
5 0.978125 0.788889 0.042188 0.022222
5 0.978125 0.777778 0.042188 0.022222
5 0.166797 0.870139 0.067969 0.020833
5 0.184766 0.859028 0.038281 0.009722
5 0.977734 0.721528 0.042969 0.018056
5 0.977734 0.709028 0.042969 0.020833