3 0.488281 0.822917 0.976562 0.351389
4 0.427734 0.739583 0.005469 0.054167
4 0.441406 0.775000 0.025000 0.063889
4 0.463672 0.797917 0.008594 0.065278
4 0.467969 0.820833 0.029687 0.072222
4 0.496875 0.851389 0.007812 0.075000
4 0.503516 0.881944 0.035156 0.086111
4 0.539453 0.922917 0.011719 0.087500
4 0.558984 0.950000 0.021094 0.097222
4 0.085938 0.759028 0.009375 0.056944
4 0.066797 0.804861 0.014844 0.073611
4 0.053125 0.826389 0.010937 0.069444
4 0.039453 0.861111 0.017969 0.086111
4 0.021875 0.889583 0.012500 0.081944
4 0.007031 0.920139 0.014063 0.070833
8 0.538672 0.875694 0.049219 0.062500
8 0.887109 0.752778 0.063281 0.027778
5 0.377734 0.657639 0.038281 0.009722
5 0.377734 0.657639 0.038281 0.009722
5 0.377734 0.657639 0.038281 0.009722
5 0.377734 0.648611 0.038281 0.011111
5 0.377734 0.648611 0.038281 0.011111
5 0.377734 0.648611 0.038281 0.011111
5 0.377734 0.664583 0.038281 0.009722
5 0.377734 0.664583 0.038281 0.009722
5 0.377734 0.664583 0.038281 0.009722
5 0.430078 0.661806 0.038281 0.009722
5 0.430078 0.661806 0.038281 0.009722
5 0.430078 0.661806 0.038281 0.009722
5 0.430078 0.654861 0.038281 0.009722
5 0.430078 0.654861 0.038281 0.009722
5 0.430078 0.654861 0.038281 0.009722
5 0.430078 0.647222 0.038281 0.011111
5 0.430078 0.647222 0.038281 0.011111
5 0.430078 0.647222 0.038281 0.011111
5 0.430078 0.638889 0.038281 0.011111
5 0.430078 0.638889 0.038281 0.011111
5 0.430078 0.638889 0.038281 0.011111
6 0.503125 0.690278 0.034375 0.038889
6 0.484766 0.675000 0.030469 0.052778
6 0.502734 0.645139 0.035156 0.062500
6 0.494922 0.681250 0.028906 0.051389
6 0.526953 0.744444 0.052344 0.075000
6 0.558984 0.756250 0.060156 0.073611
7 0.652734 0.895833 0.069531 0.030556
7 0.676562 0.929167 0.059375 0.033333
7 0.398047 0.922917 0.036719 0.023611
7 0.104688 0.983333 0.040625 0.030556
7 0.368750 0.824306 0.031250 0.031944
7 0.068359 0.798611 0.060156 0.019444
7 0.382812 0.731944 0.045312 0.013889
7 0.407422 0.782639 0.052344 0.018056
6 0.016406 0.766667 0.032813 0.105556
6 0.016797 0.846528 0.033594 0.109722
6 0.819141 0.997917 0.022656 0.001389
8 0.650000 0.992361 0.006250 0.012500
5 0.689844 0.988889 0.078125 0.019444
8 0.661328 0.949306 0.071094 0.070833
5 0.662109 0.932639 0.063281 0.040278
8 0.603906 0.959028 0.067187 0.076389
5 0.603516 0.939583 0.061719 0.040278
8 0.561328 0.822222 0.003906 0.025000
5 0.546094 0.799306 0.034375 0.020833
8 0.505469 0.819444 0.046875 0.047222
5 0.500391 0.803472 0.030469 0.023611
8 0.474219 0.751389 0.045312 0.036111
5 0.473828 0.739583 0.041406 0.012500
8 0.466016 0.741667 0.039844 0.033333
5 0.466797 0.729167 0.038281 0.011111
8 0.444141 0.733333 0.008594 0.027778
5 0.460938 0.722222 0.039062 0.011111
8 0.454297 0.725000 0.038281 0.030556
5 0.455469 0.713194 0.037500 0.009722
8 0.494922 0.733333 0.005469 0.019444
5 0.496094 0.720833 0.007812 0.011111
8 0.500391 0.715278 0.036719 0.016667
5 0.502734 0.711806 0.035156 0.009722
8 0.497656 0.738194 0.004687 0.026389
5 0.498437 0.727083 0.003125 0.006944
8 0.767969 0.682639 0.035937 0.023611
5 0.769531 0.673611 0.035937 0.008333
8 0.761328 0.670833 0.030469 0.005556
5 0.760547 0.668056 0.028906 0.008333
8 0.769922 0.688889 0.016406 0.025000
5 0.781250 0.679167 0.035937 0.008333
8 0.795312 0.694444 0.042188 0.022222
5 0.794922 0.684722 0.038281 0.008333
8 0.704297 0.670139 0.005469 0.006944
5 0.705078 0.669444 0.003906 0.005556
8 0.747266 0.696528 0.000781 0.001389
5 0.737891 0.675000 0.022656 0.002778
8 0.756250 0.699306 0.009375 0.006944
5 0.744141 0.679167 0.035156 0.005556
8 0.760938 0.698611 0.031250 0.022222
5 0.759766 0.686806 0.028906 0.009722
8 0.853125 0.729167 0.042188 0.033333
5 0.852734 0.718056 0.038281 0.013889
8 0.885938 0.727778 0.043750 0.033333
5 0.885156 0.716667 0.039062 0.013889
8 0.825000 0.731250 0.042188 0.031944
5 0.824609 0.717361 0.038281 0.009722
8 0.788281 0.729167 0.034375 0.025000
5 0.789453 0.720833 0.033594 0.013889
8 0.817578 0.697917 0.044531 0.006944
5 0.817187 0.697917 0.040625 0.009722
8 0.835547 0.712500 0.046094 0.019444
5 0.835156 0.704861 0.042188 0.009722
8 0.801562 0.718750 0.034375 0.029167
5 0.805078 0.709028 0.030469 0.012500
8 0.773047 0.721528 0.039844 0.031944
5 0.772266 0.709028 0.035156 0.012500
5 0.974219 0.770833 0.003125 0.013889
8 0.948047 0.765972 0.052344 0.020833
5 0.950000 0.758333 0.051562 0.008333
8 0.973828 0.840278 0.003906 0.019444
8 0.942578 0.808333 0.000781 0.016667
5 0.973828 0.799306 0.003906 0.004167
0 0.828906 0.757639 0.093750 0.190278
0 0.725000 0.688889 0.065625 0.144444
0 0.512891 0.630556 0.035156 0.102778
0 0.409766 0.943750 0.100781 0.109722
1 0.039062 0.950694 0.078125 0.095833
1 0.116797 0.651389 0.061719 0.083333
1 0.112891 0.657639 0.063281 0.084722
1 0.051172 0.653472 0.063281 0.081944
1 0.042969 0.663194 0.064062 0.081944
1 0.008984 0.654861 0.007031 0.043056
1 0.008594 0.661806 0.006250 0.084722
1 0.039062 0.717361 0.053125 0.112500
1 0.008984 0.718056 0.007031 0.094444
1 0.014844 0.784722 0.029687 0.150000
1 0.974219 0.599306 0.001563 0.006944
2 0.975391 0.604167 0.003906 0.000000
2 0.975391 0.606944 0.003906 0.000000
2 0.975391 0.605556 0.003906 0.000000
2 0.975000 0.614583 0.003125 0.012500
1 0.917188 0.638194 0.046875 0.079167
2 0.904297 0.615278 0.021094 0.016667
2 0.923828 0.622917 0.028906 0.023611
2 0.928125 0.654167 0.020313 0.022222
2 0.902344 0.615972 0.014063 0.015278
2 0.914062 0.608333 0.012500 0.000000
2 0.908984 0.617361 0.013281 0.015278
2 0.921094 0.610417 0.015625 0.001389
1 0.974609 0.652083 0.003906 0.076389
2 0.975000 0.622917 0.003125 0.001389
2 0.975000 0.679861 0.003125 0.006944
2 0.975000 0.625694 0.003125 0.001389
2 0.975000 0.639583 0.003125 0.023611
1 0.840234 0.640972 0.052344 0.081944
2 0.821484 0.643056 0.000781 0.000000
2 0.830078 0.610417 0.027344 0.004167
2 0.850391 0.625694 0.027344 0.023611
2 0.836719 0.654861 0.028125 0.026389
2 0.828125 0.611806 0.010937 0.001389
2 0.842578 0.611111 0.011719 0.000000
2 0.837109 0.623611 0.016406 0.022222
2 0.846875 0.613194 0.012500 0.001389
1 0.904297 0.662500 0.060156 0.091667
2 0.894922 0.627083 0.022656 0.004167
2 0.916797 0.645139 0.030469 0.026389
2 0.908203 0.677778 0.047656 0.030556
2 0.893359 0.629167 0.017969 0.002778
2 0.905078 0.628472 0.014844 0.001389
2 0.901563 0.643750 0.015625 0.026389
2 0.913281 0.629861 0.007812 0.001389
1 0.810156 0.642361 0.051562 0.081944
2 0.792578 0.650694 0.013281 0.020833
2 0.799609 0.621528 0.027344 0.023611
2 0.819922 0.627778 0.027344 0.025000
2 0.815625 0.656944 0.035937 0.027778
2 0.801953 0.623611 0.008594 0.022222
2 0.813281 0.611806 0.012500 0.001389
2 0.806641 0.625000 0.016406 0.022222
2 0.815625 0.613889 0.006250 0.000000
1 0.871484 0.663889 0.060156 0.091667
2 0.851172 0.671528 0.014844 0.023611
2 0.858203 0.639583 0.028906 0.026389
2 0.882422 0.646528 0.032031 0.026389
2 0.875000 0.678472 0.046875 0.031944
2 0.860547 0.642361 0.017969 0.026389
2 0.869141 0.629861 0.007031 0.001389
2 0.865625 0.645139 0.014063 0.026389
2 0.883594 0.630556 0.000000 0.000000
2 0.938672 0.791667 0.074219 0.058333
2 0.891406 0.794444 0.073438 0.058333
2 0.641797 0.650694 0.011719 0.029167
2 0.667578 0.658333 0.038281 0.030556
2 0.697266 0.659722 0.019531 0.025000
2 0.667578 0.634722 0.038281 0.027778
2 0.697266 0.636111 0.019531 0.025000
2 0.667578 0.611111 0.038281 0.027778
2 0.692969 0.610417 0.028125 0.029167
5 0.531250 0.796528 0.054688 0.023611
5 0.531250 0.806944 0.054688 0.022222
5 0.531250 0.815972 0.054688 0.020833
5 0.531250 0.825000 0.054688 0.022222
5 0.531250 0.844444 0.054688 0.022222
5 0.531250 0.834722 0.054688 0.022222
5 0.531250 0.863194 0.054688 0.023611
5 0.531250 0.854167 0.054688 0.022222
5 0.016016 0.779861 0.019531 0.009722
5 0.025391 0.784722 0.002344 0.005556
5 0.591406 0.812500 0.056250 0.019444
5 0.591406 0.821528 0.056250 0.020833
5 0.591406 0.840278 0.056250 0.022222
5 0.591406 0.831250 0.056250 0.020833
5 0.591406 0.858333 0.056250 0.022222
5 0.591406 0.848611 0.056250 0.022222
5 0.057422 0.780556 0.046094 0.019444
5 0.058203 0.788889 0.046094 0.019444
5 0.591406 0.803472 0.056250 0.020833
5 0.592187 0.793056 0.056250 0.022222
5 0.657422 0.806944 0.057031 0.019444
5 0.657422 0.815972 0.057031 0.020833
5 0.657422 0.834722 0.057031 0.022222
5 0.657422 0.825694 0.057031 0.020833
5 0.657031 0.852778 0.057813 0.022222
5 0.657031 0.843750 0.057813 0.020833
5 0.117578 0.777778 0.042969 0.016667
5 0.119141 0.784722 0.042969 0.019444
5 0.657422 0.798611 0.057031 0.019444
5 0.657422 0.789583 0.057031 0.020833
5 0.657422 0.735417 0.057031 0.018056
5 0.657422 0.745139 0.057031 0.018056
5 0.657422 0.763194 0.057031 0.020833
5 0.657422 0.754167 0.057031 0.019444
5 0.657422 0.781944 0.057031 0.019444
5 0.657422 0.772222 0.057031 0.019444
5 0.117578 0.770833 0.042969 0.016667
5 0.118750 0.763194 0.043750 0.018056
5 0.657422 0.726389 0.057031 0.019444
5 0.657422 0.716667 0.057031 0.019444