3 0.499609 0.838889 0.999219 0.319444
4 0.387891 0.788889 0.007031 0.066667
4 0.385547 0.837500 0.028906 0.083333
4 0.401953 0.871528 0.008594 0.084722
4 0.396484 0.906250 0.035156 0.098611
4 0.416406 0.951389 0.009375 0.094444
4 0.410547 0.971528 0.035156 0.054167
8 0.469141 0.973611 0.060156 0.050000
8 0.963281 0.820833 0.071875 0.041667
5 0.373437 0.684028 0.042188 0.012500
5 0.373437 0.684028 0.042188 0.012500
5 0.373437 0.684028 0.042188 0.012500
5 0.373437 0.673611 0.042188 0.013889
5 0.373437 0.673611 0.042188 0.013889
5 0.373437 0.673611 0.042188 0.013889
5 0.373437 0.692361 0.042188 0.012500
5 0.373437 0.692361 0.042188 0.012500
5 0.373437 0.692361 0.042188 0.012500
5 0.433203 0.690278 0.039844 0.011111
5 0.433203 0.690278 0.039844 0.011111
5 0.433203 0.690278 0.039844 0.011111
5 0.433203 0.681944 0.039844 0.011111
5 0.433203 0.681944 0.039844 0.011111
5 0.433203 0.681944 0.039844 0.011111
5 0.433203 0.674306 0.039844 0.009722
5 0.433203 0.674306 0.039844 0.009722
5 0.433203 0.674306 0.039844 0.009722
5 0.433203 0.663194 0.039844 0.012500
5 0.433203 0.663194 0.039844 0.012500
5 0.433203 0.663194 0.039844 0.012500
6 0.496875 0.727083 0.039062 0.056944
6 0.482031 0.708333 0.032813 0.061111
6 0.497266 0.672222 0.039844 0.075000
6 0.491016 0.715972 0.030469 0.062500
6 0.506250 0.801389 0.060937 0.088889
6 0.538281 0.820139 0.078125 0.095833
7 0.279297 0.902778 0.033594 0.044444
7 0.346484 0.776389 0.052344 0.019444
7 0.350391 0.844444 0.063281 0.025000
8 0.521484 0.890278 0.032031 0.038889
5 0.510156 0.877778 0.014063 0.030556
8 0.432422 0.901389 0.013281 0.066667
5 0.448437 0.881944 0.037500 0.030556
8 0.442188 0.804861 0.050000 0.043056
5 0.443359 0.790278 0.047656 0.016667
8 0.441406 0.787500 0.051562 0.033333
5 0.441016 0.776389 0.047656 0.013889
8 0.414453 0.781944 0.005469 0.038889
5 0.433203 0.766667 0.039844 0.013889
8 0.412500 0.763194 0.004687 0.023611
5 0.432422 0.754861 0.041406 0.012500
8 0.489453 0.756944 0.046094 0.016667
5 0.494531 0.752083 0.037500 0.009722
8 0.825391 0.722917 0.042969 0.029167
5 0.818750 0.711111 0.026562 0.011111
8 0.797656 0.706250 0.014063 0.012500
5 0.813672 0.703472 0.041406 0.009722
8 0.826953 0.726389 0.019531 0.025000
5 0.840625 0.717361 0.042188 0.009722
8 0.857031 0.739583 0.042188 0.020833
5 0.857422 0.726389 0.041406 0.011111
8 0.791406 0.705556 0.000000 0.000000
5 0.787109 0.704167 0.003906 0.002778
8 0.799609 0.738889 0.000781 0.000000
5 0.787891 0.709722 0.028906 0.005556
8 0.797656 0.733333 0.043750 0.025000
5 0.795312 0.718750 0.042188 0.009722
8 0.808984 0.743750 0.042969 0.026389
5 0.808594 0.727778 0.043750 0.011111
8 0.926953 0.784722 0.053906 0.044444
5 0.926172 0.770139 0.049219 0.018056
8 0.969141 0.784028 0.057031 0.043056
5 0.967969 0.768750 0.050000 0.018056
8 0.887500 0.786806 0.046875 0.043056
5 0.887500 0.772222 0.042188 0.019444
8 0.839453 0.781250 0.033594 0.031944
5 0.843750 0.773611 0.037500 0.019444
8 0.867969 0.756944 0.015625 0.025000
5 0.882031 0.742361 0.045312 0.012500
8 0.911719 0.759722 0.046875 0.013889
5 0.909766 0.752778 0.044531 0.013889
8 0.866406 0.759722 0.050000 0.019444
5 0.865234 0.756944 0.044531 0.016667
8 0.825781 0.771528 0.048438 0.040278
5 0.825000 0.757639 0.043750 0.018056
0 0.887109 0.833333 0.124219 0.263889
0 0.762891 0.733333 0.078906 0.183333
0 0.523828 0.655556 0.038281 0.119444
1 0.068750 0.674306 0.075000 0.095833
1 0.060547 0.680556 0.077344 0.097222
1 0.016797 0.675694 0.030469 0.093056
1 0.012109 0.682639 0.021094 0.095833
1 0.989844 0.627778 0.018750 0.000000
2 0.988672 0.642361 0.021094 0.020833
2 0.991406 0.644444 0.015625 0.019444
2 0.995703 0.646528 0.007031 0.018056
1 0.916016 0.668750 0.063281 0.090278
2 0.893359 0.675000 0.000781 0.000000
2 0.901172 0.636806 0.028906 0.004167
2 0.927734 0.654861 0.033594 0.029167
2 0.911328 0.689583 0.033594 0.031944
2 0.903516 0.637500 0.017969 0.002778
2 0.919141 0.636806 0.016406 0.001389
2 0.911719 0.652083 0.020313 0.026389
2 0.926562 0.639583 0.015625 0.001389
1 0.982031 0.700000 0.034375 0.113889
2 0.979688 0.656944 0.029687 0.005556
2 0.993750 0.679861 0.006250 0.031944
2 0.987500 0.718750 0.018750 0.034722
2 0.985156 0.659028 0.014063 0.001389
2 0.993750 0.658333 0.006250 0.002778
2 0.987500 0.677083 0.018750 0.031944
1 0.879297 0.672917 0.061719 0.095833
2 0.856250 0.683333 0.010937 0.025000
2 0.867188 0.647222 0.032813 0.025000
2 0.889453 0.656250 0.035156 0.029167
2 0.883203 0.690972 0.047656 0.034722
2 0.868359 0.650694 0.017969 0.026389
2 0.880859 0.638194 0.014844 0.001389
2 0.874219 0.654167 0.007812 0.027778
2 0.889844 0.638889 0.004687 0.000000
1 0.953125 0.700694 0.073438 0.112500
2 0.928906 0.711806 0.020313 0.031944
2 0.936328 0.671528 0.035156 0.031944
2 0.966406 0.680556 0.040625 0.033333
2 0.957422 0.719444 0.058594 0.038889
2 0.939453 0.674306 0.022656 0.031944
2 0.954297 0.659722 0.021094 0.002778
2 0.945312 0.677778 0.017188 0.033333
2 0.960156 0.662500 0.014063 0.002778
2 0.992969 0.843056 0.012500 0.013889
2 0.961719 0.879167 0.075000 0.083333
2 0.711328 0.690972 0.039844 0.034722
2 0.750000 0.690972 0.035937 0.031944
2 0.711328 0.663194 0.039844 0.031944
2 0.750391 0.665278 0.036719 0.027778
2 0.711328 0.634722 0.039844 0.033333
2 0.746094 0.634722 0.045312 0.033333
5 0.474219 0.879167 0.068750 0.033333
5 0.474219 0.893750 0.068750 0.031944
5 0.474219 0.904861 0.068750 0.031944
5 0.474219 0.917361 0.068750 0.031944
5 0.474219 0.941667 0.068750 0.030556
5 0.474219 0.930556 0.068750 0.033333
5 0.474219 0.966667 0.068750 0.033333
5 0.474219 0.954167 0.068750 0.033333
5 0.561719 0.900694 0.062500 0.029167
5 0.561719 0.913194 0.062500 0.031944
5 0.561719 0.938194 0.062500 0.031944
5 0.561719 0.925694 0.062500 0.031944
5 0.565234 0.961111 0.055469 0.030556
5 0.561719 0.949306 0.062500 0.029167
5 0.561719 0.888194 0.062500 0.031944
5 0.561719 0.875000 0.062500 0.033333
5 0.638672 0.894444 0.057031 0.030556
5 0.638672 0.907639 0.057031 0.031944
5 0.618750 0.932639 0.017188 0.031944
5 0.635547 0.920139 0.050781 0.031944
5 0.638672 0.956250 0.057031 0.034722
5 0.638672 0.943056 0.057031 0.033333
5 0.016016 0.828472 0.032031 0.020833
5 0.016797 0.837500 0.033594 0.022222
5 0.638672 0.883333 0.057031 0.030556
5 0.638672 0.871528 0.057031 0.029167
5 0.638672 0.799306 0.057031 0.026389
5 0.638672 0.811806 0.057031 0.026389
5 0.638672 0.836806 0.057031 0.029167
5 0.638672 0.825000 0.057031 0.027778
5 0.638672 0.860417 0.057031 0.029167
5 0.638672 0.847917 0.057031 0.029167
5 0.016016 0.820833 0.032031 0.019444
5 0.016406 0.811111 0.032813 0.022222
5 0.638672 0.788194 0.057031 0.026389
5 0.638672 0.775694 0.057031 0.026389