3 0.499609 0.499306 0.999219 0.998611
4 0.985156 0.456944 0.028125 0.133333
4 0.954297 0.368056 0.021094 0.119444
4 0.956250 0.308333 0.040625 0.122222
4 0.912891 0.239583 0.014844 0.098611
4 0.921875 0.200000 0.021875 0.100000
4 0.884375 0.151389 0.012500 0.083333
4 0.877344 0.124306 0.012500 0.093056
4 0.850000 0.026389 0.025000 0.052778
4 0.830469 0.002778 0.003125 0.005556
8 0.866406 0.202778 0.037500 0.011111
8 0.037109 0.364583 0.074219 0.095833
6 0.685547 0.875000 0.200781 0.247222
6 0.768750 0.536111 0.146875 0.244444
6 0.728906 0.400000 0.143750 0.183333
7 0.729688 0.214583 0.070312 0.034722
7 0.732031 0.177778 0.071875 0.030556
7 0.302344 0.118056 0.067187 0.027778
7 0.275391 0.145833 0.072656 0.030556
7 0.355078 0.065278 0.060156 0.008333
7 0.334766 0.086111 0.063281 0.022222
7 0.400000 0.015972 0.051562 0.018056
7 0.384375 0.032639 0.054688 0.020833
7 0.001953 0.013889 0.003906 0.011111
7 0.015625 0.002083 0.031250 0.004167
6 0.391406 0.005556 0.040625 0.011111
6 0.332422 0.004861 0.039844 0.009722
6 0.753516 0.023611 0.036719 0.047222
6 0.751563 0.011806 0.032813 0.023611
6 0.759766 0.028472 0.038281 0.056944
6 0.762109 0.041667 0.042969 0.083333
8 0.788672 0.099306 0.060156 0.040278
5 0.789453 0.088889 0.055469 0.019444
8 0.782031 0.086111 0.048438 0.044444
5 0.785156 0.070833 0.048438 0.016667
8 0.777344 0.145139 0.048438 0.062500
5 0.776563 0.127778 0.042188 0.030556
8 0.836328 0.152083 0.047656 0.056944
5 0.834766 0.130556 0.042969 0.030556
8 0.799219 0.353472 0.071875 0.104167
5 0.797656 0.329861 0.064062 0.059722
8 0.879297 0.359722 0.075781 0.105556
5 0.880469 0.336111 0.070312 0.061111
8 0.914062 0.693056 0.156250 0.133333
5 0.915625 0.679167 0.142187 0.105556
8 0.920703 0.807639 0.157031 0.170833
5 0.925391 0.786111 0.147656 0.125000
8 0.928906 0.910417 0.140625 0.168056
5 0.933984 0.899306 0.130469 0.143056
8 0.877344 0.984028 0.014063 0.029167
5 0.935156 0.986111 0.109375 0.025000
8 0.742578 0.873611 0.174219 0.169444
5 0.744531 0.861806 0.157812 0.143056
8 0.739844 0.960417 0.184375 0.076389
5 0.741406 0.961806 0.171875 0.073611
8 0.736328 0.769444 0.157031 0.158333
5 0.738672 0.751389 0.141406 0.119444
8 0.739844 0.656944 0.142187 0.113889
5 0.741797 0.650000 0.128906 0.100000
8 0.033984 0.269444 0.064844 0.069444
5 0.038672 0.252778 0.077344 0.038889
8 0.022266 0.323611 0.044531 0.058333
5 0.017969 0.284028 0.035937 0.031944
8 0.149609 0.180556 0.083594 0.063889
5 0.150781 0.161806 0.075000 0.029167
8 0.122266 0.202083 0.080469 0.062500
5 0.120313 0.185417 0.079687 0.031944
8 0.232422 0.188194 0.082031 0.065278
5 0.233594 0.169444 0.075000 0.030556
8 0.205469 0.202083 0.087500 0.045833
5 0.206641 0.193750 0.078906 0.031944
0 0.503906 0.000000 0.009375 0.000000
0 0.363281 0.178472 0.104688 0.295833
0 0.103516 0.486111 0.207031 0.502778
0 0.633594 0.018056 0.045312 0.036111
0 0.982812 0.054861 0.032813 0.109722
1 0.748047 0.007639 0.077344 0.015278
2 0.013672 0.095833 0.027344 0.058333
2 0.012109 0.050000 0.024219 0.058333
2 0.107031 0.099306 0.107813 0.073611
2 0.159766 0.061806 0.092969 0.065278
2 0.198047 0.110417 0.021094 0.056944
2 0.110156 0.148611 0.104688 0.063889
2 0.135547 0.079167 0.102344 0.069444
2 0.185938 0.043056 0.092188 0.058333
2 0.225391 0.088889 0.016406 0.052778
2 0.175391 0.123611 0.027344 0.052778
2 0.127734 0.266667 0.111719 0.113889
2 0.205469 0.275000 0.114062 0.116667
5 0.857031 0.215278 0.073438 0.044444
5 0.855469 0.229861 0.071875 0.040278
5 0.854688 0.243056 0.071875 0.041667
5 0.853516 0.256250 0.071094 0.043056
5 0.851953 0.282639 0.071094 0.043056
5 0.852734 0.269444 0.071094 0.044444
5 0.848047 0.306944 0.066406 0.041667
5 0.851172 0.292361 0.071094 0.037500
5 0.762891 0.234028 0.071094 0.043056
5 0.762109 0.247222 0.071094 0.044444
5 0.760938 0.274306 0.070312 0.043056
5 0.761328 0.263889 0.071094 0.038889
5 0.759375 0.299306 0.070312 0.045833
5 0.760156 0.283333 0.070312 0.041667
5 0.763281 0.224306 0.071875 0.037500
5 0.764062 0.207639 0.071875 0.043056
5 0.658984 0.225694 0.071094 0.043056
5 0.658594 0.240278 0.070312 0.041667
5 0.657813 0.265278 0.070312 0.044444
5 0.658594 0.254861 0.070312 0.037500
5 0.657031 0.290278 0.070312 0.044444
5 0.657813 0.277083 0.070312 0.043056
5 0.659766 0.215278 0.071094 0.036111
5 0.659766 0.203472 0.071094 0.034722
5 0.662500 0.123611 0.071875 0.033333
5 0.661719 0.136806 0.071875 0.034722
5 0.660937 0.164583 0.071875 0.034722
5 0.661328 0.151389 0.071094 0.036111
5 0.660547 0.190278 0.071094 0.036111
5 0.660547 0.177778 0.071094 0.036111
5 0.662500 0.110417 0.071875 0.034722
5 0.662891 0.095139 0.072656 0.037500