3 0.499609 0.825694 0.999219 0.345833
4 0.322266 0.725694 0.003906 0.051389
4 0.269922 0.745833 0.003906 0.038889
4 0.239844 0.751389 0.001563 0.019444
4 0.198437 0.787500 0.014063 0.066667
4 0.166016 0.813889 0.007031 0.069444
4 0.107813 0.837500 0.010937 0.083333
4 0.061719 0.869444 0.003125 0.080556
4 0.017188 0.890278 0.034375 0.086111
4 0.042188 0.700000 0.001563 0.027778
8 0.177734 0.842361 0.069531 0.059722
8 0.750391 0.795139 0.061719 0.045833
5 0.462891 0.660417 0.032031 0.006944
5 0.462891 0.660417 0.032031 0.006944
5 0.462891 0.660417 0.032031 0.006944
5 0.463281 0.652083 0.032813 0.009722
5 0.463281 0.652083 0.032813 0.009722
5 0.463281 0.652083 0.032813 0.009722
5 0.451172 0.668056 0.008594 0.005556
5 0.451172 0.668056 0.008594 0.005556
5 0.451172 0.668056 0.008594 0.005556
5 0.514062 0.669444 0.034375 0.008333
5 0.514062 0.669444 0.034375 0.008333
5 0.514062 0.669444 0.034375 0.008333
5 0.514062 0.661806 0.034375 0.009722
5 0.514062 0.661806 0.034375 0.009722
5 0.514062 0.661806 0.034375 0.009722
5 0.512891 0.653472 0.036719 0.009722
5 0.512891 0.653472 0.036719 0.009722
5 0.512891 0.653472 0.036719 0.009722
5 0.512891 0.645139 0.036719 0.009722
5 0.512891 0.645139 0.036719 0.009722
5 0.512891 0.645139 0.036719 0.009722
6 0.467578 0.697222 0.036719 0.063889
6 0.488281 0.681944 0.032813 0.058333
6 0.468750 0.645139 0.039062 0.062500
6 0.480859 0.689583 0.030469 0.062500
6 0.392969 0.738889 0.043750 0.072222
6 0.391406 0.753472 0.028125 0.081944
7 0.251563 0.877778 0.076563 0.030556
7 0.213281 0.908333 0.082812 0.033333
7 0.711719 0.987500 0.092188 0.022222
7 0.716016 0.954167 0.085156 0.038889
7 0.027734 0.857639 0.055469 0.037500
7 0.164844 0.786806 0.043750 0.026389
7 0.014063 0.740278 0.028125 0.016667
7 0.321484 0.719444 0.016406 0.011111
7 0.266797 0.760417 0.050781 0.018056
7 0.007812 0.662500 0.014063 0.005556
8 0.042969 0.969444 0.081250 0.058333
5 0.038281 0.950000 0.076563 0.036111
8 0.020313 0.983333 0.040625 0.030556
5 0.016797 0.981250 0.033594 0.034722
8 0.132422 0.919444 0.080469 0.069444
5 0.132422 0.897917 0.071094 0.034722
8 0.075391 0.913889 0.082031 0.066667
5 0.075781 0.893056 0.073438 0.033333
8 0.305859 0.801389 0.046094 0.038889
5 0.316406 0.783333 0.012500 0.016667
8 0.282813 0.797222 0.000000 0.000000
5 0.282813 0.779167 0.000000 0.000000
8 0.417969 0.709722 0.004687 0.005556
5 0.400391 0.707639 0.033594 0.006944
8 0.449219 0.730556 0.010937 0.030556
5 0.433594 0.717361 0.035937 0.009722
8 0.442578 0.723611 0.044531 0.030556
5 0.442188 0.711111 0.040625 0.011111
8 0.439453 0.738194 0.016406 0.031944
5 0.430078 0.725000 0.028906 0.011111
8 0.425781 0.746528 0.020313 0.031944
5 0.424219 0.733333 0.017188 0.011111
8 0.783594 0.708333 0.001563 0.016667
5 0.797266 0.702778 0.027344 0.008333
8 0.789062 0.696528 0.010937 0.004167
5 0.797656 0.695833 0.026562 0.005556
8 0.789453 0.708333 0.010156 0.005556
5 0.790234 0.707639 0.008594 0.004167
8 0.797266 0.718750 0.027344 0.012500
5 0.798047 0.716667 0.025781 0.011111
8 0.756641 0.697917 0.036719 0.012500
5 0.755859 0.694444 0.035156 0.005556
8 0.754687 0.702778 0.039062 0.008333
5 0.754297 0.700000 0.035156 0.005556
8 0.755469 0.717361 0.040625 0.026389
5 0.755078 0.706944 0.036719 0.008333
8 0.754297 0.725000 0.041406 0.030556
5 0.753516 0.715278 0.038281 0.011111
8 0.787891 0.766667 0.028906 0.041667
5 0.788672 0.752778 0.027344 0.016667
8 0.839453 0.773611 0.014844 0.033333
5 0.839453 0.756944 0.014844 0.016667
8 0.753516 0.764583 0.035156 0.040278
5 0.753125 0.751389 0.031250 0.016667
8 0.712500 0.761806 0.035937 0.040278
5 0.712109 0.748611 0.032031 0.016667
8 0.779687 0.735417 0.004687 0.018056
5 0.794922 0.729167 0.032031 0.008333
8 0.795312 0.750694 0.031250 0.034722
5 0.796094 0.738889 0.029687 0.011111
8 0.757031 0.750694 0.032813 0.037500
5 0.756641 0.738194 0.028906 0.012500
8 0.717969 0.749306 0.032813 0.037500
5 0.717187 0.735417 0.029687 0.012500
8 0.802734 0.825694 0.060156 0.034722
5 0.792969 0.816667 0.035937 0.019444
8 0.803125 0.814583 0.057813 0.037500
5 0.793750 0.801389 0.034375 0.013889
8 0.801562 0.890972 0.070312 0.056944
5 0.800781 0.874306 0.064062 0.026389
8 0.802344 0.868750 0.067187 0.048611
5 0.793750 0.852778 0.045312 0.019444
8 0.711328 0.885417 0.069531 0.059722
5 0.710547 0.867361 0.063281 0.026389
8 0.716016 0.863194 0.066406 0.051389
5 0.715234 0.847917 0.060156 0.020833
0 0.563281 0.772222 0.064062 0.213889
0 0.630469 0.704861 0.046875 0.159722
0 0.564844 0.640278 0.037500 0.105556
1 0.216016 0.634722 0.057031 0.072222
1 0.203516 0.638889 0.060156 0.075000
1 0.171094 0.634028 0.045312 0.070833
1 0.153516 0.638194 0.053906 0.073611
1 0.106641 0.631944 0.042969 0.069444
1 0.101562 0.634722 0.054688 0.069444
1 0.025391 0.617361 0.050781 0.056944
1 0.038672 0.677778 0.067969 0.097222
1 0.019141 0.672917 0.038281 0.090278
1 0.937109 0.666667 0.025781 0.075000
2 0.932422 0.639583 0.016406 0.001389
2 0.936328 0.654861 0.024219 0.020833
2 0.928125 0.699306 0.007812 0.009722
2 0.925391 0.640972 0.002344 0.001389
2 0.934766 0.641667 0.014844 0.000000
2 0.927734 0.644444 0.003906 0.000000
2 0.937891 0.644444 0.014844 0.000000
1 0.953906 0.702778 0.051562 0.111111
2 0.932813 0.711806 0.003125 0.029167
2 0.948828 0.672917 0.035156 0.029167
2 0.957422 0.681944 0.038281 0.033333
2 0.955078 0.720833 0.044531 0.041667
2 0.942578 0.674306 0.019531 0.029167
2 0.960547 0.661806 0.017969 0.001389
2 0.944922 0.678472 0.019531 0.031944
2 0.963281 0.664583 0.015625 0.001389
1 0.885938 0.675694 0.029687 0.095833
2 0.885156 0.638194 0.028125 0.001389
2 0.886719 0.656944 0.028125 0.027778
2 0.878906 0.691667 0.015625 0.033333
2 0.878125 0.639583 0.014063 0.001389
2 0.893359 0.640278 0.014844 0.000000
2 0.879297 0.654167 0.016406 0.025000
2 0.894531 0.643056 0.012500 0.000000
1 0.907031 0.700694 0.048438 0.109722
2 0.886719 0.709722 0.003125 0.027778
2 0.893359 0.670833 0.014844 0.030556
2 0.909766 0.680556 0.036719 0.033333
2 0.908203 0.718750 0.041406 0.040278
2 0.894141 0.672222 0.013281 0.027778
2 0.894922 0.676389 0.011719 0.030556
2 0.924609 0.663194 0.000781 0.001389
2 0.891016 0.855556 0.105469 0.061111
2 0.919531 0.887500 0.098437 0.033333
2 0.839844 0.920139 0.003125 0.073611
2 0.898828 0.886111 0.113281 0.080556
2 0.926953 0.947917 0.113281 0.101389
2 0.930469 0.997917 0.014063 0.001389
2 0.844141 0.948611 0.003906 0.077778
2 0.736719 0.834028 0.054688 0.070833
2 0.674609 0.828472 0.057031 0.068056
2 0.757422 0.675000 0.000781 0.030556
2 0.741016 0.684028 0.030469 0.029167
2 0.773047 0.688194 0.021094 0.026389
2 0.741016 0.659028 0.030469 0.029167
2 0.773047 0.661111 0.021094 0.025000
2 0.741406 0.631250 0.031250 0.031944
2 0.773047 0.631944 0.021094 0.030556
5 0.228516 0.771528 0.061719 0.020833
5 0.228125 0.781944 0.060937 0.019444
5 0.226953 0.790278 0.058594 0.019444
5 0.226562 0.800000 0.057813 0.019444
5 0.226953 0.818750 0.058594 0.020833
5 0.226953 0.809028 0.058594 0.020833
5 0.226562 0.837500 0.057813 0.019444
5 0.226953 0.827083 0.058594 0.020833
5 0.001953 0.720833 0.003906 0.002778
5 0.286719 0.793750 0.060937 0.020833
5 0.286719 0.802778 0.060937 0.022222
5 0.286719 0.822222 0.060937 0.022222
5 0.286719 0.812500 0.060937 0.022222
5 0.286719 0.840972 0.060937 0.020833
5 0.286719 0.831250 0.060937 0.020833
5 0.019141 0.726389 0.038281 0.013889
5 0.019922 0.734028 0.036719 0.009722
5 0.286719 0.785417 0.060937 0.018056
5 0.286719 0.774306 0.060937 0.020833
5 0.353125 0.798611 0.059375 0.019444
5 0.353125 0.807639 0.059375 0.020833
5 0.353125 0.827778 0.059375 0.022222
5 0.353125 0.817361 0.059375 0.020833
5 0.353125 0.846528 0.059375 0.020833
5 0.353125 0.836806 0.059375 0.020833
5 0.062500 0.729167 0.046875 0.011111
5 0.062500 0.736806 0.046875 0.012500
5 0.353125 0.789583 0.059375 0.020833
5 0.353125 0.780556 0.059375 0.019444
5 0.353125 0.724306 0.059375 0.015278
5 0.353125 0.734028 0.059375 0.018056
5 0.353125 0.752083 0.059375 0.020833
5 0.353125 0.743750 0.059375 0.018056
5 0.353125 0.770833 0.059375 0.019444
5 0.353125 0.761111 0.059375 0.019444
5 0.062500 0.723611 0.046875 0.011111
5 0.062500 0.716667 0.046875 0.013889
5 0.353125 0.715278 0.059375 0.016667
5 0.353125 0.704861 0.059375 0.018056