3 0.671484 0.970833 0.628906 0.055556
5 0.367188 0.922917 0.067187 0.018056
5 0.367188 0.922917 0.067187 0.018056
5 0.367188 0.922917 0.067187 0.018056
5 0.366797 0.907639 0.067969 0.015278
5 0.366797 0.907639 0.067969 0.015278
5 0.366797 0.907639 0.067969 0.015278
5 0.378906 0.937500 0.043750 0.016667
5 0.378906 0.937500 0.043750 0.016667
5 0.378906 0.937500 0.043750 0.016667
5 0.469922 0.940278 0.066406 0.013889
5 0.469922 0.940278 0.066406 0.013889
5 0.469922 0.940278 0.066406 0.013889
5 0.470703 0.925000 0.064844 0.013889
5 0.470703 0.925000 0.064844 0.013889
5 0.470703 0.925000 0.064844 0.013889
5 0.470703 0.909028 0.064844 0.015278
5 0.470703 0.909028 0.064844 0.015278
5 0.470703 0.909028 0.064844 0.015278
5 0.471094 0.892361 0.064062 0.015278
5 0.471094 0.892361 0.064062 0.015278
5 0.471094 0.892361 0.064062 0.015278
6 0.444531 0.937500 0.085938 0.122222
6 0.467187 0.931250 0.070312 0.126389
6 0.447656 0.816667 0.092188 0.158333
6 0.458984 0.935417 0.075781 0.126389
6 0.267578 0.956250 0.171094 0.084722
6 0.258203 0.968056 0.171094 0.061111
8 0.435156 0.995833 0.007812 0.005556
5 0.391016 0.993750 0.078906 0.009722
8 0.443750 0.988889 0.021875 0.019444
5 0.399219 0.986806 0.095312 0.023611
0 0.991797 0.831250 0.014844 0.334722
0 0.600000 0.858333 0.064062 0.225000
2 0.915234 0.931944 0.024219 0.058333
2 0.956250 0.940972 0.059375 0.062500
2 0.962109 0.884722 0.074219 0.058333
2 0.961328 0.830556 0.075781 0.055556
5 0.168359 0.640278 0.336719 0.227778
5 0.167578 0.806250 0.335156 0.184722
5 0.252344 0.993056 0.159375 0.011111
5 0.166797 0.936111 0.333594 0.125000
5 0.168750 0.506944 0.337500 0.283333
5 0.169531 0.367361 0.339062 0.362500