3 0.499609 0.824306 0.999219 0.348611
5 0.032422 0.894444 0.064844 0.050000
5 0.032422 0.894444 0.064844 0.050000
5 0.032422 0.894444 0.064844 0.050000
5 0.032422 0.872222 0.064844 0.055556
5 0.032422 0.872222 0.064844 0.055556
5 0.032422 0.872222 0.064844 0.055556
5 0.032422 0.912500 0.064844 0.050000
5 0.032422 0.912500 0.064844 0.050000
5 0.032422 0.912500 0.064844 0.050000
5 0.119141 0.869444 0.096094 0.044444
5 0.119141 0.869444 0.096094 0.044444
5 0.119141 0.869444 0.096094 0.044444
5 0.119141 0.853472 0.096094 0.045833
5 0.119141 0.853472 0.096094 0.045833
5 0.119141 0.853472 0.096094 0.045833
5 0.119141 0.836111 0.096094 0.044444
5 0.119141 0.836111 0.096094 0.044444
5 0.119141 0.836111 0.096094 0.044444
5 0.119141 0.815972 0.096094 0.048611
5 0.119141 0.815972 0.096094 0.048611
5 0.119141 0.815972 0.096094 0.048611
6 0.628516 0.949306 0.116406 0.098611
6 0.468750 0.917361 0.104688 0.162500
6 0.628516 0.852778 0.116406 0.166667
6 0.541406 0.927083 0.101562 0.143056
8 0.716797 0.996528 0.003906 0.004167
5 0.722656 0.997222 0.014063 0.002778
8 0.777734 0.773611 0.057031 0.052778
5 0.778516 0.757639 0.050781 0.023611
8 0.733594 0.763889 0.056250 0.038889
5 0.733984 0.749306 0.050781 0.023611
8 0.820312 0.782639 0.057813 0.043056
5 0.820312 0.765972 0.051562 0.023611
8 0.866797 0.792361 0.055469 0.056944
5 0.868750 0.775694 0.051562 0.026389
8 0.703516 0.784722 0.060156 0.047222
5 0.703906 0.765278 0.053125 0.025000
8 0.749219 0.795833 0.060937 0.050000
5 0.749609 0.775694 0.053906 0.026389
8 0.792188 0.800000 0.060937 0.058333
5 0.792578 0.784028 0.053906 0.026389
8 0.842578 0.811111 0.061719 0.061111
5 0.842969 0.794444 0.054688 0.027778
8 0.960547 0.810417 0.055469 0.056944
5 0.961328 0.796528 0.049219 0.029167
5 0.999219 0.811111 0.000000 0.002778
8 0.983203 0.826389 0.003906 0.002778
5 0.985938 0.824306 0.004687 0.009722
8 0.971875 0.857639 0.017188 0.056944
5 0.975000 0.840278 0.017188 0.022222
0 0.987500 0.839583 0.023438 0.220833
0 0.341797 0.768750 0.139844 0.223611
1 0.837500 0.632639 0.079687 0.093056
2 0.812500 0.605556 0.023438 0.016667
2 0.860938 0.618750 0.025000 0.034722
2 0.851953 0.656944 0.041406 0.033333
2 0.825781 0.608333 0.018750 0.016667
2 0.831641 0.600000 0.017969 0.002778
2 0.841406 0.618056 0.018750 0.030556
2 0.847656 0.601389 0.018750 0.002778
1 0.946875 0.613194 0.010937 0.029167
2 0.956641 0.619444 0.024219 0.019444
2 0.998047 0.676389 0.002344 0.005556
2 0.973047 0.623611 0.021094 0.016667
2 0.977734 0.613889 0.019531 0.002778
2 0.990234 0.625000 0.017969 0.016667
2 0.992969 0.615278 0.012500 0.002778
1 0.801172 0.657639 0.085156 0.115278
2 0.775391 0.622222 0.027344 0.022222
2 0.826172 0.635417 0.027344 0.037500
2 0.814844 0.677083 0.051562 0.040278
2 0.788672 0.625694 0.021094 0.020833
2 0.795703 0.614583 0.016406 0.004167
2 0.805859 0.634722 0.021094 0.033333
2 0.812109 0.616667 0.019531 0.002778
1 0.957422 0.677778 0.083594 0.125000
2 0.928906 0.638889 0.026562 0.025000
2 0.986328 0.654167 0.025781 0.041667
2 0.982422 0.700000 0.033594 0.041667
2 0.944922 0.643056 0.022656 0.022222
2 0.951172 0.631250 0.021094 0.004167
2 0.965234 0.653472 0.022656 0.037500
2 0.969531 0.634028 0.021875 0.004167
1 0.756641 0.679861 0.092969 0.126389
2 0.729297 0.634028 0.030469 0.009722
2 0.783203 0.656250 0.030469 0.040278
2 0.784375 0.702083 0.029687 0.043056
2 0.742969 0.637500 0.023438 0.005556
2 0.750781 0.632639 0.021875 0.004167
2 0.760547 0.639583 0.022656 0.006944
2 0.769922 0.635417 0.021094 0.004167
1 0.924609 0.704167 0.102344 0.138889
2 0.886719 0.652778 0.018750 0.011111
2 0.955859 0.678472 0.030469 0.045833
2 0.961328 0.727778 0.019531 0.044444
2 0.919141 0.658333 0.008594 0.005556
2 0.921875 0.653472 0.012500 0.004167
2 0.931641 0.660417 0.025781 0.006944
2 0.937109 0.655556 0.024219 0.005556
1 0.736328 0.686111 0.096094 0.125000
2 0.704297 0.705556 0.024219 0.038889
2 0.711328 0.686806 0.013281 0.001389
2 0.708203 0.658333 0.032031 0.041667
2 0.763281 0.665972 0.032813 0.043056
2 0.744922 0.712500 0.069531 0.047222
2 0.722656 0.662500 0.025000 0.038889
2 0.730469 0.640972 0.021875 0.004167
2 0.740625 0.664583 0.025000 0.040278
2 0.748437 0.643750 0.023438 0.004167
1 0.908203 0.711806 0.107031 0.137500
2 0.872656 0.732639 0.026562 0.043056
2 0.876953 0.711111 0.021094 0.002778
2 0.875781 0.679861 0.032813 0.045833
2 0.941016 0.689583 0.032031 0.048611
2 0.919141 0.740278 0.075781 0.052778
2 0.887891 0.684028 0.014844 0.040278
2 0.892578 0.661806 0.007031 0.004167
2 0.922266 0.688889 0.014844 0.041667
2 0.925391 0.665278 0.019531 0.005556
2 0.469141 0.740972 0.055469 0.059722
2 0.485547 0.707639 0.022656 0.015278
2 0.537891 0.758333 0.082031 0.052778
2 0.585938 0.749306 0.012500 0.043056
2 0.537891 0.717361 0.082031 0.051389
2 0.585938 0.709028 0.012500 0.040278
2 0.537891 0.672917 0.082031 0.056944
2 0.560547 0.662500 0.063281 0.055556