3 0.482812 0.858333 0.965625 0.280556
5 0.080469 0.884722 0.101562 0.041667
5 0.080469 0.884722 0.101562 0.041667
5 0.080469 0.884722 0.101562 0.041667
5 0.080469 0.861806 0.101562 0.048611
5 0.080469 0.861806 0.101562 0.048611
5 0.080469 0.861806 0.101562 0.048611
5 0.080469 0.902083 0.101562 0.040278
5 0.080469 0.902083 0.101562 0.040278
5 0.080469 0.902083 0.101562 0.040278
5 0.200781 0.873611 0.093750 0.036111
5 0.200781 0.873611 0.093750 0.036111
5 0.200781 0.873611 0.093750 0.036111
5 0.200781 0.857639 0.093750 0.037500
5 0.200781 0.857639 0.093750 0.037500
5 0.200781 0.857639 0.093750 0.037500
5 0.200781 0.837500 0.093750 0.041667
5 0.200781 0.837500 0.093750 0.041667
5 0.200781 0.837500 0.093750 0.041667
5 0.200781 0.818750 0.093750 0.043056
5 0.200781 0.818750 0.093750 0.043056
5 0.200781 0.818750 0.093750 0.043056
6 0.595313 0.980556 0.131250 0.036111
6 0.456250 0.936111 0.095312 0.125000
6 0.596484 0.902083 0.135156 0.193056
6 0.523438 0.956944 0.117188 0.083333
8 0.938281 0.843056 0.051562 0.019444
5 0.941406 0.836111 0.048438 0.027778
8 0.902734 0.831250 0.075781 0.026389
5 0.903125 0.821528 0.067187 0.026389
8 0.962891 0.850694 0.003906 0.006944
5 0.964844 0.847222 0.000000 0.002778
8 0.852734 0.859028 0.078906 0.054167
5 0.852344 0.835417 0.070312 0.029167
8 0.901953 0.877083 0.082031 0.056944
5 0.901563 0.852083 0.073438 0.031944
8 0.936719 0.893750 0.056250 0.059722
5 0.939063 0.867361 0.051562 0.031944
8 0.964844 0.886111 0.000000 0.002778
0 0.414453 0.795833 0.121094 0.241667
1 0.924219 0.679861 0.028125 0.020833
2 0.935547 0.688889 0.042969 0.011111
2 0.949219 0.694444 0.029687 0.008333
2 0.956641 0.689583 0.017969 0.004167
2 0.960156 0.696528 0.010937 0.006944
1 0.919922 0.750000 0.091406 0.150000
2 0.894141 0.770139 0.030469 0.045833
2 0.901953 0.747917 0.017969 0.004167
2 0.901172 0.714583 0.044531 0.048611
2 0.952344 0.727778 0.023438 0.050000
2 0.932422 0.781250 0.066406 0.059722
2 0.915234 0.720139 0.032031 0.045833
2 0.929297 0.697222 0.030469 0.005556
2 0.935937 0.724306 0.032813 0.045833
2 0.947656 0.700694 0.028125 0.006944
2 0.608594 0.784722 0.050000 0.066667
2 0.630469 0.752083 0.006250 0.006944
2 0.679297 0.808333 0.089844 0.063889
2 0.745313 0.802083 0.042188 0.051389
2 0.679297 0.762500 0.089844 0.061111
2 0.745703 0.756944 0.042969 0.050000
2 0.679297 0.714583 0.089844 0.065278
2 0.723047 0.706250 0.088281 0.062500