3 0.499609 0.959028 0.999219 0.079167
4 0.080859 0.912500 0.022656 0.016667
8 0.372266 0.902083 0.000781 0.001389
5 0.331641 0.898611 0.000781 0.002778
5 0.331641 0.898611 0.000781 0.002778
5 0.331641 0.898611 0.000781 0.002778
6 0.372656 0.878472 0.009375 0.004167
6 0.373047 0.890278 0.010156 0.025000
6 0.268359 0.904167 0.017969 0.013889
5 0.873047 0.903472 0.022656 0.009722
5 0.873047 0.903472 0.022656 0.009722
5 0.873047 0.903472 0.022656 0.009722
5 0.868359 0.914583 0.033594 0.009722
5 0.868359 0.914583 0.033594 0.009722
5 0.868359 0.914583 0.033594 0.009722
5 0.891406 0.917361 0.012500 0.015278
5 0.891406 0.917361 0.012500 0.015278
5 0.891406 0.917361 0.012500 0.015278
5 0.891016 0.903472 0.011719 0.009722
5 0.891016 0.903472 0.011719 0.009722
5 0.891016 0.903472 0.011719 0.009722
6 0.349609 0.870833 0.083594 0.111111
6 0.513281 0.870833 0.079687 0.111111
6 0.365234 0.768750 0.055469 0.106944
6 0.432031 0.870833 0.079687 0.111111
6 0.037109 0.911111 0.008594 0.027778
7 0.176953 0.913889 0.003906 0.011111
7 0.305078 0.911111 0.000781 0.005556
7 0.046094 0.913889 0.014063 0.016667
7 0.556250 0.911806 0.006250 0.009722
7 0.442188 0.915972 0.006250 0.001389
7 0.494922 0.915972 0.010156 0.001389
7 0.073438 0.912500 0.001563 0.005556
8 0.094141 0.910417 0.047656 0.026389
8 0.181250 0.910417 0.021875 0.026389
8 0.215625 0.905556 0.048438 0.016667
8 0.258203 0.902778 0.005469 0.011111
8 0.194922 0.912500 0.052344 0.027778
8 0.257422 0.911806 0.052344 0.026389
8 0.136328 0.909722 0.067969 0.025000
8 0.073438 0.911111 0.071875 0.027778
8 0.491797 0.890278 0.111719 0.105556
5 0.490625 0.850000 0.096875 0.036111
8 0.628516 0.890278 0.121094 0.105556
5 0.626172 0.850000 0.107031 0.036111
8 0.380469 0.890278 0.100000 0.108333
5 0.379688 0.848611 0.085938 0.036111
8 0.236328 0.920833 0.124219 0.047222
8 0.608594 0.893750 0.101562 0.090278
5 0.603516 0.858333 0.082031 0.030556
8 0.491797 0.904861 0.085156 0.068056
5 0.490625 0.861806 0.078125 0.023611
8 0.391797 0.893056 0.091406 0.091667
5 0.391016 0.858333 0.080469 0.030556
8 0.265234 0.918056 0.091406 0.041667
8 0.039062 0.911111 0.060937 0.027778
8 0.011328 0.909028 0.022656 0.023611
0 0.018359 0.912500 0.036719 0.027778
0 0.805859 0.815972 0.183594 0.223611
1 0.675000 0.867361 0.054688 0.104167
1 0.636328 0.867361 0.052344 0.104167
1 0.656641 0.869444 0.050781 0.091667
1 0.626953 0.865972 0.032031 0.084722
1 0.640234 0.874306 0.046094 0.090278
1 0.606641 0.874306 0.041406 0.090278
1 0.663672 0.881944 0.060156 0.072222
1 0.303906 0.864583 0.076563 0.093056
1 0.310156 0.895139 0.073438 0.037500
1 0.071875 0.910417 0.000000 0.001389
1 0.081641 0.909028 0.075781 0.023611
1 0.098437 0.499306 0.196875 0.998611
2 0.094922 0.531250 0.092969 0.520833
2 0.035156 0.476389 0.070312 0.569444
2 0.101172 0.122222 0.110156 0.244444
1 0.867578 0.635417 0.263281 0.670833
2 0.844531 0.500694 0.176563 0.245833
2 0.879687 0.753472 0.239063 0.218056
2 0.962500 0.475000 0.073438 0.191667
1 0.167578 0.624306 0.335156 0.698611
2 0.256641 0.767361 0.111719 0.184722
2 0.228516 0.740972 0.136719 0.218056
2 0.248828 0.479861 0.136719 0.262500
2 0.146484 0.729167 0.038281 0.197222
2 0.146875 0.448611 0.057813 0.202778
1 0.842969 0.690972 0.312500 0.534722
2 0.731641 0.579861 0.057031 0.190278
2 0.733984 0.785417 0.058594 0.170833
1 0.177734 0.683333 0.355469 0.552778
2 0.333594 0.802778 0.003125 0.102778
2 0.315234 0.776389 0.011719 0.166667
2 0.326953 0.563889 0.024219 0.191667
2 0.923047 0.918056 0.052344 0.038889
2 0.973828 0.919444 0.050781 0.041667
5 0.228125 0.897222 0.023438 0.000000
5 0.235156 0.905556 0.001563 0.000000
5 0.241406 0.913889 0.000000 0.000000
5 0.238672 0.909722 0.005469 0.005556
5 0.240625 0.915972 0.000000 0.004167
5 0.196875 0.909028 0.007812 0.004167
5 0.198437 0.915278 0.001563 0.002778
5 0.195703 0.904861 0.005469 0.001389
5 0.210156 0.897917 0.042188 0.001389