3 0.527734 0.846528 0.703906 0.048611
5 0.509766 0.804167 0.000781 0.002778
5 0.509766 0.804167 0.000781 0.002778
5 0.509766 0.804167 0.000781 0.002778
6 0.404297 0.811111 0.083594 0.077778
6 0.482031 0.812500 0.062500 0.083333
6 0.406250 0.729167 0.085938 0.105556
6 0.448047 0.811806 0.077344 0.081944
6 0.058984 0.777778 0.003906 0.002778
6 0.020313 0.782639 0.006250 0.009722
8 0.184766 0.850694 0.013281 0.001389
5 0.197656 0.837500 0.043750 0.005556
5 0.219922 0.834028 0.077344 0.006944
5 0.266016 0.830556 0.074219 0.005556
8 0.286328 0.843750 0.088281 0.009722
5 0.283594 0.840972 0.081250 0.015278
8 0.339062 0.840972 0.067187 0.012500
5 0.328516 0.837500 0.077344 0.013889
8 0.251953 0.848611 0.080469 0.011111
5 0.243750 0.845139 0.084375 0.015278
8 0.209766 0.852778 0.063281 0.011111
5 0.205469 0.850000 0.057813 0.016667
5 0.967187 0.836111 0.042188 0.005556
5 0.950000 0.840278 0.076563 0.005556
8 0.948438 0.859722 0.079687 0.019444
5 0.948047 0.849306 0.080469 0.015278
8 0.928906 0.863194 0.104688 0.023611
5 0.927344 0.854861 0.095312 0.018056
5 0.976172 0.869444 0.046094 0.019444
5 0.973047 0.872917 0.052344 0.012500
8 0.926562 0.871528 0.001563 0.001389
5 0.878516 0.869444 0.092969 0.011111
8 0.837109 0.866667 0.005469 0.002778
5 0.787891 0.864583 0.091406 0.012500
0 0.088672 0.693056 0.177344 0.366667
0 0.565625 0.734722 0.126562 0.250000
0 0.656641 0.763889 0.069531 0.175000
1 0.214844 0.781250 0.079687 0.098611
1 0.185938 0.780556 0.081250 0.100000
1 0.160547 0.779167 0.071094 0.094444
1 0.138672 0.748611 0.028906 0.033333
1 0.135156 0.747917 0.015625 0.029167
1 0.061719 0.745139 0.006250 0.023611
1 0.040625 0.758333 0.046875 0.036111
2 0.499609 0.921528 0.999219 0.154167
2 0.344531 0.959028 0.689063 0.079167
2 0.966797 0.826389 0.041406 0.016667
2 0.971875 0.793750 0.054688 0.048611
2 0.971094 0.742361 0.056250 0.051389