3 0.567578 0.966667 0.863281 0.063889
4 0.876563 0.990278 0.009375 0.016667
5 0.022656 0.984028 0.045312 0.023611
5 0.022656 0.984028 0.045312 0.023611
5 0.022656 0.984028 0.045312 0.023611
5 0.023047 0.961806 0.046094 0.026389
5 0.023047 0.961806 0.046094 0.026389
5 0.023047 0.961806 0.046094 0.026389
5 0.022266 0.995833 0.044531 0.005556
5 0.022266 0.995833 0.044531 0.005556
5 0.022266 0.995833 0.044531 0.005556
5 0.113672 0.990278 0.105469 0.016667
5 0.113672 0.990278 0.105469 0.016667
5 0.113672 0.990278 0.105469 0.016667
5 0.114453 0.975694 0.105469 0.023611
5 0.114453 0.975694 0.105469 0.023611
5 0.114453 0.975694 0.105469 0.023611
5 0.115234 0.956250 0.105469 0.023611
5 0.115234 0.956250 0.105469 0.023611
5 0.115234 0.956250 0.105469 0.023611
5 0.115234 0.935417 0.105469 0.023611
5 0.115234 0.935417 0.105469 0.023611
5 0.115234 0.935417 0.105469 0.023611
6 0.655469 0.952083 0.095312 0.093056
6 0.462109 0.947917 0.119531 0.101389
6 0.654687 0.838889 0.096875 0.169444
6 0.519141 0.949306 0.080469 0.098611
8 0.871484 0.965972 0.063281 0.034722
5 0.871875 0.939583 0.062500 0.006944
8 0.819922 0.961111 0.061719 0.041667
5 0.821484 0.937500 0.060156 0.005556
8 0.919531 0.967361 0.054688 0.043056
5 0.921094 0.945139 0.064062 0.012500
8 0.971484 0.972222 0.055469 0.044444
5 0.972656 0.948611 0.053125 0.013889
8 0.781641 0.965278 0.071094 0.044444
5 0.782031 0.943750 0.064062 0.012500
8 0.833203 0.968750 0.074219 0.045833
5 0.833594 0.947222 0.065625 0.013889
8 0.883594 0.971528 0.075000 0.048611
5 0.883594 0.950000 0.067187 0.013889
8 0.942578 0.974306 0.077344 0.048611
5 0.942969 0.953472 0.068750 0.015278
0 0.355469 0.881944 0.145313 0.233333
1 0.956250 0.886806 0.085938 0.095833
2 0.927734 0.895833 0.017969 0.002778
2 0.936719 0.894444 0.018750 0.000000
2 0.968359 0.911111 0.061719 0.033333
2 0.965625 0.867361 0.010937 0.031944
1 0.915625 0.889583 0.103125 0.104167
2 0.878906 0.899306 0.018750 0.004167
2 0.890234 0.897222 0.022656 0.000000
2 0.943359 0.868056 0.035156 0.036111
2 0.926172 0.916667 0.074219 0.038889
2 0.908984 0.861806 0.005469 0.023611
2 0.918750 0.867361 0.025000 0.034722
2 0.925000 0.867361 0.015625 0.034722
1 0.857422 0.886111 0.110156 0.102778
2 0.820703 0.901389 0.024219 0.000000
2 0.893750 0.869444 0.025000 0.038889
2 0.871094 0.920139 0.075000 0.037500
1 0.993750 0.903472 0.010937 0.137500
2 0.997656 0.906944 0.003125 0.000000
1 0.831641 0.895139 0.113281 0.120833
2 0.794141 0.919444 0.027344 0.033333
2 0.808984 0.902778 0.000781 0.000000
2 0.789062 0.868750 0.020313 0.037500
2 0.860938 0.869444 0.040625 0.038889
2 0.842578 0.919444 0.082031 0.033333
2 0.809766 0.869444 0.021094 0.038889
2 0.813672 0.887500 0.000781 0.000000
2 0.830469 0.869444 0.021875 0.038889
2 0.833984 0.888889 0.000781 0.000000
1 0.982031 0.903472 0.034375 0.140278
2 0.985938 0.929861 0.026562 0.043056
2 0.990625 0.906944 0.003125 0.000000
2 0.983203 0.870139 0.025781 0.043056
2 0.999219 0.916667 0.000000 0.013889
2 0.997266 0.870139 0.003906 0.043056
2 0.523438 0.944444 0.056250 0.047222
2 0.547266 0.920139 0.007031 0.001389
2 0.598828 0.950694 0.091406 0.048611
2 0.662891 0.946528 0.036719 0.045833
2 0.598437 0.902778 0.092188 0.047222
2 0.662109 0.902083 0.035156 0.045833
2 0.597656 0.857639 0.090625 0.045833
2 0.660547 0.856944 0.033594 0.044444