3 0.499609 0.905556 0.999219 0.186111
5 0.599609 0.837500 0.024219 0.013889
5 0.599609 0.837500 0.024219 0.013889
5 0.599609 0.837500 0.024219 0.013889
5 0.585938 0.822917 0.051562 0.015278
5 0.585938 0.822917 0.051562 0.015278
5 0.585938 0.822917 0.051562 0.015278
5 0.600781 0.850000 0.021875 0.013889
5 0.600781 0.850000 0.021875 0.013889
5 0.600781 0.850000 0.021875 0.013889
5 0.633594 0.854861 0.025000 0.012500
5 0.633594 0.854861 0.025000 0.012500
5 0.633594 0.854861 0.025000 0.012500
5 0.633203 0.841667 0.024219 0.013889
5 0.633203 0.841667 0.024219 0.013889
5 0.633203 0.841667 0.024219 0.013889
5 0.632812 0.827778 0.023438 0.013889
5 0.632812 0.827778 0.023438 0.013889
5 0.632812 0.827778 0.023438 0.013889
5 0.633594 0.813194 0.025000 0.015278
5 0.633594 0.813194 0.025000 0.015278
5 0.633594 0.813194 0.025000 0.015278
6 0.377344 0.866667 0.084375 0.122222
6 0.483984 0.815972 0.075781 0.040278
6 0.378125 0.761111 0.084375 0.116667
6 0.439063 0.854861 0.089063 0.112500
6 0.036328 0.908333 0.072656 0.166667
7 0.000000 0.822222 0.000000 0.002778
7 0.027734 0.817361 0.038281 0.012500
8 0.089453 0.922222 0.036719 0.058333
5 0.085547 0.895833 0.030469 0.019444
8 0.107813 0.915278 0.060937 0.061111
5 0.110547 0.885417 0.058594 0.018056
5 0.137109 0.876389 0.005469 0.002778
8 0.317969 0.908333 0.043750 0.058333
5 0.314844 0.881944 0.037500 0.019444
8 0.135547 0.893750 0.003906 0.001389
5 0.139063 0.892361 0.001563 0.004167
8 0.104688 0.940278 0.068750 0.063889
5 0.105078 0.906250 0.067969 0.026389
8 0.969922 0.895833 0.000781 0.000000
5 0.985938 0.892361 0.026562 0.009722
8 0.969922 0.934028 0.055469 0.056944
5 0.972656 0.902083 0.053125 0.012500
8 0.942187 0.947917 0.040625 0.065278
5 0.962891 0.913889 0.072656 0.016667
8 0.946094 0.961111 0.106250 0.066667
5 0.946875 0.931944 0.104688 0.033333
5 0.797656 0.991667 0.120313 0.013889
8 0.675781 0.990972 0.153125 0.015278
5 0.675781 0.983333 0.135937 0.030556
8 0.978125 0.972222 0.042188 0.005556
5 0.980859 0.964583 0.036719 0.020833
8 0.957031 0.986806 0.057813 0.023611
5 0.966406 0.985417 0.065625 0.026389
8 0.860938 0.986111 0.140625 0.025000
5 0.860547 0.979167 0.124219 0.038889
8 0.752344 0.976389 0.128125 0.036111
5 0.755469 0.968056 0.120313 0.044444
0 0.495312 0.826389 0.195312 0.344444
0 0.697656 0.789583 0.106250 0.198611
1 0.134375 0.785417 0.015625 0.084722
1 0.123438 0.781944 0.034375 0.091667
1 0.107813 0.783333 0.068750 0.094444
1 0.080859 0.777778 0.053906 0.083333
2 0.998828 0.873611 0.000781 0.027778
2 0.998047 0.829861 0.002344 0.056944
2 0.997266 0.771528 0.003906 0.056944