3 0.457422 0.916667 0.914844 0.163889
4 0.160547 0.825694 0.002344 0.037500
8 0.251953 0.831250 0.027344 0.015278
5 0.214062 0.823611 0.028125 0.005556
5 0.214062 0.823611 0.028125 0.005556
5 0.214062 0.823611 0.028125 0.005556
5 0.214062 0.816667 0.028125 0.005556
5 0.214062 0.816667 0.028125 0.005556
5 0.214062 0.816667 0.028125 0.005556
5 0.213281 0.830556 0.029687 0.005556
5 0.213281 0.830556 0.029687 0.005556
5 0.213281 0.830556 0.029687 0.005556
5 0.180469 0.831944 0.031250 0.005556
5 0.180469 0.831944 0.031250 0.005556
5 0.180469 0.831944 0.031250 0.005556
5 0.180078 0.825000 0.030469 0.005556
5 0.180078 0.825000 0.030469 0.005556
5 0.180078 0.825000 0.030469 0.005556
5 0.180078 0.818056 0.030469 0.005556
5 0.180078 0.818056 0.030469 0.005556
5 0.180078 0.818056 0.030469 0.005556
5 0.181250 0.811111 0.031250 0.005556
5 0.181250 0.811111 0.031250 0.005556
5 0.181250 0.811111 0.031250 0.005556
6 0.273047 0.822917 0.002344 0.020833
6 0.262500 0.788194 0.025000 0.037500
6 0.261719 0.812500 0.025000 0.033333
6 0.155469 0.814583 0.007812 0.037500
6 0.358203 0.845833 0.077344 0.105556
6 0.484766 0.850000 0.033594 0.008333
6 0.333984 0.749306 0.025781 0.101389
6 0.435547 0.847222 0.075781 0.013889
6 0.026562 0.820139 0.031250 0.054167
7 0.287500 0.872222 0.023438 0.019444
7 0.342969 0.834722 0.004687 0.000000
7 0.392188 0.841667 0.015625 0.002778
8 0.159375 0.865972 0.051562 0.037500
5 0.158594 0.851389 0.045312 0.011111
8 0.210547 0.869444 0.047656 0.044444
5 0.209375 0.850694 0.043750 0.009722
8 0.267969 0.868750 0.043750 0.043056
5 0.266797 0.850000 0.039844 0.011111
8 0.203516 0.875000 0.053906 0.047222
5 0.203125 0.854861 0.046875 0.012500
8 0.265234 0.874306 0.049219 0.048611
5 0.264453 0.854167 0.042969 0.011111
8 0.154688 0.866667 0.045312 0.030556
5 0.154297 0.854861 0.038281 0.012500
8 0.820312 0.910417 0.037500 0.015278
5 0.806250 0.909028 0.045312 0.018056
8 0.008594 0.936111 0.017188 0.080556
5 0.005859 0.902083 0.011719 0.020833
8 0.021094 0.929861 0.042188 0.084722
5 0.019141 0.893750 0.038281 0.020833
8 0.242969 0.949306 0.101562 0.098611
5 0.241406 0.911806 0.089063 0.031944
8 0.111719 0.950694 0.110937 0.095833
5 0.111328 0.915278 0.097656 0.033333
8 0.096484 0.940972 0.146094 0.093056
5 0.099219 0.902778 0.131250 0.025000
8 0.116406 0.928472 0.131250 0.084722
5 0.118750 0.893056 0.118750 0.022222
0 0.067578 0.781944 0.135156 0.313889
1 0.234375 0.803472 0.076563 0.087500
1 0.235547 0.800694 0.072656 0.079167
1 0.056250 0.774306 0.004687 0.029167
1 0.041406 0.773611 0.029687 0.030556
1 0.742578 0.666667 0.513281 0.663889
2 0.969141 0.922222 0.060156 0.011111
2 0.656641 0.655556 0.282031 0.358333
2 0.755859 0.956944 0.486719 0.083333
2 0.981250 0.664583 0.035937 0.334722
2 0.838281 0.823611 0.029687 0.008333
2 0.882422 0.659722 0.182031 0.347222
1 0.590625 0.788889 0.420312 0.419444
2 0.738672 0.910417 0.088281 0.020833
2 0.456641 0.729167 0.117969 0.169444
2 0.544531 0.932639 0.298438 0.131944
1 0.950000 0.906250 0.093750 0.020833
2 0.957031 0.906250 0.084375 0.020833
1 0.378906 0.808333 0.035937 0.380556
2 0.387500 0.741667 0.021875 0.138889
2 0.429297 0.923611 0.113281 0.136111
5 0.135156 0.833333 0.000000 0.000000
5 0.134375 0.824306 0.001563 0.004167
5 0.134766 0.829861 0.000781 0.004167
5 0.158984 0.844444 0.033594 0.000000
5 0.147656 0.845833 0.017188 0.000000
5 0.152344 0.844444 0.032813 0.005556
5 0.150781 0.838194 0.031250 0.006944