5 0.536328 0.998611 0.063281 0.000000
5 0.536328 0.998611 0.063281 0.000000
5 0.536328 0.998611 0.063281 0.000000
5 0.618750 0.990972 0.026562 0.015278
5 0.618750 0.990972 0.026562 0.015278
5 0.618750 0.990972 0.026562 0.015278
6 0.331250 0.979861 0.156250 0.037500
6 0.474609 0.977083 0.117969 0.043056
6 0.334375 0.881944 0.160938 0.200000
6 0.410547 0.978472 0.136719 0.040278
0 0.799219 0.723611 0.334375 0.550000
0 0.736719 0.888889 0.101562 0.138889
1 0.061328 0.947222 0.086719 0.102778
1 0.046094 0.946528 0.092188 0.104167
1 0.032813 0.947917 0.045312 0.101389
1 0.005469 0.947917 0.010937 0.101389