3 0.499609 0.845139 0.999219 0.306944
4 0.240234 0.847222 0.007031 0.075000
4 0.134766 0.920139 0.025781 0.106944
8 0.937891 0.987500 0.105469 0.022222
5 0.447656 0.704167 0.043750 0.013889
5 0.447656 0.704167 0.043750 0.013889
5 0.447656 0.704167 0.043750 0.013889
5 0.447656 0.693056 0.043750 0.016667
5 0.447656 0.693056 0.043750 0.016667
5 0.447656 0.693056 0.043750 0.016667
5 0.447656 0.713889 0.043750 0.013889
5 0.447656 0.713889 0.043750 0.013889
5 0.447656 0.713889 0.043750 0.013889
5 0.513281 0.715972 0.048438 0.015278
5 0.513281 0.715972 0.048438 0.015278
5 0.513281 0.715972 0.048438 0.015278
5 0.513281 0.706250 0.048438 0.015278
5 0.513281 0.706250 0.048438 0.015278
5 0.513281 0.706250 0.048438 0.015278
5 0.513281 0.696528 0.048438 0.015278
5 0.513281 0.696528 0.048438 0.015278
5 0.513281 0.696528 0.048438 0.015278
5 0.513281 0.685417 0.048438 0.015278
5 0.513281 0.685417 0.048438 0.015278
5 0.513281 0.685417 0.048438 0.015278
6 0.455469 0.787500 0.053125 0.097222
6 0.482422 0.754167 0.046094 0.086111
6 0.457031 0.712500 0.056250 0.094444
6 0.470703 0.769444 0.049219 0.094444
6 0.329688 0.884028 0.090625 0.129167
6 0.314453 0.925694 0.085156 0.145833
7 0.000781 0.975000 0.001563 0.008333
7 0.265625 0.820833 0.067187 0.025000
7 0.145703 0.918056 0.077344 0.036111
8 0.175391 0.989583 0.014844 0.015278
5 0.181250 0.990278 0.050000 0.016667
8 0.132422 0.987500 0.047656 0.022222
5 0.117578 0.987500 0.066406 0.022222
8 0.270703 0.873611 0.025781 0.025000
5 0.271484 0.856944 0.024219 0.022222
8 0.282813 0.843056 0.001563 0.002778
5 0.294531 0.834028 0.015625 0.012500
8 0.362109 0.824306 0.013281 0.012500
5 0.336328 0.822222 0.057031 0.016667
8 0.353125 0.816667 0.067187 0.027778
5 0.352344 0.808333 0.060937 0.019444
8 0.405859 0.849306 0.061719 0.048611
5 0.403906 0.828472 0.057813 0.018056
8 0.418750 0.832639 0.067187 0.048611
5 0.417578 0.813889 0.060156 0.019444
8 0.400391 0.866667 0.050781 0.052778
5 0.398438 0.846528 0.046875 0.023611
8 0.392188 0.886806 0.032813 0.056944
5 0.389453 0.868056 0.028906 0.025000
8 0.936719 0.809722 0.062500 0.044444
5 0.935937 0.794444 0.056250 0.016667
8 0.931250 0.795833 0.059375 0.041667
5 0.930078 0.781250 0.053906 0.015278
8 0.945703 0.822222 0.064844 0.044444
5 0.944922 0.807639 0.058594 0.018056
8 0.951172 0.840278 0.064844 0.050000
5 0.951562 0.825694 0.062500 0.023611
8 0.864062 0.791667 0.056250 0.041667
5 0.862891 0.776389 0.050781 0.013889
8 0.866797 0.804861 0.058594 0.043056
5 0.866016 0.788889 0.052344 0.013889
8 0.873437 0.816667 0.060937 0.044444
5 0.872266 0.802778 0.055469 0.016667
8 0.876563 0.836111 0.064062 0.052778
5 0.875781 0.819444 0.057813 0.022222
8 0.969141 0.935417 0.060156 0.079167
5 0.970313 0.914583 0.056250 0.040278
8 0.910937 0.930556 0.059375 0.077778
5 0.910156 0.910417 0.051562 0.040278
8 0.843750 0.924306 0.053125 0.076389
5 0.842969 0.903472 0.046875 0.037500
8 0.960156 0.873611 0.078125 0.055556
5 0.959375 0.854861 0.070312 0.020833
8 0.966406 0.890278 0.065625 0.050000
5 0.967578 0.877083 0.063281 0.026389
8 0.903906 0.895139 0.054688 0.065278
5 0.903516 0.878472 0.047656 0.034722
8 0.841406 0.889583 0.050000 0.065278
5 0.840625 0.872222 0.043750 0.033333
0 0.641016 0.911806 0.099219 0.173611
0 0.710547 0.836806 0.067969 0.270833
0 0.585156 0.686111 0.048438 0.147222
1 0.123047 0.672917 0.078906 0.095833
1 0.103125 0.680556 0.082812 0.100000
1 0.055469 0.662500 0.062500 0.080556
1 0.031641 0.677083 0.063281 0.098611
1 0.012500 0.670833 0.025000 0.088889
1 0.004687 0.671528 0.009375 0.090278
2 0.804297 0.727778 0.000781 0.041667
2 0.851953 0.732639 0.003906 0.045833
2 0.827344 0.747222 0.043750 0.050000
2 0.878125 0.749306 0.046875 0.051389
2 0.827344 0.711806 0.043750 0.048611
2 0.875000 0.713889 0.040625 0.050000
2 0.827344 0.676389 0.043750 0.047222
2 0.878516 0.678472 0.047656 0.048611
5 0.043359 0.993750 0.086719 0.009722
5 0.248047 0.945833 0.116406 0.050000
5 0.248047 0.963194 0.116406 0.051389
5 0.253125 0.985417 0.106250 0.026389
5 0.248047 0.976389 0.116406 0.044444
5 0.266406 0.993750 0.079687 0.009722
5 0.248047 0.929167 0.116406 0.050000
5 0.248047 0.908333 0.116406 0.052778