3 0.499609 0.884722 0.999219 0.227778
4 0.576172 0.734722 0.044531 0.091667
4 0.650391 0.731944 0.008594 0.100000
4 0.708594 0.729167 0.042188 0.108333
4 0.818359 0.716667 0.005469 0.105556
4 0.900781 0.720833 0.060937 0.138889
4 0.015234 0.718056 0.024219 0.150000
4 0.012891 0.711111 0.021094 0.175000
4 0.041797 0.697917 0.063281 0.220833
4 0.053906 0.688194 0.042188 0.254167
4 0.062109 0.650000 0.124219 0.391667
8 0.912500 0.752083 0.117188 0.070833
5 0.285156 0.756944 0.050000 0.008333
5 0.285156 0.756944 0.050000 0.008333
5 0.285156 0.756944 0.050000 0.008333
5 0.285156 0.751389 0.050000 0.000000
5 0.285156 0.751389 0.050000 0.000000
5 0.285156 0.751389 0.050000 0.000000
5 0.272266 0.766667 0.024219 0.008333
5 0.272266 0.766667 0.024219 0.008333
5 0.272266 0.766667 0.024219 0.008333
6 0.552344 0.767361 0.004687 0.012500
6 0.457422 0.766667 0.007031 0.011111
6 0.527344 0.660417 0.053125 0.070833
6 0.662109 0.728472 0.057031 0.098611
6 0.728125 0.726389 0.078125 0.105556
7 0.766406 0.777083 0.132812 0.031944
7 0.354297 0.779861 0.157031 0.056944
7 0.513672 0.772222 0.078906 0.022222
7 0.004297 0.775000 0.000781 0.005556
7 0.471875 0.770139 0.026562 0.018056
6 0.007422 0.658333 0.014844 0.322222
6 0.012891 0.350000 0.025781 0.330556
8 0.692187 0.770833 0.004687 0.019444
8 0.573828 0.768750 0.000781 0.015278
8 0.464062 0.765278 0.004687 0.008333
8 0.597266 0.768056 0.000781 0.013889
8 0.575391 0.768056 0.002344 0.013889
8 0.581641 0.768750 0.002344 0.015278
8 0.623437 0.768750 0.056250 0.015278
8 0.993359 0.769444 0.000781 0.000000
8 0.994922 0.769444 0.000781 0.000000
8 0.927734 0.769444 0.003906 0.000000
8 0.923828 0.769444 0.002344 0.000000
8 0.907813 0.769444 0.000000 0.000000
0 0.846875 0.687500 0.076563 0.163889
0 0.475000 0.706250 0.059375 0.129167
1 0.337500 0.461806 0.593750 0.923611
1 0.653906 0.446528 0.620313 0.893056
1 0.996875 0.769444 0.001563 0.000000
2 0.916406 0.693056 0.000000 0.002778
2 0.644922 0.770139 0.003906 0.001389
2 0.693750 0.761806 0.003125 0.001389
2 0.645703 0.684722 0.022656 0.002778
2 0.701562 0.691667 0.021875 0.013889
5 0.823438 0.671528 0.104688 0.018056
5 0.823438 0.686806 0.104688 0.015278
5 0.823828 0.698611 0.103906 0.011111
5 0.853125 0.777778 0.050000 0.013889
5 0.847266 0.765278 0.060156 0.008333
5 0.895703 0.701389 0.069531 0.011111
5 0.899219 0.777778 0.062500 0.013889
5 0.897266 0.765278 0.064844 0.008333
5 0.903516 0.689583 0.085156 0.015278
5 0.902734 0.674306 0.085156 0.015278
5 0.979688 0.705556 0.039062 0.013889
5 0.979688 0.719444 0.039062 0.013889
5 0.980078 0.749306 0.038281 0.012500
5 0.980078 0.734722 0.038281 0.013889
5 0.980859 0.776389 0.036719 0.013889
5 0.980859 0.761806 0.036719 0.012500
5 0.039844 0.762500 0.050000 0.011111
5 0.041016 0.775694 0.052344 0.012500
5 0.979297 0.692361 0.039844 0.012500
5 0.971484 0.677778 0.055469 0.013889
5 0.960547 0.596528 0.077344 0.020833
5 0.960938 0.611111 0.076563 0.019444
5 0.960938 0.638889 0.076563 0.016667
5 0.960938 0.625000 0.076563 0.019444
5 0.961328 0.665278 0.075781 0.013889
5 0.961328 0.650694 0.075781 0.015278
5 0.028516 0.751389 0.025781 0.011111
5 0.028906 0.738194 0.025000 0.012500
5 0.960547 0.583333 0.077344 0.019444
5 0.960156 0.570139 0.078125 0.020833