3 0.362500 0.657639 0.718750 0.090278
4 0.280078 0.656944 0.000781 0.022222
4 0.169922 0.665278 0.011719 0.036111
5 0.345313 0.590972 0.026562 0.006944
5 0.345313 0.590972 0.026562 0.006944
5 0.345313 0.590972 0.026562 0.006944
5 0.345313 0.585417 0.026562 0.006944
5 0.345313 0.585417 0.026562 0.006944
5 0.345313 0.585417 0.026562 0.006944
5 0.358203 0.593750 0.000781 0.001389
5 0.358203 0.593750 0.000781 0.001389
5 0.358203 0.593750 0.000781 0.001389
5 0.318359 0.592361 0.025781 0.004167
5 0.318359 0.592361 0.025781 0.004167
5 0.318359 0.592361 0.025781 0.004167
5 0.318359 0.587500 0.025781 0.005556
5 0.318359 0.587500 0.025781 0.005556
5 0.318359 0.587500 0.025781 0.005556
5 0.319141 0.580556 0.027344 0.005556
5 0.319141 0.580556 0.027344 0.005556
5 0.319141 0.580556 0.027344 0.005556
6 0.294141 0.581250 0.011719 0.026389
6 0.395313 0.673611 0.054688 0.050000
7 0.233594 0.684722 0.023438 0.011111
7 0.532422 0.632639 0.014844 0.009722
7 0.562891 0.633333 0.003906 0.011111
7 0.447656 0.634028 0.012500 0.009722
7 0.483594 0.633333 0.014063 0.011111
7 0.138281 0.636806 0.020313 0.009722
7 0.188672 0.636111 0.019531 0.011111
0 0.162891 0.693056 0.072656 0.016667
0 0.707031 0.670139 0.060937 0.048611
0 0.003906 0.623611 0.007812 0.094444
1 0.631250 0.648611 0.042188 0.077778
1 0.599609 0.649306 0.041406 0.079167
1 0.613281 0.627778 0.031250 0.072222
1 0.591797 0.633333 0.028906 0.083333
1 0.605078 0.618750 0.036719 0.068056
1 0.576172 0.619444 0.035156 0.069444
1 0.625391 0.602778 0.049219 0.063889
1 0.334375 0.647917 0.051562 0.070833
1 0.345703 0.637500 0.028906 0.052778
1 0.175781 0.640972 0.064062 0.056944
1 0.169531 0.647917 0.062500 0.070833
1 0.003125 0.601389 0.006250 0.030556
2 0.003125 0.622222 0.001563 0.002778
2 0.002734 0.594444 0.002344 0.005556
2 0.003125 0.587500 0.003125 0.000000
2 0.004297 0.620139 0.003906 0.006944
2 0.003906 0.593750 0.004687 0.006944
2 0.003125 0.588889 0.003125 0.000000
5 0.262891 0.629167 0.022656 0.005556
5 0.262891 0.625000 0.022656 0.005556
5 0.262891 0.615972 0.022656 0.006944
5 0.262891 0.620139 0.022656 0.006944
5 0.283594 0.666667 0.023438 0.002778
5 0.291016 0.678472 0.002344 0.001389
5 0.288281 0.679861 0.003125 0.004167
5 0.287109 0.684722 0.003906 0.005556
5 0.270703 0.686111 0.030469 0.011111
5 0.268750 0.693056 0.031250 0.008333
5 0.270703 0.681944 0.030469 0.008333
5 0.267188 0.679167 0.028125 0.002778