3 0.489453 0.834722 0.978906 0.327778
4 0.296094 0.730556 0.001563 0.005556
4 0.225391 0.785417 0.011719 0.056944
4 0.189453 0.796528 0.002344 0.029167
4 0.135937 0.838194 0.017188 0.079167
4 0.087500 0.877778 0.014063 0.088889
4 0.015234 0.914583 0.021094 0.098611
8 0.100391 0.913889 0.091406 0.077778
8 0.800781 0.851389 0.075000 0.063889
5 0.454688 0.679861 0.028125 0.006944
5 0.454688 0.679861 0.028125 0.006944
5 0.454688 0.679861 0.028125 0.006944
5 0.459375 0.669444 0.037500 0.011111
5 0.459375 0.669444 0.037500 0.011111
5 0.459375 0.669444 0.037500 0.011111
5 0.445703 0.688194 0.010156 0.006944
5 0.445703 0.688194 0.010156 0.006944
5 0.445703 0.688194 0.010156 0.006944
5 0.515625 0.689583 0.039062 0.009722
5 0.515625 0.689583 0.039062 0.009722
5 0.515625 0.689583 0.039062 0.009722
5 0.514844 0.681250 0.040625 0.009722
5 0.514844 0.681250 0.040625 0.009722
5 0.514844 0.681250 0.040625 0.009722
5 0.514844 0.672222 0.040625 0.011111
5 0.514844 0.672222 0.040625 0.011111
5 0.514844 0.672222 0.040625 0.011111
5 0.514844 0.662500 0.040625 0.011111
5 0.514844 0.662500 0.040625 0.011111
5 0.514844 0.662500 0.040625 0.011111
6 0.463281 0.724306 0.042188 0.073611
6 0.486328 0.705556 0.036719 0.066667
6 0.464453 0.664583 0.044531 0.070833
6 0.476172 0.714583 0.039844 0.070833
6 0.371484 0.774306 0.058594 0.090278
6 0.368750 0.795139 0.039062 0.098611
7 0.188281 0.963889 0.096875 0.041667
7 0.132422 0.991667 0.102344 0.013889
7 0.100391 0.834722 0.058594 0.033333
7 0.289844 0.745833 0.000000 0.000000
7 0.230469 0.801389 0.054688 0.022222
8 0.049609 0.987500 0.057031 0.022222
5 0.035937 0.986806 0.071875 0.023611
8 0.003906 0.981944 0.007812 0.016667
5 0.000781 0.979861 0.001563 0.012500
8 0.279297 0.860417 0.022656 0.040278
5 0.274609 0.834722 0.013281 0.025000
5 0.233203 0.827778 0.000781 0.011111
8 0.314063 0.770833 0.000000 0.000000
8 0.404687 0.739583 0.007812 0.009722
5 0.383594 0.736111 0.043750 0.011111
8 0.441406 0.763889 0.014063 0.036111
5 0.422656 0.748611 0.043750 0.011111
8 0.434375 0.754861 0.051562 0.034722
5 0.433594 0.740972 0.046875 0.012500
8 0.420312 0.772917 0.037500 0.037500
5 0.418359 0.758333 0.035156 0.013889
8 0.413672 0.783333 0.024219 0.038889
5 0.411328 0.768750 0.021094 0.015278
8 0.824219 0.741667 0.003125 0.027778
5 0.841016 0.730556 0.035156 0.008333
8 0.840234 0.731250 0.036719 0.023611
5 0.841016 0.722917 0.035156 0.006944
8 0.833203 0.743750 0.016406 0.018056
5 0.842578 0.737500 0.032031 0.008333
8 0.850000 0.754861 0.048438 0.023611
5 0.842969 0.747917 0.031250 0.012500
8 0.791016 0.722917 0.042969 0.012500
5 0.789844 0.720139 0.039062 0.006944
8 0.790234 0.741667 0.044531 0.033333
5 0.789453 0.727778 0.039844 0.008333
8 0.792188 0.743750 0.045312 0.026389
5 0.791797 0.734722 0.041406 0.008333
8 0.791406 0.756944 0.046875 0.036111
5 0.791016 0.745139 0.042969 0.012500
8 0.840234 0.809722 0.036719 0.050000
5 0.841016 0.794444 0.035156 0.022222
8 0.892969 0.811806 0.042188 0.048611
5 0.885938 0.797222 0.025000 0.022222
8 0.797266 0.805556 0.039844 0.047222
5 0.796875 0.791667 0.034375 0.022222
8 0.748437 0.803472 0.040625 0.048611
5 0.748047 0.788194 0.036719 0.020833
8 0.848047 0.777083 0.055469 0.037500
5 0.847266 0.763194 0.049219 0.009722
8 0.853516 0.789583 0.057031 0.040278
5 0.852734 0.775694 0.052344 0.015278
8 0.799219 0.788194 0.037500 0.043056
5 0.798828 0.775000 0.033594 0.016667
8 0.753125 0.786111 0.039062 0.044444
5 0.752344 0.771528 0.034375 0.018056
8 0.866016 0.896528 0.064844 0.054167
5 0.867188 0.881944 0.062500 0.027778
8 0.865625 0.877778 0.065625 0.055556
5 0.866797 0.860417 0.063281 0.020833
8 0.882812 0.972917 0.089063 0.051389
5 0.883594 0.965972 0.084375 0.040278
8 0.880469 0.959028 0.087500 0.076389
5 0.878906 0.936111 0.079687 0.033333
8 0.766406 0.967361 0.087500 0.062500
5 0.765234 0.954167 0.078906 0.038889
8 0.769141 0.947917 0.082031 0.073611
5 0.767969 0.925694 0.075000 0.031944
0 0.576562 0.829167 0.078125 0.269444
0 0.651563 0.737500 0.053125 0.188889
0 0.572266 0.655556 0.041406 0.113889
1 0.187500 0.651389 0.065625 0.080556
1 0.171875 0.655556 0.067187 0.080556
1 0.130469 0.650694 0.065625 0.079167
1 0.113672 0.654167 0.067969 0.080556
1 0.072656 0.648611 0.057813 0.077778
1 0.058203 0.653472 0.067969 0.079167
1 0.000781 0.634722 0.001563 0.058333
1 0.002734 0.694444 0.005469 0.083333
1 0.969531 0.661806 0.018750 0.031944
2 0.970313 0.657639 0.017188 0.001389
2 0.975000 0.670833 0.007812 0.013889
2 0.971875 0.667361 0.014063 0.018056
2 0.973437 0.669444 0.010937 0.016667
1 0.939063 0.699306 0.050000 0.109722
2 0.918359 0.709028 0.003906 0.029167
2 0.934375 0.670139 0.035937 0.029167
2 0.942578 0.678472 0.038281 0.031944
2 0.931250 0.712500 0.025000 0.030556
2 0.923047 0.671528 0.008594 0.029167
2 0.948438 0.659028 0.014063 0.001389
2 0.924219 0.674306 0.006250 0.029167
2 0.953516 0.662500 0.010156 0.000000
1 0.960156 0.729167 0.037500 0.127778
2 0.944922 0.740278 0.005469 0.036111
2 0.960547 0.695139 0.036719 0.034722
2 0.965234 0.706250 0.027344 0.037500
2 0.962109 0.750000 0.033594 0.047222
2 0.956250 0.697222 0.021875 0.033333
2 0.972656 0.682639 0.012500 0.001389
2 0.958203 0.701389 0.019531 0.036111
2 0.973828 0.686111 0.010156 0.002778
2 0.959766 0.952083 0.038281 0.093056
2 0.970313 0.987500 0.017188 0.022222
2 0.940625 0.997917 0.000000 0.001389
2 0.962891 0.968056 0.032031 0.061111
2 0.791016 0.902083 0.066406 0.093056
2 0.712891 0.894444 0.067969 0.088889
2 0.787500 0.697222 0.000000 0.036111
2 0.769922 0.709028 0.033594 0.029167
2 0.812109 0.709028 0.035156 0.034722
2 0.770312 0.677083 0.034375 0.034722
2 0.812109 0.679167 0.035156 0.036111
2 0.770312 0.647222 0.034375 0.036111
2 0.812109 0.648611 0.035156 0.036111
5 0.169141 0.822222 0.077344 0.027778
5 0.168359 0.835417 0.075781 0.026389
5 0.165625 0.845139 0.070312 0.026389
5 0.165625 0.857639 0.070312 0.026389
5 0.165625 0.880556 0.070312 0.027778
5 0.165625 0.868750 0.070312 0.026389
5 0.165625 0.902083 0.070312 0.029167
5 0.165625 0.890278 0.070312 0.027778
5 0.239453 0.850694 0.075781 0.026389
5 0.239453 0.862500 0.075781 0.027778
5 0.239453 0.886111 0.075781 0.027778
5 0.239453 0.874306 0.075781 0.029167
5 0.239453 0.908333 0.075781 0.027778
5 0.239453 0.896528 0.075781 0.029167
5 0.239453 0.840972 0.075781 0.026389
5 0.239453 0.827778 0.075781 0.027778
5 0.319531 0.857639 0.075000 0.026389
5 0.319531 0.869444 0.075000 0.027778
5 0.319531 0.893750 0.075000 0.029167
5 0.319531 0.881250 0.075000 0.029167
5 0.319531 0.915972 0.075000 0.029167
5 0.319531 0.903472 0.075000 0.029167
5 0.012891 0.762500 0.025781 0.013889
5 0.012891 0.770139 0.025781 0.015278
5 0.319531 0.847222 0.075000 0.025000
5 0.319531 0.835417 0.075000 0.026389
5 0.319531 0.765972 0.075000 0.023611
5 0.319531 0.778472 0.075000 0.023611
5 0.319531 0.800694 0.075000 0.026389
5 0.319531 0.790972 0.075000 0.023611
5 0.319531 0.824306 0.075000 0.026389
5 0.319531 0.812500 0.075000 0.025000
5 0.012891 0.755556 0.025781 0.013889
5 0.012891 0.747222 0.025781 0.013889
5 0.319531 0.755556 0.075000 0.022222
5 0.319531 0.742361 0.075000 0.023611