3 0.499609 0.867361 0.999219 0.262500
4 0.937891 0.993750 0.005469 0.009722
5 0.019531 0.911806 0.039062 0.034722
5 0.019531 0.911806 0.039062 0.034722
5 0.019531 0.911806 0.039062 0.034722
5 0.019531 0.891667 0.039062 0.036111
5 0.019531 0.891667 0.039062 0.036111
5 0.019531 0.891667 0.039062 0.036111
5 0.019531 0.929861 0.039062 0.034722
5 0.019531 0.929861 0.039062 0.034722
5 0.019531 0.929861 0.039062 0.034722
5 0.084375 0.900000 0.090625 0.038889
5 0.084375 0.900000 0.090625 0.038889
5 0.084375 0.900000 0.090625 0.038889
5 0.084375 0.883333 0.090625 0.038889
5 0.084375 0.883333 0.090625 0.038889
5 0.084375 0.883333 0.090625 0.038889
5 0.082031 0.865972 0.095312 0.037500
5 0.082031 0.865972 0.095312 0.037500
5 0.082031 0.865972 0.095312 0.037500
5 0.082422 0.846528 0.096094 0.037500
5 0.082422 0.846528 0.096094 0.037500
5 0.082422 0.846528 0.096094 0.037500
6 0.638281 0.920139 0.103125 0.137500
6 0.473438 0.895833 0.098437 0.138889
6 0.637891 0.805556 0.102344 0.141667
6 0.553125 0.905556 0.100000 0.144444
7 0.982422 0.770139 0.022656 0.018056
5 0.952344 0.997222 0.021875 0.002778
8 0.882031 0.990972 0.070312 0.015278
5 0.878125 0.990278 0.070312 0.016667
8 0.805469 0.985417 0.067187 0.026389
5 0.795312 0.985417 0.078125 0.026389
8 0.710547 0.979167 0.089844 0.038889
5 0.710938 0.979167 0.079687 0.038889
8 0.818359 0.969444 0.080469 0.058333
5 0.819141 0.960417 0.071094 0.043056
8 0.740625 0.963889 0.081250 0.069444
5 0.741406 0.949306 0.071875 0.040278
8 0.891797 0.973611 0.078906 0.050000
5 0.892578 0.969444 0.069531 0.044444
8 0.969141 0.979861 0.058594 0.037500
5 0.972266 0.979167 0.053906 0.038889
8 0.693750 0.807639 0.048438 0.040278
5 0.694141 0.791667 0.041406 0.016667
8 0.650781 0.802083 0.048438 0.037500
5 0.649609 0.786111 0.039844 0.008333
8 0.732812 0.811111 0.048438 0.041667
5 0.733203 0.793750 0.042969 0.015278
8 0.778516 0.815278 0.047656 0.041667
5 0.778906 0.798611 0.042188 0.016667
8 0.621484 0.814583 0.035156 0.029167
5 0.630859 0.799306 0.014844 0.015278
8 0.684375 0.815278 0.031250 0.033333
5 0.682813 0.802778 0.028125 0.013889
8 0.715234 0.823611 0.050781 0.044444
5 0.715625 0.806250 0.045312 0.018056
8 0.762891 0.827083 0.050781 0.048611
5 0.762891 0.810417 0.044531 0.018056
5 0.987891 0.817361 0.016406 0.009722
8 0.984375 0.808333 0.017188 0.008333
5 0.984766 0.808333 0.019531 0.008333
8 0.990625 0.831944 0.001563 0.000000
5 0.991016 0.827778 0.013281 0.011111
5 0.992188 0.837500 0.012500 0.008333
8 0.862891 0.823611 0.042969 0.047222
5 0.863672 0.807639 0.038281 0.018056
8 0.899219 0.809722 0.012500 0.013889
5 0.904687 0.807639 0.017188 0.012500
8 0.898438 0.840972 0.017188 0.037500
5 0.901563 0.819444 0.018750 0.011111
8 0.894922 0.848611 0.027344 0.047222
5 0.896484 0.832639 0.025781 0.018056
0 0.953125 0.801389 0.092188 0.222222
0 0.307031 0.790278 0.148438 0.211111
1 0.710547 0.711806 0.071094 0.093056
2 0.687891 0.679167 0.021094 0.008333
2 0.733594 0.690972 0.018750 0.029167
2 0.720313 0.727778 0.046875 0.030556
2 0.699609 0.679861 0.014844 0.006944
2 0.705078 0.675694 0.011719 0.001389
2 0.714063 0.690972 0.014063 0.026389
2 0.719531 0.676389 0.015625 0.000000
1 0.874219 0.719444 0.014063 0.094444
2 0.824219 0.683333 0.007812 0.008333
2 0.868750 0.697222 0.018750 0.030556
2 0.866406 0.735417 0.025000 0.031944
2 0.834375 0.685417 0.017188 0.006944
2 0.837109 0.680556 0.016406 0.000000
2 0.850391 0.686111 0.016406 0.008333
2 0.853125 0.681250 0.014063 0.001389
1 0.708594 0.724306 0.031250 0.098611
2 0.670312 0.684028 0.004687 0.001389
2 0.708984 0.700694 0.022656 0.031944
2 0.704297 0.739583 0.033594 0.034722
2 0.674609 0.689583 0.014844 0.009722
2 0.679688 0.684028 0.012500 0.001389
2 0.690625 0.700694 0.018750 0.029167
2 0.695312 0.684722 0.017188 0.000000
1 0.828906 0.730556 0.081250 0.105556
2 0.798047 0.694444 0.013281 0.011111
2 0.855078 0.706944 0.021094 0.033333
2 0.857812 0.749306 0.017188 0.034722
2 0.823438 0.695833 0.006250 0.008333
2 0.824609 0.689583 0.008594 0.001389
2 0.835938 0.696528 0.018750 0.009722
2 0.838672 0.690972 0.017969 0.001389
1 0.653906 0.734028 0.084375 0.104167
2 0.621094 0.740278 0.003125 0.000000
2 0.626563 0.695139 0.023438 0.004167
2 0.679688 0.713194 0.025000 0.034722
2 0.682813 0.754167 0.020313 0.033333
2 0.635156 0.696528 0.006250 0.001389
2 0.638281 0.694444 0.000000 0.000000
2 0.667969 0.697222 0.001563 0.000000
2 0.671094 0.695139 0.007812 0.001389
1 0.809375 0.743056 0.089063 0.111111
2 0.782422 0.750000 0.003906 0.000000
2 0.780469 0.701389 0.023438 0.005556
2 0.838281 0.720139 0.023438 0.037500
2 0.839063 0.766667 0.023438 0.038889
2 0.796094 0.702778 0.017188 0.002778
2 0.798047 0.700694 0.013281 0.001389
2 0.823828 0.704861 0.007031 0.001389
2 0.825391 0.702083 0.010156 0.001389
1 0.641016 0.737500 0.085156 0.102778
2 0.609766 0.760417 0.019531 0.034722
2 0.617969 0.741667 0.015625 0.002778
2 0.612500 0.715278 0.026562 0.036111
2 0.673438 0.718056 0.012500 0.036111
2 0.648828 0.761806 0.061719 0.040278
2 0.626563 0.717361 0.018750 0.034722
2 0.631641 0.699306 0.013281 0.001389
2 0.636328 0.718056 0.003906 0.033333
1 0.800781 0.753472 0.092188 0.123611
2 0.769141 0.771528 0.021094 0.037500
2 0.773047 0.751389 0.021094 0.002778
2 0.770312 0.723611 0.025000 0.038889
2 0.831250 0.726389 0.021875 0.038889
2 0.810937 0.772917 0.064062 0.043056
2 0.788281 0.725000 0.021875 0.036111
2 0.793359 0.706250 0.019531 0.001389
2 0.801172 0.726389 0.007031 0.036111
2 0.812500 0.706944 0.020313 0.002778
2 0.396875 0.795139 0.059375 0.051389
2 0.410547 0.767361 0.032031 0.009722
2 0.466016 0.804167 0.078906 0.047222
2 0.516797 0.794444 0.021094 0.044444
2 0.466406 0.763889 0.078125 0.044444
2 0.516797 0.756250 0.021094 0.043056
2 0.466406 0.722222 0.078125 0.047222
2 0.490234 0.716667 0.074219 0.044444