3 0.507812 0.853472 0.982812 0.290278
5 0.043359 0.971528 0.086719 0.054167
5 0.043359 0.971528 0.086719 0.054167
5 0.043359 0.971528 0.086719 0.054167
5 0.043359 0.953472 0.086719 0.059722
5 0.043359 0.953472 0.086719 0.059722
5 0.043359 0.953472 0.086719 0.059722
5 0.043359 0.931944 0.086719 0.058333
5 0.043359 0.931944 0.086719 0.058333
5 0.043359 0.931944 0.086719 0.058333
5 0.043359 0.906250 0.086719 0.062500
5 0.043359 0.906250 0.086719 0.062500
5 0.043359 0.906250 0.086719 0.062500
6 0.459766 0.967361 0.136719 0.062500
6 0.673438 0.922222 0.156250 0.152778
6 0.547656 0.981250 0.120313 0.034722
8 0.827344 0.849306 0.067187 0.065278
5 0.827344 0.831250 0.059375 0.029167
8 0.773438 0.838194 0.065625 0.048611
5 0.773828 0.820139 0.058594 0.026389
8 0.878516 0.856250 0.067969 0.062500
5 0.878906 0.840278 0.059375 0.030556
8 0.938672 0.871528 0.067969 0.070833
5 0.939063 0.852083 0.060937 0.031944
8 0.739844 0.863194 0.070312 0.059722
5 0.740625 0.840278 0.062500 0.030556
8 0.796094 0.876389 0.071875 0.061111
5 0.796484 0.852083 0.063281 0.031944
8 0.849609 0.881944 0.072656 0.072222
5 0.850000 0.862500 0.064062 0.033333
8 0.912500 0.896528 0.073438 0.076389
5 0.912891 0.876389 0.064844 0.036111
0 0.320312 0.847222 0.137500 0.277778
1 0.875781 0.693750 0.090625 0.118056
2 0.848047 0.654861 0.027344 0.018056
2 0.903125 0.670139 0.028125 0.037500
2 0.896094 0.714583 0.042188 0.040278
2 0.863672 0.658333 0.022656 0.016667
2 0.869531 0.648611 0.018750 0.002778
2 0.881250 0.669444 0.021875 0.036111
2 0.887500 0.651389 0.018750 0.002778
1 0.998047 0.665278 0.002344 0.025000
1 0.838672 0.713889 0.097656 0.130556
2 0.808984 0.672917 0.030469 0.023611
2 0.867969 0.688194 0.031250 0.043056
2 0.857812 0.736111 0.051562 0.044444
2 0.825000 0.677083 0.023438 0.020833
2 0.831641 0.665278 0.022656 0.002778
2 0.845313 0.687500 0.025000 0.038889
2 0.851953 0.666667 0.022656 0.002778
1 0.971484 0.686806 0.005469 0.031944
2 0.985938 0.690972 0.026562 0.023611
2 0.997656 0.694444 0.003125 0.022222
1 0.791797 0.739583 0.107031 0.145833
2 0.760156 0.685417 0.034375 0.009722
2 0.823438 0.711111 0.034375 0.047222
2 0.826172 0.764583 0.030469 0.048611
2 0.776563 0.689583 0.026562 0.006944
2 0.785937 0.685417 0.025000 0.004167
2 0.798438 0.692361 0.028125 0.006944
2 0.805859 0.686806 0.025781 0.004167
1 0.939063 0.697222 0.014063 0.025000
2 0.953125 0.706944 0.034375 0.013889
2 0.967578 0.711111 0.013281 0.008333
2 0.982422 0.704861 0.027344 0.004167
2 0.997656 0.714583 0.003125 0.006944
2 0.997656 0.707639 0.003125 0.004167
1 0.770312 0.749306 0.110937 0.148611
2 0.733203 0.768750 0.028906 0.045833
2 0.739453 0.746528 0.019531 0.004167
2 0.737109 0.713194 0.036719 0.048611
2 0.802734 0.722222 0.036719 0.050000
2 0.781641 0.776389 0.080469 0.055556
2 0.754687 0.718056 0.029687 0.044444
2 0.762891 0.694444 0.025781 0.005556
2 0.776563 0.720833 0.029687 0.044444
2 0.784766 0.696528 0.027344 0.004167
1 0.956641 0.770139 0.085156 0.151389
2 0.934375 0.800000 0.031250 0.052778
2 0.939063 0.774306 0.025000 0.004167
2 0.937109 0.738194 0.036719 0.054167
2 0.999219 0.751389 0.000000 0.044444
2 0.972656 0.806250 0.053125 0.059722
2 0.959375 0.743750 0.028125 0.051389
2 0.963281 0.716667 0.020313 0.005556
2 0.985547 0.748611 0.027344 0.050000
2 0.998047 0.721528 0.002344 0.004167
2 0.460547 0.810417 0.064844 0.070833
2 0.479687 0.771528 0.026562 0.018056
2 0.541797 0.831250 0.096094 0.065278
2 0.606641 0.815278 0.032031 0.058333
2 0.541797 0.781944 0.096094 0.061111
2 0.606641 0.769444 0.032031 0.055556
2 0.541797 0.729861 0.096094 0.068056
2 0.576562 0.718056 0.092188 0.063889