3 0.283203 0.934722 0.563281 0.127778
5 0.716797 0.993056 0.086719 0.011111
5 0.716797 0.993056 0.086719 0.011111
5 0.716797 0.993056 0.086719 0.011111
5 0.833203 0.996528 0.021094 0.004167
5 0.833203 0.996528 0.021094 0.004167
5 0.833203 0.996528 0.021094 0.004167
6 0.203125 0.984722 0.206250 0.027778
7 0.023828 0.890972 0.039844 0.020833
0 0.921484 0.930556 0.155469 0.136111
1 0.256250 0.893750 0.106250 0.165278
1 0.203516 0.896528 0.108594 0.162500
1 0.195703 0.868056 0.096094 0.133333
1 0.144531 0.885417 0.100000 0.159722
1 0.144141 0.854861 0.089844 0.120833
1 0.105469 0.872222 0.070312 0.147222
1 0.116016 0.831944 0.089844 0.116667