3 0.499609 0.831250 0.999219 0.334722
4 0.139453 0.811111 0.002344 0.025000
5 0.554297 0.723611 0.057031 0.016667
5 0.554297 0.723611 0.057031 0.016667
5 0.554297 0.723611 0.057031 0.016667
5 0.554297 0.712500 0.057031 0.019444
5 0.554297 0.712500 0.057031 0.019444
5 0.554297 0.712500 0.057031 0.019444
5 0.554297 0.731250 0.057031 0.015278
5 0.554297 0.731250 0.057031 0.015278
5 0.554297 0.731250 0.057031 0.015278
5 0.601562 0.741667 0.021875 0.016667
5 0.601562 0.741667 0.021875 0.016667
5 0.601562 0.741667 0.021875 0.016667
5 0.602344 0.731250 0.023438 0.018056
5 0.602344 0.731250 0.023438 0.018056
5 0.602344 0.731250 0.023438 0.018056
5 0.602344 0.721528 0.023438 0.015278
5 0.602344 0.721528 0.023438 0.015278
5 0.602344 0.721528 0.023438 0.015278
5 0.608594 0.707639 0.035937 0.018056
5 0.608594 0.707639 0.035937 0.018056
5 0.608594 0.707639 0.035937 0.018056
6 0.408984 0.808333 0.066406 0.100000
6 0.497656 0.771528 0.045312 0.081944
6 0.408594 0.725000 0.067187 0.102778
6 0.448047 0.784722 0.058594 0.086111
6 0.152344 0.883333 0.092188 0.138889
6 0.068750 0.922917 0.090625 0.151389
7 0.234375 0.812500 0.053125 0.019444
7 0.025000 0.887500 0.050000 0.030556
7 0.023047 0.684722 0.035156 0.013889
7 0.062109 0.679167 0.035156 0.011111
8 0.204297 0.875000 0.013281 0.044444
5 0.201563 0.854861 0.007812 0.012500
8 0.230469 0.850694 0.051562 0.026389
5 0.222656 0.840278 0.056250 0.027778
8 0.254297 0.849306 0.072656 0.048611
5 0.253125 0.827083 0.064062 0.026389
8 0.294141 0.822222 0.069531 0.022222
5 0.293750 0.814583 0.062500 0.023611
8 0.305859 0.864583 0.075781 0.051389
5 0.304688 0.841667 0.067187 0.027778
8 0.345703 0.850000 0.072656 0.050000
5 0.344531 0.827778 0.065625 0.025000
8 0.270313 0.879167 0.078125 0.055556
5 0.269531 0.855556 0.070312 0.030556
8 0.231641 0.897222 0.066406 0.055556
5 0.228516 0.871528 0.061719 0.031944
8 0.959375 0.904861 0.079687 0.068056
5 0.960938 0.884028 0.076563 0.029167
8 0.946094 0.863194 0.015625 0.018056
5 0.970313 0.866667 0.057813 0.027778
8 0.954688 0.925000 0.084375 0.077778
5 0.951953 0.904167 0.078906 0.036111
8 0.935156 0.946528 0.089063 0.081944
5 0.932031 0.926389 0.082812 0.038889
8 0.896875 0.868750 0.079687 0.037500
5 0.895703 0.852778 0.072656 0.030556
8 0.876953 0.882639 0.083594 0.034722
5 0.875781 0.865972 0.075000 0.026389
8 0.859766 0.905556 0.080469 0.050000
5 0.860938 0.884028 0.078125 0.031944
8 0.835938 0.922917 0.082812 0.048611
5 0.837500 0.903472 0.079687 0.037500
5 0.715625 0.993056 0.035937 0.011111
8 0.646484 0.990278 0.099219 0.016667
5 0.646484 0.982639 0.088281 0.031944
8 0.883203 0.970833 0.100781 0.055556
5 0.881641 0.964583 0.091406 0.045833
8 0.863281 0.984028 0.106250 0.029167
5 0.861719 0.983333 0.096875 0.030556
8 0.767578 0.982639 0.092969 0.031944
5 0.767578 0.975000 0.082031 0.047222
8 0.693359 0.977083 0.080469 0.043056
5 0.696094 0.957639 0.075000 0.048611
0 0.086719 0.920139 0.173437 0.156944
0 0.530859 0.863194 0.111719 0.270833
0 0.655469 0.713194 0.084375 0.165278
1 0.265234 0.668056 0.069531 0.094444
1 0.239063 0.672917 0.071875 0.098611
1 0.214844 0.655556 0.067187 0.080556
1 0.194141 0.666667 0.057031 0.094444
1 0.169531 0.652083 0.065625 0.073611
1 0.144531 0.658333 0.062500 0.086111
1 0.113672 0.636111 0.063281 0.077778
2 0.919922 0.819444 0.058594 0.055556
2 0.974609 0.831250 0.049219 0.054167
2 0.919922 0.774306 0.058594 0.054167
2 0.974609 0.785417 0.049219 0.051389
2 0.924609 0.725000 0.067969 0.061111
2 0.974609 0.733333 0.049219 0.063889