3 0.499609 0.844444 0.999219 0.308333
4 0.332422 0.726389 0.017969 0.061111
4 0.325781 0.738194 0.004687 0.065278
4 0.301953 0.748611 0.017969 0.072222
4 0.294141 0.762500 0.003906 0.077778
4 0.271484 0.764583 0.008594 0.056944
4 0.250391 0.795833 0.003906 0.091667
4 0.222656 0.800000 0.007812 0.066667
4 0.078516 0.848611 0.000781 0.002778
4 0.032422 0.711806 0.005469 0.054167
8 0.323828 0.780556 0.061719 0.041667
8 0.839453 0.729167 0.067969 0.013889
5 0.422656 0.681250 0.028125 0.006944
5 0.422656 0.681250 0.028125 0.006944
5 0.422656 0.681250 0.028125 0.006944
5 0.422656 0.672917 0.028125 0.006944
5 0.422656 0.672917 0.028125 0.006944
5 0.422656 0.672917 0.028125 0.006944
5 0.414062 0.688889 0.010937 0.005556
5 0.414062 0.688889 0.010937 0.005556
5 0.414062 0.688889 0.010937 0.005556
5 0.474219 0.680556 0.034375 0.008333
5 0.474219 0.680556 0.034375 0.008333
5 0.474219 0.680556 0.034375 0.008333
5 0.474219 0.673611 0.034375 0.008333
5 0.474219 0.673611 0.034375 0.008333
5 0.474219 0.673611 0.034375 0.008333
5 0.461719 0.665278 0.009375 0.008333
5 0.461719 0.665278 0.009375 0.008333
5 0.461719 0.665278 0.009375 0.008333
6 0.485938 0.693056 0.023438 0.061111
6 0.474609 0.683333 0.000781 0.022222
6 0.482812 0.637500 0.029687 0.052778
6 0.485938 0.683333 0.023438 0.036111
6 0.443359 0.711111 0.046094 0.066667
6 0.457813 0.722917 0.060937 0.081944
7 0.426953 0.806944 0.075781 0.022222
7 0.421094 0.826389 0.076563 0.027778
7 0.966797 0.851389 0.064844 0.030556
7 0.948047 0.829167 0.092969 0.027778
7 0.994141 0.884028 0.010156 0.029167
7 0.156250 0.805556 0.053125 0.030556
7 0.234375 0.760417 0.037500 0.020833
7 0.014453 0.739583 0.028906 0.015278
7 0.349219 0.717361 0.040625 0.009722
7 0.306641 0.743750 0.035156 0.015278
6 0.261719 0.914583 0.100000 0.137500
6 0.267578 0.905556 0.117969 0.180556
6 0.297266 0.888194 0.102344 0.193056
8 0.348047 0.859722 0.017969 0.061111
5 0.309766 0.834722 0.083594 0.016667
8 0.326953 0.875000 0.030469 0.030556
5 0.318750 0.855556 0.032813 0.025000
8 0.357031 0.828472 0.060937 0.062500
5 0.357812 0.806250 0.053125 0.023611
8 0.295312 0.815278 0.054688 0.033333
5 0.293359 0.805556 0.052344 0.013889
8 0.405859 0.761806 0.036719 0.034722
5 0.407031 0.743750 0.032813 0.006944
8 0.365625 0.756944 0.032813 0.038889
5 0.359375 0.743750 0.020313 0.006944
8 0.401172 0.727778 0.036719 0.027778
5 0.402344 0.713889 0.034375 0.008333
8 0.402734 0.722222 0.025781 0.000000
5 0.407813 0.706944 0.023438 0.002778
5 0.407813 0.703472 0.023438 0.001389
5 0.409375 0.700000 0.020313 0.002778
5 0.476953 0.703472 0.005469 0.001389
8 0.488281 0.706944 0.001563 0.011111
5 0.478125 0.701389 0.003125 0.000000
8 0.475000 0.722222 0.000000 0.000000
8 0.476953 0.731944 0.003906 0.016667
5 0.476953 0.712500 0.005469 0.000000
8 0.786328 0.696528 0.011719 0.012500
5 0.798047 0.691667 0.032031 0.005556
8 0.777734 0.690278 0.005469 0.005556
5 0.794531 0.688889 0.035937 0.005556
8 0.807422 0.698611 0.039844 0.011111
5 0.808594 0.695139 0.039062 0.006944
8 0.816016 0.708333 0.044531 0.025000
5 0.816016 0.698611 0.039844 0.005556
8 0.736719 0.700000 0.010937 0.025000
5 0.750000 0.688889 0.034375 0.005556
8 0.740625 0.702778 0.009375 0.025000
5 0.755078 0.691667 0.035156 0.005556
8 0.760938 0.699306 0.037500 0.012500
5 0.762500 0.695139 0.037500 0.006944
8 0.768359 0.702778 0.042969 0.013889
5 0.767969 0.697917 0.039062 0.006944
8 0.841406 0.725000 0.040625 0.025000
5 0.837500 0.715972 0.029687 0.009722
8 0.881250 0.722917 0.042188 0.020833
5 0.880859 0.715972 0.036719 0.009722
8 0.806250 0.722222 0.039062 0.019444
5 0.805859 0.715972 0.033594 0.009722
8 0.766406 0.727778 0.037500 0.033333
5 0.765625 0.715278 0.032813 0.011111
8 0.824609 0.715278 0.046094 0.025000
5 0.825781 0.704861 0.043750 0.006944
8 0.837500 0.719444 0.050000 0.025000
5 0.837109 0.708333 0.046094 0.005556
8 0.796094 0.719444 0.034375 0.025000
5 0.796484 0.709028 0.032031 0.006944
8 0.758203 0.721528 0.033594 0.031944
5 0.758203 0.707639 0.030469 0.006944
8 0.924609 0.754861 0.053906 0.018056
5 0.917969 0.745139 0.059375 0.012500
8 0.917969 0.749306 0.034375 0.020833
5 0.903516 0.736111 0.057031 0.005556
8 0.967187 0.789583 0.064062 0.048611
5 0.968750 0.771528 0.060937 0.015278
8 0.956250 0.779861 0.075000 0.045833
5 0.955469 0.762500 0.068750 0.013889
8 0.888672 0.788889 0.075781 0.047222
5 0.887500 0.770833 0.068750 0.013889
8 0.871484 0.779861 0.066406 0.045833
5 0.873047 0.761806 0.064844 0.012500
0 0.703906 0.702083 0.065625 0.193056
0 0.683203 0.672222 0.044531 0.141667
0 0.627734 0.820833 0.163281 0.355556
0 0.541797 0.650000 0.028906 0.102778
1 0.160156 0.659722 0.062500 0.075000
1 0.150781 0.661806 0.064062 0.076389
1 0.100781 0.659722 0.064062 0.075000
1 0.093750 0.661806 0.056250 0.076389
1 0.042188 0.659722 0.065625 0.075000
1 0.018359 0.660417 0.036719 0.073611
1 0.018750 0.677083 0.037500 0.090278
1 0.002344 0.677778 0.004687 0.091667
1 0.162109 0.899306 0.324219 0.198611
2 0.251953 0.925000 0.117969 0.147222
2 0.042188 0.877778 0.084375 0.055556
2 0.185938 0.861806 0.098437 0.020833
2 0.157812 0.889583 0.107813 0.037500
2 0.108594 0.860417 0.103125 0.018056
2 0.075391 0.888194 0.113281 0.037500
1 0.246875 0.922917 0.067187 0.151389
2 0.185156 0.953472 0.156250 0.090278
2 0.108203 0.922917 0.127344 0.031944
2 0.068750 0.967361 0.137500 0.062500
2 0.040234 0.920833 0.080469 0.027778
2 0.019922 0.948611 0.039844 0.027778
1 0.983203 0.668750 0.032031 0.084722
2 0.976953 0.674306 0.013281 0.012500
2 0.991016 0.668056 0.013281 0.000000
2 0.984375 0.638194 0.029687 0.006944
2 0.992969 0.650000 0.012500 0.025000
2 0.987500 0.683333 0.023438 0.027778
2 0.976953 0.647917 0.003906 0.023611
2 0.989453 0.648611 0.014844 0.025000
2 0.998437 0.636111 0.001563 0.000000
1 0.899219 0.665278 0.043750 0.077778
2 0.880078 0.668056 0.000781 0.000000
2 0.894531 0.634722 0.029687 0.000000
2 0.907031 0.638889 0.028125 0.002778
2 0.905859 0.676389 0.030469 0.002778
2 0.890234 0.638194 0.003906 0.001389
2 0.917188 0.636111 0.004687 0.000000
1 0.964063 0.678472 0.035937 0.095833
2 0.933594 0.677778 0.004687 0.000000
2 0.952734 0.677778 0.008594 0.000000
2 0.944141 0.640278 0.025781 0.000000
2 0.963672 0.656944 0.030469 0.027778
2 0.955469 0.695833 0.048438 0.030556
2 0.932813 0.641667 0.003125 0.000000
2 0.942969 0.647917 0.015625 0.012500
2 0.959375 0.641667 0.015625 0.000000
1 0.865625 0.665972 0.048438 0.079167
2 0.847656 0.679861 0.007812 0.023611
2 0.866406 0.668056 0.010937 0.000000
2 0.858203 0.646528 0.028906 0.023611
2 0.874219 0.649306 0.026562 0.023611
2 0.867969 0.683333 0.040625 0.027778
2 0.849219 0.647917 0.003125 0.023611
2 0.857812 0.647917 0.012500 0.023611
2 0.876172 0.636111 0.008594 0.000000
1 0.909375 0.678472 0.056250 0.095833
2 0.892578 0.691667 0.017969 0.027778
2 0.909766 0.677778 0.014844 0.000000
2 0.900000 0.654167 0.032813 0.027778
2 0.917578 0.656944 0.036719 0.027778
2 0.912891 0.694444 0.047656 0.030556
2 0.890625 0.654861 0.004687 0.026389
2 0.901563 0.655556 0.015625 0.027778
2 0.915625 0.641667 0.010937 0.000000
2 0.862891 0.760417 0.069531 0.054167
2 0.802734 0.760417 0.064844 0.054167
2 0.726562 0.688889 0.012500 0.025000
2 0.750781 0.684722 0.034375 0.022222
2 0.716797 0.661806 0.032031 0.026389
2 0.750781 0.661806 0.034375 0.026389
2 0.716797 0.636806 0.032031 0.026389
2 0.750391 0.636806 0.035156 0.026389
5 0.352734 0.719444 0.055469 0.013889
5 0.352734 0.729167 0.055469 0.013889
5 0.352734 0.737500 0.055469 0.013889
5 0.352734 0.747917 0.055469 0.015278
5 0.352734 0.768750 0.055469 0.015278
5 0.352734 0.758333 0.055469 0.013889
5 0.352734 0.787500 0.055469 0.016667
5 0.352734 0.777083 0.055469 0.015278
5 0.418750 0.738889 0.053125 0.013889
5 0.418750 0.748611 0.053125 0.013889
5 0.418750 0.768750 0.053125 0.015278
5 0.418750 0.759028 0.053125 0.015278
5 0.418750 0.787500 0.053125 0.016667
5 0.418750 0.777083 0.053125 0.015278
5 0.016016 0.727083 0.032031 0.006944
5 0.020313 0.734028 0.023438 0.006944
5 0.418750 0.729167 0.053125 0.013889
5 0.418750 0.719444 0.053125 0.013889
5 0.491797 0.738889 0.050781 0.013889
5 0.491797 0.748611 0.050781 0.013889
5 0.491797 0.768750 0.050781 0.015278
5 0.491797 0.759028 0.050781 0.015278
5 0.491797 0.788194 0.050781 0.015278
5 0.491797 0.778472 0.050781 0.015278
5 0.057813 0.731250 0.043750 0.004167
5 0.057813 0.737500 0.043750 0.008333
5 0.491797 0.729167 0.050781 0.013889
5 0.491797 0.719444 0.050781 0.013889
5 0.491797 0.661111 0.050781 0.011111
5 0.491797 0.671528 0.050781 0.012500
5 0.491797 0.692361 0.050781 0.012500
5 0.491797 0.681944 0.050781 0.011111
5 0.491797 0.710417 0.050781 0.012500
5 0.491797 0.700694 0.050781 0.012500
5 0.036328 0.725000 0.000781 0.005556
5 0.036328 0.717361 0.000781 0.006944
5 0.491797 0.652778 0.050781 0.011111
5 0.492188 0.643056 0.050000 0.011111