3 0.499609 0.839583 0.999219 0.318056
4 0.308594 0.726389 0.001563 0.052778
4 0.247266 0.725000 0.008594 0.027778
4 0.215234 0.730556 0.002344 0.011111
4 0.167187 0.760417 0.015625 0.054167
4 0.126172 0.789583 0.011719 0.079167
4 0.058203 0.793750 0.007031 0.059722
4 0.005078 0.811111 0.003906 0.052778
4 0.012500 0.711806 0.001563 0.045833
8 0.139453 0.815972 0.080469 0.059722
8 0.769922 0.781944 0.067969 0.052778
5 0.462500 0.684028 0.035937 0.006944
5 0.462500 0.684028 0.035937 0.006944
5 0.462500 0.684028 0.035937 0.006944
5 0.461328 0.675000 0.033594 0.008333
5 0.461328 0.675000 0.033594 0.008333
5 0.461328 0.675000 0.033594 0.008333
5 0.462500 0.690972 0.035937 0.006944
5 0.462500 0.690972 0.035937 0.006944
5 0.462500 0.690972 0.035937 0.006944
5 0.516016 0.692361 0.036719 0.006944
5 0.516016 0.692361 0.036719 0.006944
5 0.516016 0.692361 0.036719 0.006944
5 0.518750 0.684722 0.031250 0.008333
5 0.518750 0.684722 0.031250 0.008333
5 0.518750 0.684722 0.031250 0.008333
5 0.519922 0.676389 0.028906 0.008333
5 0.519922 0.676389 0.028906 0.008333
5 0.519922 0.676389 0.028906 0.008333
5 0.514844 0.667361 0.039062 0.009722
5 0.514844 0.667361 0.039062 0.009722
5 0.514844 0.667361 0.039062 0.009722
6 0.465234 0.704167 0.039844 0.063889
6 0.487891 0.693750 0.033594 0.059722
6 0.466406 0.648611 0.042188 0.063889
6 0.477344 0.699306 0.037500 0.062500
6 0.380078 0.732639 0.053906 0.076389
6 0.367578 0.742361 0.055469 0.084722
7 0.218750 0.847222 0.085938 0.030556
7 0.173047 0.870833 0.091406 0.033333
7 0.732812 0.945139 0.107813 0.043056
7 0.736719 0.909028 0.096875 0.037500
7 0.725781 0.989583 0.123438 0.018056
7 0.001172 0.828472 0.002344 0.009722
7 0.132812 0.776389 0.053125 0.025000
7 0.308203 0.727083 0.000781 0.009722
8 0.007422 0.915972 0.014844 0.056944
5 0.003906 0.886806 0.007812 0.009722
8 0.078516 0.867361 0.092969 0.054167
5 0.078906 0.851389 0.082812 0.030556
8 0.035937 0.864583 0.054688 0.054167
5 0.029297 0.847917 0.058594 0.029167
8 0.298047 0.786806 0.021094 0.037500
5 0.298047 0.766667 0.021094 0.016667
8 0.412891 0.712500 0.002344 0.002778
5 0.409375 0.712500 0.004687 0.005556
8 0.428906 0.733333 0.043750 0.030556
5 0.427344 0.719444 0.040625 0.008333
8 0.443750 0.728472 0.035937 0.029167
5 0.437500 0.715278 0.043750 0.008333
8 0.432812 0.738194 0.020313 0.031944
5 0.423047 0.725000 0.032031 0.011111
8 0.418750 0.744444 0.021875 0.033333
5 0.416797 0.731250 0.019531 0.009722
8 0.801953 0.715278 0.002344 0.013889
5 0.818359 0.709722 0.032031 0.005556
8 0.801953 0.705556 0.000781 0.002778
5 0.818750 0.704167 0.031250 0.002778
8 0.825000 0.715972 0.043750 0.009722
5 0.819531 0.713194 0.029687 0.004167
8 0.825000 0.723611 0.045312 0.013889
5 0.819141 0.719444 0.030469 0.008333
8 0.773047 0.708333 0.039844 0.011111
5 0.771875 0.704861 0.037500 0.006944
8 0.771094 0.709028 0.042188 0.006944
5 0.770703 0.708333 0.038281 0.005556
8 0.773047 0.723611 0.041406 0.027778
5 0.771875 0.712500 0.039062 0.008333
8 0.770703 0.729167 0.044531 0.030556
5 0.770312 0.718056 0.040625 0.008333
8 0.807031 0.755556 0.026562 0.033333
5 0.807813 0.744444 0.025000 0.013889
8 0.862109 0.761111 0.032031 0.027778
5 0.852344 0.747222 0.012500 0.013889
8 0.771875 0.754861 0.037500 0.031944
5 0.771484 0.744444 0.033594 0.013889
8 0.726953 0.754861 0.038281 0.037500
5 0.726562 0.741667 0.034375 0.013889
8 0.821094 0.741667 0.050000 0.033333
5 0.816406 0.726389 0.035937 0.005556
8 0.825000 0.747917 0.051562 0.034722
5 0.824219 0.734722 0.046875 0.011111
8 0.775000 0.747222 0.035937 0.033333
5 0.775000 0.735417 0.031250 0.012500
8 0.732812 0.745833 0.035937 0.036111
5 0.732031 0.732639 0.032813 0.012500
8 0.827734 0.797917 0.063281 0.026389
5 0.828125 0.791667 0.059375 0.016667
8 0.827734 0.793056 0.061719 0.036111
5 0.828125 0.779167 0.057813 0.011111
8 0.825781 0.854861 0.067187 0.059722
5 0.826953 0.835417 0.064844 0.023611
8 0.826562 0.840278 0.065625 0.058333
5 0.827734 0.817361 0.063281 0.015278
8 0.729688 0.850000 0.078125 0.061111
5 0.728125 0.828472 0.070312 0.023611
8 0.733984 0.832639 0.074219 0.054167
5 0.732812 0.814583 0.067187 0.020833
0 0.088672 0.930556 0.177344 0.136111
0 0.565234 0.739583 0.071094 0.220833
0 0.638281 0.695139 0.050000 0.162500
0 0.568750 0.654861 0.035937 0.109722
1 0.203125 0.656944 0.059375 0.072222
1 0.188281 0.660417 0.059375 0.076389
1 0.150391 0.656944 0.061719 0.072222
1 0.134766 0.659722 0.063281 0.075000
1 0.101562 0.656250 0.046875 0.070833
1 0.082031 0.659028 0.064062 0.073611
1 0.016797 0.650000 0.033594 0.069444
1 0.023828 0.683333 0.047656 0.097222
1 0.006250 0.673611 0.012500 0.077778
1 0.955859 0.645833 0.047656 0.019444
2 0.937891 0.650000 0.007031 0.008333
2 0.958984 0.652778 0.036719 0.005556
2 0.938672 0.650694 0.005469 0.006944
2 0.939844 0.651389 0.003125 0.005556
1 0.987109 0.702083 0.024219 0.112500
2 0.978125 0.700000 0.004687 0.000000
2 0.989844 0.700000 0.017188 0.000000
2 0.985547 0.693750 0.019531 0.001389
2 0.987500 0.720833 0.023438 0.038889
1 0.911328 0.684028 0.044531 0.098611
2 0.893359 0.695139 0.003906 0.026389
2 0.892578 0.658333 0.002344 0.027778
2 0.913672 0.662500 0.035156 0.027778
2 0.903906 0.698611 0.021875 0.030556
2 0.894531 0.659028 0.003125 0.026389
2 0.927344 0.647222 0.000000 0.000000
2 0.895312 0.661111 0.001563 0.027778
2 0.920703 0.647222 0.011719 0.000000
1 0.928906 0.702083 0.028125 0.106944
2 0.922656 0.697917 0.015625 0.001389
2 0.937109 0.698611 0.011719 0.000000
2 0.928516 0.655556 0.027344 0.000000
2 0.930469 0.676389 0.025000 0.033333
2 0.928906 0.718750 0.028125 0.037500
2 0.921875 0.672222 0.014063 0.030556
2 0.925000 0.674306 0.018750 0.031944
2 0.938672 0.658333 0.007031 0.000000
2 0.936719 0.811806 0.117188 0.073611
2 0.942969 0.848611 0.112500 0.091667
2 0.891797 0.922917 0.008594 0.093056
2 0.878516 0.874306 0.000781 0.048611
2 0.939453 0.829167 0.119531 0.083333
2 0.947266 0.875000 0.103906 0.105556
2 0.947656 0.960417 0.103125 0.076389
2 0.883203 0.897222 0.007031 0.086111
2 0.756250 0.808333 0.059375 0.069444
2 0.687500 0.804167 0.062500 0.066667
2 0.772656 0.689583 0.000000 0.020833
2 0.755469 0.699306 0.032813 0.031944
2 0.794531 0.702778 0.032813 0.027778
2 0.755469 0.671528 0.032813 0.031944
2 0.794531 0.674306 0.032813 0.026389
2 0.755469 0.644444 0.032813 0.030556
2 0.794141 0.644444 0.032031 0.030556
5 0.198828 0.744444 0.067969 0.016667
5 0.196094 0.755556 0.062500 0.016667
5 0.195703 0.765278 0.063281 0.016667
5 0.196094 0.775000 0.064062 0.016667
5 0.195703 0.796528 0.063281 0.018056
5 0.195703 0.785417 0.063281 0.018056
5 0.195703 0.815972 0.063281 0.018056
5 0.196094 0.804861 0.062500 0.018056
5 0.261719 0.767361 0.067187 0.018056
5 0.261719 0.778472 0.067187 0.018056
5 0.261719 0.799306 0.067187 0.018056
5 0.261719 0.789583 0.067187 0.018056
5 0.261719 0.819444 0.067187 0.019444
5 0.261719 0.809028 0.067187 0.018056
5 0.003516 0.730556 0.007031 0.008333
5 0.003516 0.738194 0.007031 0.006944
5 0.261719 0.758333 0.067187 0.016667
5 0.262109 0.746528 0.067969 0.018056
5 0.333984 0.770833 0.066406 0.016667
5 0.333984 0.781250 0.066406 0.018056
5 0.333984 0.802778 0.066406 0.019444
5 0.333984 0.792361 0.066406 0.018056
5 0.333984 0.822917 0.066406 0.020833
5 0.333984 0.812500 0.066406 0.019444
5 0.033203 0.733333 0.050781 0.011111
5 0.032813 0.740278 0.051562 0.011111
5 0.333984 0.761111 0.066406 0.016667
5 0.333984 0.751389 0.066406 0.016667
5 0.334766 0.688194 0.066406 0.015278
5 0.334766 0.699306 0.066406 0.015278
5 0.333984 0.720833 0.066406 0.016667
5 0.333984 0.709722 0.066406 0.016667
5 0.333984 0.740972 0.066406 0.018056
5 0.333984 0.730556 0.066406 0.016667
5 0.033203 0.727083 0.050781 0.009722
5 0.032813 0.719444 0.051562 0.011111
5 0.334766 0.679167 0.066406 0.013889
5 0.334766 0.668056 0.066406 0.013889