3 0.515625 0.853472 0.967187 0.290278
5 0.694531 0.816667 0.026562 0.022222
5 0.694531 0.816667 0.026562 0.022222
5 0.694531 0.816667 0.026562 0.022222
5 0.704688 0.801389 0.046875 0.025000
5 0.704688 0.801389 0.046875 0.025000
5 0.704688 0.801389 0.046875 0.025000
5 0.693359 0.829861 0.024219 0.020833
5 0.693359 0.829861 0.024219 0.020833
5 0.693359 0.829861 0.024219 0.020833
5 0.827734 0.859028 0.013281 0.015278
5 0.827734 0.859028 0.013281 0.015278
5 0.827734 0.859028 0.013281 0.015278
5 0.827734 0.845139 0.013281 0.018056
5 0.827734 0.845139 0.013281 0.018056
5 0.827734 0.845139 0.013281 0.018056
5 0.827734 0.829167 0.013281 0.019444
5 0.827734 0.829167 0.013281 0.019444
5 0.827734 0.829167 0.013281 0.019444
5 0.827344 0.811806 0.014063 0.020833
5 0.827344 0.811806 0.014063 0.020833
5 0.827344 0.811806 0.014063 0.020833
6 0.343750 0.917361 0.103125 0.137500
6 0.497266 0.883333 0.096094 0.136111
6 0.344141 0.800694 0.102344 0.137500
6 0.425000 0.897222 0.098437 0.141667
7 0.194531 0.897917 0.048438 0.037500
7 0.226562 0.723611 0.023438 0.013889
7 0.275000 0.721528 0.025000 0.012500
7 0.117578 0.733333 0.027344 0.013889
7 0.166406 0.729167 0.028125 0.013889
8 0.088281 0.940972 0.043750 0.068056
5 0.086719 0.924306 0.035937 0.034722
8 0.138672 0.933333 0.069531 0.072222
5 0.136719 0.913889 0.062500 0.036111
8 0.203125 0.925694 0.064062 0.076389
5 0.202344 0.903472 0.056250 0.034722
8 0.158984 0.961111 0.077344 0.075000
5 0.160938 0.943056 0.062500 0.041667
8 0.232813 0.954167 0.078125 0.083333
5 0.231250 0.931250 0.068750 0.037500
8 0.098437 0.967361 0.064062 0.062500
5 0.092188 0.956250 0.051562 0.043056
8 0.031641 0.989583 0.000781 0.018056
5 0.031641 0.966667 0.000781 0.030556
0 0.144141 0.908333 0.222656 0.180556
0 0.782031 0.817361 0.159375 0.240278
1 0.426563 0.721528 0.068750 0.112500
1 0.390234 0.725000 0.069531 0.113889
1 0.387891 0.704861 0.063281 0.090278
1 0.353125 0.714583 0.064062 0.106944
1 0.354297 0.695833 0.060156 0.086111
1 0.326953 0.705556 0.047656 0.100000
1 0.337500 0.680556 0.064062 0.083333
1 0.055078 0.745833 0.046094 0.119444
1 0.050000 0.738194 0.035937 0.115278