3 0.499609 0.837500 0.999219 0.322222
4 0.482812 0.681250 0.001563 0.043056
4 0.523828 0.689583 0.021094 0.048611
4 0.562891 0.715972 0.000781 0.004167
4 0.574219 0.719444 0.001563 0.002778
4 0.634375 0.706944 0.006250 0.063889
4 0.662109 0.712500 0.035156 0.069444
4 0.998437 0.811111 0.001563 0.005556
4 0.665625 0.906250 0.021875 0.184722
4 0.304297 0.707639 0.000781 0.006944
4 0.420703 0.818750 0.014844 0.109722
4 0.495703 0.821528 0.038281 0.109722
8 0.675781 0.722917 0.056250 0.040278
8 0.905859 0.677778 0.002344 0.002778
5 0.370312 0.675000 0.001563 0.000000
5 0.370312 0.675000 0.001563 0.000000
5 0.370312 0.675000 0.001563 0.000000
5 0.355078 0.679167 0.033594 0.005556
5 0.355078 0.679167 0.033594 0.005556
5 0.355078 0.679167 0.033594 0.005556
5 0.401172 0.677778 0.038281 0.005556
5 0.401172 0.677778 0.038281 0.005556
5 0.401172 0.677778 0.038281 0.005556
5 0.401172 0.655556 0.038281 0.005556
5 0.401172 0.655556 0.038281 0.005556
5 0.401172 0.655556 0.038281 0.005556
6 0.517578 0.660417 0.033594 0.029167
6 0.493359 0.659028 0.017969 0.026389
6 0.517188 0.622917 0.037500 0.051389
6 0.500781 0.659722 0.034375 0.030556
6 0.604688 0.670833 0.001563 0.041667
6 0.625781 0.679167 0.043750 0.055556
7 0.592187 0.744444 0.032813 0.019444
7 0.389062 0.763889 0.035937 0.022222
7 0.483203 0.713889 0.013281 0.002778
7 0.419531 0.696528 0.026562 0.009722
7 0.490625 0.706250 0.023438 0.004167
6 0.283203 0.875000 0.147656 0.247222
6 0.485156 0.865278 0.154688 0.247222
6 0.284375 0.670139 0.146875 0.248611
6 0.484766 0.665278 0.153906 0.227778
6 0.629687 0.722917 0.396875 0.551389
6 0.914844 0.729167 0.168750 0.502778
6 0.916406 0.938194 0.165625 0.120833
6 0.630078 0.951389 0.399219 0.094444
6 0.126562 0.740278 0.064062 0.119444
6 0.205078 0.694444 0.008594 0.027778
6 0.234766 0.635417 0.066406 0.106944
6 0.127344 0.638194 0.064062 0.115278
6 0.187891 0.628472 0.049219 0.073611
6 0.100781 0.632639 0.045312 0.090278
6 0.207422 0.676389 0.005469 0.019444
6 0.101562 0.712500 0.050000 0.091667
6 0.999219 0.681944 0.000000 0.000000
8 0.897266 0.754861 0.050781 0.043056
5 0.896094 0.731944 0.051562 0.013889
8 0.935937 0.756944 0.085938 0.044444
5 0.922266 0.738194 0.047656 0.015278
8 0.625000 0.709722 0.023438 0.025000
8 0.599609 0.712500 0.035156 0.027778
5 0.610547 0.697917 0.013281 0.006944
8 0.516406 0.695833 0.029687 0.025000
5 0.517578 0.684722 0.027344 0.005556
8 0.510156 0.691667 0.042188 0.022222
5 0.508984 0.681944 0.036719 0.005556
8 0.482031 0.690972 0.009375 0.023611
5 0.490234 0.680556 0.024219 0.005556
8 0.473047 0.690278 0.007031 0.022222
5 0.486328 0.679167 0.036719 0.005556
5 0.528906 0.677778 0.004687 0.002778
5 0.519141 0.675694 0.024219 0.001389
8 0.531250 0.683333 0.000000 0.000000
8 0.671484 0.668056 0.008594 0.005556
5 0.674219 0.665278 0.009375 0.000000
8 0.687891 0.678472 0.011719 0.015278
5 0.687891 0.665278 0.013281 0.000000
8 0.694531 0.671528 0.000000 0.001389
8 0.992969 0.713194 0.012500 0.018056
5 0.997656 0.691667 0.003125 0.000000
8 0.984766 0.711111 0.014844 0.016667
5 0.985938 0.689583 0.017188 0.001389
0 0.870313 0.652778 0.078125 0.138889
0 0.702344 0.641667 0.012500 0.108333
0 0.492578 0.627083 0.017969 0.070833
0 0.788281 0.692361 0.167187 0.281944
0 0.225391 0.722917 0.299219 0.387500
0 0.169922 0.697917 0.224219 0.301389
0 0.123828 0.672917 0.167969 0.215278
0 0.103125 0.670139 0.132812 0.198611
1 0.359766 0.725694 0.121094 0.209722
1 0.432031 0.725694 0.118750 0.209722
1 0.089063 0.679167 0.000000 0.000000
1 0.087109 0.655556 0.003906 0.080556
1 0.044531 0.654861 0.065625 0.079167
1 0.044922 0.656250 0.066406 0.081944
1 0.005469 0.654861 0.010937 0.079167
1 0.005469 0.656944 0.010937 0.083333
1 0.109766 0.662500 0.047656 0.091667
1 0.061328 0.669444 0.047656 0.105556
1 0.080859 0.682639 0.058594 0.129167
1 0.140234 0.633333 0.058594 0.030556
1 0.894531 0.646528 0.035937 0.062500
2 0.900781 0.648611 0.018750 0.002778
2 0.875781 0.630556 0.001563 0.016667
2 0.878906 0.631250 0.000000 0.018056
1 0.840625 0.618750 0.000000 0.006944
2 0.841797 0.622222 0.016406 0.000000
2 0.831641 0.622222 0.000781 0.000000
1 0.899609 0.647222 0.042969 0.063889
2 0.882031 0.631944 0.004687 0.019444
2 0.913672 0.632639 0.014844 0.018056
2 0.906250 0.661806 0.029687 0.020833
2 0.897656 0.632639 0.012500 0.020833
2 0.906250 0.622222 0.014063 0.000000
2 0.900781 0.633333 0.007812 0.019444
2 0.906250 0.622222 0.000000 0.000000
1 0.834375 0.618750 0.006250 0.006944
2 0.847656 0.623611 0.004687 0.000000
1 0.839063 0.629167 0.015625 0.027778
2 0.837891 0.633333 0.013281 0.019444
2 0.925781 0.697222 0.040625 0.036111
2 0.914844 0.698611 0.046875 0.036111
2 0.621875 0.668056 0.028125 0.019444
2 0.657813 0.665278 0.018750 0.013889
2 0.620703 0.647222 0.032031 0.022222
2 0.657031 0.647222 0.020313 0.019444
2 0.620703 0.625694 0.032031 0.020833
2 0.657031 0.625694 0.020313 0.020833
5 0.652734 0.672222 0.042969 0.008333
5 0.652734 0.681250 0.042969 0.009722
5 0.651563 0.688194 0.040625 0.009722
5 0.651563 0.697222 0.040625 0.008333
5 0.651953 0.713889 0.041406 0.011111
5 0.651563 0.705556 0.040625 0.011111
5 0.650781 0.729861 0.039062 0.012500
5 0.651953 0.720833 0.041406 0.008333
5 0.080469 0.713194 0.017188 0.006944
5 0.687891 0.686806 0.041406 0.009722
5 0.687891 0.695139 0.041406 0.009722
5 0.687891 0.711806 0.041406 0.009722
5 0.687891 0.704167 0.041406 0.008333
5 0.689453 0.729861 0.039844 0.006944
5 0.689453 0.719444 0.039844 0.005556
5 0.691797 0.679167 0.033594 0.008333
5 0.687891 0.670833 0.041406 0.008333