3 0.614453 0.879861 0.769531 0.237500
4 0.667578 0.793750 0.046094 0.098611
4 0.995313 0.846528 0.007812 0.090278
4 0.404297 0.934028 0.067969 0.129167
4 0.555078 0.925694 0.013281 0.123611
5 0.230859 0.759722 0.014844 0.011111
5 0.230859 0.759722 0.014844 0.011111
5 0.230859 0.759722 0.014844 0.011111
5 0.231250 0.747917 0.014063 0.009722
5 0.231250 0.747917 0.014063 0.009722
5 0.231250 0.747917 0.014063 0.009722
5 0.230859 0.769444 0.014844 0.011111
5 0.230859 0.769444 0.014844 0.011111
5 0.230859 0.769444 0.014844 0.011111
5 0.321484 0.767361 0.057031 0.009722
5 0.321484 0.767361 0.057031 0.009722
5 0.321484 0.767361 0.057031 0.009722
5 0.321484 0.756944 0.057031 0.011111
5 0.321484 0.756944 0.057031 0.011111
5 0.321484 0.756944 0.057031 0.011111
5 0.322266 0.745833 0.055469 0.011111
5 0.322266 0.745833 0.055469 0.011111
5 0.322266 0.745833 0.055469 0.011111
5 0.322266 0.734722 0.055469 0.011111
5 0.322266 0.734722 0.055469 0.011111
5 0.322266 0.734722 0.055469 0.011111
6 0.523438 0.738194 0.023438 0.048611
6 0.478906 0.736806 0.057813 0.048611
6 0.523438 0.681250 0.023438 0.079167
6 0.507812 0.738194 0.054688 0.048611
6 0.711328 0.772222 0.069531 0.105556
7 0.994922 0.912500 0.008594 0.041667
7 0.637500 0.852083 0.098437 0.037500
7 0.598437 0.823611 0.042188 0.022222
6 0.081641 0.920833 0.163281 0.155556
6 0.432812 0.901389 0.296875 0.194444
6 0.433203 0.630556 0.294531 0.483333
6 0.085156 0.610417 0.170313 0.581944
6 0.082422 0.638889 0.116406 0.188889
8 0.612500 0.797222 0.071875 0.041667
5 0.612109 0.777083 0.063281 0.012500
8 0.596875 0.795833 0.031250 0.033333
5 0.594922 0.773611 0.028906 0.011111
5 0.528125 0.762500 0.003125 0.000000
8 0.612500 0.802778 0.042188 0.008333
5 0.607812 0.765972 0.054688 0.004167
8 0.582812 0.798611 0.000000 0.000000
5 0.592187 0.762500 0.023438 0.002778
8 0.628125 0.794444 0.040625 0.033333
5 0.625391 0.770833 0.046094 0.011111
8 0.641016 0.796528 0.014844 0.031944
5 0.642188 0.774306 0.012500 0.009722
0 0.453906 0.698611 0.056250 0.113889
0 0.868359 0.499306 0.261719 0.998611
0 0.118750 0.699306 0.237500 0.598611
0 0.067187 0.625000 0.134375 0.330556
1 0.024219 0.672917 0.014063 0.065278
2 0.588672 0.747222 0.016406 0.027778
2 0.622656 0.750694 0.051562 0.029167
2 0.622656 0.720833 0.051562 0.030556
2 0.680469 0.716667 0.007812 0.019444
2 0.622266 0.690972 0.050781 0.029167
2 0.680469 0.691667 0.007812 0.027778
5 0.996484 0.839583 0.002344 0.015278
5 0.996875 0.827083 0.000000 0.006944
5 0.995313 0.870833 0.006250 0.016667
5 0.995703 0.854861 0.003906 0.015278