3 0.484766 0.922222 0.969531 0.152778
5 0.077344 0.955556 0.106250 0.041667
5 0.077344 0.955556 0.106250 0.041667
5 0.077344 0.955556 0.106250 0.041667
5 0.077344 0.934028 0.106250 0.043056
5 0.077344 0.934028 0.106250 0.043056
5 0.077344 0.934028 0.106250 0.043056
5 0.076563 0.975000 0.106250 0.041667
5 0.076563 0.975000 0.106250 0.041667
5 0.076563 0.975000 0.106250 0.041667
5 0.208203 0.954861 0.096094 0.037500
5 0.208203 0.954861 0.096094 0.037500
5 0.208203 0.954861 0.096094 0.037500
5 0.208594 0.936806 0.095312 0.037500
5 0.208594 0.936806 0.095312 0.037500
5 0.208594 0.936806 0.095312 0.037500
5 0.208594 0.917361 0.095312 0.037500
5 0.208594 0.917361 0.095312 0.037500
5 0.208594 0.917361 0.095312 0.037500
5 0.208984 0.898611 0.096094 0.036111
5 0.208984 0.898611 0.096094 0.036111
5 0.208984 0.898611 0.096094 0.036111
6 0.455469 0.965972 0.115625 0.065278
6 0.591406 0.915278 0.154688 0.166667
6 0.502734 0.979167 0.100781 0.038889
8 0.960938 0.922917 0.014063 0.006944
5 0.963281 0.921528 0.009375 0.009722
8 0.930078 0.960417 0.077344 0.059722
5 0.932031 0.934028 0.071875 0.026389
8 0.957031 0.972222 0.023438 0.052778
5 0.959375 0.950000 0.018750 0.019444
0 0.435547 0.870139 0.124219 0.251389
2 0.666797 0.889583 0.052344 0.068056
2 0.691406 0.855556 0.001563 0.002778
2 0.743359 0.909722 0.100781 0.069444
2 0.819141 0.906250 0.050781 0.056944
2 0.742969 0.857639 0.100000 0.065278
2 0.818750 0.856250 0.050000 0.054167
2 0.742578 0.805556 0.100781 0.063889
2 0.793750 0.800694 0.100000 0.062500