3 0.530078 0.843750 0.938281 0.309722
4 0.158203 0.770833 0.000781 0.000000
8 0.619922 0.782639 0.088281 0.015278
5 0.518750 0.698611 0.043750 0.008333
5 0.518750 0.698611 0.043750 0.008333
5 0.518750 0.698611 0.043750 0.008333
5 0.518750 0.689583 0.043750 0.009722
5 0.518750 0.689583 0.043750 0.009722
5 0.518750 0.689583 0.043750 0.009722
5 0.510547 0.706250 0.027344 0.006944
5 0.510547 0.706250 0.027344 0.006944
5 0.510547 0.706250 0.027344 0.006944
5 0.549219 0.680556 0.000000 0.002778
5 0.549219 0.680556 0.000000 0.002778
5 0.549219 0.680556 0.000000 0.002778
6 0.442969 0.713889 0.050000 0.066667
6 0.490234 0.705556 0.044531 0.063889
6 0.444141 0.654861 0.052344 0.065278
6 0.469141 0.709028 0.046094 0.065278
6 0.288672 0.734028 0.064844 0.081944
6 0.250391 0.743750 0.046094 0.087500
7 0.234375 0.961806 0.128125 0.056944
7 0.291797 0.922222 0.053906 0.041667
7 0.087500 0.993750 0.053125 0.009722
7 0.180078 0.756944 0.044531 0.016667
7 0.095312 0.690278 0.014063 0.008333
8 0.137109 0.775000 0.069531 0.036111
5 0.152734 0.759028 0.016406 0.009722
8 0.094141 0.770833 0.014844 0.011111
5 0.101953 0.754861 0.000781 0.001389
5 0.325000 0.724306 0.006250 0.001389
5 0.325000 0.720833 0.006250 0.002778
8 0.419141 0.738889 0.003906 0.022222
5 0.405469 0.722222 0.031250 0.008333
8 0.832422 0.747222 0.047656 0.033333
5 0.828125 0.731250 0.050000 0.009722
8 0.858203 0.742361 0.016406 0.031944
5 0.839063 0.727778 0.048438 0.011111
8 0.824219 0.751389 0.051562 0.033333
5 0.822656 0.736111 0.048438 0.011111
8 0.818750 0.756944 0.040625 0.036111
5 0.809766 0.740972 0.050781 0.012500
8 0.805078 0.727083 0.011719 0.006944
5 0.784375 0.724306 0.046875 0.009722
8 0.794922 0.730556 0.010156 0.005556
5 0.769531 0.726389 0.040625 0.005556
8 0.764062 0.738194 0.051562 0.015278
5 0.763281 0.731250 0.050000 0.009722
8 0.752344 0.744444 0.048438 0.019444
5 0.751953 0.736111 0.047656 0.011111
8 0.730078 0.781944 0.058594 0.044444
5 0.733984 0.764583 0.042969 0.015278
8 0.780078 0.786806 0.058594 0.045833
5 0.779687 0.768056 0.051562 0.016667
8 0.686328 0.778472 0.058594 0.043056
5 0.686719 0.761111 0.051562 0.016667
8 0.645703 0.771528 0.047656 0.034722
5 0.644141 0.757639 0.044531 0.015278
8 0.783203 0.764583 0.055469 0.034722
5 0.780469 0.749306 0.054688 0.012500
8 0.770703 0.770833 0.063281 0.036111
5 0.769922 0.754861 0.057031 0.012500
8 0.712500 0.770139 0.054688 0.040278
5 0.712500 0.750694 0.048438 0.009722
8 0.668359 0.765972 0.053906 0.040278
5 0.667969 0.749306 0.048438 0.012500
8 0.663672 0.831250 0.019531 0.048611
5 0.660547 0.811111 0.014844 0.016667
8 0.678906 0.823611 0.037500 0.052778
5 0.672656 0.801389 0.039062 0.019444
0 0.329688 0.736806 0.134375 0.237500
0 0.553125 0.697917 0.073438 0.168056
0 0.606250 0.667361 0.056250 0.115278
1 0.278906 0.663889 0.045312 0.066667
1 0.256641 0.668056 0.060156 0.072222
1 0.230078 0.664583 0.057031 0.068056
1 0.208594 0.668056 0.054688 0.072222
1 0.187500 0.663194 0.056250 0.068056
1 0.162891 0.665972 0.047656 0.070833
1 0.125391 0.653472 0.052344 0.054167
1 0.990234 0.658333 0.017969 0.019444
2 0.996875 0.661111 0.004687 0.000000
2 0.991406 0.666667 0.015625 0.002778
2 0.991406 0.661111 0.004687 0.000000
2 0.992578 0.662500 0.013281 0.000000
1 0.982422 0.722917 0.033594 0.134722
2 0.988281 0.721528 0.021875 0.001389
2 0.998828 0.670833 0.000781 0.000000
2 0.983984 0.693750 0.030469 0.040278
2 0.984375 0.745833 0.029687 0.047222
2 0.985938 0.670833 0.023438 0.000000
2 0.983594 0.672222 0.023438 0.000000
2 0.997656 0.672917 0.003125 0.001389
1 0.953516 0.697917 0.052344 0.101389
2 0.957031 0.659722 0.035937 0.000000
2 0.949609 0.675000 0.039844 0.025000
2 0.960156 0.729167 0.031250 0.030556
2 0.937891 0.659722 0.000781 0.000000
2 0.965625 0.664583 0.018750 0.006944
2 0.942969 0.661111 0.018750 0.000000
2 0.964453 0.665972 0.017969 0.009722
1 0.935547 0.721528 0.061719 0.134722
2 0.930078 0.718750 0.022656 0.001389
2 0.952344 0.738194 0.023438 0.040278
2 0.940625 0.686806 0.045312 0.037500
2 0.931250 0.692361 0.048438 0.040278
2 0.934375 0.743056 0.053125 0.047222
2 0.926562 0.669444 0.023438 0.000000
2 0.950000 0.688889 0.021875 0.038889
2 0.922656 0.670833 0.023438 0.000000
2 0.946484 0.689583 0.022656 0.037500
2 0.868750 0.990278 0.117188 0.016667
2 0.904297 0.923611 0.189844 0.150000
2 0.932031 0.836111 0.134375 0.055556
2 0.575391 0.831944 0.155469 0.105556
2 0.480469 0.872222 0.182812 0.130556
2 0.546484 0.955556 0.050781 0.086111
2 0.634766 0.916667 0.036719 0.100000
2 0.531641 0.850000 0.167969 0.116667
2 0.419531 0.898611 0.201563 0.147222
2 0.419531 0.970139 0.201563 0.056944
2 0.594141 0.942361 0.042969 0.109722
2 0.480078 0.793056 0.077344 0.027778
2 0.874219 0.718750 0.010937 0.034722
2 0.797656 0.715278 0.042188 0.019444
2 0.843750 0.721528 0.048438 0.031944
2 0.797266 0.690278 0.042969 0.033333
2 0.843750 0.690972 0.048438 0.034722
2 0.800000 0.658333 0.048438 0.033333
2 0.843359 0.659722 0.049219 0.033333
5 0.082031 0.758333 0.037500 0.016667
5 0.082812 0.768750 0.039062 0.018056
5 0.082812 0.790278 0.039062 0.019444
5 0.082812 0.780556 0.039062 0.016667
5 0.081250 0.810417 0.037500 0.020833
5 0.081250 0.799306 0.037500 0.018056
5 0.082812 0.749306 0.039062 0.015278
5 0.082812 0.737500 0.039062 0.016667
5 0.130078 0.763194 0.075781 0.018056
5 0.130078 0.774306 0.075781 0.018056
5 0.130078 0.797222 0.075781 0.019444
5 0.130078 0.785417 0.075781 0.018056
5 0.129688 0.817361 0.076563 0.020833
5 0.130078 0.806944 0.075781 0.019444
5 0.130078 0.753472 0.075781 0.018056
5 0.130078 0.743056 0.075781 0.016667
5 0.130859 0.678472 0.075781 0.012500
5 0.130859 0.690278 0.075781 0.013889
5 0.130859 0.712500 0.075781 0.013889
5 0.130859 0.701389 0.075781 0.013889
5 0.130469 0.733333 0.075000 0.013889
5 0.130859 0.721528 0.075781 0.015278
5 0.130859 0.668750 0.075781 0.012500
5 0.130859 0.657639 0.075781 0.012500