3 0.487109 0.850694 0.974219 0.295833
4 0.403125 0.707639 0.006250 0.056944
4 0.403125 0.716667 0.025000 0.063889
4 0.418359 0.722917 0.007031 0.068056
4 0.414844 0.729167 0.029687 0.075000
4 0.433203 0.736806 0.010156 0.081944
4 0.430078 0.745833 0.035156 0.088889
4 0.453125 0.756944 0.010937 0.097222
4 0.464453 0.768056 0.019531 0.111111
4 0.534766 0.836111 0.021094 0.163889
4 0.546484 0.872917 0.083594 0.201389
4 0.707031 0.917361 0.062500 0.162500
4 0.039844 0.708333 0.003125 0.052778
4 0.003906 0.722222 0.007812 0.069444
8 0.478125 0.757639 0.043750 0.051389
8 0.875781 0.707639 0.018750 0.004167
5 0.383594 0.693750 0.035937 0.006944
5 0.383594 0.693750 0.035937 0.006944
5 0.383594 0.693750 0.035937 0.006944
5 0.383594 0.684722 0.035937 0.008333
5 0.383594 0.684722 0.035937 0.008333
5 0.383594 0.684722 0.035937 0.008333
5 0.383594 0.700694 0.035937 0.006944
5 0.383594 0.700694 0.035937 0.006944
5 0.383594 0.700694 0.035937 0.006944
5 0.433984 0.693056 0.025781 0.008333
5 0.433984 0.693056 0.025781 0.008333
5 0.433984 0.693056 0.025781 0.008333
5 0.440625 0.685417 0.039062 0.006944
5 0.440625 0.685417 0.039062 0.006944
5 0.440625 0.685417 0.039062 0.006944
5 0.440625 0.676389 0.039062 0.008333
5 0.440625 0.676389 0.039062 0.008333
5 0.440625 0.676389 0.039062 0.008333
6 0.497656 0.665972 0.032813 0.004167
6 0.483984 0.675000 0.028906 0.027778
6 0.497656 0.638889 0.032813 0.058333
6 0.499609 0.669444 0.005469 0.005556
6 0.506641 0.693056 0.050781 0.050000
6 0.532031 0.704861 0.065625 0.068056
7 0.607031 0.766667 0.048438 0.005556
7 0.649219 0.775694 0.012500 0.004167
7 0.312109 0.779167 0.035156 0.027778
7 0.316016 0.748611 0.027344 0.019444
7 0.023047 0.738889 0.044531 0.016667
7 0.365234 0.721528 0.046094 0.012500
7 0.372656 0.736806 0.054688 0.015278
6 0.863281 0.840972 0.146875 0.226389
6 0.905469 0.870833 0.139063 0.255556
6 0.767969 0.827778 0.143750 0.219444
6 0.708594 0.804861 0.106250 0.193056
8 0.601172 0.807639 0.102344 0.068056
5 0.600781 0.775000 0.093750 0.011111
8 0.623047 0.823611 0.110156 0.066667
5 0.621094 0.790972 0.101562 0.023611
8 0.582422 0.780556 0.063281 0.050000
5 0.585938 0.760417 0.060937 0.018056
8 0.518359 0.786806 0.069531 0.062500
5 0.519141 0.762500 0.061719 0.019444
8 0.514062 0.738194 0.034375 0.026389
5 0.511719 0.724306 0.006250 0.009722
8 0.461328 0.741667 0.044531 0.041667
5 0.463672 0.725000 0.038281 0.011111
8 0.437891 0.724306 0.017969 0.026389
5 0.445703 0.705556 0.002344 0.002778
8 0.437109 0.720139 0.019531 0.023611
5 0.437500 0.706250 0.018750 0.006944
8 0.426172 0.716667 0.007031 0.027778
5 0.437109 0.701389 0.019531 0.002778
8 0.422266 0.707639 0.002344 0.015278
5 0.434766 0.699306 0.024219 0.001389
8 0.757812 0.710417 0.000000 0.004167
5 0.753516 0.688889 0.003906 0.000000
8 0.758203 0.705556 0.003906 0.008333
5 0.755859 0.690278 0.008594 0.000000
8 0.758203 0.703472 0.002344 0.001389
5 0.756250 0.693750 0.007812 0.004167
8 0.756250 0.704861 0.007812 0.020833
5 0.756641 0.695833 0.007031 0.005556
8 0.872266 0.709722 0.041406 0.011111
5 0.872656 0.704861 0.039062 0.006944
5 0.892578 0.701389 0.000781 0.002778
8 0.857422 0.711806 0.011719 0.012500
5 0.855469 0.704861 0.009375 0.006944
5 0.852344 0.696528 0.004687 0.001389
8 0.861719 0.709028 0.020313 0.006944
5 0.863281 0.698611 0.026562 0.002778
0 0.823438 0.672917 0.068750 0.181944
0 0.725781 0.663889 0.060937 0.138889
0 0.521094 0.640278 0.026562 0.072222
0 0.184766 0.719444 0.141406 0.427778
1 0.110937 0.670833 0.065625 0.077778
1 0.105078 0.670139 0.067969 0.079167
1 0.045312 0.669444 0.065625 0.075000
1 0.035547 0.669444 0.071094 0.077778
1 0.003516 0.672222 0.002344 0.080556
1 0.001953 0.672222 0.003906 0.080556
1 0.016016 0.677083 0.032031 0.095833
1 0.937891 0.795139 0.122656 0.406944
2 0.946875 0.742361 0.104688 0.176389
2 0.947266 0.927083 0.103906 0.143056
2 0.996094 0.654167 0.006250 0.000000
1 0.949219 0.644444 0.045312 0.016667
2 0.975000 0.647917 0.010937 0.009722
1 0.996875 0.641667 0.004687 0.022222
2 0.998437 0.646528 0.001563 0.012500
1 0.874219 0.653472 0.054688 0.043056
2 0.852734 0.672222 0.003906 0.000000
2 0.869531 0.652083 0.001563 0.023611
2 0.870703 0.684722 0.030469 0.025000
2 0.865625 0.646528 0.000000 0.012500
1 0.953125 0.644444 0.037500 0.016667
2 0.951562 0.646528 0.034375 0.012500
2 0.931250 0.643056 0.000000 0.005556
1 0.851953 0.664583 0.033594 0.065278
2 0.850391 0.652083 0.030469 0.023611
2 0.857031 0.684028 0.018750 0.023611
2 0.855469 0.663889 0.003125 0.000000
1 0.902344 0.663889 0.062500 0.066667
2 0.875391 0.686806 0.002344 0.020833
2 0.875000 0.652778 0.003125 0.025000
2 0.916406 0.646528 0.029687 0.012500
2 0.888672 0.690972 0.008594 0.018056
2 0.884766 0.649306 0.000781 0.004167
2 0.892188 0.653472 0.001563 0.026389
2 0.876953 0.726389 0.036719 0.030556
2 0.664062 0.691667 0.010937 0.025000
2 0.682813 0.694444 0.025000 0.025000
2 0.685156 0.669444 0.029687 0.025000
2 0.726172 0.657639 0.032031 0.001389
2 0.689844 0.644444 0.039062 0.025000
2 0.725781 0.643750 0.032813 0.023611
5 0.479687 0.694444 0.056250 0.011111
5 0.479687 0.704861 0.056250 0.012500
5 0.479687 0.713889 0.056250 0.011111
5 0.479687 0.724306 0.056250 0.012500
5 0.479687 0.745139 0.056250 0.012500
5 0.479687 0.735417 0.056250 0.012500
5 0.479297 0.765278 0.055469 0.013889
5 0.478906 0.752778 0.054688 0.008333
5 0.550391 0.713194 0.052344 0.012500
5 0.550391 0.724306 0.052344 0.012500
5 0.550391 0.744444 0.052344 0.013889
5 0.550391 0.734028 0.052344 0.012500
5 0.553906 0.763194 0.017188 0.012500
5 0.548047 0.753472 0.047656 0.012500
5 0.017969 0.727083 0.032813 0.004167
5 0.550391 0.704167 0.052344 0.011111
5 0.550391 0.693056 0.052344 0.011111
5 0.627344 0.713194 0.048438 0.009722
5 0.627344 0.722917 0.048438 0.012500
5 0.627734 0.743750 0.049219 0.012500
5 0.627734 0.734028 0.049219 0.012500
5 0.641797 0.763194 0.021094 0.012500
5 0.627734 0.753472 0.049219 0.012500
5 0.071875 0.729861 0.050000 0.009722
5 0.072656 0.737500 0.050000 0.011111
5 0.627344 0.704167 0.048438 0.011111
5 0.627344 0.693750 0.048438 0.009722
5 0.627344 0.633333 0.048438 0.008333
5 0.627344 0.644444 0.048438 0.008333
5 0.627344 0.664583 0.048438 0.009722
5 0.627344 0.654861 0.048438 0.009722
5 0.627344 0.684028 0.048438 0.009722
5 0.627344 0.674306 0.048438 0.009722
5 0.071875 0.722917 0.050000 0.009722
5 0.073047 0.714583 0.049219 0.009722
5 0.627344 0.625000 0.048438 0.008333
5 0.627344 0.614583 0.048438 0.009722