8 0.955859 0.995139 0.046094 0.006944
6 0.715234 0.965278 0.130469 0.066667
6 0.486328 0.964583 0.121094 0.068056
6 0.712500 0.868056 0.131250 0.161111
6 0.601172 0.965278 0.125781 0.066667
8 0.389453 0.998611 0.002344 0.000000
5 0.408594 0.997917 0.032813 0.001389
8 0.536328 0.998611 0.000781 0.000000
5 0.407813 0.998611 0.032813 0.000000
5 0.764062 0.997917 0.014063 0.001389
5 0.776172 0.995833 0.028906 0.000000
5 0.781641 0.997917 0.017969 0.001389
5 0.789844 0.998611 0.001563 0.000000
5 0.648438 0.997222 0.003125 0.002778
5 0.694922 0.995833 0.036719 0.000000
5 0.760938 0.998611 0.007812 0.000000
8 0.980078 0.997917 0.032031 0.001389
5 0.984375 0.997222 0.029687 0.002778
0 0.857812 0.911111 0.135937 0.175000
0 0.147266 0.885417 0.169531 0.226389
1 0.366406 0.966667 0.042188 0.005556
1 0.493359 0.956250 0.071094 0.079167
2 0.467187 0.983333 0.007812 0.025000
2 0.461719 0.983333 0.001563 0.025000
2 0.466016 0.943056 0.010156 0.030556
2 0.502344 0.969444 0.046875 0.000000
1 0.351562 0.940278 0.082812 0.058333
2 0.346875 0.955556 0.003125 0.000000
2 0.362109 0.955556 0.013281 0.000000
1 0.509766 0.954167 0.083594 0.083333
2 0.478125 0.983333 0.009375 0.025000
2 0.471875 0.981250 0.000000 0.015278
2 0.476953 0.940972 0.011719 0.031944
1 0.352344 0.947917 0.092188 0.087500
2 0.369531 0.955556 0.000000 0.000000
1 0.526953 0.950694 0.091406 0.090278
2 0.490625 0.983333 0.000000 0.025000
2 0.485938 0.983333 0.000000 0.025000
2 0.485156 0.938889 0.001563 0.036111
2 0.527344 0.955556 0.003125 0.000000
2 0.522656 0.955556 0.003125 0.000000
1 0.351953 0.950000 0.097656 0.097222
2 0.309375 0.984722 0.004687 0.027778
2 0.309766 0.936111 0.005469 0.038889
2 0.385937 0.936111 0.021875 0.038889
2 0.370703 0.984722 0.052344 0.027778
2 0.348828 0.936111 0.007031 0.038889
2 0.352344 0.925000 0.000000 0.008333
2 0.363281 0.936111 0.021875 0.038889
2 0.370312 0.955556 0.000000 0.000000
1 0.536719 0.949306 0.098437 0.093056
2 0.506250 0.983333 0.021875 0.025000
2 0.491797 0.981944 0.000781 0.022222
2 0.503906 0.936806 0.026562 0.037500
2 0.570703 0.936806 0.021094 0.037500
2 0.550000 0.984028 0.064062 0.026389
2 0.528125 0.936806 0.020313 0.037500
2 0.549609 0.935417 0.021094 0.034722
2 0.053125 0.996528 0.017188 0.004167
2 0.237109 0.996528 0.010156 0.004167
2 0.246094 0.995833 0.006250 0.005556
2 0.235547 0.966667 0.016406 0.052778
2 0.246484 0.967361 0.007031 0.048611
2 0.195312 0.913889 0.098437 0.055556
2 0.248047 0.917361 0.007031 0.051389