3 0.499609 0.819444 0.999219 0.358333
4 0.115234 0.786806 0.016406 0.073611
8 0.576953 0.916667 0.094531 0.080556
5 0.536328 0.682639 0.046094 0.009722
5 0.536328 0.682639 0.046094 0.009722
5 0.536328 0.682639 0.046094 0.009722
5 0.536328 0.672917 0.046094 0.009722
5 0.536328 0.672917 0.046094 0.009722
5 0.536328 0.672917 0.046094 0.009722
5 0.536328 0.690972 0.046094 0.009722
5 0.536328 0.690972 0.046094 0.009722
5 0.536328 0.690972 0.046094 0.009722
5 0.577734 0.697222 0.016406 0.008333
5 0.577734 0.697222 0.016406 0.008333
5 0.577734 0.697222 0.016406 0.008333
5 0.577734 0.688889 0.017969 0.008333
5 0.577734 0.688889 0.017969 0.008333
5 0.577734 0.688889 0.017969 0.008333
5 0.577734 0.679861 0.017969 0.009722
5 0.577734 0.679861 0.017969 0.009722
5 0.577734 0.679861 0.017969 0.009722
5 0.581641 0.668056 0.030469 0.013889
5 0.581641 0.668056 0.030469 0.013889
5 0.581641 0.668056 0.030469 0.013889
6 0.435156 0.735417 0.054688 0.076389
6 0.489844 0.715278 0.046875 0.072222
6 0.435937 0.672222 0.056250 0.075000
6 0.464453 0.724306 0.052344 0.076389
6 0.255859 0.779167 0.067969 0.080556
6 0.203516 0.802778 0.046094 0.102778
7 0.021875 0.809722 0.001563 0.000000
7 0.293750 0.743750 0.026562 0.006944
7 0.146094 0.793056 0.053125 0.025000
7 0.076172 0.657639 0.032031 0.006944
7 0.107813 0.653472 0.031250 0.009722
7 0.034766 0.664583 0.024219 0.009722
8 0.101953 0.845139 0.033594 0.040278
5 0.099219 0.830556 0.031250 0.022222
8 0.290234 0.770833 0.000781 0.013889
8 0.301563 0.774306 0.023438 0.029167
5 0.303125 0.756944 0.026562 0.016667
8 0.317578 0.756944 0.053906 0.019444
5 0.316406 0.749306 0.050000 0.015278
8 0.348047 0.755556 0.047656 0.030556
5 0.345313 0.740972 0.046875 0.015278
8 0.358984 0.774306 0.057031 0.037500
5 0.358594 0.756944 0.051562 0.016667
8 0.386719 0.765278 0.054688 0.036111
5 0.385937 0.748611 0.050000 0.016667
8 0.335547 0.782639 0.058594 0.037500
5 0.334766 0.765972 0.052344 0.018056
8 0.312891 0.793056 0.044531 0.038889
5 0.310547 0.775000 0.041406 0.019444
8 0.841797 0.795833 0.061719 0.038889
5 0.841016 0.777083 0.055469 0.018056
8 0.856250 0.786111 0.059375 0.038889
5 0.855078 0.768750 0.053906 0.018056
8 0.832031 0.806944 0.062500 0.041667
5 0.830469 0.788194 0.057813 0.020833
8 0.816797 0.818750 0.061719 0.043056
5 0.814844 0.799306 0.057813 0.020833
8 0.797656 0.773611 0.057813 0.030556
5 0.797266 0.761111 0.052344 0.013889
8 0.782031 0.775000 0.059375 0.016667
5 0.781250 0.768056 0.053125 0.016667
8 0.769922 0.792361 0.061719 0.031944
5 0.766406 0.777778 0.050000 0.019444
8 0.748437 0.804861 0.056250 0.037500
5 0.749609 0.788194 0.053906 0.020833
8 0.715625 0.876389 0.059375 0.058333
5 0.713672 0.854167 0.055469 0.030556
8 0.764453 0.888194 0.067969 0.059722
5 0.764453 0.865972 0.060156 0.031944
8 0.661328 0.870139 0.058594 0.051389
5 0.662891 0.845139 0.055469 0.029167
8 0.617578 0.856250 0.066406 0.054167
5 0.617578 0.834722 0.058594 0.027778
8 0.777734 0.839583 0.067969 0.045833
5 0.776953 0.819444 0.061719 0.025000
8 0.762109 0.847222 0.071094 0.033333
5 0.761328 0.834028 0.064844 0.026389
8 0.699219 0.847222 0.062500 0.052778
5 0.699219 0.827083 0.056250 0.023611
8 0.647656 0.836806 0.051562 0.040278
5 0.649219 0.816667 0.048438 0.025000
8 0.572656 0.981250 0.085938 0.034722
5 0.569531 0.968750 0.079687 0.045833
8 0.602734 0.968750 0.094531 0.059722
5 0.601172 0.943056 0.085156 0.041667
8 0.317969 0.998611 0.000000 0.000000
5 0.366406 0.988194 0.095312 0.020833
0 0.250391 0.859028 0.166406 0.279167
0 0.521875 0.768750 0.104688 0.209722
0 0.619531 0.668056 0.065625 0.127778
1 0.298438 0.639583 0.043750 0.079167
1 0.288672 0.645139 0.024219 0.079167
1 0.225391 0.630556 0.002344 0.055556
1 0.210938 0.638194 0.031250 0.070833
1 0.201953 0.629861 0.049219 0.070833
1 0.175000 0.635417 0.040625 0.076389
1 0.148828 0.617361 0.053906 0.068056
1 0.049609 0.672222 0.057031 0.088889
1 0.037891 0.665278 0.030469 0.080556
1 0.991016 0.806250 0.016406 0.145833
2 0.999219 0.734722 0.000000 0.000000
2 0.992969 0.769444 0.012500 0.047222
2 0.992578 0.827778 0.013281 0.055556
2 0.997656 0.737500 0.003125 0.002778
2 0.995703 0.742361 0.007031 0.004167
1 0.975781 0.739583 0.046875 0.123611
2 0.983594 0.694444 0.031250 0.005556
2 0.976953 0.722222 0.042969 0.041667
2 0.975391 0.696528 0.022656 0.004167
2 0.992578 0.698611 0.011719 0.002778
2 0.972656 0.700694 0.021875 0.004167
2 0.990625 0.702083 0.015625 0.004167
1 0.951953 0.792361 0.074219 0.168056
2 0.981250 0.807639 0.003125 0.045833
2 0.960547 0.748611 0.050781 0.050000
2 0.946094 0.763889 0.054688 0.052778
2 0.950391 0.820139 0.063281 0.059722
2 0.943750 0.731250 0.026562 0.006944
2 0.967969 0.754861 0.028125 0.048611
2 0.939063 0.734722 0.026562 0.005556
2 0.964063 0.760417 0.026562 0.048611
2 0.473047 0.958333 0.119531 0.080556
2 0.405469 0.948611 0.117188 0.094444
2 0.905469 0.733333 0.015625 0.044444
2 0.821094 0.742361 0.040625 0.040278
2 0.869531 0.744444 0.054688 0.041667
2 0.821094 0.707639 0.040625 0.037500
2 0.869531 0.711806 0.054688 0.043056
2 0.824219 0.670833 0.046875 0.044444
2 0.869531 0.675694 0.054688 0.045833
5 0.010937 0.852083 0.021875 0.018056
5 0.006250 0.863194 0.012500 0.020833
5 0.006250 0.886111 0.012500 0.019444
5 0.010547 0.875000 0.021094 0.019444
5 0.006250 0.907639 0.012500 0.020833
5 0.006641 0.896528 0.013281 0.020833
5 0.006641 0.841667 0.013281 0.019444
5 0.011328 0.825000 0.022656 0.030556
5 0.053906 0.865278 0.081250 0.027778
5 0.053906 0.877083 0.081250 0.029167
5 0.053906 0.900694 0.081250 0.029167
5 0.053906 0.889583 0.081250 0.029167
5 0.053906 0.923611 0.081250 0.030556
5 0.053906 0.911111 0.081250 0.030556
5 0.034375 0.736111 0.026562 0.013889
5 0.032031 0.739583 0.020313 0.006944
5 0.053906 0.855556 0.081250 0.027778
5 0.053906 0.843750 0.081250 0.026389
5 0.053516 0.775000 0.080469 0.025000
5 0.053516 0.785417 0.080469 0.026389
5 0.053516 0.810417 0.080469 0.026389
5 0.053516 0.798611 0.080469 0.025000
5 0.053906 0.832639 0.081250 0.026389
5 0.053906 0.820833 0.081250 0.027778
5 0.034375 0.729167 0.026562 0.013889
5 0.033984 0.722222 0.025781 0.013889
5 0.053516 0.764583 0.080469 0.023611
5 0.053516 0.750000 0.080469 0.027778