3 0.510938 0.900000 0.959375 0.197222
8 0.590625 0.984028 0.225000 0.029167
5 0.619141 0.832639 0.027344 0.012500
5 0.619141 0.832639 0.027344 0.012500
5 0.619141 0.832639 0.027344 0.012500
5 0.618359 0.820139 0.025781 0.012500
5 0.618359 0.820139 0.025781 0.012500
5 0.618359 0.820139 0.025781 0.012500
5 0.618359 0.807639 0.025781 0.012500
5 0.618359 0.807639 0.025781 0.012500
5 0.618359 0.807639 0.025781 0.012500
5 0.618750 0.793750 0.026562 0.012500
5 0.618750 0.793750 0.026562 0.012500
5 0.618750 0.793750 0.026562 0.012500
6 0.387500 0.835417 0.071875 0.106944
6 0.494531 0.786806 0.031250 0.023611
6 0.387891 0.740278 0.071094 0.105556
6 0.453516 0.821528 0.063281 0.087500
6 0.072266 0.870139 0.108594 0.148611
6 0.000391 0.811806 0.000781 0.012500
7 0.032422 0.802083 0.010156 0.009722
8 0.136719 0.886111 0.023438 0.052778
5 0.133594 0.863194 0.018750 0.015278
8 0.163672 0.880556 0.077344 0.052778
5 0.162109 0.854861 0.075781 0.015278
8 0.208203 0.875000 0.075781 0.052778
5 0.205469 0.847917 0.076563 0.012500
8 0.258594 0.868056 0.073438 0.050000
5 0.255469 0.843750 0.073438 0.012500
8 0.268359 0.881944 0.083594 0.055556
5 0.263672 0.856944 0.080469 0.019444
8 0.317578 0.875000 0.080469 0.052778
5 0.313672 0.851389 0.077344 0.016667
8 0.220312 0.888889 0.093750 0.058333
5 0.219141 0.863194 0.083594 0.020833
8 0.166797 0.898611 0.088281 0.061111
5 0.164844 0.870139 0.078125 0.020833
5 0.993359 0.893056 0.011719 0.022222
5 0.966016 0.857639 0.066406 0.009722
8 0.959766 0.892361 0.078906 0.037500
5 0.954297 0.869444 0.089844 0.019444
8 0.943750 0.900694 0.104688 0.051389
5 0.941016 0.877083 0.097656 0.023611
8 0.921484 0.904167 0.102344 0.041667
5 0.918750 0.886111 0.096875 0.025000
8 0.876172 0.971528 0.136719 0.054167
5 0.884375 0.955556 0.103125 0.044444
8 0.962891 0.983333 0.072656 0.030556
5 0.966797 0.968750 0.064844 0.048611
8 0.778516 0.966667 0.133594 0.063889
5 0.778125 0.943750 0.118750 0.043056
8 0.681641 0.960417 0.128906 0.076389
5 0.681641 0.931250 0.114844 0.037500
8 0.955469 0.945833 0.068750 0.066667
5 0.961719 0.909028 0.075000 0.018056
8 0.947656 0.957639 0.103125 0.062500
5 0.950000 0.929861 0.098437 0.034722
8 0.838281 0.956944 0.118750 0.083333
5 0.837891 0.922222 0.105469 0.033333
8 0.746875 0.945139 0.115625 0.079167
5 0.746875 0.911806 0.103125 0.031944
0 0.017578 0.794444 0.035156 0.408333
0 0.512109 0.818056 0.182031 0.355556
0 0.679688 0.768750 0.096875 0.184722
1 0.238672 0.772917 0.066406 0.098611
1 0.214453 0.774306 0.080469 0.101389
1 0.189844 0.770833 0.073438 0.094444
1 0.164453 0.772222 0.067969 0.097222
1 0.140234 0.769444 0.069531 0.091667
1 0.111328 0.769444 0.074219 0.091667
1 0.082031 0.759722 0.064062 0.072222
2 0.977344 0.843056 0.043750 0.025000
2 0.976953 0.804167 0.044531 0.052778
2 0.975781 0.751389 0.045312 0.052778