3 0.510938 0.902083 0.968750 0.193056
4 0.272656 0.777083 0.023438 0.012500
4 0.270313 0.799306 0.010937 0.056944
4 0.247266 0.800694 0.027344 0.062500
4 0.126953 0.781250 0.000781 0.012500
4 0.060156 0.731250 0.060937 0.329167
8 0.279297 0.805556 0.091406 0.075000
5 0.417969 0.786806 0.006250 0.001389
5 0.417969 0.786806 0.006250 0.001389
5 0.417969 0.786806 0.006250 0.001389
5 0.417969 0.784028 0.006250 0.001389
5 0.417969 0.784028 0.006250 0.001389
5 0.417969 0.784028 0.006250 0.001389
6 0.453906 0.777778 0.064062 0.019444
6 0.498828 0.769444 0.110156 0.036111
7 0.469922 0.834028 0.013281 0.015278
7 0.582422 0.834722 0.219531 0.058333
7 0.057422 0.823611 0.010156 0.008333
6 0.499609 0.499306 0.999219 0.998611
8 0.398438 0.832639 0.332813 0.179167
5 0.370312 0.706944 0.271875 0.086111
8 0.343750 0.810417 0.590625 0.376389
5 0.340625 0.670139 0.515625 0.131944
8 0.441016 0.820139 0.130469 0.129167
5 0.445703 0.763889 0.121094 0.000000
8 0.281641 0.820833 0.096094 0.130556
5 0.259375 0.763194 0.051562 0.001389
8 0.435547 0.799306 0.074219 0.062500
5 0.428125 0.769444 0.046875 0.002778
8 0.372656 0.796528 0.006250 0.065278
5 0.372656 0.761806 0.004687 0.012500
8 0.412500 0.779861 0.017188 0.001389
5 0.415234 0.769444 0.007031 0.002778
8 0.412500 0.781944 0.017188 0.000000
5 0.413281 0.769444 0.003125 0.000000
5 0.413281 0.770833 0.003125 0.000000
8 0.908594 0.797222 0.017188 0.025000
8 0.908594 0.796528 0.040625 0.023611
8 0.924609 0.797917 0.003906 0.006944
8 0.890625 0.797222 0.017188 0.025000
5 0.893750 0.777778 0.000000 0.002778
8 0.908203 0.792361 0.017969 0.034722
5 0.901563 0.777083 0.025000 0.004167
8 0.906641 0.792361 0.044531 0.037500
5 0.905078 0.775694 0.041406 0.006944
8 0.927734 0.790972 0.010156 0.040278
5 0.926953 0.772917 0.002344 0.009722
8 0.911719 0.790972 0.035937 0.040278
5 0.912109 0.773611 0.027344 0.008333
0 0.958594 0.660417 0.065625 0.340278
0 0.833594 0.701389 0.101562 0.219444
0 0.553516 0.760417 0.000781 0.018056
1 0.035547 0.798611 0.005469 0.013889
2 0.742969 0.788889 0.015625 0.033333
2 0.768750 0.788194 0.035937 0.034722
2 0.766406 0.752778 0.032813 0.036111
2 0.776563 0.717361 0.054688 0.034722
5 0.342187 0.781944 0.104688 0.011111
5 0.342187 0.765278 0.104688 0.019444
5 0.467578 0.781944 0.077344 0.011111
5 0.467187 0.771528 0.076563 0.006944
5 0.445703 0.831944 0.033594 0.011111
5 0.660547 0.723611 0.057031 0.022222
5 0.635156 0.744444 0.107813 0.022222
5 0.635547 0.786111 0.108594 0.019444
5 0.635156 0.765278 0.107813 0.019444
5 0.680469 0.827083 0.018750 0.018056
5 0.661328 0.803472 0.057031 0.015278
5 0.660156 0.704861 0.056250 0.020833
5 0.646875 0.684028 0.082812 0.023611
5 0.629687 0.566667 0.114062 0.030556
5 0.629687 0.588889 0.114062 0.033333
5 0.644531 0.628472 0.085938 0.026389
5 0.630078 0.608333 0.114844 0.030556
5 0.645312 0.664583 0.085938 0.020833
5 0.644922 0.645139 0.085156 0.023611
5 0.629687 0.551389 0.114062 0.036111
5 0.629297 0.531944 0.113281 0.038889