3 0.499609 0.813889 0.999219 0.369444
5 0.519922 0.786111 0.125781 0.061111
5 0.519922 0.786111 0.125781 0.061111
5 0.519922 0.786111 0.125781 0.061111
5 0.519531 0.751389 0.126562 0.083333
5 0.519531 0.751389 0.126562 0.083333
5 0.519531 0.751389 0.126562 0.083333
5 0.519531 0.809028 0.125000 0.059722
5 0.519531 0.809028 0.125000 0.059722
5 0.519531 0.809028 0.125000 0.059722
5 0.681250 0.856944 0.129688 0.063889
5 0.681250 0.856944 0.129688 0.063889
5 0.681250 0.856944 0.129688 0.063889
5 0.681641 0.833333 0.130469 0.066667
5 0.681641 0.833333 0.130469 0.066667
5 0.681641 0.833333 0.130469 0.066667
5 0.682422 0.807639 0.130469 0.068056
5 0.682422 0.807639 0.130469 0.068056
5 0.682422 0.807639 0.130469 0.068056
5 0.682813 0.769444 0.131250 0.088889
5 0.682813 0.769444 0.131250 0.088889
5 0.682813 0.769444 0.131250 0.088889
0 0.871094 0.847222 0.154688 0.302778