3 0.499609 0.845833 0.999219 0.305556
4 0.433984 0.760417 0.008594 0.065278
4 0.462500 0.790278 0.034375 0.077778
4 0.499609 0.810417 0.011719 0.081944
4 0.512500 0.830556 0.035937 0.091667
4 0.563281 0.882639 0.010937 0.051389
4 0.583203 0.903472 0.038281 0.084722
4 0.661328 0.935417 0.017969 0.115278
4 0.710547 0.945139 0.033594 0.106944
4 0.003516 0.779861 0.002344 0.068056
8 0.625000 0.888194 0.065625 0.076389
8 0.994141 0.761111 0.010156 0.019444
5 0.346094 0.700000 0.045312 0.011111
5 0.346094 0.700000 0.045312 0.011111
5 0.346094 0.700000 0.045312 0.011111
5 0.346094 0.690278 0.045312 0.011111
5 0.346094 0.690278 0.045312 0.011111
5 0.346094 0.690278 0.045312 0.011111
5 0.346094 0.709028 0.045312 0.009722
5 0.346094 0.709028 0.045312 0.009722
5 0.346094 0.709028 0.045312 0.009722
5 0.406641 0.706250 0.044531 0.009722
5 0.406641 0.706250 0.044531 0.009722
5 0.406641 0.706250 0.044531 0.009722
5 0.406641 0.697917 0.044531 0.009722
5 0.406641 0.697917 0.044531 0.009722
5 0.406641 0.697917 0.044531 0.009722
5 0.406641 0.689583 0.044531 0.009722
5 0.406641 0.689583 0.044531 0.009722
5 0.406641 0.689583 0.044531 0.009722
5 0.406641 0.679167 0.044531 0.011111
5 0.406641 0.679167 0.044531 0.011111
5 0.406641 0.679167 0.044531 0.011111
6 0.509766 0.713889 0.044531 0.052778
6 0.478906 0.705556 0.032813 0.058333
6 0.510938 0.662500 0.046875 0.069444
6 0.492188 0.711111 0.034375 0.058333
6 0.558594 0.760417 0.067187 0.087500
6 0.605078 0.762500 0.075781 0.069444
7 0.783984 0.908333 0.086719 0.033333
7 0.843750 0.944444 0.096875 0.041667
7 0.452344 0.943750 0.065625 0.054167
7 0.378906 0.845139 0.045312 0.034722
7 0.009766 0.825000 0.019531 0.022222
7 0.370312 0.762500 0.054688 0.016667
7 0.415234 0.806250 0.066406 0.020833
8 0.908594 0.993750 0.096875 0.009722
5 0.918359 0.992361 0.110156 0.012500
8 0.834766 0.961111 0.114844 0.075000
5 0.836328 0.939583 0.102344 0.045833
8 0.758984 0.965278 0.113281 0.066667
5 0.760547 0.948611 0.100781 0.050000
5 0.631641 0.809722 0.000781 0.000000
8 0.537891 0.834722 0.030469 0.055556
5 0.535937 0.820139 0.001563 0.001389
8 0.490625 0.777778 0.057813 0.036111
5 0.486328 0.759722 0.046094 0.013889
8 0.473438 0.767361 0.043750 0.037500
5 0.478906 0.750000 0.050000 0.008333
8 0.465625 0.761111 0.048438 0.036111
5 0.467578 0.745833 0.049219 0.011111
8 0.457031 0.752778 0.042188 0.036111
5 0.458984 0.739583 0.046094 0.009722
8 0.507031 0.759722 0.004687 0.027778
5 0.514453 0.743750 0.021094 0.009722
8 0.491406 0.739583 0.007812 0.009722
5 0.507422 0.736806 0.035156 0.009722
8 0.521875 0.767361 0.006250 0.031944
5 0.521875 0.750000 0.006250 0.011111
8 0.522656 0.763194 0.003125 0.018056
5 0.524219 0.756250 0.001563 0.006944
8 0.821094 0.719444 0.000000 0.000000
5 0.815625 0.702778 0.018750 0.002778
5 0.807031 0.700000 0.001563 0.000000
8 0.820312 0.720833 0.021875 0.022222
5 0.821875 0.708333 0.029687 0.008333
8 0.839844 0.718750 0.050000 0.015278
5 0.839453 0.713889 0.044531 0.008333
8 0.814063 0.727083 0.012500 0.023611
5 0.812500 0.715278 0.010937 0.008333
8 0.951953 0.739583 0.002344 0.001389
5 0.945703 0.737500 0.007031 0.002778
8 0.989453 0.745139 0.000781 0.015278
5 0.947656 0.735417 0.012500 0.009722
8 0.878516 0.750000 0.021094 0.030556
5 0.880469 0.738889 0.020313 0.011111
8 0.858203 0.754861 0.053906 0.037500
5 0.857422 0.740972 0.047656 0.012500
8 0.858984 0.725000 0.025781 0.008333
5 0.869141 0.721528 0.042969 0.006944
8 0.883203 0.740972 0.027344 0.031944
5 0.894922 0.727083 0.046094 0.009722
8 0.864453 0.745139 0.050781 0.034722
5 0.864062 0.730556 0.045312 0.011111
8 0.831250 0.748611 0.043750 0.030556
5 0.829297 0.732639 0.041406 0.012500
0 0.943750 0.751389 0.110937 0.225000
0 0.784766 0.701389 0.088281 0.163889
0 0.504687 0.661806 0.045312 0.112500
0 0.631641 0.895833 0.225781 0.205556
1 0.001172 0.920833 0.002344 0.111111
1 0.039062 0.687500 0.075000 0.097222
1 0.036719 0.690278 0.073438 0.097222
1 0.993359 0.662500 0.011719 0.069444
2 0.994922 0.681250 0.008594 0.023611
2 0.994922 0.647917 0.008594 0.023611
1 0.950391 0.638194 0.064844 0.018056
2 0.933203 0.638194 0.021094 0.001389
2 0.973828 0.644444 0.011719 0.005556
2 0.973828 0.687500 0.011719 0.002778
2 0.937109 0.638889 0.010156 0.000000
2 0.949609 0.638889 0.013281 0.000000
2 0.948828 0.643750 0.013281 0.006944
2 0.962109 0.640278 0.011719 0.000000
1 0.875000 0.673611 0.057813 0.086111
2 0.852734 0.674306 0.013281 0.001389
2 0.866406 0.673611 0.012500 0.000000
2 0.859766 0.640278 0.027344 0.000000
2 0.882422 0.655556 0.027344 0.025000
2 0.878125 0.689583 0.046875 0.029167
2 0.860156 0.641667 0.010937 0.000000
2 0.875000 0.640278 0.001563 0.000000
2 0.866797 0.642361 0.011719 0.001389
2 0.880859 0.641667 0.014844 0.000000
1 0.957422 0.687500 0.074219 0.097222
2 0.933594 0.687500 0.000000 0.000000
2 0.948047 0.648611 0.010156 0.000000
2 0.979297 0.668056 0.022656 0.027778
2 0.962500 0.703472 0.057813 0.031944
2 0.944531 0.650000 0.001563 0.000000
1 0.840625 0.674306 0.062500 0.084722
2 0.820312 0.687500 0.017188 0.025000
2 0.833203 0.675000 0.007031 0.000000
2 0.824219 0.652778 0.025000 0.025000
2 0.852344 0.656250 0.032813 0.026389
2 0.844531 0.690972 0.048438 0.029167
2 0.826953 0.654167 0.014844 0.025000
2 0.840625 0.641667 0.010937 0.000000
2 0.832031 0.655556 0.009375 0.025000
2 0.852734 0.643056 0.013281 0.000000
1 0.919531 0.682639 0.068750 0.087500
2 0.896484 0.702083 0.016406 0.029167
2 0.911719 0.687500 0.012500 0.000000
2 0.891797 0.663889 0.007031 0.027778
2 0.935937 0.668750 0.034375 0.029167
2 0.926172 0.705556 0.055469 0.033333
2 0.908203 0.665278 0.016406 0.027778
2 0.918359 0.651389 0.002344 0.000000
2 0.914453 0.667361 0.013281 0.029167
2 0.994141 0.794444 0.010156 0.044444
2 0.646094 0.692361 0.017188 0.029167
2 0.678125 0.697917 0.045312 0.031944
2 0.709766 0.698611 0.016406 0.027778
2 0.678125 0.670833 0.045312 0.030556
2 0.712109 0.671528 0.021094 0.026389
2 0.678125 0.644444 0.045312 0.030556
2 0.705078 0.643750 0.033594 0.029167
5 0.601562 0.793056 0.076563 0.022222
5 0.601562 0.805556 0.076563 0.016667
5 0.618750 0.829167 0.039062 0.002778
5 0.606250 0.829861 0.065625 0.004167
5 0.613281 0.855556 0.042188 0.008333
5 0.613672 0.851389 0.042969 0.008333
5 0.600391 0.880556 0.066406 0.019444
5 0.584766 0.863889 0.035156 0.013889
5 0.677734 0.812500 0.075781 0.019444
5 0.678125 0.825694 0.075000 0.004167
5 0.678906 0.850694 0.073438 0.015278
5 0.669922 0.839583 0.060156 0.023611
5 0.682031 0.881250 0.067187 0.009722
5 0.667188 0.854167 0.050000 0.008333
5 0.678125 0.802778 0.075000 0.019444
5 0.676562 0.789583 0.078125 0.023611
5 0.756641 0.809028 0.078906 0.020833
5 0.756641 0.820139 0.078906 0.020833
5 0.767969 0.846528 0.056250 0.020833
5 0.757031 0.833333 0.078125 0.022222
5 0.768359 0.869444 0.055469 0.022222
5 0.767969 0.857639 0.056250 0.020833
5 0.044531 0.804167 0.056250 0.019444
5 0.046484 0.814583 0.055469 0.020833
5 0.756641 0.797917 0.078906 0.020833
5 0.756250 0.786111 0.078125 0.019444
5 0.756250 0.715972 0.078125 0.015278
5 0.756250 0.728472 0.078125 0.018056
5 0.756250 0.752778 0.078125 0.019444
5 0.756250 0.740278 0.078125 0.019444
5 0.756250 0.775694 0.078125 0.020833
5 0.756250 0.763889 0.078125 0.019444
5 0.044531 0.797222 0.056250 0.016667
5 0.046094 0.786111 0.056250 0.019444
5 0.756250 0.706250 0.078125 0.018056
5 0.756250 0.693750 0.078125 0.018056