3 0.500391 0.890278 0.997656 0.216667
4 0.197266 0.891667 0.002344 0.083333
4 0.062500 0.941667 0.029687 0.113889
5 0.409375 0.776389 0.045312 0.011111
5 0.409375 0.776389 0.045312 0.011111
5 0.409375 0.776389 0.045312 0.011111
5 0.414062 0.763194 0.054688 0.015278
5 0.414062 0.763194 0.054688 0.015278
5 0.414062 0.763194 0.054688 0.015278
5 0.412500 0.788194 0.051562 0.009722
5 0.412500 0.788194 0.051562 0.009722
5 0.412500 0.788194 0.051562 0.009722
5 0.493359 0.787500 0.053906 0.013889
5 0.493359 0.787500 0.053906 0.013889
5 0.493359 0.787500 0.053906 0.013889
5 0.498828 0.776389 0.042969 0.013889
5 0.498828 0.776389 0.042969 0.013889
5 0.498828 0.776389 0.042969 0.013889
5 0.493359 0.765278 0.053906 0.013889
5 0.493359 0.765278 0.053906 0.013889
5 0.493359 0.765278 0.053906 0.013889
5 0.493359 0.752778 0.053906 0.013889
5 0.493359 0.752778 0.053906 0.013889
5 0.493359 0.752778 0.053906 0.013889
6 0.455469 0.829861 0.059375 0.112500
6 0.478125 0.804167 0.051562 0.097222
6 0.457813 0.738889 0.064062 0.105556
6 0.469141 0.816667 0.053906 0.105556
6 0.366406 0.914583 0.034375 0.156944
6 0.362109 0.939583 0.025781 0.118056
7 0.199219 0.879167 0.001563 0.000000
7 0.082812 0.966667 0.092188 0.041667
8 0.252734 0.923611 0.003906 0.030556
5 0.255469 0.906944 0.000000 0.000000
8 0.254297 0.881250 0.002344 0.001389
5 0.360156 0.844444 0.020313 0.002778
8 0.435937 0.891667 0.015625 0.058333
5 0.411328 0.865972 0.055469 0.015278
8 0.447266 0.877083 0.021094 0.056944
5 0.417969 0.854861 0.068750 0.020833
8 0.409375 0.906944 0.051562 0.063889
5 0.406641 0.882639 0.046094 0.023611
8 0.401172 0.925694 0.035156 0.068056
5 0.398047 0.901389 0.028906 0.025000
8 0.990234 0.847917 0.017969 0.045833
5 0.991797 0.829861 0.014844 0.012500
8 0.982812 0.823611 0.028125 0.016667
5 0.985156 0.820139 0.028125 0.012500
8 0.998437 0.839583 0.001563 0.012500
8 0.931641 0.839583 0.063281 0.037500
5 0.929688 0.815972 0.059375 0.009722
8 0.935937 0.846528 0.068750 0.048611
5 0.938672 0.827083 0.067969 0.012500
8 0.962500 0.859028 0.062500 0.051389
5 0.958984 0.836111 0.060156 0.011111
8 0.964844 0.868056 0.068750 0.047222
5 0.964453 0.850000 0.069531 0.019444
8 0.969141 0.945833 0.060156 0.083333
5 0.971094 0.920139 0.056250 0.034722
8 0.997656 0.893750 0.003125 0.020833
5 0.999219 0.886111 0.000000 0.008333
8 0.960938 0.918750 0.073438 0.070833
5 0.962500 0.892361 0.059375 0.026389
0 0.856250 0.864583 0.170313 0.268056
0 0.809766 0.818750 0.094531 0.273611
0 0.585156 0.739583 0.051562 0.165278
1 0.043750 0.743056 0.078125 0.111111
1 0.032813 0.747917 0.056250 0.115278
2 0.866406 0.804861 0.046875 0.045833
2 0.926172 0.797917 0.052344 0.029167
2 0.866406 0.764583 0.046875 0.040278
2 0.926172 0.765972 0.052344 0.040278
2 0.866797 0.718056 0.049219 0.041667
2 0.920703 0.720833 0.061719 0.047222
5 0.263672 0.897917 0.171094 0.054167
5 0.263672 0.925000 0.171094 0.061111
5 0.262891 0.974306 0.171094 0.048611
5 0.263672 0.952778 0.171094 0.063889
5 0.276172 0.986806 0.144531 0.023611
5 0.264062 0.873611 0.170313 0.052778
5 0.264062 0.844444 0.170313 0.052778