3 0.140234 0.940278 0.067969 0.058333
5 0.155078 0.900694 0.025781 0.004167
5 0.155078 0.900694 0.025781 0.004167
5 0.155078 0.900694 0.025781 0.004167
5 0.156641 0.906250 0.035156 0.006944
5 0.156641 0.906250 0.035156 0.006944
5 0.156641 0.906250 0.035156 0.006944
5 0.123828 0.908333 0.032031 0.005556
5 0.123828 0.908333 0.032031 0.005556
5 0.123828 0.908333 0.032031 0.005556
5 0.121094 0.900694 0.025000 0.006944
5 0.121094 0.900694 0.025000 0.006944
5 0.121094 0.900694 0.025000 0.006944
5 0.112891 0.892361 0.008594 0.006944
5 0.112891 0.892361 0.008594 0.006944
5 0.112891 0.892361 0.008594 0.006944
5 0.112891 0.884028 0.008594 0.006944
5 0.112891 0.884028 0.008594 0.006944
5 0.112891 0.884028 0.008594 0.006944
6 0.212500 0.858333 0.000000 0.000000
6 0.205859 0.891667 0.011719 0.011111
5 0.110547 0.974306 0.008594 0.012500
8 0.209375 0.991667 0.000000 0.013889
8 0.110156 0.995833 0.007812 0.005556
5 0.110156 0.988889 0.009375 0.019444
8 0.203516 0.989583 0.011719 0.018056
5 0.198828 0.997222 0.000781 0.000000
0 0.862500 0.763889 0.148438 0.044444
1 0.164062 0.897222 0.096875 0.122222
1 0.171094 0.894444 0.082812 0.080556
1 0.099219 0.499306 0.198437 0.998611
2 0.604688 0.884028 0.789062 0.229167
1 0.191406 0.787500 0.054688 0.422222