3 0.509375 0.925694 0.979688 0.145833
4 0.757031 0.903472 0.020313 0.137500
4 0.470313 0.972917 0.167187 0.051389
5 0.088672 0.871528 0.091406 0.018056
5 0.088672 0.871528 0.091406 0.018056
5 0.088672 0.871528 0.091406 0.018056
5 0.089453 0.854167 0.091406 0.019444
5 0.089453 0.854167 0.091406 0.019444
5 0.089453 0.854167 0.091406 0.019444
5 0.088672 0.886806 0.091406 0.018056
5 0.088672 0.886806 0.091406 0.018056
5 0.088672 0.886806 0.091406 0.018056
5 0.166406 0.881944 0.050000 0.013889
5 0.166406 0.881944 0.050000 0.013889
5 0.166406 0.881944 0.050000 0.013889
5 0.162109 0.866667 0.041406 0.016667
5 0.162109 0.866667 0.041406 0.016667
5 0.162109 0.866667 0.041406 0.016667
5 0.162891 0.851389 0.041406 0.016667
5 0.162891 0.851389 0.041406 0.016667
5 0.162891 0.851389 0.041406 0.016667
5 0.162891 0.834722 0.041406 0.016667
5 0.162891 0.834722 0.041406 0.016667
5 0.162891 0.834722 0.041406 0.016667
6 0.596484 0.861806 0.091406 0.120833
6 0.471875 0.855556 0.090625 0.111111
6 0.594141 0.785417 0.086719 0.056944
6 0.518750 0.859028 0.064062 0.115278
6 0.957812 0.887500 0.082812 0.163889
7 0.482031 0.937500 0.104688 0.036111
7 0.902344 0.979167 0.117188 0.038889
8 0.825000 0.929861 0.110937 0.076389
5 0.825781 0.897222 0.098437 0.022222
8 0.746484 0.922917 0.105469 0.070833
5 0.746875 0.891667 0.095312 0.022222
8 0.680469 0.916667 0.103125 0.061111
5 0.681250 0.887500 0.092188 0.019444
8 0.603906 0.911806 0.076563 0.062500
5 0.606641 0.883333 0.071094 0.019444
8 0.735547 0.922222 0.082031 0.036111
5 0.739453 0.877083 0.085156 0.009722
8 0.675391 0.922917 0.078906 0.009722
5 0.675781 0.873611 0.082812 0.008333
8 0.805859 0.913194 0.092969 0.065278
5 0.803125 0.880556 0.087500 0.011111
8 0.879297 0.922222 0.085156 0.063889
5 0.876172 0.889583 0.085156 0.020833
8 0.784766 0.861111 0.050781 0.027778
5 0.786328 0.843056 0.049219 0.008333
8 0.742188 0.859028 0.043750 0.026389
5 0.746094 0.841667 0.046875 0.008333
8 0.825000 0.861806 0.053125 0.026389
5 0.825781 0.843750 0.046875 0.006944
8 0.864453 0.862500 0.049219 0.033333
5 0.866797 0.845833 0.042969 0.008333
8 0.714063 0.857639 0.056250 0.029167
5 0.714453 0.843750 0.050781 0.009722
8 0.754687 0.859028 0.057813 0.029167
5 0.754687 0.845139 0.051562 0.009722
8 0.793359 0.860417 0.058594 0.029167
5 0.793359 0.846528 0.052344 0.009722
8 0.837891 0.862500 0.060156 0.033333
5 0.837891 0.847917 0.053906 0.009722
0 0.982031 0.749306 0.034375 0.131944
0 0.385156 0.825000 0.101562 0.127778
1 0.024609 0.510417 0.049219 0.976389
1 0.352734 0.564583 0.666406 0.868056
1 0.869141 0.801389 0.078906 0.077778
2 0.841016 0.811111 0.014844 0.000000
2 0.846875 0.809722 0.012500 0.000000
2 0.866406 0.823611 0.034375 0.027778
2 0.866406 0.781944 0.000000 0.011111
1 0.976953 0.765972 0.002344 0.006944
1 0.828125 0.809028 0.082812 0.095833
2 0.797266 0.812500 0.013281 0.000000
2 0.803125 0.811111 0.001563 0.000000
2 0.850781 0.786111 0.028125 0.027778
2 0.837500 0.825694 0.059375 0.029167
2 0.819922 0.786111 0.002344 0.027778
2 0.828906 0.786111 0.015625 0.027778
2 0.832422 0.800000 0.003906 0.000000
1 0.929688 0.786806 0.003125 0.054167
2 0.993359 0.784722 0.011719 0.027778
2 0.982422 0.773611 0.008594 0.005556
1 0.778906 0.798611 0.089063 0.080556
2 0.808203 0.786111 0.021094 0.030556
2 0.796094 0.825694 0.048438 0.026389
1 0.932031 0.811806 0.098437 0.112500
2 0.908984 0.815278 0.003906 0.000000
2 0.977344 0.770139 0.000000 0.001389
2 0.921484 0.815278 0.019531 0.000000
1 0.756641 0.809722 0.091406 0.105556
2 0.725000 0.826389 0.018750 0.025000
2 0.723047 0.785417 0.016406 0.031944
2 0.781250 0.785417 0.032813 0.031944
2 0.766016 0.825694 0.066406 0.023611
2 0.739453 0.785417 0.016406 0.031944
2 0.743750 0.801389 0.003125 0.000000
2 0.756250 0.785417 0.017188 0.031944
2 0.760156 0.801389 0.003125 0.000000
1 0.896484 0.811806 0.067969 0.112500
2 0.878125 0.832639 0.020313 0.031944
2 0.876953 0.785417 0.019531 0.034722
2 0.928516 0.785417 0.003906 0.034722
2 0.918359 0.834722 0.022656 0.036111
2 0.896094 0.785417 0.020313 0.034722
2 0.916406 0.785417 0.020313 0.034722
2 0.920312 0.802778 0.006250 0.000000
2 0.503906 0.848611 0.048438 0.036111
2 0.566406 0.851389 0.075000 0.038889
2 0.619141 0.850000 0.028906 0.038889
2 0.566016 0.812500 0.074219 0.036111
2 0.618359 0.815972 0.028906 0.029167
2 0.565234 0.775000 0.074219 0.036111
2 0.618359 0.772222 0.028906 0.030556
5 0.123047 0.995833 0.074219 0.005556