3 0.499609 0.889583 0.999219 0.218056
4 0.978906 0.887500 0.015625 0.097222
8 0.775000 0.813194 0.032813 0.040278
5 0.021094 0.979861 0.042188 0.037500
5 0.021094 0.979861 0.042188 0.037500
5 0.021094 0.979861 0.042188 0.037500
5 0.021094 0.960417 0.042188 0.054167
5 0.021094 0.960417 0.042188 0.054167
5 0.021094 0.960417 0.042188 0.054167
5 0.013672 0.991667 0.016406 0.013889
5 0.013672 0.991667 0.016406 0.013889
5 0.013672 0.991667 0.016406 0.013889
5 0.023438 0.978472 0.037500 0.020833
5 0.023438 0.978472 0.037500 0.020833
5 0.023438 0.978472 0.037500 0.020833
5 0.023438 0.948611 0.039062 0.036111
5 0.023438 0.948611 0.039062 0.036111
5 0.023438 0.948611 0.039062 0.036111
5 0.021484 0.924306 0.042969 0.037500
5 0.021484 0.924306 0.042969 0.037500
5 0.021484 0.924306 0.042969 0.037500
5 0.021875 0.900000 0.043750 0.041667
5 0.021875 0.900000 0.043750 0.041667
5 0.021875 0.900000 0.043750 0.041667
6 0.643750 0.865972 0.090625 0.115278
6 0.496484 0.873611 0.092969 0.122222
6 0.642969 0.768750 0.090625 0.109722
6 0.571484 0.868056 0.091406 0.119444
6 0.948828 0.852083 0.085156 0.109722
6 0.985938 0.802778 0.007812 0.011111
7 0.843359 0.952778 0.091406 0.041667
7 0.698828 0.777778 0.003906 0.002778
7 0.789062 0.779167 0.023438 0.011111
7 0.766016 0.779861 0.016406 0.009722
7 0.579688 0.786111 0.029687 0.011111
7 0.623437 0.784722 0.021875 0.011111
7 0.524219 0.788194 0.028125 0.012500
7 0.475781 0.790972 0.015625 0.012500
8 0.934375 0.896528 0.082812 0.056944
5 0.936719 0.874306 0.076563 0.020833
8 0.885156 0.900000 0.082812 0.058333
5 0.884375 0.877778 0.076563 0.022222
8 0.838672 0.903472 0.085156 0.059722
5 0.839453 0.881250 0.075781 0.023611
8 0.791797 0.912500 0.064844 0.052778
5 0.790234 0.885417 0.061719 0.023611
8 0.794531 0.891667 0.067187 0.047222
5 0.792188 0.866667 0.065625 0.019444
8 0.736719 0.890972 0.076563 0.054167
5 0.737891 0.870139 0.067969 0.018056
8 0.834375 0.884028 0.073438 0.051389
5 0.833594 0.862500 0.068750 0.016667
8 0.882422 0.881250 0.078906 0.051389
5 0.883203 0.860417 0.069531 0.018056
8 0.380469 0.826389 0.039062 0.036111
5 0.382422 0.811111 0.036719 0.011111
8 0.338672 0.827778 0.038281 0.036111
5 0.340625 0.813194 0.035937 0.012500
8 0.403516 0.824306 0.014844 0.034722
5 0.406250 0.809028 0.014063 0.009722
8 0.459375 0.823611 0.039062 0.030556
5 0.458203 0.808333 0.038281 0.011111
8 0.351562 0.836111 0.043750 0.038889
5 0.351562 0.820139 0.039062 0.012500
8 0.392969 0.834028 0.040625 0.037500
5 0.394531 0.818750 0.037500 0.012500
8 0.429688 0.831250 0.040625 0.037500
5 0.432422 0.816667 0.039844 0.011111
8 0.473828 0.829167 0.046094 0.036111
5 0.474219 0.813889 0.040625 0.011111
8 0.633594 0.831250 0.032813 0.004167
8 0.592969 0.800000 0.009375 0.005556
5 0.607812 0.798611 0.035937 0.008333
8 0.635938 0.827778 0.023438 0.019444
8 0.643750 0.830556 0.015625 0.025000
5 0.641797 0.812500 0.007031 0.000000
8 0.528516 0.820833 0.047656 0.033333
5 0.528906 0.806250 0.042188 0.009722
8 0.563672 0.817361 0.044531 0.031944
5 0.565625 0.804861 0.042188 0.009722
8 0.592187 0.823611 0.051562 0.033333
5 0.583203 0.809028 0.028906 0.009722
8 0.609375 0.828472 0.056250 0.034722
5 0.600391 0.814583 0.033594 0.009722
8 0.800781 0.810417 0.025000 0.026389
5 0.800391 0.795139 0.025781 0.009722
8 0.779297 0.811111 0.041406 0.027778
5 0.778125 0.796528 0.039062 0.009722
5 0.903516 0.790278 0.024219 0.005556
8 0.906250 0.793056 0.000000 0.000000
5 0.883594 0.790972 0.043750 0.004167
5 0.905859 0.794444 0.016406 0.002778
0 0.866406 0.734028 0.042188 0.095833
0 0.952344 0.749306 0.075000 0.120833
0 0.711719 0.772917 0.123438 0.165278
0 0.200781 0.813194 0.184375 0.237500
1 0.398438 0.951389 0.360938 0.094444
1 0.628516 0.945139 0.403906 0.106944
1 0.860156 0.993056 0.018750 0.011111
1 0.205469 0.723611 0.003125 0.013889
2 0.223438 0.767361 0.003125 0.001389
2 0.217969 0.727778 0.014063 0.002778
2 0.258203 0.727083 0.003906 0.001389
2 0.226562 0.767361 0.001563 0.001389
2 0.232813 0.727778 0.015625 0.002778
2 0.248828 0.727778 0.014844 0.002778
1 0.362891 0.756944 0.067969 0.086111
2 0.343359 0.772917 0.016406 0.026389
2 0.339062 0.771528 0.014063 0.026389
2 0.341797 0.736806 0.019531 0.026389
2 0.384766 0.725000 0.016406 0.002778
2 0.359375 0.761111 0.025000 0.005556
2 0.358984 0.725694 0.013281 0.001389
2 0.353516 0.723611 0.014844 0.000000
2 0.373437 0.725694 0.014063 0.001389
2 0.368750 0.723611 0.014063 0.000000
1 0.222656 0.763194 0.012500 0.084722
2 0.228906 0.785417 0.015625 0.029167
2 0.223828 0.769444 0.003906 0.000000
2 0.227344 0.744444 0.020313 0.030556
2 0.277734 0.731250 0.000781 0.004167
2 0.237500 0.775694 0.000000 0.001389
2 0.246094 0.731944 0.015625 0.002778
2 0.246484 0.729167 0.005469 0.000000
2 0.257812 0.731944 0.006250 0.002778
2 0.255078 0.729167 0.010156 0.000000
1 0.380469 0.763194 0.064062 0.093056
2 0.363281 0.779861 0.017188 0.029167
2 0.359766 0.779167 0.016406 0.027778
2 0.361719 0.741667 0.020313 0.027778
2 0.408594 0.729167 0.009375 0.002778
2 0.380469 0.778472 0.025000 0.029167
2 0.379688 0.741667 0.017188 0.027778
2 0.395703 0.729167 0.016406 0.002778
1 0.267969 0.774306 0.082812 0.104167
2 0.243750 0.783333 0.017188 0.008333
2 0.239453 0.793056 0.019531 0.030556
2 0.241016 0.750000 0.022656 0.030556
2 0.298828 0.734028 0.013281 0.001389
2 0.278125 0.778472 0.056250 0.004167
2 0.257422 0.735417 0.007031 0.001389
2 0.253906 0.734722 0.007812 0.000000
2 0.277734 0.734722 0.000781 0.000000
1 0.412109 0.763194 0.078906 0.084722
2 0.389844 0.788889 0.020313 0.030556
2 0.383984 0.787500 0.016406 0.030556
2 0.387500 0.747222 0.023438 0.030556
2 0.443359 0.731944 0.008594 0.000000
2 0.420312 0.773611 0.054688 0.002778
2 0.407813 0.732639 0.009375 0.001389
2 0.401562 0.731944 0.010937 0.000000
2 0.413281 0.731944 0.000000 0.000000
1 0.275391 0.777778 0.086719 0.108333
2 0.246875 0.793750 0.014063 0.023611
2 0.244922 0.784028 0.017969 0.006944
2 0.247656 0.753472 0.023438 0.034722
2 0.304297 0.752778 0.022656 0.033333
2 0.289062 0.796528 0.053125 0.034722
2 0.268750 0.752083 0.018750 0.029167
2 0.294531 0.753472 0.004687 0.031944
2 0.284766 0.736111 0.014844 0.000000
1 0.425000 0.765972 0.082812 0.087500
2 0.401953 0.793056 0.021094 0.030556
2 0.396484 0.790972 0.019531 0.029167
2 0.399609 0.750000 0.025781 0.033333
2 0.451562 0.749306 0.021875 0.031944
2 0.434375 0.790278 0.057813 0.033333
2 0.412891 0.750000 0.000781 0.030556
2 0.410547 0.733333 0.003906 0.000000
2 0.442578 0.750000 0.007031 0.030556
2 0.439844 0.733333 0.000000 0.000000
2 0.827734 0.779167 0.053906 0.022222
2 0.868359 0.777778 0.025781 0.022222
2 0.882422 0.754167 0.053906 0.027778
2 0.827734 0.756250 0.053906 0.029167
2 0.906641 0.765278 0.050781 0.033333
2 0.959375 0.747917 0.026562 0.001389
2 0.898828 0.784722 0.033594 0.011111
2 0.948828 0.755556 0.049219 0.016667
2 0.850000 0.809722 0.071875 0.038889
2 0.878125 0.815278 0.071875 0.041667
2 0.100000 0.847917 0.079687 0.054167
2 0.100000 0.818056 0.075000 0.008333
2 0.179688 0.845139 0.075000 0.048611
2 0.141406 0.838194 0.001563 0.043056
2 0.182031 0.802083 0.078125 0.045833
2 0.142187 0.795139 0.001563 0.043056
2 0.182422 0.757639 0.077344 0.045833
2 0.178516 0.754167 0.074219 0.044444