3 0.499609 0.854861 0.999219 0.287500
4 0.209766 0.702083 0.007031 0.029167
4 0.106250 0.715278 0.004687 0.044444
4 0.056641 0.731944 0.007031 0.077778
4 0.001953 0.709028 0.003906 0.051389
8 0.060547 0.752083 0.086719 0.043056
8 0.733984 0.725000 0.047656 0.008333
5 0.549609 0.714583 0.007031 0.006944
5 0.549609 0.714583 0.007031 0.006944
5 0.549609 0.714583 0.007031 0.006944
5 0.549609 0.706944 0.007031 0.008333
5 0.549609 0.706944 0.007031 0.008333
5 0.549609 0.706944 0.007031 0.008333
5 0.549219 0.698611 0.007812 0.008333
5 0.549219 0.698611 0.007812 0.008333
5 0.549219 0.698611 0.007812 0.008333
5 0.549609 0.689583 0.007031 0.006944
5 0.549609 0.689583 0.007031 0.006944
5 0.549609 0.689583 0.007031 0.006944
6 0.446875 0.681944 0.021875 0.019444
6 0.446875 0.645139 0.021875 0.062500
6 0.455469 0.683333 0.004687 0.016667
6 0.343359 0.711806 0.060156 0.076389
6 0.326562 0.715972 0.050000 0.081944
7 0.128125 0.778472 0.085938 0.023611
7 0.064844 0.786806 0.093750 0.029167
7 0.596875 0.825000 0.109375 0.036111
7 0.631250 0.808333 0.107813 0.030556
7 0.506250 0.883333 0.159375 0.052778
7 0.568359 0.854167 0.117969 0.044444
7 0.250781 0.986111 0.240625 0.025000
7 0.366016 0.954167 0.183594 0.080556
7 0.095312 0.737500 0.000000 0.000000
7 0.208594 0.738194 0.029687 0.001389
7 0.008984 0.709028 0.016406 0.006944
6 0.186328 0.859722 0.372656 0.277778
6 0.651563 0.862500 0.342187 0.272222
8 0.006250 0.770833 0.006250 0.013889
8 0.237109 0.740278 0.003906 0.000000
5 0.182031 0.727083 0.025000 0.001389
8 0.309375 0.720139 0.003125 0.001389
5 0.309375 0.714583 0.003125 0.006944
8 0.429688 0.738889 0.003125 0.002778
8 0.440625 0.738194 0.010937 0.001389
8 0.366797 0.744444 0.000781 0.000000
5 0.757031 0.711111 0.001563 0.005556
8 0.750000 0.713889 0.003125 0.002778
5 0.753906 0.711806 0.007812 0.004167
8 0.750781 0.727778 0.014063 0.000000
5 0.750391 0.721528 0.014844 0.009722
8 0.708984 0.722222 0.044531 0.005556
5 0.709375 0.720139 0.040625 0.006944
5 0.752344 0.715972 0.010937 0.001389
8 0.737109 0.717361 0.011719 0.001389
5 0.720703 0.718056 0.021094 0.008333
8 0.723047 0.779167 0.017969 0.052778
5 0.737500 0.753472 0.040625 0.006944
8 0.747266 0.752778 0.008594 0.000000
5 0.747266 0.754861 0.008594 0.001389
8 0.648828 0.775000 0.083594 0.050000
5 0.650781 0.751389 0.081250 0.005556
8 0.660547 0.772917 0.063281 0.045833
5 0.653516 0.751389 0.044531 0.002778
0 0.498437 0.675694 0.093750 0.215278
0 0.617969 0.658333 0.059375 0.136111
0 0.578516 0.668056 0.039844 0.113889
1 0.220703 0.679861 0.061719 0.073611
1 0.210547 0.679861 0.052344 0.073611
1 0.171484 0.665972 0.055469 0.043056
1 0.145703 0.679167 0.052344 0.072222
1 0.116016 0.679861 0.055469 0.070833
1 0.100781 0.679167 0.064062 0.072222
1 0.035547 0.677778 0.055469 0.063889
1 0.023828 0.679167 0.047656 0.083333
1 0.007422 0.683333 0.013281 0.088889
1 0.978516 0.684722 0.041406 0.097222
2 0.961328 0.690278 0.000781 0.000000
2 0.974219 0.661806 0.006250 0.029167
2 0.980859 0.704167 0.036719 0.030556
1 0.987109 0.690278 0.024219 0.116667
2 0.988672 0.707639 0.021094 0.031944
2 0.978516 0.662500 0.002344 0.033333
2 0.991016 0.662500 0.016406 0.033333
2 0.989844 0.709722 0.018750 0.036111
2 0.980469 0.662500 0.001563 0.033333
2 0.990234 0.662500 0.017969 0.033333
1 0.934766 0.686806 0.044531 0.101389
2 0.914453 0.662500 0.000781 0.027778
2 0.921484 0.661806 0.007031 0.029167
2 0.943359 0.690278 0.019531 0.000000
2 0.915234 0.662500 0.000781 0.027778
2 0.915625 0.661111 0.000000 0.016667
1 0.949219 0.690278 0.053125 0.116667
2 0.925391 0.661806 0.000781 0.031944
2 0.950391 0.662500 0.041406 0.033333
2 0.953125 0.709722 0.039062 0.036111
2 0.926562 0.661806 0.000000 0.031944
2 0.937109 0.665278 0.019531 0.027778
2 0.959375 0.679167 0.014063 0.000000
2 0.856250 0.677778 0.123438 0.000000
2 0.853906 0.679861 0.143750 0.001389
2 0.855469 0.679167 0.132812 0.000000
2 0.851562 0.729861 0.165625 0.098611
2 0.853125 0.823611 0.165625 0.102778
2 0.707031 0.755556 0.071875 0.061111
2 0.635938 0.753472 0.073438 0.059722
2 0.756641 0.703472 0.002344 0.009722
2 0.770703 0.683333 0.030469 0.027778
2 0.816016 0.672917 0.035156 0.006944
2 0.771875 0.654167 0.034375 0.027778
2 0.815625 0.653472 0.035937 0.029167
5 0.133203 0.693056 0.072656 0.011111
5 0.132812 0.704167 0.073438 0.011111
5 0.132812 0.713889 0.073438 0.011111
5 0.132812 0.725000 0.073438 0.011111
5 0.131641 0.740972 0.049219 0.001389
5 0.132422 0.736111 0.072656 0.011111
5 0.192578 0.714583 0.069531 0.012500
5 0.192188 0.725694 0.070312 0.012500
5 0.198437 0.741667 0.057813 0.002778
5 0.192188 0.736806 0.070312 0.012500
5 0.194531 0.770833 0.064062 0.008333
5 0.000391 0.725000 0.000781 0.005556
5 0.000000 0.733333 0.000000 0.000000
5 0.192578 0.704861 0.069531 0.009722
5 0.192969 0.693750 0.070312 0.009722
5 0.264844 0.715278 0.073438 0.011111
5 0.296484 0.720833 0.008594 0.000000
5 0.235156 0.740278 0.014063 0.002778
5 0.264062 0.770139 0.073438 0.015278
5 0.267188 0.761111 0.067187 0.011111
5 0.023438 0.726389 0.046875 0.008333
5 0.023047 0.734028 0.046094 0.006944
5 0.264844 0.705556 0.073438 0.011111
5 0.264844 0.694444 0.073438 0.011111
5 0.265234 0.629861 0.072656 0.009722
5 0.265234 0.640972 0.072656 0.009722
5 0.265234 0.663194 0.072656 0.009722
5 0.265234 0.652083 0.072656 0.009722
5 0.265234 0.684722 0.072656 0.011111
5 0.265234 0.674306 0.072656 0.009722
5 0.023438 0.720139 0.046875 0.006944
5 0.023438 0.713194 0.046875 0.006944
5 0.265234 0.620139 0.072656 0.009722
5 0.266016 0.609028 0.072656 0.012500