3 0.499609 0.499306 0.999219 0.998611
4 0.640625 0.429861 0.025000 0.165278
4 0.535156 0.208333 0.062500 0.147222
4 0.460156 0.174306 0.000000 0.001389
4 0.442188 0.060417 0.034375 0.112500
4 0.401953 0.027083 0.013281 0.054167
4 0.407031 0.006250 0.007812 0.012500
4 0.956641 0.010417 0.036719 0.020833
8 0.347656 0.025000 0.000000 0.000000
6 0.310156 0.973611 0.009375 0.050000
6 0.430859 0.808333 0.283594 0.380556
6 0.331641 0.338194 0.158594 0.237500
6 0.260547 0.229167 0.153906 0.213889
7 0.211328 0.021528 0.085156 0.043056
7 0.183984 0.000694 0.005469 0.001389
7 0.515625 0.002083 0.035937 0.004167
7 0.636719 0.150000 0.082812 0.075000
7 0.926562 0.836111 0.145313 0.177778
7 0.630078 0.320833 0.119531 0.086111
6 0.981250 0.007639 0.035937 0.015278
8 0.311328 0.149306 0.083594 0.112500
5 0.309766 0.124306 0.074219 0.065278
8 0.388281 0.134028 0.078125 0.109722
5 0.389844 0.109722 0.073438 0.063889
8 0.499609 0.472222 0.158594 0.163889
5 0.501172 0.444444 0.142969 0.108333
8 0.537109 0.577083 0.175781 0.193056
5 0.538672 0.545833 0.158594 0.127778
8 0.580469 0.684028 0.182812 0.220833
5 0.586719 0.650000 0.173437 0.150000
8 0.642969 0.859028 0.221875 0.220833
5 0.630859 0.802083 0.174219 0.179167
8 0.387891 0.736111 0.194531 0.227778
5 0.383984 0.704861 0.164844 0.162500
8 0.423047 0.880556 0.219531 0.230556
5 0.423828 0.845833 0.199219 0.158333
8 0.354687 0.618056 0.175000 0.191667
5 0.356250 0.590972 0.157812 0.137500
8 0.332813 0.509028 0.157812 0.168056
5 0.334375 0.482639 0.142187 0.115278
5 0.351562 0.007639 0.078125 0.015278
5 0.350000 0.014583 0.082812 0.029167
5 0.350391 0.023611 0.082031 0.038889
5 0.350781 0.036806 0.082812 0.043056
5 0.351562 0.063194 0.081250 0.045833
5 0.351172 0.051389 0.082031 0.041667
5 0.348047 0.093056 0.072656 0.041667
5 0.352344 0.077083 0.081250 0.034722
5 0.254297 0.036806 0.082031 0.043056
5 0.255469 0.049306 0.081250 0.048611
5 0.257031 0.079167 0.081250 0.044444
5 0.256250 0.065278 0.081250 0.044444
5 0.257812 0.105556 0.079687 0.050000
5 0.257422 0.090972 0.080469 0.048611
5 0.253516 0.022917 0.082031 0.043056
5 0.253125 0.015278 0.081250 0.030556
5 0.143750 0.049306 0.079687 0.051389
5 0.144531 0.063889 0.079687 0.052778
5 0.147266 0.093056 0.078906 0.052778
5 0.145703 0.081944 0.078906 0.047222
5 0.149219 0.121528 0.078125 0.054167
5 0.148438 0.106944 0.078125 0.055556
5 0.142187 0.038194 0.079687 0.045833
5 0.141016 0.023611 0.080469 0.044444
5 0.112891 0.001389 0.030469 0.002778
5 0.139844 0.015972 0.079687 0.031944
5 0.138672 0.008333 0.080469 0.016667