3 0.499609 0.840278 0.999219 0.316667
4 0.402344 0.779167 0.006250 0.066667
4 0.408203 0.820833 0.030469 0.080556
4 0.430078 0.851389 0.010156 0.083333
4 0.430469 0.880556 0.037500 0.097222
4 0.459375 0.922917 0.012500 0.101389
4 0.462500 0.952778 0.035937 0.091667
4 0.503125 0.983333 0.004687 0.030556
8 0.515234 0.956944 0.063281 0.083333
8 0.968359 0.798611 0.061719 0.033333
5 0.366016 0.688194 0.042969 0.012500
5 0.366016 0.688194 0.042969 0.012500
5 0.366016 0.688194 0.042969 0.012500
5 0.366016 0.678472 0.042969 0.012500
5 0.366016 0.678472 0.042969 0.012500
5 0.366016 0.678472 0.042969 0.012500
5 0.366016 0.696528 0.042969 0.012500
5 0.366016 0.696528 0.042969 0.012500
5 0.366016 0.696528 0.042969 0.012500
5 0.428906 0.695833 0.039062 0.008333
5 0.428906 0.695833 0.039062 0.008333
5 0.428906 0.695833 0.039062 0.008333
5 0.428906 0.687500 0.039062 0.008333
5 0.428906 0.687500 0.039062 0.008333
5 0.428906 0.687500 0.039062 0.008333
5 0.428906 0.678472 0.039062 0.009722
5 0.428906 0.678472 0.039062 0.009722
5 0.428906 0.678472 0.039062 0.009722
5 0.428906 0.667361 0.039062 0.012500
5 0.428906 0.667361 0.039062 0.012500
5 0.428906 0.667361 0.039062 0.012500
6 0.499219 0.718056 0.037500 0.047222
6 0.482422 0.706944 0.035156 0.061111
6 0.499219 0.668750 0.037500 0.073611
6 0.488281 0.712500 0.023438 0.058333
6 0.520703 0.785417 0.064844 0.093056
6 0.561719 0.797917 0.067187 0.087500
7 0.666797 0.982639 0.100781 0.031944
7 0.315625 0.992361 0.042188 0.012500
7 0.308594 0.883333 0.034375 0.041667
7 0.353906 0.770139 0.053125 0.018056
7 0.369531 0.831250 0.064062 0.023611
8 0.532031 0.863194 0.043750 0.043056
5 0.541406 0.854167 0.026562 0.027778
8 0.464453 0.878472 0.021094 0.062500
5 0.472266 0.859028 0.028906 0.029167
8 0.457813 0.793750 0.054688 0.043056
5 0.457031 0.779861 0.050000 0.015278
8 0.452344 0.783333 0.053125 0.038889
5 0.448828 0.767361 0.041406 0.012500
8 0.444141 0.773611 0.047656 0.038889
5 0.444922 0.759028 0.046094 0.012500
8 0.441797 0.763889 0.049219 0.036111
5 0.441016 0.748611 0.044531 0.011111
8 0.483203 0.771528 0.010156 0.037500
5 0.483984 0.757639 0.008594 0.012500
8 0.497266 0.759722 0.041406 0.033333
5 0.497266 0.745833 0.041406 0.008333
8 0.487109 0.770833 0.002344 0.019444
5 0.487891 0.763889 0.000781 0.005556
8 0.821484 0.721528 0.032031 0.023611
5 0.822656 0.707639 0.035937 0.009722
5 0.815234 0.700000 0.021094 0.005556
8 0.828125 0.725000 0.034375 0.027778
5 0.834375 0.713194 0.043750 0.009722
8 0.850391 0.731250 0.049219 0.026389
5 0.851172 0.720833 0.046094 0.011111
8 0.739062 0.701389 0.001563 0.002778
5 0.759375 0.700694 0.037500 0.004167
5 0.768750 0.705556 0.000000 0.002778
8 0.809766 0.727778 0.007031 0.025000
5 0.807422 0.713194 0.005469 0.004167
8 0.816797 0.731250 0.024219 0.018056
5 0.815234 0.721528 0.021094 0.009722
8 0.925000 0.771528 0.054688 0.040278
5 0.928125 0.758333 0.040625 0.016667
8 0.965234 0.769444 0.055469 0.038889
5 0.964453 0.756944 0.049219 0.016667
8 0.890625 0.767361 0.053125 0.026389
5 0.882812 0.759722 0.032813 0.016667
8 0.848047 0.770833 0.047656 0.030556
5 0.849219 0.761111 0.046875 0.016667
8 0.862500 0.740972 0.020313 0.020833
5 0.876563 0.734028 0.045312 0.012500
8 0.898828 0.755556 0.052344 0.033333
5 0.900000 0.742361 0.050000 0.012500
8 0.856250 0.754167 0.032813 0.025000
5 0.862109 0.746528 0.041406 0.015278
8 0.824219 0.764583 0.039062 0.034722
5 0.824609 0.747917 0.039844 0.015278
0 0.906250 0.804861 0.128125 0.248611
0 0.768359 0.720833 0.082031 0.175000
0 0.518750 0.656944 0.040625 0.116667
1 0.061719 0.678472 0.073438 0.095833
1 0.054688 0.684028 0.076563 0.098611
1 0.011719 0.675000 0.023438 0.083333
1 0.007812 0.685417 0.015625 0.095833
1 0.981641 0.638889 0.035156 0.030556
2 0.977344 0.640972 0.026562 0.018056
2 0.991797 0.646528 0.014844 0.018056
2 0.997656 0.694444 0.003125 0.000000
2 0.979688 0.634722 0.006250 0.000000
2 0.990234 0.634722 0.013281 0.000000
2 0.986328 0.643750 0.019531 0.015278
2 0.993359 0.636806 0.007031 0.001389
1 0.902344 0.666667 0.062500 0.083333
2 0.879687 0.673611 0.001563 0.000000
2 0.887891 0.636111 0.028906 0.002778
2 0.914453 0.654167 0.032031 0.027778
2 0.900781 0.684028 0.039062 0.023611
2 0.890625 0.638194 0.018750 0.004167
2 0.903906 0.636806 0.018750 0.001389
2 0.895703 0.652083 0.014844 0.026389
2 0.915234 0.638194 0.010156 0.001389
1 0.971875 0.695139 0.054688 0.106944
2 0.966406 0.652778 0.035937 0.002778
2 0.987891 0.673611 0.022656 0.030556
2 0.981641 0.712500 0.035156 0.036111
2 0.970313 0.654861 0.012500 0.001389
2 0.983984 0.653472 0.014844 0.001389
2 0.982422 0.656250 0.005469 0.001389
2 0.990234 0.656250 0.017969 0.001389
1 0.866797 0.671528 0.061719 0.090278
2 0.846094 0.684028 0.015625 0.026389
2 0.854297 0.649306 0.032031 0.026389
2 0.879687 0.654167 0.029687 0.027778
2 0.870313 0.688889 0.050000 0.033333
2 0.845313 0.650000 0.000000 0.025000
2 0.869922 0.637500 0.010156 0.000000
2 0.862500 0.652083 0.017188 0.026389
2 0.876172 0.639583 0.019531 0.001389
1 0.942578 0.695139 0.072656 0.106944
2 0.919141 0.706944 0.021094 0.030556
2 0.925781 0.668056 0.034375 0.030556
2 0.951172 0.675000 0.028906 0.030556
2 0.947266 0.713889 0.058594 0.038889
2 0.927734 0.670833 0.019531 0.030556
2 0.945312 0.654861 0.015625 0.001389
2 0.935937 0.672917 0.017188 0.031944
2 0.954297 0.657639 0.022656 0.001389
2 0.996875 0.815972 0.004687 0.006944
2 0.968750 0.852083 0.060937 0.076389
2 0.670312 0.683333 0.014063 0.033333
2 0.700000 0.691667 0.043750 0.033333
2 0.731641 0.690972 0.017969 0.029167
2 0.700000 0.663889 0.043750 0.033333
2 0.731641 0.664583 0.017969 0.029167
2 0.700000 0.636806 0.043750 0.031944
2 0.726562 0.636111 0.028125 0.033333
5 0.510938 0.850694 0.071875 0.031944
5 0.510938 0.863889 0.071875 0.030556
5 0.510938 0.875694 0.071875 0.029167
5 0.510938 0.887500 0.071875 0.030556
5 0.510938 0.911806 0.071875 0.029167
5 0.510938 0.900694 0.071875 0.031944
5 0.511328 0.937500 0.071094 0.033333
5 0.510938 0.924306 0.071875 0.029167
5 0.591406 0.870833 0.073438 0.027778
5 0.591406 0.883333 0.073438 0.027778
5 0.591406 0.908333 0.073438 0.030556
5 0.591406 0.895833 0.073438 0.030556
5 0.591406 0.931944 0.073438 0.030556
5 0.591406 0.919444 0.073438 0.030556
5 0.591406 0.859722 0.073438 0.027778
5 0.591406 0.845833 0.073438 0.030556
5 0.678516 0.865278 0.075781 0.027778
5 0.678516 0.877778 0.075781 0.027778
5 0.678516 0.902083 0.075781 0.029167
5 0.678516 0.889583 0.075781 0.029167
5 0.678516 0.925000 0.075781 0.030556
5 0.678516 0.913194 0.075781 0.029167
5 0.022656 0.820139 0.045312 0.020833
5 0.023047 0.829861 0.046094 0.020833
5 0.678516 0.854861 0.075781 0.026389
5 0.678516 0.842361 0.075781 0.026389
5 0.678516 0.770833 0.075781 0.025000
5 0.678516 0.783333 0.075781 0.025000
5 0.678516 0.807639 0.075781 0.026389
5 0.678516 0.795139 0.075781 0.026389
5 0.678516 0.831250 0.075781 0.026389
5 0.678516 0.819444 0.075781 0.025000
5 0.022656 0.813194 0.045312 0.018056
5 0.023047 0.803472 0.046094 0.020833
5 0.678516 0.759722 0.075781 0.025000
5 0.678516 0.747222 0.075781 0.025000