3 0.499609 0.866667 0.999219 0.263889
4 0.409375 0.704167 0.000000 0.050000
4 0.421875 0.709722 0.029687 0.075000
4 0.448437 0.711111 0.009375 0.075000
4 0.451562 0.708333 0.037500 0.086111
4 0.485547 0.709722 0.011719 0.091667
4 0.493750 0.706250 0.046875 0.106944
4 0.540625 0.704861 0.015625 0.118056
4 0.570703 0.702778 0.036719 0.136111
4 0.803906 0.693056 0.035937 0.230556
4 0.913281 0.686111 0.159375 0.300000
8 0.542969 0.729167 0.060937 0.055556
5 0.421094 0.730556 0.040625 0.005556
5 0.421094 0.730556 0.040625 0.005556
5 0.421094 0.730556 0.040625 0.005556
5 0.418359 0.722917 0.035156 0.006944
5 0.418359 0.722917 0.035156 0.006944
5 0.418359 0.722917 0.035156 0.006944
5 0.411719 0.713194 0.021875 0.006944
5 0.411719 0.713194 0.021875 0.006944
5 0.411719 0.713194 0.021875 0.006944
5 0.421094 0.704167 0.040625 0.008333
5 0.421094 0.704167 0.040625 0.008333
5 0.421094 0.704167 0.040625 0.008333
6 0.491797 0.705556 0.008594 0.066667
6 0.484375 0.706944 0.023438 0.061111
6 0.503125 0.645139 0.031250 0.065278
6 0.484766 0.706250 0.022656 0.062500
6 0.514844 0.684722 0.034375 0.041667
6 0.566797 0.701389 0.074219 0.088889
7 0.668750 0.744444 0.042188 0.019444
7 0.730469 0.748611 0.104688 0.025000
7 0.000000 0.740972 0.000000 0.004167
7 0.404297 0.737500 0.019531 0.013889
6 0.998828 0.553472 0.000781 0.018056
6 0.945703 0.673611 0.107031 0.252778
8 0.762109 0.737500 0.135156 0.077778
5 0.744141 0.701389 0.088281 0.016667
8 0.814063 0.738889 0.157812 0.086111
5 0.812500 0.700694 0.142187 0.018056
8 0.708984 0.734028 0.100781 0.065278
5 0.707422 0.704167 0.067969 0.013889
8 0.629687 0.734722 0.095312 0.066667
5 0.629687 0.704167 0.087500 0.013889
8 0.553516 0.731944 0.044531 0.033333
5 0.556250 0.706250 0.053125 0.001389
8 0.494141 0.728472 0.046094 0.043056
5 0.489844 0.709028 0.029687 0.009722
8 0.466797 0.726389 0.052344 0.033333
5 0.451562 0.711111 0.021875 0.005556
8 0.457422 0.725694 0.044531 0.031944
5 0.457422 0.711111 0.044531 0.005556
8 0.450000 0.725694 0.048438 0.031944
5 0.451172 0.711111 0.046094 0.005556
8 0.442188 0.725694 0.040625 0.029167
5 0.425391 0.711111 0.003906 0.005556
8 0.491406 0.728472 0.006250 0.018056
8 0.479687 0.730556 0.000000 0.000000
8 0.495703 0.734722 0.000781 0.008333
0 0.916406 0.646528 0.117188 0.206944
0 0.761328 0.658333 0.067969 0.141667
0 0.514453 0.670139 0.039844 0.098611
0 0.303516 0.502778 0.185156 0.627778
1 0.060547 0.691667 0.074219 0.088889
1 0.054688 0.690278 0.076563 0.091667
1 0.019141 0.682639 0.007031 0.070833
1 0.008203 0.690278 0.016406 0.088889
1 0.971875 0.671528 0.054688 0.040278
1 0.970313 0.670139 0.057813 0.056944
2 0.984766 0.666667 0.028906 0.027778
2 0.976953 0.695833 0.010156 0.005556
1 0.827344 0.671528 0.003125 0.037500
2 0.828906 0.685417 0.000000 0.001389
1 0.944922 0.674306 0.005469 0.029167
2 0.944531 0.666667 0.006250 0.025000
2 0.945703 0.695139 0.002344 0.004167
2 0.976953 0.722917 0.044531 0.048611
2 0.660156 0.725000 0.007812 0.005556
2 0.680078 0.725694 0.016406 0.004167
2 0.722656 0.725694 0.001563 0.004167
2 0.692969 0.693056 0.010937 0.025000
2 0.722656 0.688194 0.001563 0.004167
2 0.692578 0.667361 0.011719 0.023611
2 0.734375 0.667361 0.026562 0.026389
5 0.532422 0.663194 0.071094 0.012500
5 0.532422 0.675000 0.071094 0.011111
5 0.532422 0.686806 0.071094 0.012500
5 0.532422 0.698611 0.071094 0.011111
5 0.532422 0.724306 0.071094 0.009722
5 0.532422 0.711111 0.071094 0.011111
5 0.523828 0.747917 0.053906 0.012500
5 0.530859 0.734722 0.067969 0.011111
5 0.603125 0.686806 0.059375 0.012500
5 0.603125 0.699306 0.059375 0.012500
5 0.603125 0.723611 0.059375 0.008333
5 0.585547 0.711806 0.024219 0.009722
5 0.602734 0.747222 0.058594 0.011111
5 0.603125 0.735417 0.059375 0.009722
5 0.603125 0.676389 0.059375 0.011111
5 0.603125 0.664583 0.059375 0.012500
5 0.693359 0.687500 0.074219 0.011111
5 0.677734 0.700000 0.042969 0.011111
5 0.693750 0.723611 0.075000 0.008333
5 0.676562 0.709028 0.035937 0.004167
5 0.028906 0.731944 0.057813 0.008333
5 0.030078 0.740972 0.057031 0.009722
5 0.693359 0.676389 0.074219 0.011111
5 0.693359 0.664583 0.074219 0.012500
5 0.692578 0.596528 0.074219 0.015278
5 0.692578 0.608333 0.074219 0.013889
5 0.692578 0.631250 0.074219 0.012500
5 0.692578 0.620139 0.074219 0.015278
5 0.693359 0.654167 0.074219 0.011111
5 0.693359 0.642361 0.074219 0.012500
5 0.029297 0.723611 0.057031 0.008333
5 0.030859 0.713889 0.057031 0.008333
5 0.692578 0.585417 0.074219 0.015278
5 0.692187 0.573611 0.073438 0.016667