3 0.499609 0.854861 0.999219 0.287500
4 0.462891 0.701389 0.002344 0.050000
4 0.502734 0.711111 0.032031 0.066667
4 0.544922 0.714583 0.010156 0.070833
4 0.567578 0.718750 0.036719 0.076389
4 0.621484 0.723611 0.011719 0.083333
4 0.653906 0.728472 0.045312 0.090278
4 0.080859 0.730556 0.000781 0.000000
4 0.119531 0.904861 0.239063 0.187500
4 0.079297 0.757639 0.003906 0.001389
4 0.079687 0.762500 0.003125 0.002778
4 0.080078 0.771528 0.000781 0.004167
4 0.080469 0.781944 0.000000 0.000000
4 0.108984 0.698611 0.002344 0.000000
4 0.058594 0.771528 0.043750 0.143056
4 0.119141 0.830556 0.017969 0.230556
4 0.158984 0.863889 0.063281 0.269444
8 0.675781 0.743056 0.070312 0.050000
8 0.975781 0.700000 0.000000 0.000000
5 0.342969 0.700694 0.043750 0.006944
5 0.342969 0.700694 0.043750 0.006944
5 0.342969 0.700694 0.043750 0.006944
5 0.343359 0.692361 0.042969 0.006944
5 0.343359 0.692361 0.042969 0.006944
5 0.343359 0.692361 0.042969 0.006944
5 0.342969 0.709028 0.043750 0.006944
5 0.342969 0.709028 0.043750 0.006944
5 0.342969 0.709028 0.043750 0.006944
5 0.398828 0.707639 0.042969 0.006944
5 0.398828 0.707639 0.042969 0.006944
5 0.398828 0.707639 0.042969 0.006944
5 0.398828 0.700694 0.042969 0.006944
5 0.398828 0.700694 0.042969 0.006944
5 0.398828 0.700694 0.042969 0.006944
5 0.398828 0.692361 0.042969 0.006944
5 0.398828 0.692361 0.042969 0.006944
5 0.398828 0.692361 0.042969 0.006944
5 0.398828 0.683333 0.042969 0.008333
5 0.398828 0.683333 0.042969 0.008333
5 0.398828 0.683333 0.042969 0.008333
6 0.514453 0.693056 0.041406 0.058333
6 0.483203 0.692361 0.038281 0.056944
6 0.514453 0.638889 0.041406 0.061111
6 0.498047 0.692361 0.038281 0.056944
6 0.576172 0.702083 0.058594 0.073611
6 0.624219 0.703472 0.065625 0.076389
7 0.544922 0.765972 0.064844 0.026389
7 0.245312 0.783333 0.062500 0.022222
7 0.441016 0.743750 0.046094 0.020833
7 0.060547 0.740278 0.041406 0.016667
7 0.394531 0.722917 0.051562 0.012500
7 0.457031 0.734028 0.057813 0.015278
6 0.057031 0.836111 0.114062 0.325000
6 0.060937 0.456250 0.121875 0.545833
6 0.037891 0.759028 0.060156 0.118056
6 0.036719 0.587500 0.073438 0.119444
6 0.042578 0.605556 0.049219 0.083333
6 0.048828 0.732639 0.032031 0.065278
8 0.958203 0.777083 0.082031 0.059722
5 0.958984 0.747222 0.080469 0.016667
8 0.978125 0.780556 0.042188 0.063889
5 0.981250 0.753472 0.035937 0.018056
8 0.633984 0.725694 0.049219 0.004167
5 0.637500 0.712500 0.042188 0.002778
8 0.591406 0.733333 0.054688 0.038889
5 0.593750 0.715972 0.050000 0.009722
8 0.510547 0.720139 0.049219 0.031944
5 0.511719 0.706250 0.046875 0.006944
8 0.498437 0.718056 0.050000 0.030556
5 0.498828 0.704861 0.046094 0.006944
8 0.485938 0.716667 0.050000 0.027778
5 0.485156 0.703472 0.040625 0.006944
8 0.472656 0.714583 0.043750 0.026389
5 0.471094 0.702083 0.037500 0.006944
8 0.529297 0.718056 0.035156 0.025000
5 0.525391 0.700694 0.019531 0.001389
8 0.506641 0.720833 0.007031 0.013889
5 0.517969 0.699306 0.034375 0.001389
8 0.532031 0.723611 0.000000 0.002778
5 0.533594 0.701389 0.003125 0.000000
0 0.921094 0.662500 0.095312 0.172222
0 0.739062 0.625000 0.015625 0.041667
0 0.494141 0.659722 0.042969 0.102778
0 0.794531 0.660417 0.246875 0.454167
0 0.008203 0.786111 0.016406 0.169444
0 0.017188 0.652778 0.034375 0.266667
0 0.023047 0.654167 0.025781 0.238889
1 0.138281 0.706944 0.146875 0.316667
1 0.259375 0.710417 0.154688 0.315278
1 0.041406 0.705556 0.010937 0.000000
1 0.036719 0.671528 0.021875 0.076389
1 0.031641 0.676389 0.017969 0.097222
1 0.031641 0.682639 0.017969 0.143056
1 0.962109 0.656944 0.046094 0.038889
2 0.970703 0.676389 0.024219 0.000000
2 0.941016 0.651389 0.003906 0.008333
1 0.875781 0.640278 0.021875 0.002778
1 0.971484 0.666667 0.055469 0.063889
2 0.946875 0.650000 0.001563 0.011111
2 0.987891 0.656250 0.022656 0.023611
2 0.978906 0.688889 0.040625 0.022222
2 0.961719 0.656250 0.007812 0.023611
2 0.971484 0.656250 0.010156 0.023611
1 0.850000 0.639583 0.009375 0.004167
1 0.905078 0.640278 0.066406 0.011111
1 0.869531 0.637500 0.048438 0.008333
2 0.892969 0.643750 0.001563 0.001389
2 0.987891 0.700000 0.022656 0.000000
2 0.979297 0.720833 0.039844 0.038889
2 0.617578 0.693056 0.002344 0.002778
2 0.658594 0.698611 0.000000 0.011111
2 0.685547 0.700694 0.013281 0.020833
2 0.651953 0.673611 0.039844 0.022222
2 0.687500 0.672917 0.029687 0.020833
2 0.651953 0.649306 0.039844 0.023611
2 0.687500 0.649306 0.029687 0.023611
5 0.644141 0.681250 0.067969 0.009722
5 0.644141 0.692361 0.067969 0.009722
5 0.644141 0.702083 0.067969 0.009722
5 0.644141 0.712500 0.067969 0.011111
5 0.644141 0.734722 0.067969 0.011111
5 0.644141 0.723611 0.067969 0.011111
5 0.643359 0.754167 0.066406 0.013889
5 0.644141 0.743750 0.067969 0.012500
5 0.696875 0.702083 0.035937 0.009722
5 0.692969 0.711806 0.042188 0.009722
5 0.691797 0.734028 0.039844 0.009722
5 0.692578 0.722222 0.041406 0.011111
5 0.697266 0.753472 0.025781 0.009722
5 0.691406 0.742361 0.039062 0.012500
5 0.053516 0.730556 0.039844 0.002778
5 0.052344 0.743056 0.015625 0.008333
5 0.696875 0.692361 0.037500 0.009722
5 0.693750 0.681250 0.045312 0.009722
5 0.128906 0.731250 0.031250 0.009722
5 0.129688 0.740972 0.032813 0.009722
5 0.762109 0.621528 0.052344 0.009722
5 0.762109 0.632639 0.052344 0.009722
5 0.762109 0.642361 0.052344 0.009722
5 0.128906 0.724306 0.031250 0.009722
5 0.127344 0.714583 0.039062 0.009722
5 0.761719 0.612500 0.051562 0.008333
5 0.761719 0.603472 0.051562 0.009722