3 0.499609 0.839583 0.999219 0.318056
4 0.507422 0.782639 0.010156 0.070833
4 0.585547 0.816667 0.041406 0.083333
4 0.658203 0.838889 0.013281 0.088889
4 0.707812 0.863194 0.050000 0.098611
4 0.805469 0.893056 0.015625 0.105556
4 0.879687 0.928472 0.062500 0.120833
4 0.115625 0.962500 0.006250 0.030556
4 0.149609 0.950000 0.028906 0.097222
4 0.172266 0.970833 0.005469 0.050000
8 0.878516 0.923611 0.105469 0.080556
8 0.994531 0.762500 0.003125 0.019444
5 0.301953 0.712500 0.035156 0.011111
5 0.301953 0.712500 0.035156 0.011111
5 0.301953 0.712500 0.035156 0.011111
5 0.301953 0.701389 0.035156 0.013889
5 0.301953 0.701389 0.035156 0.013889
5 0.301953 0.701389 0.035156 0.013889
5 0.301953 0.722222 0.035156 0.011111
5 0.301953 0.722222 0.035156 0.011111
5 0.301953 0.722222 0.035156 0.011111
5 0.378125 0.715278 0.009375 0.008333
5 0.378125 0.715278 0.009375 0.008333
5 0.378125 0.715278 0.009375 0.008333
5 0.378125 0.706944 0.009375 0.008333
5 0.378125 0.706944 0.009375 0.008333
5 0.378125 0.706944 0.009375 0.008333
5 0.378125 0.697222 0.009375 0.008333
5 0.378125 0.697222 0.009375 0.008333
5 0.378125 0.697222 0.009375 0.008333
5 0.378125 0.686806 0.009375 0.009722
5 0.378125 0.686806 0.009375 0.009722
5 0.378125 0.686806 0.009375 0.009722
6 0.530859 0.725000 0.053906 0.052778
6 0.480078 0.718056 0.046094 0.066667
6 0.531250 0.671528 0.056250 0.073611
6 0.503516 0.720833 0.047656 0.061111
6 0.647656 0.777778 0.070312 0.097222
6 0.715234 0.790278 0.074219 0.097222
7 0.988672 0.934028 0.021094 0.031944
7 0.765234 0.983333 0.105469 0.030556
7 0.539453 0.884722 0.071094 0.041667
7 0.027734 0.893056 0.007031 0.027778
7 0.406250 0.784028 0.060937 0.020833
7 0.517969 0.834722 0.073438 0.027778
6 0.169531 0.911806 0.125000 0.173611
6 0.004687 0.934722 0.009375 0.127778
6 0.080078 0.818750 0.094531 0.170833
6 0.079297 0.935417 0.094531 0.126389
8 0.744922 0.845139 0.035156 0.040278
5 0.745703 0.830556 0.032031 0.022222
8 0.719922 0.863194 0.082031 0.059722
5 0.721094 0.840278 0.073438 0.027778
8 0.559375 0.797222 0.057813 0.041667
5 0.560937 0.779167 0.054688 0.016667
8 0.540234 0.787500 0.063281 0.038889
5 0.539453 0.770139 0.057031 0.015278
8 0.508984 0.780556 0.042969 0.038889
5 0.517578 0.763194 0.055469 0.015278
8 0.497656 0.772222 0.059375 0.036111
5 0.496875 0.756250 0.053125 0.015278
8 0.571484 0.774306 0.058594 0.037500
5 0.566406 0.758333 0.043750 0.013889
8 0.550391 0.753472 0.057031 0.009722
5 0.550000 0.751389 0.051562 0.013889
8 0.575781 0.781944 0.023438 0.038889
5 0.583594 0.765278 0.034375 0.013889
8 0.587891 0.772222 0.000781 0.002778
5 0.600391 0.771528 0.000781 0.006944
8 0.757812 0.714583 0.006250 0.023611
5 0.760156 0.703472 0.006250 0.004167
8 0.744922 0.711806 0.021094 0.026389
5 0.749609 0.699306 0.027344 0.006944
8 0.718359 0.714583 0.041406 0.026389
5 0.719922 0.703472 0.039844 0.009722
8 0.739453 0.719444 0.042969 0.027778
5 0.741016 0.707639 0.041406 0.009722
8 0.750781 0.723611 0.025000 0.027778
5 0.751953 0.711111 0.022656 0.008333
8 0.762109 0.720139 0.002344 0.012500
5 0.763281 0.715278 0.000000 0.005556
8 0.964063 0.745139 0.001563 0.001389
8 0.970313 0.749306 0.014063 0.026389
5 0.970313 0.734028 0.014063 0.009722
8 0.894531 0.750000 0.017188 0.027778
5 0.893750 0.734722 0.014063 0.002778
8 0.878125 0.756944 0.046875 0.036111
5 0.879297 0.741667 0.046094 0.013889
8 0.868750 0.725694 0.040625 0.009722
5 0.868359 0.720139 0.039844 0.009722
8 0.900781 0.731944 0.000000 0.000000
5 0.886719 0.725694 0.028125 0.009722
8 0.876563 0.743750 0.046875 0.023611
5 0.869141 0.729861 0.041406 0.009722
8 0.859375 0.748611 0.021875 0.027778
5 0.857422 0.734722 0.017969 0.011111
0 0.996484 0.784722 0.005469 0.080556
0 0.835938 0.705556 0.084375 0.163889
0 0.471484 0.668750 0.060156 0.120833
0 0.232813 0.986806 0.146875 0.023611
0 0.060156 0.878472 0.120313 0.240278
0 0.037891 0.862500 0.075781 0.252778
1 0.671094 0.995139 0.010937 0.006944
1 0.004297 0.700694 0.008594 0.073611
1 0.003906 0.684722 0.007812 0.008333
1 0.018359 0.859722 0.036719 0.122222
1 0.939844 0.650000 0.064062 0.052778
2 0.918750 0.638194 0.017188 0.015278
2 0.955859 0.640972 0.027344 0.015278
2 0.952344 0.680556 0.034375 0.011111
2 0.925781 0.639583 0.009375 0.015278
2 0.937109 0.631944 0.013281 0.000000
2 0.938672 0.640972 0.014844 0.015278
2 0.952344 0.633333 0.006250 0.000000
1 0.883984 0.659028 0.064844 0.068056
2 0.859375 0.677778 0.009375 0.022222
2 0.864844 0.645833 0.021875 0.022222
2 0.899219 0.641667 0.028125 0.008333
2 0.872266 0.682639 0.014844 0.001389
2 0.870313 0.641667 0.012500 0.011111
2 0.881250 0.634722 0.009375 0.000000
2 0.880859 0.641667 0.011719 0.011111
2 0.894141 0.636111 0.013281 0.000000
1 0.973047 0.676389 0.052344 0.086111
2 0.960156 0.688889 0.020313 0.025000
2 0.967187 0.676389 0.015625 0.000000
2 0.960547 0.654861 0.022656 0.026389
2 0.997656 0.659028 0.001563 0.026389
2 0.980859 0.693056 0.036719 0.030556
2 0.969141 0.656944 0.014844 0.025000
2 0.974609 0.643056 0.003906 0.000000
2 0.975781 0.657639 0.003125 0.023611
2 0.997656 0.644444 0.001563 0.000000
1 0.830859 0.671528 0.044531 0.081944
2 0.805469 0.638194 0.023438 0.001389
2 0.836719 0.653472 0.026562 0.023611
2 0.830859 0.684722 0.039844 0.027778
2 0.806250 0.639583 0.012500 0.001389
2 0.816797 0.640278 0.013281 0.000000
1 0.917969 0.679167 0.075000 0.086111
2 0.890625 0.684722 0.000000 0.000000
2 0.896875 0.647222 0.026562 0.002778
2 0.936328 0.663889 0.032031 0.027778
2 0.926953 0.692361 0.052344 0.015278
2 0.902734 0.647917 0.014844 0.001389
2 0.915234 0.647222 0.016406 0.000000
2 0.914844 0.650000 0.015625 0.000000
2 0.933203 0.648611 0.010156 0.000000
1 0.792188 0.662500 0.064062 0.063889
2 0.763281 0.684722 0.000000 0.022222
2 0.763281 0.651389 0.000000 0.022222
2 0.808203 0.654861 0.028906 0.026389
2 0.808203 0.686111 0.028906 0.027778
2 0.795703 0.640278 0.003906 0.000000
2 0.797656 0.641667 0.007812 0.000000
2 0.800000 0.640278 0.003125 0.000000
1 0.889844 0.678472 0.075000 0.081944
2 0.863281 0.698611 0.015625 0.027778
2 0.878906 0.684028 0.014063 0.001389
2 0.867969 0.661806 0.025000 0.029167
2 0.907813 0.665972 0.032813 0.029167
2 0.896094 0.700000 0.057813 0.030556
2 0.877734 0.663889 0.021094 0.027778
2 0.886719 0.649306 0.010937 0.001389
2 0.889453 0.665278 0.021094 0.027778
2 0.898047 0.650000 0.016406 0.000000
2 0.592578 0.692361 0.016406 0.029167
2 0.636328 0.699306 0.047656 0.031944
2 0.675391 0.698611 0.028906 0.027778
2 0.636328 0.672222 0.047656 0.030556
2 0.675391 0.672222 0.028906 0.027778
2 0.636328 0.645833 0.047656 0.030556
2 0.664844 0.643750 0.050000 0.029167
5 0.806641 0.820833 0.088281 0.030556
5 0.806641 0.835417 0.088281 0.026389
5 0.806641 0.847917 0.088281 0.026389
5 0.807031 0.861111 0.089063 0.027778
5 0.807031 0.886806 0.089063 0.029167
5 0.807031 0.873611 0.089063 0.027778
5 0.807031 0.911806 0.089063 0.029167
5 0.807031 0.899306 0.089063 0.029167
5 0.876172 0.837500 0.071094 0.025000
5 0.875781 0.849306 0.073438 0.026389
5 0.882031 0.875694 0.060937 0.023611
5 0.876953 0.863194 0.071094 0.023611
5 0.877344 0.899306 0.070312 0.023611
5 0.876563 0.886806 0.071875 0.026389
5 0.017969 0.866667 0.035937 0.025000
5 0.028906 0.874306 0.006250 0.015278
5 0.875391 0.825000 0.072656 0.025000
5 0.868750 0.810417 0.085938 0.029167
5 0.938281 0.825694 0.073438 0.023611
5 0.938672 0.837500 0.072656 0.025000
5 0.938672 0.862500 0.072656 0.025000
5 0.938672 0.850000 0.072656 0.025000
5 0.944141 0.887500 0.061719 0.022222
5 0.938281 0.874306 0.073438 0.023611
5 0.128906 0.857639 0.021875 0.015278
5 0.135156 0.867361 0.014063 0.015278
5 0.938672 0.814583 0.072656 0.023611
5 0.932813 0.802778 0.084375 0.022222
5 0.932031 0.731944 0.084375 0.019444
5 0.932422 0.743750 0.083594 0.020833
5 0.932422 0.768056 0.083594 0.022222
5 0.932422 0.755556 0.083594 0.022222
5 0.932813 0.790972 0.084375 0.023611
5 0.932422 0.779167 0.083594 0.022222
5 0.129297 0.843750 0.021094 0.020833
5 0.128906 0.828472 0.026562 0.012500
5 0.932031 0.720833 0.084375 0.019444
5 0.932031 0.707639 0.084375 0.020833