3 0.499609 0.868750 0.999219 0.259722
4 0.252344 0.756250 0.000000 0.015278
4 0.156641 0.763194 0.017969 0.026389
4 0.028906 0.816667 0.020313 0.091667
8 0.012500 0.881944 0.025000 0.066667
8 0.883594 0.825000 0.101562 0.038889
5 0.454297 0.734722 0.042969 0.011111
5 0.454297 0.734722 0.042969 0.011111
5 0.454297 0.734722 0.042969 0.011111
5 0.454297 0.725000 0.042969 0.011111
5 0.454297 0.725000 0.042969 0.011111
5 0.454297 0.725000 0.042969 0.011111
5 0.454688 0.744444 0.043750 0.008333
5 0.454688 0.744444 0.043750 0.008333
5 0.454688 0.744444 0.043750 0.008333
5 0.519141 0.745139 0.042969 0.009722
5 0.519141 0.745139 0.042969 0.009722
5 0.519141 0.745139 0.042969 0.009722
5 0.518359 0.736111 0.044531 0.011111
5 0.518359 0.736111 0.044531 0.011111
5 0.518359 0.736111 0.044531 0.011111
5 0.518359 0.726389 0.044531 0.011111
5 0.518359 0.726389 0.044531 0.011111
5 0.518359 0.726389 0.044531 0.011111
5 0.518359 0.715972 0.044531 0.009722
5 0.518359 0.715972 0.044531 0.009722
5 0.518359 0.715972 0.044531 0.009722
6 0.456250 0.750694 0.050000 0.081944
6 0.484766 0.740972 0.042969 0.073611
6 0.457813 0.680556 0.053125 0.077778
6 0.471875 0.745833 0.046875 0.077778
6 0.336719 0.779167 0.081250 0.102778
6 0.326953 0.793056 0.061719 0.116667
7 0.066016 0.936806 0.132031 0.048611
7 0.022656 0.975694 0.045312 0.045833
7 0.013281 0.836111 0.026562 0.030556
7 0.176172 0.804167 0.000781 0.000000
8 0.198047 0.848611 0.046094 0.047222
5 0.205078 0.820833 0.060156 0.022222
8 0.116797 0.835417 0.000781 0.001389
5 0.117188 0.820139 0.000000 0.001389
8 0.384375 0.761111 0.014063 0.005556
5 0.382422 0.759722 0.010156 0.005556
8 0.408203 0.785417 0.058594 0.040278
5 0.405469 0.768056 0.056250 0.011111
8 0.439063 0.779861 0.026562 0.037500
5 0.420312 0.763194 0.056250 0.009722
8 0.401953 0.790278 0.047656 0.041667
5 0.399609 0.772917 0.044531 0.012500
8 0.393359 0.797222 0.030469 0.044444
5 0.391406 0.779861 0.026562 0.012500
8 0.883594 0.770139 0.006250 0.029167
5 0.904687 0.756944 0.045312 0.008333
8 0.882031 0.764583 0.007812 0.026389
5 0.903516 0.751389 0.047656 0.002778
8 0.914844 0.772917 0.059375 0.029167
5 0.914062 0.762500 0.053125 0.011111
8 0.918359 0.775694 0.060156 0.023611
5 0.917969 0.766667 0.056250 0.008333
8 0.841406 0.758333 0.050000 0.016667
5 0.841406 0.750000 0.046875 0.002778
8 0.842578 0.763194 0.052344 0.020833
5 0.842187 0.755556 0.048438 0.008333
8 0.846484 0.766667 0.053906 0.019444
5 0.846094 0.761111 0.050000 0.011111
8 0.848437 0.781250 0.057813 0.040278
5 0.847266 0.765278 0.052344 0.011111
8 0.922266 0.813194 0.053906 0.051389
5 0.921875 0.795139 0.046875 0.018056
8 0.978906 0.815278 0.040625 0.050000
5 0.979688 0.796528 0.039062 0.018056
8 0.867578 0.805556 0.050781 0.038889
5 0.867188 0.793750 0.043750 0.018056
8 0.805078 0.811111 0.049219 0.052778
5 0.804297 0.790972 0.042969 0.018056
8 0.917578 0.793750 0.061719 0.043056
5 0.918750 0.777083 0.059375 0.012500
8 0.931250 0.802778 0.073438 0.047222
5 0.930469 0.783333 0.067187 0.013889
8 0.865625 0.800000 0.046875 0.044444
5 0.864844 0.781250 0.040625 0.009722
8 0.807031 0.797917 0.045312 0.043056
5 0.806641 0.780556 0.039844 0.013889
8 0.967969 0.877778 0.062500 0.072222
5 0.969531 0.852083 0.059375 0.023611
8 0.964063 0.862500 0.070312 0.066667
5 0.965625 0.834722 0.067187 0.013889
8 0.985156 0.949306 0.028125 0.098611
5 0.987500 0.913889 0.023438 0.033333
8 0.978906 0.923611 0.040625 0.088889
5 0.981250 0.887500 0.035937 0.022222
8 0.874219 0.942361 0.128125 0.101389
5 0.871875 0.907639 0.115625 0.037500
8 0.869531 0.918056 0.117188 0.091667
5 0.867188 0.881250 0.106250 0.023611
0 0.597266 0.777083 0.102344 0.326389
0 0.684375 0.730556 0.064062 0.213889
0 0.582031 0.693750 0.043750 0.123611
1 0.150391 0.704861 0.071094 0.087500
1 0.129688 0.706944 0.078125 0.088889
1 0.082812 0.703472 0.071875 0.084722
1 0.062109 0.705556 0.074219 0.088889
1 0.028516 0.703472 0.057031 0.084722
1 0.020703 0.705556 0.041406 0.088889
1 0.991016 0.722222 0.016406 0.108333
2 0.997266 0.679167 0.002344 0.000000
2 0.998047 0.699306 0.002344 0.034722
2 0.998047 0.744444 0.002344 0.036111
2 0.997266 0.697917 0.002344 0.034722
2 0.886719 0.873611 0.096875 0.091667
2 0.779297 0.873611 0.088281 0.100000
2 0.838281 0.736806 0.001563 0.020833
2 0.812891 0.751389 0.039844 0.033333
2 0.860938 0.750694 0.042188 0.040278
2 0.812891 0.716667 0.039844 0.033333
2 0.860547 0.715972 0.042969 0.037500
2 0.812109 0.682639 0.039844 0.034722
2 0.860547 0.682639 0.042969 0.034722
5 0.064062 0.784722 0.104688 0.022222
5 0.064062 0.800694 0.104688 0.023611
5 0.063672 0.813889 0.105469 0.025000
5 0.063672 0.829167 0.105469 0.025000
5 0.062891 0.860417 0.105469 0.026389
5 0.063281 0.845139 0.104688 0.026389
5 0.065234 0.889583 0.100781 0.026389
5 0.062891 0.873611 0.105469 0.027778
5 0.153516 0.818056 0.103906 0.025000
5 0.153516 0.833333 0.103906 0.025000
5 0.152734 0.864583 0.103906 0.026389
5 0.153125 0.849306 0.103125 0.026389
5 0.152734 0.894444 0.103906 0.027778
5 0.152734 0.879167 0.103906 0.027778
5 0.153906 0.803472 0.103125 0.023611
5 0.153906 0.788194 0.103125 0.023611
5 0.257812 0.822222 0.101562 0.025000
5 0.257031 0.837500 0.101562 0.027778
5 0.257031 0.870833 0.101562 0.027778
5 0.257031 0.854167 0.101562 0.027778
5 0.257031 0.900694 0.101562 0.029167
5 0.257031 0.884028 0.101562 0.029167
5 0.257812 0.806944 0.101562 0.025000
5 0.257812 0.791667 0.101562 0.025000
5 0.258203 0.700694 0.100781 0.018056
5 0.258203 0.715972 0.100781 0.018056
5 0.258203 0.747917 0.100781 0.020833
5 0.258203 0.731944 0.100781 0.019444
5 0.257812 0.777778 0.101562 0.022222
5 0.257812 0.761806 0.101562 0.020833
5 0.258594 0.686806 0.101562 0.015278
5 0.258984 0.670833 0.100781 0.016667