6 0.714453 0.983333 0.138281 0.030556
6 0.498047 0.981944 0.146094 0.033333
6 0.711719 0.900694 0.140625 0.168056
6 0.609766 0.982639 0.141406 0.031944
0 0.885547 0.954861 0.050781 0.056944
0 0.733984 0.928472 0.114844 0.140278
0 0.085547 0.886111 0.171094 0.225000
1 0.286719 0.972917 0.082812 0.051389
2 0.260547 0.975694 0.024219 0.031944
1 0.148047 0.968750 0.092969 0.059722
2 0.108203 0.956250 0.005469 0.006944
1 0.315625 0.970833 0.093750 0.055556
2 0.286719 0.972917 0.028125 0.034722
2 0.302734 0.972222 0.002344 0.033333
1 0.162891 0.965278 0.108594 0.066667
1 0.307422 0.967361 0.014844 0.062500
2 0.311328 0.970833 0.014844 0.038889
2 0.356641 0.990278 0.000781 0.000000
2 0.357812 0.990278 0.000000 0.000000
1 0.200781 0.964583 0.059375 0.068056
2 0.131250 0.951389 0.009375 0.013889
2 0.212500 0.967361 0.025000 0.043056
2 0.165234 0.967361 0.014844 0.043056
2 0.195312 0.967361 0.010937 0.043056
2 0.191016 0.988889 0.002344 0.000000
1 0.368359 0.965972 0.108594 0.065278
2 0.335938 0.969444 0.034375 0.041667
2 0.417969 0.964583 0.000000 0.009722
2 0.363281 0.970139 0.020313 0.040278
2 0.360156 0.989583 0.007812 0.001389
2 0.917969 0.991667 0.015625 0.013889
2 0.839844 0.991667 0.043750 0.013889
2 0.962500 0.990972 0.073438 0.015278
2 0.036719 0.984722 0.073438 0.027778
2 0.044531 0.940278 0.089063 0.063889