3 0.508984 0.893750 0.980469 0.209722
4 0.150391 0.870139 0.000781 0.001389
8 0.925781 0.937500 0.146875 0.116667
5 0.560156 0.800000 0.042188 0.011111
5 0.560156 0.800000 0.042188 0.011111
5 0.560156 0.800000 0.042188 0.011111
5 0.553125 0.789583 0.056250 0.012500
5 0.553125 0.789583 0.056250 0.012500
5 0.553125 0.789583 0.056250 0.012500
5 0.553125 0.777778 0.056250 0.011111
5 0.553125 0.777778 0.056250 0.011111
5 0.553125 0.777778 0.056250 0.011111
5 0.553125 0.765972 0.056250 0.012500
5 0.553125 0.765972 0.056250 0.012500
5 0.553125 0.765972 0.056250 0.012500
6 0.418750 0.776389 0.040625 0.044444
6 0.510938 0.759028 0.001563 0.020833
6 0.433203 0.714583 0.069531 0.095833
6 0.226953 0.834028 0.111719 0.134722
6 0.175781 0.851389 0.082812 0.155556
7 0.047656 0.875000 0.050000 0.027778
8 0.025000 0.910417 0.012500 0.056944
5 0.025781 0.879861 0.006250 0.015278
8 0.169922 0.842361 0.002344 0.026389
5 0.169922 0.831250 0.002344 0.009722
8 0.287891 0.844444 0.011719 0.047222
5 0.285156 0.821528 0.006250 0.006944
8 0.302344 0.835417 0.026562 0.040278
5 0.297656 0.815972 0.031250 0.006944
8 0.333594 0.829861 0.026562 0.037500
5 0.312500 0.811806 0.060937 0.009722
8 0.339453 0.845139 0.050781 0.043056
5 0.337891 0.818056 0.055469 0.008333
8 0.348047 0.853472 0.005469 0.009722
5 0.353516 0.811806 0.024219 0.004167
8 0.323437 0.852778 0.081250 0.050000
5 0.323437 0.827778 0.079687 0.016667
8 0.309375 0.859028 0.054688 0.056944
5 0.306250 0.834722 0.048438 0.016667
8 0.977734 0.822222 0.005469 0.019444
5 0.988281 0.815972 0.021875 0.009722
8 0.977734 0.819444 0.005469 0.022222
5 0.988281 0.808333 0.021875 0.002778
8 0.989453 0.824306 0.019531 0.012500
5 0.990625 0.822222 0.017188 0.013889
8 0.989844 0.827778 0.018750 0.008333
5 0.991016 0.826389 0.016406 0.011111
8 0.926172 0.809722 0.067969 0.008333
5 0.925391 0.809028 0.061719 0.009722
8 0.924219 0.813889 0.071875 0.008333
5 0.923047 0.812500 0.064844 0.008333
8 0.926562 0.834028 0.075000 0.034722
5 0.925781 0.820139 0.067187 0.015278
8 0.924219 0.845139 0.078125 0.045833
5 0.923828 0.826389 0.071094 0.016667
8 0.985547 0.884722 0.027344 0.058333
5 0.987500 0.865278 0.023438 0.025000
8 0.928516 0.882639 0.074219 0.059722
5 0.927734 0.863194 0.064844 0.026389
8 0.842187 0.886111 0.076563 0.069444
5 0.841797 0.858333 0.066406 0.025000
8 0.985547 0.862500 0.027344 0.055556
5 0.987109 0.841667 0.024219 0.016667
8 0.989062 0.868750 0.020313 0.051389
5 0.990625 0.847917 0.017188 0.015278
8 0.933594 0.872917 0.067187 0.065278
5 0.932813 0.849306 0.059375 0.020833
8 0.855469 0.872222 0.067187 0.063889
5 0.853906 0.845139 0.060937 0.020833
8 0.997266 0.970139 0.003906 0.054167
8 0.996094 0.952778 0.006250 0.063889
5 0.998437 0.926389 0.001563 0.019444
8 0.747656 0.995833 0.003125 0.002778
5 0.795312 0.994444 0.098437 0.008333
0 0.441016 0.786806 0.202344 0.423611
0 0.679688 0.774306 0.100000 0.287500
0 0.616016 0.741667 0.058594 0.161111
1 0.143359 0.750694 0.083594 0.095833
1 0.114062 0.752083 0.078125 0.098611
1 0.084375 0.750694 0.070312 0.095833
1 0.067578 0.752083 0.053906 0.098611
1 0.028906 0.748611 0.057813 0.091667
1 0.000000 0.784028 0.000000 0.004167
2 0.896484 0.956944 0.155469 0.083333
2 0.729688 0.952083 0.162500 0.093056
2 0.925391 0.791667 0.000781 0.022222
2 0.898047 0.807639 0.052344 0.045833
2 0.960547 0.811111 0.052344 0.044444
2 0.897656 0.765278 0.053125 0.044444
2 0.959766 0.767361 0.052344 0.043056
2 0.896875 0.722917 0.053125 0.043056
2 0.958984 0.723611 0.052344 0.044444
5 0.023438 0.888194 0.046875 0.031944
5 0.023047 0.911111 0.046094 0.033333
5 0.022656 0.956250 0.045312 0.034722
5 0.023047 0.934028 0.046094 0.034722
5 0.022266 0.990278 0.044531 0.016667
5 0.022266 0.977778 0.044531 0.036111
5 0.023438 0.868056 0.046875 0.027778
5 0.023828 0.845139 0.047656 0.029167
5 0.025391 0.713194 0.050781 0.020833
5 0.025000 0.736111 0.050000 0.022222
5 0.024609 0.781250 0.049219 0.023611
5 0.024609 0.759028 0.049219 0.023611
5 0.024219 0.824306 0.048438 0.026389
5 0.024219 0.801389 0.048438 0.027778
5 0.025391 0.691667 0.050781 0.019444
5 0.025781 0.669444 0.051562 0.022222