3 0.504297 0.847222 0.989844 0.302778
4 0.594531 0.847917 0.012500 0.087500
4 0.742188 0.896528 0.053125 0.101389
4 0.859375 0.978472 0.004687 0.006944
4 0.072656 0.922917 0.004687 0.018056
5 0.233203 0.751389 0.047656 0.016667
5 0.233203 0.751389 0.047656 0.016667
5 0.233203 0.751389 0.047656 0.016667
5 0.233203 0.738194 0.047656 0.018056
5 0.233203 0.738194 0.047656 0.018056
5 0.233203 0.738194 0.047656 0.018056
5 0.233203 0.759028 0.047656 0.009722
5 0.233203 0.759028 0.047656 0.009722
5 0.233203 0.759028 0.047656 0.009722
5 0.294531 0.752083 0.059375 0.015278
5 0.294531 0.752083 0.059375 0.015278
5 0.294531 0.752083 0.059375 0.015278
5 0.294531 0.742361 0.059375 0.015278
5 0.294531 0.742361 0.059375 0.015278
5 0.294531 0.742361 0.059375 0.015278
5 0.294531 0.730556 0.059375 0.016667
5 0.294531 0.730556 0.059375 0.016667
5 0.294531 0.730556 0.059375 0.016667
5 0.294531 0.717361 0.059375 0.018056
5 0.294531 0.717361 0.059375 0.018056
5 0.294531 0.717361 0.059375 0.018056
6 0.558984 0.772917 0.063281 0.076389
6 0.475391 0.759028 0.055469 0.087500
6 0.559375 0.702778 0.064062 0.088889
6 0.516016 0.763889 0.064844 0.080556
6 0.765625 0.835417 0.067187 0.120833
6 0.839063 0.850694 0.043750 0.120833
7 0.747656 0.985417 0.107813 0.026389
7 0.440234 0.849306 0.072656 0.031944
7 0.644531 0.920139 0.085938 0.043056
6 0.337109 0.936806 0.169531 0.123611
6 0.098828 0.960417 0.197656 0.076389
8 0.998437 0.947222 0.001563 0.050000
5 0.998047 0.911111 0.002344 0.019444
8 0.653906 0.861806 0.078125 0.054167
5 0.653125 0.838889 0.070312 0.025000
8 0.613281 0.849306 0.075000 0.051389
5 0.612891 0.827083 0.067969 0.023611
8 0.577344 0.839583 0.073438 0.048611
5 0.576953 0.818056 0.066406 0.022222
8 0.542188 0.828472 0.070312 0.045833
5 0.541797 0.807639 0.063281 0.020833
8 0.630859 0.822917 0.067969 0.037500
5 0.630859 0.806944 0.063281 0.019444
8 0.594922 0.806944 0.067969 0.022222
5 0.594531 0.797222 0.060937 0.019444
8 0.666797 0.834722 0.072656 0.044444
5 0.666797 0.815278 0.064844 0.022222
8 0.687109 0.849306 0.033594 0.048611
5 0.689063 0.827083 0.029687 0.020833
8 0.755859 0.735417 0.025781 0.026389
5 0.766797 0.722222 0.042969 0.008333
8 0.748047 0.729167 0.028906 0.022222
5 0.745703 0.718056 0.027344 0.008333
8 0.794531 0.739583 0.048438 0.026389
5 0.794531 0.727083 0.043750 0.009722
8 0.812109 0.745139 0.021094 0.026389
5 0.814453 0.731944 0.022656 0.011111
8 0.692969 0.738194 0.021875 0.029167
5 0.694141 0.724306 0.019531 0.009722
8 0.743750 0.744444 0.023438 0.025000
5 0.744141 0.728472 0.024219 0.012500
8 0.761719 0.746528 0.050000 0.031944
5 0.761719 0.732639 0.045312 0.012500
8 0.792969 0.752083 0.051562 0.031944
5 0.792578 0.738194 0.046094 0.012500
8 0.998047 0.777083 0.002344 0.020833
5 0.998047 0.761111 0.002344 0.008333
8 0.999219 0.769444 0.000000 0.000000
5 0.997656 0.751389 0.003125 0.008333
0 0.841016 0.726389 0.039844 0.169444
0 0.432812 0.694444 0.081250 0.141667
0 0.319531 0.961111 0.300000 0.075000
1 0.021094 0.981944 0.040625 0.033333
1 0.088672 0.937500 0.177344 0.122222
1 0.855078 0.634722 0.002344 0.011111
2 0.857422 0.638889 0.000781 0.002778
1 0.998047 0.693056 0.002344 0.038889
2 0.998047 0.693750 0.002344 0.029167
2 0.997266 0.647222 0.000781 0.000000
2 0.998047 0.645833 0.002344 0.000000
2 0.998047 0.659722 0.002344 0.025000
1 0.833203 0.671528 0.053906 0.079167
2 0.817187 0.688889 0.015625 0.025000
2 0.824609 0.675000 0.008594 0.000000
2 0.822266 0.654167 0.025781 0.025000
2 0.853125 0.653472 0.000000 0.001389
2 0.829688 0.689583 0.012500 0.026389
2 0.827734 0.654861 0.008594 0.023611
1 0.996484 0.688194 0.000781 0.087500
1 0.786719 0.681944 0.071875 0.088889
2 0.756250 0.684722 0.001563 0.000000
2 0.767188 0.648611 0.028125 0.002778
2 0.805078 0.663889 0.028906 0.027778
2 0.794531 0.700000 0.051562 0.030556
2 0.771875 0.649306 0.012500 0.001389
2 0.785937 0.647917 0.009375 0.001389
2 0.785547 0.650694 0.008594 0.001389
2 0.796094 0.649306 0.009375 0.001389
1 0.765625 0.681250 0.067187 0.084722
2 0.739453 0.699306 0.014844 0.026389
2 0.747656 0.685417 0.014063 0.001389
2 0.743359 0.663194 0.022656 0.029167
2 0.781250 0.667361 0.029687 0.029167
2 0.769531 0.702083 0.054688 0.031944
2 0.750781 0.665278 0.018750 0.027778
2 0.759766 0.650694 0.008594 0.001389
2 0.764062 0.666667 0.020313 0.027778
2 0.771484 0.652083 0.013281 0.001389
1 0.858203 0.675000 0.003906 0.041667
2 0.859766 0.700000 0.000781 0.000000
2 0.859375 0.697917 0.001563 0.001389
2 0.858594 0.674306 0.003125 0.031944
2 0.860156 0.702778 0.000000 0.002778
2 0.858984 0.676389 0.002344 0.027778
2 0.551172 0.710417 0.033594 0.029167
2 0.565625 0.694444 0.004687 0.000000
2 0.598047 0.720833 0.058594 0.036111
2 0.641797 0.718750 0.027344 0.031944
2 0.598047 0.690278 0.058594 0.033333
2 0.641797 0.688889 0.027344 0.030556
2 0.598047 0.660417 0.058594 0.034722
2 0.626563 0.657639 0.057813 0.034722
5 0.153906 0.963194 0.046875 0.037500