3 0.499609 0.854861 0.999219 0.287500
4 0.183984 0.754167 0.016406 0.030556
4 0.073828 0.809028 0.017969 0.093056
4 0.006250 0.833333 0.010937 0.100000
8 0.035937 0.868056 0.071875 0.077778
8 0.821094 0.827083 0.085938 0.065278
5 0.461719 0.711806 0.043750 0.009722
5 0.461719 0.711806 0.043750 0.009722
5 0.461719 0.711806 0.043750 0.009722
5 0.461719 0.703472 0.043750 0.009722
5 0.461719 0.703472 0.043750 0.009722
5 0.461719 0.703472 0.043750 0.009722
5 0.461719 0.720833 0.043750 0.008333
5 0.461719 0.720833 0.043750 0.008333
5 0.461719 0.720833 0.043750 0.008333
5 0.515625 0.722917 0.029687 0.006944
5 0.515625 0.722917 0.029687 0.006944
5 0.515625 0.722917 0.029687 0.006944
5 0.519922 0.713889 0.039844 0.008333
5 0.519922 0.713889 0.039844 0.008333
5 0.519922 0.713889 0.039844 0.008333
5 0.519922 0.704861 0.039844 0.009722
5 0.519922 0.704861 0.039844 0.009722
5 0.519922 0.704861 0.039844 0.009722
5 0.519922 0.695139 0.039844 0.009722
5 0.519922 0.695139 0.039844 0.009722
5 0.519922 0.695139 0.039844 0.009722
6 0.457813 0.733333 0.046875 0.075000
6 0.486719 0.722222 0.039062 0.069444
6 0.458984 0.669444 0.049219 0.072222
6 0.473438 0.727778 0.043750 0.072222
6 0.347656 0.763889 0.067187 0.094444
6 0.332031 0.779167 0.057813 0.105556
7 0.106641 0.911111 0.113281 0.041667
7 0.046484 0.945139 0.092969 0.048611
7 0.790234 0.990278 0.136719 0.016667
7 0.041797 0.816667 0.060156 0.030556
7 0.275000 0.762500 0.000000 0.000000
7 0.215234 0.792361 0.003906 0.004167
8 0.225781 0.829861 0.025000 0.037500
5 0.232031 0.806944 0.037500 0.019444
5 0.150000 0.802778 0.000000 0.011111
8 0.304297 0.777778 0.002344 0.016667
5 0.304688 0.758333 0.001563 0.005556
8 0.381250 0.747222 0.000000 0.000000
8 0.389844 0.744444 0.015625 0.005556
5 0.387891 0.743750 0.013281 0.006944
8 0.411719 0.767361 0.053125 0.037500
5 0.407813 0.751389 0.053125 0.011111
8 0.440625 0.761111 0.025000 0.036111
5 0.423438 0.745833 0.051562 0.011111
8 0.404687 0.772917 0.045312 0.037500
5 0.402344 0.756944 0.042188 0.011111
8 0.396484 0.779861 0.028906 0.040278
5 0.394141 0.763194 0.025781 0.012500
8 0.850781 0.747222 0.003125 0.016667
5 0.869141 0.740972 0.036719 0.006944
8 0.850781 0.741667 0.003125 0.016667
5 0.869141 0.735417 0.036719 0.004167
8 0.878516 0.748611 0.052344 0.011111
5 0.877734 0.744444 0.047656 0.005556
8 0.880078 0.756250 0.053906 0.015278
5 0.879297 0.752778 0.049219 0.011111
8 0.815625 0.735417 0.046875 0.006944
5 0.814453 0.732639 0.042969 0.004167
8 0.814063 0.740278 0.048438 0.008333
5 0.813672 0.738889 0.044531 0.008333
8 0.816016 0.757639 0.050781 0.034722
5 0.815234 0.741667 0.046094 0.005556
8 0.814844 0.763889 0.053125 0.036111
5 0.814453 0.750000 0.047656 0.011111
8 0.867578 0.795833 0.041406 0.041667
5 0.868750 0.781944 0.039062 0.016667
8 0.927734 0.803472 0.047656 0.048611
5 0.926562 0.784722 0.042188 0.016667
8 0.819531 0.793750 0.045312 0.040278
5 0.819141 0.779861 0.039844 0.018056
8 0.764844 0.793750 0.046875 0.045833
5 0.764453 0.777778 0.041406 0.016667
8 0.877344 0.779167 0.060937 0.041667
5 0.876172 0.761111 0.055469 0.008333
8 0.882812 0.785417 0.064062 0.040278
5 0.880078 0.769444 0.053906 0.011111
8 0.822266 0.784028 0.042969 0.040278
5 0.821875 0.769444 0.037500 0.013889
8 0.770312 0.782639 0.043750 0.043056
5 0.770312 0.766667 0.039062 0.013889
8 0.894922 0.849306 0.074219 0.037500
5 0.896484 0.840972 0.071094 0.023611
8 0.892969 0.841667 0.071875 0.047222
5 0.895703 0.824306 0.071094 0.015278
8 0.914844 0.931250 0.107813 0.090278
5 0.914844 0.902778 0.101562 0.036111
8 0.911719 0.909028 0.103125 0.081944
5 0.910156 0.877083 0.093750 0.023611
8 0.775000 0.920833 0.104688 0.086111
5 0.773828 0.892361 0.094531 0.034722
8 0.780078 0.895833 0.097656 0.072222
5 0.778516 0.871528 0.088281 0.029167
0 0.560547 0.774306 0.094531 0.284722
0 0.657813 0.721528 0.060937 0.195833
0 0.579688 0.677778 0.043750 0.119444
1 0.180078 0.684028 0.063281 0.081944
1 0.160156 0.686111 0.071875 0.083333
1 0.117578 0.681944 0.067969 0.080556
1 0.099219 0.684722 0.070312 0.083333
1 0.060156 0.681944 0.065625 0.080556
1 0.042188 0.684028 0.071875 0.081944
1 0.974609 0.711806 0.049219 0.112500
2 0.953906 0.731250 0.001563 0.018056
2 0.968750 0.682639 0.032813 0.031944
2 0.979688 0.686111 0.039062 0.033333
2 0.972656 0.734722 0.034375 0.027778
2 0.960547 0.683333 0.010156 0.030556
2 0.987500 0.668056 0.010937 0.000000
2 0.958984 0.685417 0.002344 0.031944
2 0.990234 0.669444 0.016406 0.000000
1 0.990625 0.731944 0.017188 0.127778
2 0.991016 0.745139 0.016406 0.037500
2 0.987500 0.694444 0.010937 0.036111
2 0.995703 0.700000 0.007031 0.038889
2 0.992188 0.750694 0.014063 0.045833
2 0.992188 0.695833 0.014063 0.036111
2 0.993750 0.697917 0.010937 0.037500
2 0.991406 0.872917 0.015625 0.109722
2 0.988672 0.959722 0.007031 0.077778
2 0.994922 0.891667 0.008594 0.105556
2 0.995703 0.965972 0.007031 0.065278
2 0.807422 0.862500 0.077344 0.091667
2 0.717969 0.856250 0.079687 0.087500
2 0.813281 0.718750 0.000000 0.023611
2 0.793750 0.730556 0.037500 0.033333
2 0.838281 0.733333 0.035937 0.033333
2 0.793750 0.698611 0.037500 0.033333
2 0.838281 0.700694 0.035937 0.031944
2 0.793359 0.666667 0.036719 0.033333
2 0.838281 0.667361 0.035937 0.034722
5 0.104688 0.777778 0.089063 0.022222
5 0.104688 0.790972 0.089063 0.020833
5 0.104688 0.802778 0.089063 0.022222
5 0.104688 0.816667 0.089063 0.022222
5 0.103906 0.843056 0.089063 0.022222
5 0.103906 0.829167 0.089063 0.022222
5 0.106250 0.868056 0.084375 0.022222
5 0.103906 0.854861 0.089063 0.023611
5 0.181641 0.806944 0.088281 0.022222
5 0.180859 0.820833 0.088281 0.022222
5 0.180859 0.847222 0.088281 0.025000
5 0.180859 0.834028 0.088281 0.023611
5 0.180859 0.872222 0.088281 0.025000
5 0.180859 0.859028 0.088281 0.023611
5 0.181641 0.795139 0.088281 0.020833
5 0.181641 0.780556 0.088281 0.022222
5 0.269922 0.811111 0.086719 0.022222
5 0.269922 0.825694 0.086719 0.023611
5 0.269531 0.852778 0.087500 0.025000
5 0.269531 0.839583 0.087500 0.023611
5 0.269531 0.878472 0.087500 0.026389
5 0.269531 0.864583 0.087500 0.026389
5 0.269922 0.799306 0.086719 0.023611
5 0.269922 0.786111 0.086719 0.022222
5 0.270703 0.707639 0.086719 0.018056
5 0.270313 0.720833 0.087500 0.019444
5 0.270313 0.747917 0.087500 0.020833
5 0.270313 0.734722 0.087500 0.019444
5 0.269922 0.773611 0.086719 0.022222
5 0.269922 0.760417 0.086719 0.020833
5 0.270703 0.695139 0.086719 0.018056
5 0.270703 0.681944 0.086719 0.016667