3 0.499609 0.837500 0.999219 0.322222
4 0.552344 0.943056 0.015625 0.102778
4 0.698438 0.988889 0.050000 0.019444
5 0.226953 0.752778 0.066406 0.025000
5 0.226953 0.752778 0.066406 0.025000
5 0.226953 0.752778 0.066406 0.025000
5 0.226953 0.740278 0.066406 0.025000
5 0.226953 0.740278 0.066406 0.025000
5 0.226953 0.740278 0.066406 0.025000
5 0.226953 0.764583 0.066406 0.023611
5 0.226953 0.764583 0.066406 0.023611
5 0.226953 0.764583 0.066406 0.023611
5 0.303906 0.752083 0.062500 0.023611
5 0.303906 0.752083 0.062500 0.023611
5 0.303906 0.752083 0.062500 0.023611
5 0.303906 0.740972 0.062500 0.023611
5 0.303906 0.740972 0.062500 0.023611
5 0.303906 0.740972 0.062500 0.023611
5 0.303906 0.728472 0.062500 0.023611
5 0.303906 0.728472 0.062500 0.023611
5 0.303906 0.728472 0.062500 0.023611
5 0.303906 0.716667 0.062500 0.022222
5 0.303906 0.716667 0.062500 0.022222
5 0.303906 0.716667 0.062500 0.022222
6 0.550391 0.816667 0.074219 0.088889
6 0.476172 0.786111 0.066406 0.102778
6 0.551172 0.736806 0.077344 0.109722
6 0.511328 0.801389 0.067969 0.108333
6 0.754687 0.927083 0.089063 0.143056
6 0.863672 0.944444 0.100781 0.108333
7 0.396484 0.918750 0.083594 0.043056
8 0.627734 0.950694 0.092969 0.081944
5 0.626953 0.929861 0.083594 0.040278
8 0.587891 0.926389 0.088281 0.075000
5 0.587109 0.906250 0.078906 0.037500
8 0.551953 0.908333 0.085156 0.072222
5 0.551562 0.888194 0.076563 0.034722
8 0.518359 0.888194 0.080469 0.068056
5 0.518359 0.868750 0.072656 0.031944
8 0.620313 0.892361 0.081250 0.048611
5 0.619531 0.871528 0.073438 0.031944
8 0.585156 0.871528 0.078125 0.043056
5 0.584375 0.854167 0.070312 0.030556
8 0.644922 0.906250 0.061719 0.068056
5 0.646875 0.888194 0.057813 0.034722
8 0.664453 0.925694 0.021094 0.040278
5 0.667188 0.911111 0.017188 0.022222
8 0.823047 0.742361 0.055469 0.020833
5 0.822656 0.734028 0.050000 0.015278
8 0.792969 0.731250 0.053125 0.015278
5 0.792578 0.725694 0.047656 0.015278
8 0.852734 0.757639 0.057031 0.034722
5 0.852734 0.740972 0.050781 0.015278
8 0.872266 0.763889 0.030469 0.030556
5 0.875391 0.750000 0.030469 0.016667
8 0.753125 0.747917 0.054688 0.034722
5 0.753516 0.732639 0.049219 0.015278
8 0.782813 0.757639 0.056250 0.034722
5 0.782422 0.741667 0.050781 0.016667
8 0.812109 0.765972 0.058594 0.037500
5 0.812109 0.748611 0.052344 0.016667
8 0.845703 0.776389 0.060156 0.038889
5 0.845313 0.759028 0.053125 0.018056
8 0.996094 0.820139 0.006250 0.034722
5 0.997266 0.804167 0.003906 0.005556
8 0.984766 0.831250 0.028906 0.029167
5 0.984766 0.815972 0.028906 0.023611
8 0.949609 0.772222 0.058594 0.011111
5 0.950781 0.769444 0.050000 0.013889
8 0.979688 0.789583 0.039062 0.020833
5 0.984766 0.779861 0.028906 0.020833
8 0.982422 0.815278 0.024219 0.033333
5 0.984766 0.793750 0.028906 0.020833
8 0.972266 0.811111 0.003906 0.019444
0 0.929297 0.786111 0.139844 0.233333
0 0.442969 0.698611 0.070312 0.158333
1 0.970313 0.634722 0.057813 0.050000
2 0.959375 0.655556 0.000000 0.000000
2 0.958984 0.626389 0.028906 0.013889
2 0.991016 0.640972 0.013281 0.029167
2 0.966797 0.636806 0.017969 0.029167
2 0.975000 0.622917 0.017188 0.001389
2 0.980469 0.638889 0.018750 0.027778
2 0.990234 0.624306 0.014844 0.001389
1 0.922656 0.662500 0.078125 0.086111
2 0.893359 0.668056 0.000781 0.005556
2 0.891406 0.643056 0.009375 0.027778
2 0.942578 0.647222 0.032031 0.027778
2 0.919141 0.631944 0.003906 0.000000
2 0.923828 0.630556 0.013281 0.002778
2 0.924219 0.647222 0.014063 0.027778
2 0.931641 0.632639 0.016406 0.001389
1 0.855859 0.679861 0.080469 0.109722
2 0.835156 0.638889 0.032813 0.005556
2 0.875781 0.659722 0.034375 0.033333
2 0.871094 0.700000 0.043750 0.033333
2 0.842187 0.642361 0.020313 0.004167
2 0.853516 0.639583 0.017969 0.001389
2 0.855469 0.644444 0.018750 0.005556
2 0.867578 0.641667 0.019531 0.002778
1 0.951562 0.652083 0.023438 0.015278
2 0.960156 0.659028 0.034375 0.006944
2 0.995703 0.668750 0.007031 0.004167
2 0.991406 0.711806 0.015625 0.004167
2 0.972266 0.663194 0.025781 0.006944
2 0.981641 0.660417 0.022656 0.004167
2 0.987500 0.665972 0.023438 0.004167
2 0.992969 0.662500 0.012500 0.002778
1 0.827344 0.681944 0.081250 0.105556
2 0.799609 0.696528 0.019531 0.031944
2 0.808594 0.681250 0.010937 0.001389
2 0.806250 0.656944 0.032813 0.033333
2 0.846875 0.663889 0.034375 0.033333
2 0.833984 0.702778 0.061719 0.038889
2 0.812500 0.659028 0.020313 0.031944
2 0.823438 0.643056 0.018750 0.002778
2 0.826172 0.662500 0.021094 0.033333
2 0.839453 0.645833 0.019531 0.002778
1 0.957812 0.709722 0.082812 0.122222
2 0.924219 0.724306 0.015625 0.037500
2 0.928906 0.706250 0.006250 0.001389
2 0.933203 0.679861 0.033594 0.037500
2 0.980859 0.688889 0.036719 0.038889
2 0.964453 0.733333 0.069531 0.044444
2 0.941016 0.682639 0.022656 0.034722
2 0.955859 0.665278 0.021094 0.002778
2 0.958594 0.684028 0.025000 0.031944
2 0.969531 0.668056 0.018750 0.002778
2 0.591406 0.706944 0.032813 0.044444
2 0.607812 0.684722 0.000000 0.000000
2 0.640234 0.720139 0.063281 0.043056
2 0.673828 0.716667 0.003906 0.033333
2 0.640234 0.686806 0.063281 0.040278
2 0.673828 0.684028 0.003906 0.031944
2 0.640234 0.653472 0.063281 0.043056
2 0.659375 0.647917 0.032813 0.040278