3 0.833984 0.874306 0.330469 0.248611
5 0.706641 0.745139 0.011719 0.009722
5 0.706641 0.745139 0.011719 0.009722
5 0.706641 0.745139 0.011719 0.009722
5 0.706641 0.735417 0.011719 0.009722
5 0.706641 0.735417 0.011719 0.009722
5 0.706641 0.735417 0.011719 0.009722
5 0.704688 0.725000 0.015625 0.011111
5 0.704688 0.725000 0.015625 0.011111
5 0.704688 0.725000 0.015625 0.011111
5 0.704688 0.715278 0.015625 0.008333
5 0.704688 0.715278 0.015625 0.008333
5 0.704688 0.715278 0.015625 0.008333
8 0.740234 0.822222 0.008594 0.022222
5 0.761328 0.793056 0.053906 0.008333
8 0.773438 0.789583 0.003125 0.001389
5 0.782031 0.790972 0.012500 0.001389
8 0.721875 0.825000 0.051562 0.052778
5 0.725000 0.803472 0.051562 0.020833
8 0.699609 0.834028 0.061719 0.048611
5 0.696875 0.809028 0.056250 0.020833
8 0.755469 0.786111 0.068750 0.013889
5 0.747266 0.781944 0.047656 0.013889
8 0.717578 0.802778 0.071094 0.038889
5 0.714063 0.786111 0.060937 0.013889
8 0.697266 0.811111 0.044531 0.036111
5 0.691406 0.790972 0.045312 0.015278
8 0.672266 0.818056 0.007031 0.041667
5 0.669922 0.796528 0.002344 0.004167
0 0.695312 0.696528 0.054688 0.140278
1 0.986719 0.781250 0.025000 0.170833
2 0.989453 0.739583 0.019531 0.051389
2 0.989453 0.811806 0.019531 0.056944
1 0.885156 0.803472 0.153125 0.204167
2 0.915625 0.804167 0.020313 0.002778
2 0.932813 0.836806 0.045312 0.065278
2 0.917969 0.754861 0.073438 0.065278
2 0.853125 0.762500 0.076563 0.066667
2 0.874609 0.842361 0.119531 0.073611
2 0.889453 0.726389 0.028906 0.002778
2 0.911719 0.759722 0.043750 0.063889
2 0.857422 0.728472 0.041406 0.001389
2 0.893750 0.761806 0.037500 0.065278
1 0.954297 0.777778 0.089844 0.169444
2 0.984375 0.705556 0.029687 0.002778
2 0.946875 0.735417 0.065625 0.054167
2 0.962891 0.802083 0.072656 0.059722
2 0.975000 0.706250 0.020313 0.001389
2 0.992578 0.709722 0.013281 0.005556
2 0.951562 0.707639 0.029687 0.001389
2 0.980469 0.711111 0.031250 0.005556
1 0.816016 0.800694 0.142969 0.198611
2 0.851562 0.720139 0.062500 0.006944
2 0.785156 0.752778 0.068750 0.063889
2 0.802344 0.829167 0.103125 0.072222
2 0.817969 0.719444 0.034375 0.002778
2 0.839844 0.723611 0.026562 0.005556
2 0.790234 0.721528 0.035156 0.001389
2 0.821094 0.725694 0.040625 0.006944
2 0.819141 0.716667 0.000781 0.000000
2 0.910547 0.722222 0.007031 0.000000
2 0.831641 0.709028 0.025781 0.012500
2 0.913672 0.709028 0.077344 0.026389