3 0.499609 0.886111 0.999219 0.225000
8 0.662891 0.768056 0.039844 0.069444
8 0.900391 0.765278 0.057031 0.038889
5 0.923438 0.747917 0.006250 0.006944
8 0.903516 0.770139 0.052344 0.026389
5 0.928125 0.747222 0.001563 0.005556
8 0.891797 0.765972 0.063281 0.040278
5 0.900000 0.747917 0.039062 0.006944
8 0.876563 0.766667 0.068750 0.041667
5 0.889453 0.747222 0.033594 0.008333
8 0.842578 0.769444 0.060156 0.022222
8 0.832422 0.765972 0.053906 0.015278
8 0.816406 0.770833 0.059375 0.025000
8 0.800781 0.772222 0.062500 0.027778
5 0.772266 0.749306 0.000781 0.004167
8 0.771875 0.770139 0.076563 0.051389
5 0.775391 0.747222 0.053906 0.011111
8 0.837891 0.770833 0.077344 0.052778
5 0.837500 0.747222 0.068750 0.011111
8 0.714844 0.769444 0.071875 0.050000
5 0.717187 0.746528 0.064062 0.009722
8 0.670312 0.772917 0.046875 0.040278
5 0.646875 0.747222 0.001563 0.008333
8 0.838281 0.768750 0.076563 0.043056
5 0.811719 0.749306 0.003125 0.004167
8 0.825000 0.769444 0.079687 0.044444
5 0.805078 0.749306 0.036719 0.004167
8 0.748437 0.775694 0.065625 0.031944
5 0.730078 0.749306 0.002344 0.004167
8 0.696875 0.768750 0.062500 0.043056
8 0.666797 0.777778 0.047656 0.069444
5 0.662891 0.745833 0.039844 0.013889
8 0.683984 0.775694 0.082031 0.065278
5 0.681250 0.745833 0.073438 0.013889
0 0.589453 0.581250 0.003906 0.001389
0 0.646875 0.697222 0.009375 0.108333
2 0.963281 0.808333 0.071875 0.250000
2 0.960547 0.567361 0.077344 0.248611
2 0.607031 0.649306 0.070312 0.140278
2 0.422266 0.616667 0.119531 0.188889
2 0.421484 0.794444 0.121094 0.186111
2 0.607812 0.783333 0.070312 0.138889
2 0.527734 0.635417 0.089844 0.162500
2 0.181641 0.590972 0.363281 0.226389
2 0.180859 0.803472 0.361719 0.223611
2 0.527734 0.788194 0.089844 0.159722
2 0.855859 0.759028 0.052344 0.037500
2 0.905469 0.759722 0.046875 0.038889
2 0.855078 0.720139 0.052344 0.037500
2 0.904687 0.719444 0.046875 0.038889
2 0.854297 0.683333 0.052344 0.038889
2 0.903906 0.681250 0.046875 0.040278