3 0.499609 0.828472 0.999219 0.340278
4 0.232813 0.718056 0.001563 0.008333
4 0.115625 0.765278 0.015625 0.069444
4 0.031250 0.691667 0.001563 0.013889
8 0.538281 0.865278 0.092188 0.061111
5 0.546875 0.691667 0.045312 0.011111
5 0.546875 0.691667 0.045312 0.011111
5 0.546875 0.691667 0.045312 0.011111
5 0.547266 0.681250 0.044531 0.012500
5 0.547266 0.681250 0.044531 0.012500
5 0.547266 0.681250 0.044531 0.012500
5 0.546484 0.699306 0.046094 0.009722
5 0.546484 0.699306 0.046094 0.009722
5 0.546484 0.699306 0.046094 0.009722
5 0.582422 0.704167 0.013281 0.008333
5 0.582422 0.704167 0.013281 0.008333
5 0.582422 0.704167 0.013281 0.008333
5 0.582031 0.695833 0.012500 0.008333
5 0.582031 0.695833 0.012500 0.008333
5 0.582031 0.695833 0.012500 0.008333
5 0.582812 0.686806 0.014063 0.009722
5 0.582812 0.686806 0.014063 0.009722
5 0.582812 0.686806 0.014063 0.009722
5 0.583203 0.676389 0.014844 0.011111
5 0.583203 0.676389 0.014844 0.011111
5 0.583203 0.676389 0.014844 0.011111
6 0.431641 0.727778 0.050781 0.072222
6 0.495312 0.706944 0.042188 0.058333
6 0.431250 0.665972 0.051562 0.070833
6 0.456250 0.713889 0.037500 0.061111
6 0.250391 0.755556 0.064844 0.080556
6 0.208594 0.762500 0.031250 0.066667
7 0.291016 0.734722 0.016406 0.002778
7 0.133984 0.775000 0.024219 0.019444
7 0.104297 0.669444 0.030469 0.008333
7 0.133594 0.666667 0.025000 0.008333
7 0.029297 0.679167 0.019531 0.011111
7 0.059375 0.675000 0.031250 0.008333
8 0.085547 0.815278 0.050781 0.044444
5 0.083203 0.797222 0.047656 0.019444
8 0.075000 0.802083 0.009375 0.029167
5 0.066797 0.784722 0.008594 0.002778
8 0.285156 0.763889 0.003125 0.027778
5 0.283203 0.749306 0.000781 0.004167
8 0.301953 0.757639 0.033594 0.029167
5 0.298828 0.743750 0.032031 0.012500
8 0.323047 0.752083 0.039844 0.029167
5 0.316406 0.738194 0.045312 0.012500
8 0.344922 0.744444 0.052344 0.027778
5 0.344141 0.731944 0.046094 0.011111
8 0.355469 0.760417 0.054688 0.034722
5 0.354687 0.745139 0.050000 0.015278
8 0.383984 0.754167 0.053906 0.033333
5 0.383203 0.738889 0.047656 0.013889
8 0.330859 0.766667 0.057031 0.036111
5 0.330078 0.750694 0.050781 0.015278
8 0.305859 0.775000 0.044531 0.036111
5 0.303516 0.757639 0.041406 0.015278
8 0.831641 0.783333 0.055469 0.038889
5 0.827344 0.764583 0.056250 0.015278
8 0.845703 0.775000 0.058594 0.036111
5 0.844531 0.758333 0.054688 0.016667
8 0.815625 0.790972 0.064062 0.040278
5 0.814844 0.772917 0.057813 0.018056
8 0.798047 0.800000 0.063281 0.041667
5 0.796094 0.781250 0.059375 0.018056
8 0.807813 0.754861 0.018750 0.009722
5 0.790234 0.751389 0.047656 0.013889
8 0.770312 0.761111 0.059375 0.011111
5 0.769922 0.757639 0.053906 0.015278
8 0.756641 0.775694 0.061719 0.026389
5 0.755859 0.764583 0.055469 0.018056
8 0.736328 0.784028 0.063281 0.029167
5 0.731641 0.772222 0.049219 0.016667
8 0.682813 0.843750 0.064062 0.054167
5 0.680859 0.822222 0.060156 0.025000
8 0.730859 0.854167 0.069531 0.055556
5 0.730859 0.831250 0.061719 0.026389
8 0.637109 0.836111 0.067969 0.050000
5 0.637109 0.815278 0.060156 0.025000
8 0.591797 0.827083 0.066406 0.048611
5 0.591797 0.806944 0.060156 0.022222
8 0.754687 0.816667 0.068750 0.044444
5 0.753516 0.796528 0.061719 0.020833
8 0.735938 0.825000 0.071875 0.041667
5 0.735156 0.806944 0.064062 0.022222
8 0.679297 0.820833 0.055469 0.047222
5 0.676953 0.800694 0.052344 0.020833
8 0.626563 0.815278 0.054688 0.041667
5 0.628516 0.793750 0.050781 0.020833
8 0.517969 0.936111 0.087500 0.066667
5 0.514844 0.906250 0.081250 0.037500
8 0.554688 0.915278 0.092188 0.063889
5 0.553125 0.888194 0.082812 0.034722
8 0.450000 0.970139 0.006250 0.034722
8 0.210938 0.956944 0.015625 0.019444
5 0.241797 0.945139 0.069531 0.031944
8 0.275781 0.931250 0.023438 0.012500
5 0.300391 0.923611 0.064844 0.027778
0 0.216797 0.804861 0.169531 0.259722
0 0.501563 0.740278 0.107813 0.194444
0 0.621484 0.670833 0.064844 0.125000
1 0.309375 0.650694 0.057813 0.076389
1 0.288281 0.654167 0.059375 0.077778
1 0.266797 0.642361 0.055469 0.062500
1 0.251953 0.646528 0.044531 0.068056
1 0.227734 0.643056 0.053906 0.066667
1 0.213672 0.643750 0.041406 0.068056
1 0.196875 0.631944 0.007812 0.052778
1 0.059375 0.673611 0.076563 0.086111
1 0.045703 0.669444 0.057031 0.080556
1 0.998828 0.697222 0.000781 0.027778
1 0.977734 0.775000 0.042969 0.158333
2 0.988281 0.713194 0.021875 0.004167
2 0.979297 0.745833 0.039844 0.050000
2 0.979688 0.804861 0.039062 0.056944
2 0.985938 0.717361 0.026562 0.004167
2 0.998437 0.719444 0.001563 0.000000
2 0.980469 0.720139 0.028125 0.004167
2 0.997266 0.722222 0.003906 0.002778
1 0.969531 0.689583 0.059375 0.040278
2 0.977734 0.685417 0.039844 0.004167
2 0.966016 0.703472 0.047656 0.026389
2 0.970313 0.775000 0.000000 0.000000
2 0.966016 0.687500 0.021094 0.002778
2 0.986328 0.699306 0.022656 0.023611
2 0.960547 0.688889 0.022656 0.002778
2 0.982812 0.700694 0.023438 0.020833
1 0.929688 0.770833 0.079687 0.161111
2 0.960547 0.774306 0.011719 0.015278
2 0.941016 0.713889 0.050781 0.016667
2 0.921094 0.740278 0.054688 0.050000
2 0.926953 0.796528 0.066406 0.056944
2 0.921484 0.710417 0.027344 0.004167
2 0.947266 0.734028 0.027344 0.045833
2 0.915625 0.714583 0.028125 0.004167
2 0.939844 0.737500 0.029687 0.047222
2 0.360547 0.956250 0.172656 0.084722
2 0.184766 0.988194 0.114844 0.020833
2 0.282813 0.970833 0.185938 0.055556
2 0.420312 0.909028 0.109375 0.087500
2 0.364453 0.885417 0.116406 0.068056
2 0.898438 0.714583 0.004687 0.001389
2 0.815234 0.736806 0.044531 0.031944
2 0.864062 0.745139 0.051562 0.040278
2 0.815234 0.705556 0.044531 0.036111
2 0.866797 0.708333 0.057031 0.041667
2 0.816406 0.669444 0.046875 0.041667
2 0.866797 0.673611 0.057031 0.041667
5 0.005078 0.806944 0.010156 0.013889
5 0.005078 0.818056 0.010156 0.013889
5 0.005078 0.839583 0.010156 0.012500
5 0.005078 0.829167 0.010156 0.013889
5 0.005078 0.860417 0.010156 0.015278
5 0.005078 0.850000 0.010156 0.013889
5 0.005078 0.796528 0.010156 0.012500
5 0.005078 0.781944 0.010156 0.022222
5 0.040625 0.817361 0.076563 0.023611
5 0.040625 0.828472 0.076563 0.026389
5 0.040625 0.851389 0.076563 0.025000
5 0.040625 0.840972 0.076563 0.023611
5 0.040625 0.872917 0.076563 0.026389
5 0.040625 0.862500 0.076563 0.025000
5 0.060937 0.729167 0.003125 0.002778
5 0.040625 0.807639 0.076563 0.023611
5 0.040625 0.795833 0.076563 0.022222
5 0.040625 0.730556 0.076563 0.019444
5 0.040625 0.742361 0.076563 0.020833
5 0.040625 0.764583 0.076563 0.020833
5 0.040625 0.753472 0.076563 0.020833
5 0.040625 0.786111 0.076563 0.022222
5 0.040625 0.775000 0.076563 0.022222
5 0.061328 0.719444 0.002344 0.000000
5 0.060937 0.718750 0.003125 0.001389
5 0.040625 0.720139 0.076563 0.020833
5 0.040625 0.708333 0.076563 0.022222