3 0.498828 0.937500 0.905469 0.122222
4 0.062891 0.901389 0.003906 0.016667
5 0.254297 0.873611 0.019531 0.005556
5 0.254297 0.873611 0.019531 0.005556
5 0.254297 0.873611 0.019531 0.005556
5 0.254688 0.866667 0.020313 0.005556
5 0.254688 0.866667 0.020313 0.005556
5 0.254688 0.866667 0.020313 0.005556
5 0.254688 0.859028 0.020313 0.006944
5 0.254688 0.859028 0.020313 0.006944
5 0.254688 0.859028 0.020313 0.006944
5 0.255078 0.851389 0.021094 0.005556
5 0.255078 0.851389 0.021094 0.005556
5 0.255078 0.851389 0.021094 0.005556
6 0.340625 0.816667 0.009375 0.019444
6 0.340234 0.861111 0.008594 0.016667
6 0.221094 0.847222 0.012500 0.025000
5 0.940234 0.956944 0.011719 0.019444
5 0.940234 0.956944 0.011719 0.019444
5 0.940234 0.956944 0.011719 0.019444
5 0.933984 0.935417 0.030469 0.026389
5 0.933984 0.935417 0.030469 0.026389
5 0.933984 0.935417 0.030469 0.026389
5 0.939453 0.976389 0.008594 0.019444
5 0.939453 0.976389 0.008594 0.019444
5 0.939453 0.976389 0.008594 0.019444
5 0.948828 0.985417 0.003906 0.018056
5 0.948828 0.985417 0.003906 0.018056
5 0.948828 0.985417 0.003906 0.018056
5 0.948438 0.966667 0.004687 0.019444
5 0.948438 0.966667 0.004687 0.019444
5 0.948438 0.966667 0.004687 0.019444
5 0.947656 0.945833 0.004687 0.019444
5 0.947656 0.945833 0.004687 0.019444
5 0.947656 0.945833 0.004687 0.019444
5 0.946875 0.923611 0.004687 0.019444
5 0.946875 0.923611 0.004687 0.019444
5 0.946875 0.923611 0.004687 0.019444
6 0.317188 0.940278 0.100000 0.116667
6 0.514844 0.940278 0.098437 0.116667
6 0.318359 0.829861 0.100781 0.131944
6 0.417187 0.940278 0.096875 0.116667
7 0.532422 0.890972 0.019531 0.006944
7 0.578906 0.890972 0.021875 0.009722
7 0.420312 0.891667 0.017188 0.008333
7 0.467969 0.891667 0.018750 0.008333
7 0.075000 0.893056 0.029687 0.011111
0 0.855078 0.864583 0.183594 0.268056
1 0.676562 0.869444 0.064062 0.116667
1 0.632422 0.869444 0.061719 0.116667
1 0.653516 0.865278 0.057031 0.108333
1 0.612109 0.865278 0.055469 0.108333
1 0.642969 0.853472 0.032813 0.084722
1 0.587109 0.861806 0.035156 0.101389
1 0.657031 0.854861 0.060937 0.076389
1 0.243359 0.862500 0.044531 0.091667
1 0.277344 0.858333 0.073438 0.088889
1 0.065234 0.860417 0.039844 0.098611
1 0.058203 0.861111 0.025781 0.100000
1 0.238672 0.893750 0.135156 0.209722
2 0.130469 0.981250 0.260937 0.034722
1 0.985938 0.901389 0.026562 0.194444
1 0.317969 0.899306 0.051562 0.198611
2 0.189844 0.953472 0.251563 0.090278
2 0.075000 0.920139 0.150000 0.018056
2 0.052734 0.947917 0.105469 0.040278
5 0.167578 0.891667 0.010156 0.005556
5 0.167578 0.885417 0.010156 0.004167
5 0.168359 0.872917 0.010156 0.006944
5 0.167578 0.879861 0.010156 0.004167
5 0.168750 0.905556 0.000000 0.000000
5 0.152344 0.904167 0.040625 0.011111