3 0.499609 0.802083 0.999219 0.393056
4 0.725000 0.998611 0.003125 0.000000
4 0.655469 0.931944 0.050000 0.119444
4 0.607422 0.881944 0.011719 0.097222
4 0.596484 0.849306 0.038281 0.093056
4 0.559766 0.813889 0.007031 0.080556
4 0.552734 0.790278 0.021094 0.080556
4 0.528125 0.754861 0.001563 0.048611
4 0.514453 0.745139 0.007031 0.062500
4 0.485547 0.700000 0.002344 0.052778
4 0.482422 0.688889 0.021094 0.052778
4 0.460547 0.669444 0.003906 0.050000
4 0.449609 0.648611 0.002344 0.038889
4 0.732031 0.669444 0.012500 0.025000
4 0.694531 0.643750 0.004687 0.040278
4 0.950391 0.767361 0.025781 0.076389
4 0.916016 0.749306 0.008594 0.065278
4 0.882422 0.729167 0.014844 0.066667
4 0.791797 0.713889 0.007031 0.002778
4 0.767578 0.683333 0.008594 0.038889
8 0.508203 0.805556 0.019531 0.027778
6 0.502344 0.985417 0.128125 0.026389
6 0.487500 0.948611 0.112500 0.100000
6 0.439453 0.921528 0.114844 0.151389
7 0.409375 0.825000 0.064062 0.027778
7 0.398828 0.800000 0.055469 0.022222
7 0.010937 0.796528 0.021875 0.020833
7 0.000781 0.815972 0.001563 0.015278
7 0.030469 0.754167 0.060937 0.016667
7 0.020313 0.771528 0.040625 0.020833
7 0.066406 0.718056 0.053125 0.013889
7 0.053125 0.731944 0.056250 0.016667
7 0.651172 0.813194 0.046094 0.031944
7 0.842969 0.778472 0.051562 0.026389
7 0.753125 0.916667 0.059375 0.047222
7 0.734375 0.993750 0.089063 0.009722
7 0.990625 0.665278 0.017188 0.011111
7 0.998047 0.675000 0.000781 0.002778
7 0.937109 0.649306 0.035156 0.009722
7 0.960547 0.656250 0.017969 0.009722
7 0.857812 0.628472 0.009375 0.006944
7 0.848437 0.623611 0.023438 0.008333
7 0.898438 0.635417 0.023438 0.009722
6 0.091406 0.652083 0.034375 0.051389
6 0.165234 0.602083 0.028906 0.037500
6 0.165625 0.569444 0.029687 0.038889
6 0.116016 0.569444 0.030469 0.038889
6 0.116406 0.601389 0.029687 0.038889
6 0.369141 0.565278 0.027344 0.033333
6 0.369141 0.597917 0.027344 0.034722
6 0.416406 0.565972 0.026562 0.037500
6 0.416406 0.595833 0.026562 0.036111
6 0.612109 0.563194 0.021094 0.034722
6 0.612109 0.590278 0.019531 0.025000
6 0.651172 0.561806 0.028906 0.031944
6 0.650781 0.593750 0.028125 0.034722
6 0.037891 0.656250 0.035156 0.059722
6 0.119141 0.632639 0.028906 0.051389
6 0.073828 0.634028 0.025781 0.051389
6 0.055078 0.684722 0.041406 0.069444
6 0.006641 0.686111 0.013281 0.069444
6 0.820312 0.659722 0.031250 0.050000
6 0.776563 0.668056 0.026562 0.055556
6 0.822656 0.611806 0.035937 0.056944
6 0.776563 0.614583 0.026562 0.059722
6 0.769922 0.594444 0.013281 0.050000
6 0.714453 0.595139 0.033594 0.051389
6 0.714453 0.638889 0.033594 0.050000
6 0.769922 0.634722 0.013281 0.036111
6 0.990234 0.712500 0.013281 0.025000
6 0.948438 0.743750 0.065625 0.090278
6 0.948828 0.672917 0.064844 0.087500
6 0.991406 0.663194 0.015625 0.070833
6 0.400391 0.684722 0.032031 0.069444
6 0.397656 0.671528 0.031250 0.056944
6 0.408203 0.693056 0.033594 0.072222
6 0.412109 0.703472 0.035156 0.076389
6 0.374219 0.610417 0.000000 0.001389
6 0.382031 0.606944 0.023438 0.002778
8 0.439063 0.749306 0.046875 0.037500
5 0.440625 0.734722 0.043750 0.013889
8 0.437109 0.738194 0.049219 0.037500
5 0.437500 0.722917 0.045312 0.009722
8 0.437109 0.769444 0.042969 0.038889
5 0.436719 0.759028 0.037500 0.020833
8 0.480469 0.772222 0.037500 0.047222
5 0.484375 0.756944 0.029687 0.019444
8 0.482422 0.885417 0.063281 0.051389
5 0.482031 0.875000 0.054688 0.036111
8 0.546875 0.881944 0.065625 0.052778
5 0.540234 0.871528 0.046094 0.034722
8 0.073828 0.682639 0.039844 0.029167
5 0.072266 0.671528 0.039844 0.006944
8 0.021484 0.684028 0.042969 0.029167
5 0.020703 0.672222 0.041406 0.008333
8 0.016797 0.689583 0.033594 0.029167
5 0.012500 0.679167 0.025000 0.008333
8 0.062891 0.686806 0.046094 0.023611
5 0.064062 0.678472 0.040625 0.009722
8 0.105078 0.654861 0.035156 0.023611
5 0.104297 0.645139 0.035156 0.004167
8 0.060156 0.656944 0.034375 0.022222
5 0.058984 0.645139 0.035156 0.004167
8 0.051562 0.657639 0.039062 0.018056
5 0.049219 0.651389 0.032813 0.008333
8 0.096875 0.659722 0.039062 0.025000
5 0.097656 0.650694 0.035937 0.006944
0 0.170703 0.640278 0.041406 0.125000
0 0.219922 0.584722 0.025781 0.083333
0 0.189453 0.602778 0.032031 0.097222
0 0.083594 0.807639 0.090625 0.262500
0 0.293750 0.595139 0.028125 0.081944
0 0.292969 0.649306 0.039062 0.137500
0 0.321875 0.583333 0.023438 0.083333
0 0.564453 0.581250 0.028906 0.081944
0 0.544141 0.617361 0.033594 0.112500
0 0.603125 0.664583 0.051562 0.151389
0 0.616406 0.606944 0.029687 0.102778
0 0.840625 0.645833 0.070312 0.127778
0 0.914062 0.666667 0.112500 0.144444
0 0.994922 0.737500 0.008594 0.127778
1 0.834375 0.691667 0.075000 0.122222
1 0.796484 0.692361 0.066406 0.123611
1 0.675391 0.598611 0.036719 0.066667
1 0.647656 0.599306 0.035937 0.068056
1 0.686328 0.601389 0.027344 0.063889
1 0.663672 0.604861 0.038281 0.070833
1 0.714063 0.587500 0.045312 0.058333
1 0.759766 0.586806 0.044531 0.056944
1 0.621094 0.588194 0.037500 0.056944
1 0.662109 0.588194 0.047656 0.059722
1 0.367188 0.611111 0.029687 0.075000
1 0.362891 0.604861 0.027344 0.070833
1 0.394141 0.590972 0.027344 0.034722
1 0.389844 0.588889 0.028125 0.038889
1 0.390234 0.650694 0.063281 0.093056
2 0.369141 0.668056 0.014844 0.027778
2 0.368750 0.652083 0.014063 0.001389
2 0.369141 0.629861 0.014844 0.029167
2 0.414062 0.629167 0.015625 0.030556
2 0.399219 0.665972 0.045312 0.031944
2 0.383984 0.630556 0.014844 0.027778
2 0.383984 0.615278 0.014844 0.000000
2 0.399609 0.629167 0.014844 0.025000
2 0.399219 0.614583 0.014063 0.001389
1 0.389453 0.645139 0.064844 0.090278
2 0.367969 0.611806 0.012500 0.004167
2 0.411719 0.611111 0.015625 0.002778
2 0.382422 0.613194 0.014844 0.004167
2 0.381641 0.610417 0.013281 0.001389
2 0.397266 0.612500 0.014844 0.002778
2 0.396094 0.609722 0.014063 0.000000
1 0.014063 0.609722 0.021875 0.069444
2 0.008594 0.626389 0.009375 0.022222
2 0.002344 0.626389 0.004687 0.022222
2 0.006641 0.596528 0.013281 0.020833
2 0.021875 0.581944 0.004687 0.000000
2 0.014063 0.621528 0.021875 0.020833
2 0.015625 0.593750 0.012500 0.018056
2 0.004297 0.584722 0.008594 0.000000
2 0.022266 0.593056 0.005469 0.019444
2 0.007031 0.583333 0.010937 0.000000
1 0.001563 0.620833 0.003125 0.072222
2 0.000391 0.604167 0.000781 0.022222
2 0.000391 0.634722 0.000781 0.022222
5 0.518750 0.792361 0.064062 0.026389
5 0.518750 0.804167 0.064062 0.025000
5 0.518750 0.814583 0.064062 0.023611
5 0.518750 0.825694 0.064062 0.026389
5 0.518750 0.847222 0.064062 0.022222
5 0.518750 0.838194 0.064062 0.026389
5 0.516016 0.870139 0.058594 0.026389
5 0.514844 0.859722 0.056250 0.025000
5 0.442578 0.818056 0.061719 0.025000
5 0.442578 0.829167 0.061719 0.027778
5 0.442578 0.852083 0.061719 0.026389
5 0.442578 0.840278 0.061719 0.027778
5 0.439063 0.875000 0.054688 0.027778
5 0.442578 0.863194 0.061719 0.026389
5 0.442578 0.806250 0.061719 0.026389
5 0.442578 0.795139 0.061719 0.026389
5 0.357031 0.821528 0.059375 0.026389
5 0.357031 0.833333 0.059375 0.027778
5 0.357031 0.856944 0.059375 0.027778
5 0.357031 0.845139 0.059375 0.029167
5 0.356250 0.879861 0.057813 0.029167
5 0.356250 0.868056 0.057813 0.027778
5 0.357031 0.810417 0.059375 0.026389
5 0.357031 0.800000 0.059375 0.025000
5 0.357031 0.731250 0.059375 0.023611
5 0.357031 0.743056 0.059375 0.025000
5 0.357031 0.766667 0.059375 0.025000
5 0.357031 0.754861 0.059375 0.023611
5 0.357031 0.788194 0.059375 0.026389
5 0.357031 0.777778 0.059375 0.025000
5 0.357031 0.720833 0.059375 0.022222
5 0.357031 0.709028 0.059375 0.023611
5 0.428516 0.613194 0.003906 0.004167
5 0.428516 0.618056 0.003906 0.002778