3 0.127734 0.870833 0.255469 0.255556
4 0.003125 0.783333 0.006250 0.002778
6 0.191016 0.761111 0.035156 0.044444
6 0.155078 0.768056 0.028906 0.050000
8 0.005078 0.774306 0.010156 0.012500
5 0.011328 0.760417 0.022656 0.012500
8 0.005078 0.778472 0.010156 0.015278
5 0.006250 0.754167 0.007812 0.000000
8 0.246875 0.758333 0.010937 0.025000
5 0.246484 0.737500 0.010156 0.002778
8 0.245312 0.762500 0.000000 0.000000
5 0.250391 0.737500 0.010156 0.002778
8 0.248828 0.762500 0.014844 0.030556
5 0.248828 0.744444 0.014844 0.011111
8 0.248047 0.841667 0.014844 0.030556
5 0.250000 0.829861 0.010937 0.015278
8 0.046094 0.893750 0.000000 0.023611
5 0.046094 0.879167 0.000000 0.002778
5 0.094922 0.843056 0.055469 0.008333
8 0.080469 0.843056 0.065625 0.013889
5 0.076953 0.836111 0.060156 0.025000
0 0.076563 0.797222 0.132812 0.105556
2 0.149609 0.983333 0.208594 0.030556
2 0.150000 0.916667 0.209375 0.163889
2 0.023438 0.842361 0.046875 0.112500
2 0.022656 0.940972 0.045312 0.098611
2 0.201172 0.827083 0.108594 0.054167
2 0.158984 0.815972 0.097656 0.048611