3 0.507812 0.865972 0.982812 0.265278
5 0.007812 0.993056 0.015625 0.011111
5 0.007812 0.993056 0.015625 0.011111
5 0.007812 0.993056 0.015625 0.011111
5 0.007812 0.978472 0.015625 0.029167
5 0.007812 0.978472 0.015625 0.029167
5 0.007812 0.978472 0.015625 0.029167
5 0.007812 0.951389 0.015625 0.033333
5 0.007812 0.951389 0.015625 0.033333
5 0.007812 0.951389 0.015625 0.033333
6 0.424219 0.990278 0.043750 0.016667
6 0.706641 0.935417 0.167969 0.126389
8 0.797656 0.874306 0.065625 0.065278
5 0.797656 0.856250 0.057813 0.029167
8 0.762109 0.863889 0.022656 0.050000
5 0.760156 0.847222 0.018750 0.025000
8 0.850781 0.882639 0.065625 0.068056
5 0.851562 0.863889 0.057813 0.030556
8 0.913672 0.893750 0.064844 0.070833
5 0.914062 0.875000 0.057813 0.033333
8 0.687500 0.890278 0.023438 0.041667
5 0.689844 0.868056 0.018750 0.025000
8 0.778516 0.898611 0.055469 0.072222
5 0.776563 0.879167 0.051562 0.033333
8 0.827344 0.908333 0.070312 0.075000
5 0.827344 0.888194 0.062500 0.034722
8 0.893359 0.920833 0.071094 0.077778
5 0.893750 0.899306 0.062500 0.037500
0 0.259766 0.868056 0.192969 0.261111
1 0.819531 0.716667 0.089063 0.119444
2 0.791016 0.677778 0.025781 0.016667
2 0.847266 0.692361 0.025781 0.037500
2 0.843359 0.736806 0.035156 0.040278
2 0.807031 0.679861 0.021875 0.015278
2 0.812891 0.671528 0.017969 0.001389
2 0.826172 0.691667 0.022656 0.036111
2 0.831641 0.672917 0.019531 0.001389
1 0.946094 0.682639 0.007812 0.029167
2 0.949219 0.688889 0.006250 0.016667
2 0.981250 0.693056 0.015625 0.016667
2 0.982422 0.683333 0.017969 0.002778
2 0.993750 0.693750 0.010937 0.015278
2 0.995313 0.684028 0.007812 0.001389
1 0.793750 0.736806 0.085938 0.131944
2 0.760938 0.695833 0.020313 0.022222
2 0.817578 0.710417 0.028906 0.043056
2 0.810547 0.759722 0.044531 0.044444
2 0.774219 0.698611 0.023438 0.019444
2 0.780469 0.687500 0.021875 0.002778
2 0.794922 0.709722 0.024219 0.038889
2 0.800391 0.688889 0.022656 0.002778
1 0.925000 0.702083 0.009375 0.037500
2 0.938281 0.709722 0.028125 0.025000
2 0.996875 0.715278 0.004687 0.025000
2 0.950000 0.713194 0.004687 0.020833
2 0.963281 0.702083 0.023438 0.001389
2 0.984766 0.715278 0.022656 0.022222
2 0.986719 0.703472 0.023438 0.004167
1 0.746875 0.766667 0.107813 0.141667
2 0.698438 0.710417 0.001563 0.001389
2 0.780078 0.734028 0.033594 0.048611
2 0.783984 0.788889 0.027344 0.050000
2 0.751953 0.707639 0.002344 0.001389
2 0.759375 0.714583 0.017188 0.006944
2 0.762109 0.709722 0.022656 0.005556
1 0.945703 0.773611 0.107031 0.138889
2 0.912500 0.726389 0.031250 0.013889
2 0.987109 0.753472 0.024219 0.054167
2 0.998047 0.817361 0.002344 0.048611
2 0.935937 0.730556 0.028125 0.008333
2 0.939844 0.725000 0.025000 0.005556
2 0.962500 0.733333 0.028125 0.008333
2 0.966016 0.728472 0.027344 0.004167
1 0.728125 0.775000 0.112500 0.155556
2 0.687891 0.794444 0.022656 0.047222
2 0.692578 0.770833 0.013281 0.002778
2 0.687500 0.737500 0.023438 0.050000
2 0.765234 0.745139 0.028906 0.051389
2 0.739844 0.802778 0.081250 0.052778
2 0.698828 0.742361 0.000781 0.040278
2 0.753516 0.720139 0.005469 0.004167
1 0.939063 0.800000 0.120313 0.172222
2 0.898438 0.820833 0.029687 0.052778
2 0.902734 0.795833 0.025781 0.005556
2 0.900391 0.758333 0.033594 0.055556
2 0.985156 0.767361 0.023438 0.056944
2 0.955078 0.827778 0.086719 0.063889
2 0.925000 0.763194 0.029687 0.051389
2 0.929688 0.736111 0.028125 0.005556
2 0.944922 0.764583 0.014844 0.048611
2 0.946875 0.738194 0.009375 0.004167
2 0.412500 0.844444 0.071875 0.075000
2 0.431641 0.802778 0.033594 0.019444
2 0.500000 0.865278 0.101562 0.066667
2 0.566016 0.846528 0.030469 0.062500
2 0.500000 0.813194 0.101562 0.062500
2 0.566016 0.797917 0.030469 0.059722
2 0.500000 0.757639 0.101562 0.070833
2 0.533203 0.745139 0.096094 0.065278