3 0.516797 0.975000 0.964844 0.047222
4 0.448047 0.979167 0.002344 0.038889
4 0.297656 0.976389 0.025000 0.044444
4 0.245703 0.956944 0.000781 0.000000
4 0.173437 0.974306 0.023438 0.048611
4 0.125781 0.972917 0.003125 0.051389
4 0.061328 0.972222 0.022656 0.052778
8 0.718359 0.962500 0.033594 0.022222
8 0.600391 0.952778 0.007031 0.016667
5 0.716016 0.942361 0.036719 0.006944
5 0.716016 0.942361 0.036719 0.006944
5 0.716016 0.942361 0.036719 0.006944
5 0.716016 0.933333 0.036719 0.008333
5 0.716016 0.933333 0.036719 0.008333
5 0.716016 0.933333 0.036719 0.008333
5 0.716016 0.950000 0.036719 0.008333
5 0.716016 0.950000 0.036719 0.008333
5 0.716016 0.950000 0.036719 0.008333
5 0.681250 0.950694 0.035937 0.006944
5 0.681250 0.950694 0.035937 0.006944
5 0.681250 0.950694 0.035937 0.006944
5 0.679688 0.942361 0.034375 0.006944
5 0.679688 0.942361 0.034375 0.006944
5 0.679688 0.942361 0.034375 0.006944
5 0.679688 0.934722 0.034375 0.008333
5 0.679688 0.934722 0.034375 0.008333
5 0.679688 0.934722 0.034375 0.008333
5 0.682422 0.925000 0.039844 0.008333
5 0.682422 0.925000 0.039844 0.008333
5 0.682422 0.925000 0.039844 0.008333
6 0.606250 0.931250 0.020313 0.048611
6 0.633984 0.929861 0.038281 0.045833
6 0.305078 0.936806 0.150781 0.123611
6 0.007031 0.996528 0.014063 0.004167
7 0.947266 0.991667 0.025781 0.013889
7 0.802734 0.986806 0.028906 0.015278
7 0.855469 0.989583 0.014063 0.015278
7 0.382031 0.968750 0.035937 0.012500
7 0.355859 0.965972 0.003906 0.009722
7 0.441406 0.971528 0.034375 0.012500
6 0.085156 0.961111 0.018750 0.066667
6 0.054297 0.964583 0.039844 0.068056
6 0.056250 0.902083 0.039062 0.068056
6 0.099609 0.900694 0.042969 0.065278
6 0.207813 0.905556 0.065625 0.075000
6 0.258984 0.903472 0.042969 0.070833
6 0.206250 0.966667 0.067187 0.063889
6 0.256641 0.965278 0.039844 0.066667
6 0.273438 0.934722 0.043750 0.047222
6 0.255469 0.934028 0.015625 0.045833
0 0.930469 0.914583 0.137500 0.168056
0 0.127344 0.926389 0.075000 0.144444
0 0.175391 0.926389 0.078906 0.144444
1 0.985938 0.950694 0.026562 0.095833
1 0.984766 0.948611 0.028906 0.100000
1 0.983594 0.947222 0.031250 0.102778
1 0.555469 0.947222 0.104688 0.102778
1 0.571094 0.946528 0.092188 0.104167
1 0.348828 0.945833 0.094531 0.105556
1 0.321094 0.945833 0.098437 0.105556
1 0.214062 0.913194 0.065625 0.051389
2 0.209766 0.941667 0.000781 0.008333
2 0.200000 0.910417 0.032813 0.026389
2 0.241016 0.911806 0.007031 0.018056
2 0.236719 0.952083 0.000000 0.001389
2 0.201953 0.895833 0.003906 0.000000
1 0.141016 0.903472 0.060156 0.037500
2 0.127734 0.908333 0.028906 0.025000
2 0.164453 0.894444 0.013281 0.000000
2 0.148438 0.916667 0.000000 0.005556
2 0.146484 0.894444 0.014844 0.000000
1 0.159766 0.903472 0.024219 0.034722
2 0.164453 0.909028 0.032031 0.026389
2 0.184766 0.895833 0.002344 0.000000
2 0.195703 0.895833 0.002344 0.000000
5 0.554297 0.972222 0.036719 0.008333
5 0.554297 0.965972 0.036719 0.006944
5 0.553516 0.952778 0.036719 0.008333
5 0.554297 0.959722 0.036719 0.008333
5 0.475391 0.998611 0.011719 0.000000
5 0.420312 0.996528 0.056250 0.004167