3 0.499609 0.829861 0.999219 0.337500
4 0.141016 0.739583 0.014844 0.062500
4 0.008984 0.732639 0.013281 0.012500
8 0.522266 0.812500 0.086719 0.047222
5 0.550000 0.686806 0.037500 0.009722
5 0.550000 0.686806 0.037500 0.009722
5 0.550000 0.686806 0.037500 0.009722
5 0.547266 0.677778 0.042969 0.011111
5 0.547266 0.677778 0.042969 0.011111
5 0.547266 0.677778 0.042969 0.011111
5 0.550391 0.694444 0.036719 0.008333
5 0.550391 0.694444 0.036719 0.008333
5 0.550391 0.694444 0.036719 0.008333
5 0.579688 0.697917 0.010937 0.006944
5 0.579688 0.697917 0.010937 0.006944
5 0.579688 0.697917 0.010937 0.006944
5 0.579297 0.690278 0.010156 0.008333
5 0.579297 0.690278 0.010156 0.008333
5 0.579297 0.690278 0.010156 0.008333
5 0.579688 0.681944 0.010937 0.008333
5 0.579688 0.681944 0.010937 0.008333
5 0.579688 0.681944 0.010937 0.008333
5 0.580078 0.671528 0.011719 0.009722
5 0.580078 0.671528 0.011719 0.009722
5 0.580078 0.671528 0.011719 0.009722
6 0.436719 0.711111 0.051562 0.066667
6 0.496484 0.686806 0.036719 0.037500
6 0.436719 0.653472 0.051562 0.065278
6 0.466016 0.706250 0.049219 0.065278
6 0.265234 0.722222 0.060156 0.052778
6 0.227734 0.726389 0.025781 0.044444
7 0.017578 0.982639 0.035156 0.031944
7 0.014844 0.720139 0.029687 0.015278
7 0.160547 0.752083 0.028906 0.018056
7 0.126953 0.670139 0.028906 0.006944
7 0.157031 0.668056 0.028125 0.008333
7 0.057813 0.676389 0.003125 0.000000
7 0.086328 0.675000 0.017969 0.002778
8 0.115625 0.781250 0.045312 0.043056
5 0.113672 0.763194 0.041406 0.015278
5 0.098047 0.754167 0.010156 0.002778
8 0.297266 0.731944 0.002344 0.005556
5 0.296094 0.727778 0.001563 0.002778
8 0.313281 0.735417 0.032813 0.023611
5 0.310547 0.724306 0.030469 0.009722
8 0.341016 0.731250 0.021094 0.023611
5 0.326953 0.719444 0.042969 0.008333
8 0.354687 0.722917 0.046875 0.015278
5 0.353125 0.715278 0.043750 0.008333
8 0.365234 0.740278 0.047656 0.030556
5 0.362891 0.725000 0.046094 0.011111
8 0.389844 0.734722 0.050000 0.030556
5 0.389453 0.720833 0.044531 0.011111
8 0.340625 0.744444 0.051562 0.033333
5 0.339844 0.729861 0.046875 0.012500
8 0.316797 0.750000 0.041406 0.033333
5 0.314844 0.735417 0.039062 0.012500
8 0.805469 0.757639 0.051562 0.034722
5 0.801953 0.741667 0.052344 0.013889
8 0.819922 0.751389 0.055469 0.033333
5 0.818750 0.736806 0.050000 0.012500
8 0.791797 0.763889 0.055469 0.036111
5 0.788672 0.747222 0.053906 0.013889
8 0.771094 0.770139 0.059375 0.037500
5 0.769531 0.753472 0.054688 0.015278
8 0.767969 0.733333 0.053125 0.008333
5 0.766797 0.730556 0.049219 0.011111
8 0.769141 0.750694 0.016406 0.031944
5 0.748828 0.736111 0.050781 0.011111
8 0.735547 0.743750 0.057031 0.009722
5 0.734375 0.740972 0.051562 0.012500
8 0.715625 0.753472 0.059375 0.018056
5 0.714844 0.746528 0.053125 0.015278
8 0.658594 0.802083 0.060937 0.045833
5 0.657422 0.783333 0.057031 0.019444
8 0.702734 0.807639 0.064844 0.043056
5 0.702344 0.789583 0.057813 0.020833
8 0.617578 0.795833 0.061719 0.044444
5 0.618359 0.777778 0.055469 0.019444
8 0.577734 0.789583 0.061719 0.043056
5 0.577734 0.771528 0.055469 0.018056
8 0.729297 0.781944 0.063281 0.038889
5 0.728516 0.764583 0.057031 0.015278
8 0.710156 0.790972 0.065625 0.040278
5 0.709375 0.772222 0.059375 0.016667
8 0.656250 0.783333 0.056250 0.038889
5 0.654687 0.765972 0.053125 0.015278
8 0.615234 0.777778 0.058594 0.038889
5 0.609766 0.761806 0.041406 0.015278
8 0.501953 0.866667 0.078906 0.055556
5 0.499219 0.840278 0.073438 0.027778
8 0.536328 0.852083 0.082031 0.054167
5 0.535547 0.828472 0.074219 0.026389
8 0.437109 0.897222 0.010156 0.052778
5 0.433594 0.875000 0.003125 0.013889
0 0.771094 0.910417 0.300000 0.176389
0 0.235156 0.755556 0.151562 0.225000
0 0.496094 0.713194 0.101562 0.176389
0 0.617969 0.662500 0.065625 0.116667
1 0.321875 0.650694 0.054688 0.070833
1 0.302344 0.652778 0.056250 0.072222
1 0.282031 0.648611 0.053125 0.069444
1 0.267578 0.649306 0.042969 0.070833
1 0.245312 0.645833 0.051562 0.066667
1 0.232813 0.645833 0.035937 0.066667
1 0.195312 0.636806 0.048438 0.059722
1 0.087500 0.668056 0.068750 0.080556
1 0.064844 0.666667 0.070312 0.080556
1 0.979297 0.716667 0.039844 0.119444
2 0.988281 0.671528 0.021875 0.001389
2 0.980469 0.693750 0.037500 0.037500
2 0.988672 0.741667 0.021094 0.044444
2 0.985938 0.672222 0.014063 0.000000
2 0.979688 0.674306 0.020313 0.001389
2 0.994922 0.675694 0.008594 0.001389
1 0.950391 0.745833 0.075781 0.147222
2 0.978906 0.763194 0.012500 0.043056
2 0.960156 0.707639 0.050000 0.043056
2 0.941797 0.715972 0.052344 0.045833
2 0.947656 0.769444 0.064062 0.052778
2 0.943359 0.689583 0.022656 0.001389
2 0.967578 0.711806 0.024219 0.043056
2 0.935547 0.692361 0.022656 0.001389
2 0.960547 0.714583 0.025781 0.043056
1 0.937891 0.670139 0.064844 0.031944
2 0.946484 0.670833 0.042969 0.008333
2 0.930859 0.680556 0.044531 0.016667
2 0.938672 0.669444 0.010156 0.000000
2 0.953906 0.677778 0.018750 0.016667
2 0.925000 0.671528 0.018750 0.001389
2 0.946484 0.679167 0.022656 0.013889
1 0.891016 0.739583 0.075781 0.143056
2 0.918359 0.741667 0.014844 0.008333
2 0.902344 0.686806 0.046875 0.009722
2 0.881250 0.711111 0.050000 0.044444
2 0.887891 0.762500 0.063281 0.050000
2 0.885156 0.685417 0.021875 0.001389
2 0.908203 0.690278 0.022656 0.008333
2 0.876172 0.688194 0.021094 0.001389
2 0.899609 0.709722 0.024219 0.041667
2 0.744922 0.998611 0.000781 0.000000
2 0.521484 0.967361 0.197656 0.062500
2 0.654687 0.939583 0.181250 0.118056
2 0.357422 0.883333 0.147656 0.113889
2 0.214062 0.931250 0.167187 0.134722
2 0.257031 0.986111 0.081250 0.025000
2 0.400391 0.959028 0.061719 0.079167
2 0.291016 0.906250 0.157031 0.123611
2 0.125391 0.942361 0.180469 0.112500
2 0.333594 0.971528 0.070312 0.054167
2 0.414844 0.845139 0.095312 0.070833
2 0.366406 0.815972 0.104688 0.031944
2 0.796094 0.719444 0.040625 0.025000
2 0.848047 0.729167 0.047656 0.036111
2 0.796094 0.693056 0.040625 0.033333
2 0.848047 0.694444 0.047656 0.036111
2 0.801953 0.659028 0.052344 0.037500
2 0.848047 0.661806 0.047656 0.037500
5 0.015625 0.738889 0.031250 0.016667
5 0.003516 0.751389 0.007031 0.008333
5 0.003516 0.758333 0.007031 0.013889
5 0.003516 0.770139 0.007031 0.009722
5 0.003516 0.788889 0.007031 0.008333
5 0.003516 0.779861 0.007031 0.009722
5 0.007031 0.804167 0.000000 0.000000
5 0.003516 0.794444 0.007031 0.005556
5 0.015625 0.707639 0.031250 0.009722
5 0.012891 0.712500 0.025781 0.002778
5 0.024609 0.765972 0.047656 0.015278
5 0.024609 0.776389 0.047656 0.016667
5 0.024609 0.795833 0.047656 0.016667
5 0.024609 0.786111 0.047656 0.016667
5 0.024219 0.814583 0.048438 0.018056
5 0.024219 0.805556 0.048438 0.016667
5 0.026562 0.711806 0.009375 0.006944
5 0.028906 0.718750 0.004687 0.006944
5 0.024609 0.757639 0.047656 0.015278
5 0.024609 0.745833 0.047656 0.019444
5 0.075781 0.773611 0.068750 0.019444
5 0.075781 0.783333 0.068750 0.019444
5 0.075781 0.804861 0.068750 0.020833
5 0.075781 0.794444 0.068750 0.019444
5 0.075391 0.823611 0.069531 0.022222
5 0.075781 0.813194 0.068750 0.020833
5 0.075781 0.764583 0.068750 0.018056
5 0.075781 0.754861 0.068750 0.018056
5 0.075781 0.694444 0.068750 0.016667
5 0.075781 0.705556 0.068750 0.016667
5 0.075781 0.726389 0.068750 0.016667
5 0.075781 0.715972 0.068750 0.015278
5 0.075781 0.745833 0.068750 0.016667
5 0.075781 0.734722 0.068750 0.016667
5 0.056250 0.705556 0.000000 0.000000
5 0.075781 0.686111 0.068750 0.013889
5 0.075781 0.675694 0.068750 0.015278