3 0.454297 0.809722 0.908594 0.377778
4 0.153125 0.700000 0.001563 0.027778
4 0.008984 0.720139 0.017969 0.054167
8 0.232422 0.634722 0.025781 0.008333
5 0.190234 0.614583 0.030469 0.006944
5 0.190234 0.614583 0.030469 0.006944
5 0.190234 0.614583 0.030469 0.006944
5 0.190234 0.606944 0.030469 0.008333
5 0.190234 0.606944 0.030469 0.008333
5 0.190234 0.606944 0.030469 0.008333
5 0.190234 0.620833 0.030469 0.005556
5 0.190234 0.620833 0.030469 0.005556
5 0.190234 0.620833 0.030469 0.005556
5 0.158984 0.622917 0.030469 0.006944
5 0.158984 0.622917 0.030469 0.006944
5 0.158984 0.622917 0.030469 0.006944
5 0.158984 0.616667 0.030469 0.005556
5 0.158984 0.616667 0.030469 0.005556
5 0.158984 0.616667 0.030469 0.005556
5 0.158984 0.609722 0.030469 0.005556
5 0.158984 0.609722 0.030469 0.005556
5 0.158984 0.609722 0.030469 0.005556
5 0.159375 0.601389 0.031250 0.008333
5 0.159375 0.601389 0.031250 0.008333
5 0.159375 0.601389 0.031250 0.008333
6 0.251172 0.602083 0.007031 0.037500
6 0.240234 0.577778 0.027344 0.038889
6 0.240625 0.602778 0.028125 0.038889
6 0.135937 0.608333 0.004687 0.038889
5 0.779687 0.779861 0.060937 0.023611
5 0.779687 0.779861 0.060937 0.023611
5 0.779687 0.779861 0.060937 0.023611
5 0.780078 0.765972 0.060156 0.026389
5 0.780078 0.765972 0.060156 0.026389
5 0.780078 0.765972 0.060156 0.026389
5 0.780078 0.794444 0.060156 0.022222
5 0.780078 0.794444 0.060156 0.022222
5 0.780078 0.794444 0.060156 0.022222
5 0.833594 0.823611 0.062500 0.033333
5 0.833594 0.823611 0.062500 0.033333
5 0.833594 0.823611 0.062500 0.033333
5 0.833594 0.809722 0.062500 0.033333
5 0.833594 0.809722 0.062500 0.033333
5 0.833594 0.809722 0.062500 0.033333
5 0.833594 0.795833 0.062500 0.033333
5 0.833594 0.795833 0.062500 0.033333
5 0.833594 0.795833 0.062500 0.033333
5 0.833594 0.778472 0.062500 0.034722
5 0.833594 0.778472 0.062500 0.034722
5 0.833594 0.778472 0.062500 0.034722
6 0.359766 0.838889 0.066406 0.111111
6 0.505859 0.824306 0.077344 0.112500
6 0.359375 0.747222 0.065625 0.111111
6 0.450391 0.828472 0.049219 0.109722
6 0.028516 0.849306 0.057031 0.123611
7 0.093359 0.734028 0.027344 0.020833
7 0.290234 0.813194 0.027344 0.031944
7 0.432031 0.656944 0.012500 0.011111
7 0.468359 0.656250 0.021094 0.012500
7 0.331250 0.661111 0.018750 0.011111
7 0.373047 0.659028 0.019531 0.012500
7 0.010937 0.675000 0.014063 0.013889
8 0.108594 0.851389 0.048438 0.058333
5 0.108984 0.831250 0.042969 0.026389
8 0.171094 0.845139 0.043750 0.059722
5 0.168359 0.827778 0.041406 0.027778
8 0.217969 0.840278 0.045312 0.058333
5 0.217578 0.822917 0.039844 0.026389
8 0.274219 0.834028 0.043750 0.051389
5 0.273438 0.819444 0.037500 0.025000
8 0.215234 0.867361 0.049219 0.065278
5 0.214844 0.848611 0.042188 0.030556
8 0.275000 0.862500 0.046875 0.063889
5 0.274219 0.844444 0.040625 0.030556
8 0.169531 0.870833 0.037500 0.063889
5 0.166797 0.852778 0.035156 0.030556
8 0.100391 0.876389 0.057031 0.066667
5 0.100000 0.857639 0.050000 0.031944
0 0.085938 0.882639 0.168750 0.231944
0 0.768359 0.786806 0.161719 0.218056
1 0.568750 0.668056 0.054688 0.100000
1 0.530859 0.670139 0.049219 0.104167
1 0.537109 0.650000 0.036719 0.083333
1 0.510938 0.657639 0.050000 0.098611
1 0.523438 0.639583 0.046875 0.079167
1 0.491406 0.647222 0.045312 0.091667
1 0.528125 0.620139 0.054688 0.073611
1 0.224219 0.677083 0.073438 0.104167
1 0.223828 0.669444 0.071094 0.100000
1 0.026172 0.677778 0.052344 0.100000
1 0.023047 0.686111 0.046094 0.105556
2 0.918359 0.990972 0.019531 0.015278
2 0.938672 0.956944 0.060156 0.083333
2 0.984375 0.977083 0.029687 0.043056
2 0.953906 0.890278 0.090625 0.111111
2 0.984375 0.925000 0.029687 0.100000
5 0.108594 0.661806 0.018750 0.009722
5 0.108203 0.656944 0.019531 0.008333
5 0.108203 0.645833 0.019531 0.008333
5 0.108203 0.651389 0.019531 0.008333
5 0.150000 0.713194 0.032813 0.012500
5 0.162500 0.723611 0.003125 0.013889
5 0.143750 0.738194 0.035937 0.012500
5 0.141406 0.745833 0.035937 0.013889
5 0.143750 0.729861 0.035937 0.015278
5 0.141797 0.723611 0.036719 0.016667