3 0.499609 0.852778 0.999219 0.291667
4 0.219141 0.707639 0.007031 0.048611
4 0.121875 0.720139 0.004687 0.062500
4 0.071875 0.727778 0.010937 0.075000
4 0.012500 0.775694 0.000000 0.001389
4 0.013672 0.704861 0.000781 0.051389
8 0.078906 0.748611 0.082812 0.047222
5 0.470313 0.690278 0.000000 0.000000
5 0.470313 0.690278 0.000000 0.000000
5 0.470313 0.690278 0.000000 0.000000
5 0.549219 0.710417 0.003125 0.006944
5 0.549219 0.710417 0.003125 0.006944
5 0.549219 0.710417 0.003125 0.006944
5 0.549219 0.702778 0.003125 0.008333
5 0.549219 0.702778 0.003125 0.008333
5 0.549219 0.702778 0.003125 0.008333
5 0.548828 0.694444 0.003906 0.008333
5 0.548828 0.694444 0.003906 0.008333
5 0.548828 0.694444 0.003906 0.008333
5 0.549219 0.685417 0.003125 0.006944
5 0.549219 0.685417 0.003125 0.006944
5 0.549219 0.685417 0.003125 0.006944
6 0.470313 0.679167 0.003125 0.022222
6 0.470703 0.676389 0.000781 0.011111
6 0.475781 0.640278 0.014063 0.052778
6 0.469531 0.675000 0.001563 0.008333
6 0.351953 0.707639 0.061719 0.073611
6 0.334766 0.711111 0.046094 0.080556
7 0.146094 0.770139 0.082812 0.023611
7 0.084766 0.779167 0.092969 0.027778
7 0.600391 0.814583 0.105469 0.034722
7 0.632422 0.799306 0.102344 0.029167
7 0.531641 0.866667 0.125781 0.050000
7 0.561719 0.840972 0.132812 0.040278
7 0.305078 0.970833 0.230469 0.055556
7 0.404687 0.927083 0.184375 0.070833
7 0.093359 0.744444 0.024219 0.011111
7 0.228906 0.732639 0.043750 0.001389
7 0.019531 0.704861 0.009375 0.006944
6 0.260937 0.856944 0.326562 0.283333
6 0.664062 0.859722 0.281250 0.277778
8 0.017578 0.768750 0.035156 0.051389
5 0.015234 0.747222 0.030469 0.013889
8 0.235547 0.727083 0.030469 0.009722
5 0.235547 0.722222 0.030469 0.005556
5 0.194531 0.722222 0.025000 0.002778
8 0.315625 0.715278 0.003125 0.000000
5 0.316016 0.709722 0.002344 0.005556
5 0.384766 0.704861 0.003906 0.001389
5 0.392578 0.703472 0.019531 0.001389
5 0.406250 0.708333 0.035937 0.005556
8 0.420312 0.716667 0.007812 0.000000
5 0.414062 0.704167 0.020313 0.000000
8 0.407031 0.723611 0.034375 0.030556
5 0.403125 0.710417 0.040625 0.006944
8 0.396484 0.725694 0.027344 0.031944
5 0.394531 0.711806 0.023438 0.006944
8 0.751563 0.709722 0.000000 0.000000
5 0.750781 0.706250 0.001563 0.004167
8 0.744531 0.709028 0.003125 0.001389
5 0.748047 0.707639 0.007031 0.004167
8 0.744531 0.721528 0.012500 0.001389
5 0.744531 0.717361 0.014063 0.009722
8 0.705078 0.716667 0.042969 0.005556
5 0.705078 0.715972 0.038281 0.006944
8 0.750781 0.719444 0.000000 0.000000
5 0.746875 0.711111 0.009375 0.002778
8 0.731641 0.713889 0.011719 0.005556
5 0.716797 0.713194 0.019531 0.006944
8 0.732031 0.782639 0.040625 0.029167
5 0.732422 0.743056 0.038281 0.002778
8 0.652344 0.766667 0.075000 0.050000
5 0.651172 0.740278 0.074219 0.002778
8 0.660156 0.778472 0.059375 0.018056
5 0.689453 0.740278 0.000781 0.000000
0 0.507812 0.672917 0.078125 0.209722
0 0.616406 0.656250 0.057813 0.134722
0 0.576562 0.664583 0.039062 0.109722
1 0.225391 0.676389 0.058594 0.069444
1 0.211328 0.674306 0.057031 0.068056
1 0.179688 0.670833 0.046875 0.058333
1 0.154688 0.671528 0.059375 0.062500
1 0.121094 0.675000 0.056250 0.069444
1 0.106250 0.675694 0.062500 0.070833
1 0.041016 0.674306 0.053906 0.062500
1 0.035547 0.676389 0.041406 0.080556
1 0.018750 0.679167 0.009375 0.086111
1 0.971094 0.683333 0.046875 0.100000
2 0.950781 0.684722 0.000000 0.000000
2 0.962500 0.658333 0.006250 0.027778
2 0.971875 0.700000 0.040625 0.030556
2 0.962891 0.673611 0.000781 0.000000
1 0.981250 0.686806 0.035937 0.112500
2 0.975781 0.703472 0.018750 0.031944
2 0.966406 0.659028 0.001563 0.031944
2 0.985156 0.659722 0.028125 0.033333
2 0.983594 0.705556 0.031250 0.036111
2 0.967969 0.659028 0.001563 0.031944
2 0.969922 0.659028 0.002344 0.031944
1 0.924609 0.682639 0.042969 0.098611
2 0.905078 0.659028 0.000781 0.026389
2 0.911328 0.659028 0.007031 0.029167
2 0.928906 0.685417 0.026562 0.001389
2 0.905469 0.652083 0.000000 0.012500
2 0.910547 0.671528 0.008594 0.004167
1 0.937891 0.686806 0.050781 0.112500
2 0.916016 0.702778 0.000781 0.030556
2 0.915234 0.659028 0.000781 0.031944
2 0.939063 0.659722 0.040625 0.033333
2 0.938281 0.705556 0.043750 0.036111
2 0.916016 0.659028 0.000781 0.031944
2 0.923047 0.659028 0.013281 0.031944
2 0.845313 0.675000 0.117188 0.000000
2 0.841016 0.677778 0.136719 0.000000
2 0.842969 0.676389 0.126562 0.000000
2 0.839063 0.725000 0.154688 0.091667
2 0.846484 0.811806 0.142969 0.095833
2 0.703906 0.749306 0.067187 0.059722
2 0.624219 0.747917 0.056250 0.056944
2 0.750781 0.698611 0.001563 0.008333
2 0.764453 0.679861 0.028906 0.026389
2 0.808203 0.669444 0.035156 0.008333
2 0.765234 0.651389 0.032031 0.027778
2 0.808203 0.650000 0.035156 0.027778
5 0.147656 0.689583 0.070312 0.009722
5 0.147656 0.700000 0.070312 0.011111
5 0.147266 0.709028 0.071094 0.009722
5 0.146875 0.720139 0.070312 0.009722
5 0.146875 0.728472 0.070312 0.006944
5 0.149219 0.756250 0.065625 0.004167
5 0.147266 0.753472 0.061719 0.004167
5 0.205859 0.709722 0.067969 0.011111
5 0.205859 0.720833 0.067969 0.011111
5 0.207031 0.729861 0.070312 0.006944
5 0.214062 0.765278 0.050000 0.008333
5 0.180859 0.754861 0.019531 0.004167
5 0.205859 0.700694 0.067969 0.009722
5 0.206250 0.690278 0.068750 0.011111
5 0.275781 0.711111 0.070312 0.011111
5 0.252734 0.722222 0.024219 0.011111
5 0.275391 0.731250 0.069531 0.006944
5 0.275391 0.763889 0.069531 0.013889
5 0.294531 0.756944 0.031250 0.005556
5 0.034766 0.721528 0.042969 0.006944
5 0.034766 0.729167 0.042969 0.008333
5 0.275781 0.701389 0.070312 0.011111
5 0.275781 0.690972 0.070312 0.009722
5 0.276562 0.628472 0.070312 0.009722
5 0.276562 0.639583 0.070312 0.009722
5 0.276172 0.661111 0.069531 0.008333
5 0.276172 0.650000 0.069531 0.008333
5 0.276172 0.681250 0.069531 0.009722
5 0.276172 0.670139 0.069531 0.009722
5 0.034766 0.715972 0.042969 0.006944
5 0.034766 0.709028 0.042969 0.006944
5 0.276562 0.618750 0.070312 0.009722
5 0.276562 0.608333 0.070312 0.011111