3 0.499609 0.849306 0.999219 0.298611
4 0.192578 0.685417 0.002344 0.001389
4 0.094922 0.718750 0.002344 0.056944
4 0.033984 0.726389 0.011719 0.072222
4 0.035156 0.699306 0.004687 0.048611
8 0.037109 0.743056 0.074219 0.038889
5 0.500391 0.696528 0.038281 0.006944
5 0.500391 0.696528 0.038281 0.006944
5 0.500391 0.696528 0.038281 0.006944
5 0.498828 0.688194 0.041406 0.006944
5 0.498828 0.688194 0.041406 0.006944
5 0.498828 0.688194 0.041406 0.006944
5 0.500391 0.704167 0.038281 0.008333
5 0.500391 0.704167 0.038281 0.008333
5 0.500391 0.704167 0.038281 0.008333
5 0.533594 0.705556 0.007812 0.005556
5 0.533594 0.705556 0.007812 0.005556
5 0.533594 0.705556 0.007812 0.005556
5 0.535937 0.697917 0.012500 0.006944
5 0.535937 0.697917 0.012500 0.006944
5 0.535937 0.697917 0.012500 0.006944
5 0.541406 0.689583 0.023438 0.006944
5 0.541406 0.689583 0.023438 0.006944
5 0.541406 0.689583 0.023438 0.006944
5 0.541406 0.680556 0.023438 0.008333
5 0.541406 0.680556 0.023438 0.008333
5 0.541406 0.680556 0.023438 0.008333
6 0.468750 0.694444 0.012500 0.055556
6 0.493359 0.692361 0.032031 0.056944
6 0.453516 0.640278 0.046094 0.058333
6 0.483984 0.694444 0.019531 0.058333
6 0.323047 0.705556 0.053906 0.072222
6 0.300781 0.709722 0.045312 0.077778
7 0.080469 0.761806 0.073438 0.012500
7 0.027734 0.784028 0.052344 0.009722
7 0.427344 0.820139 0.107813 0.034722
7 0.478125 0.804167 0.100000 0.030556
7 0.253125 0.872222 0.145313 0.050000
7 0.328125 0.846528 0.103125 0.040278
7 0.077344 0.929861 0.154688 0.068056
7 0.089844 0.735417 0.054688 0.009722
7 0.006250 0.720139 0.012500 0.009722
7 0.229687 0.731944 0.003125 0.000000
7 0.034766 0.697222 0.033594 0.008333
7 0.061719 0.695833 0.021875 0.005556
7 0.005469 0.699306 0.010937 0.006944
6 0.063672 0.880556 0.127344 0.236111
8 0.201563 0.736806 0.060937 0.031944
5 0.205859 0.720833 0.049219 0.005556
8 0.175000 0.735417 0.035937 0.029167
5 0.169531 0.720833 0.023438 0.002778
8 0.310156 0.723611 0.032813 0.025000
5 0.294922 0.707639 0.000781 0.004167
8 0.378516 0.727778 0.002344 0.008333
8 0.376563 0.724306 0.006250 0.015278
8 0.360156 0.725000 0.039062 0.022222
8 0.826172 0.717361 0.022656 0.026389
5 0.814063 0.704861 0.040625 0.006944
8 0.836719 0.716667 0.012500 0.027778
5 0.821094 0.703472 0.039062 0.006944
8 0.821875 0.720139 0.025000 0.029167
5 0.808594 0.706944 0.045312 0.005556
8 0.816797 0.722917 0.021094 0.029167
5 0.802734 0.709028 0.042969 0.006944
8 0.786328 0.702778 0.000781 0.000000
5 0.771875 0.702083 0.029687 0.004167
8 0.783984 0.703472 0.002344 0.001389
5 0.769531 0.702778 0.025000 0.002778
8 0.766016 0.719444 0.017969 0.027778
5 0.765625 0.705556 0.017188 0.005556
8 0.769141 0.710417 0.007031 0.006944
5 0.763281 0.706250 0.012500 0.004167
8 0.764062 0.734722 0.014063 0.036111
5 0.762500 0.718750 0.010937 0.009722
8 0.793359 0.736806 0.047656 0.037500
5 0.792969 0.720139 0.042188 0.009722
8 0.784766 0.727083 0.047656 0.031944
5 0.781250 0.712500 0.046875 0.008333
8 0.781250 0.730556 0.045312 0.033333
5 0.778906 0.713889 0.043750 0.005556
8 0.513281 0.769444 0.048438 0.044444
5 0.514453 0.749306 0.046094 0.015278
8 0.527344 0.768750 0.020313 0.040278
5 0.528516 0.739583 0.017969 0.004167
0 0.423438 0.676389 0.100000 0.202778
0 0.582812 0.641667 0.059375 0.102778
0 0.588672 0.633333 0.036719 0.055556
1 0.257031 0.670833 0.054688 0.069444
1 0.242578 0.671528 0.058594 0.070833
1 0.215625 0.670833 0.050000 0.044444
1 0.194141 0.668056 0.058594 0.063889
1 0.176172 0.672917 0.036719 0.059722
1 0.148438 0.668750 0.056250 0.065278
1 0.097266 0.664583 0.052344 0.054167
1 0.048047 0.675000 0.072656 0.083333
1 0.027734 0.671528 0.055469 0.076389
1 0.969141 0.659028 0.038281 0.054167
2 0.968750 0.684722 0.035937 0.002778
1 0.969141 0.686806 0.047656 0.115278
2 0.954688 0.687500 0.007812 0.000000
2 0.968750 0.659722 0.042188 0.033333
2 0.952734 0.692361 0.008594 0.006944
2 0.989844 0.647222 0.000000 0.008333
2 0.959375 0.676389 0.015625 0.000000
2 0.980469 0.664583 0.018750 0.023611
1 0.920703 0.681250 0.042969 0.098611
2 0.908203 0.681944 0.005469 0.000000
2 0.939844 0.697222 0.000000 0.027778
2 0.939063 0.648611 0.000000 0.011111
2 0.917578 0.684722 0.032031 0.000000
2 0.939063 0.663194 0.000000 0.015278
1 0.915625 0.686806 0.050000 0.115278
2 0.935547 0.704167 0.003906 0.033333
2 0.936719 0.659028 0.000000 0.031944
2 0.913281 0.659722 0.040625 0.033333
2 0.915234 0.705556 0.042969 0.036111
2 0.936328 0.658333 0.000781 0.030556
2 0.974219 0.827778 0.050000 0.088889
2 0.973437 0.740278 0.051562 0.091667
2 0.977734 0.690972 0.042969 0.006944
2 0.695703 0.720139 0.122656 0.073611
2 0.651172 0.731250 0.138281 0.084722
2 0.709766 0.810417 0.022656 0.087500
2 0.748828 0.788194 0.016406 0.073611
2 0.673828 0.725694 0.132031 0.079167
2 0.617969 0.738194 0.159375 0.093056
2 0.618359 0.823611 0.160156 0.094444
2 0.730859 0.798611 0.019531 0.080556
2 0.523047 0.749306 0.028906 0.056944
2 0.839063 0.702778 0.007812 0.027778
2 0.771875 0.695139 0.029687 0.006944
2 0.814453 0.702083 0.041406 0.020833
2 0.773047 0.676389 0.039844 0.027778
2 0.814063 0.677083 0.040625 0.029167
2 0.773047 0.647917 0.039844 0.029167
2 0.813672 0.647917 0.041406 0.029167
5 0.103906 0.689583 0.060937 0.009722
5 0.103516 0.700694 0.060156 0.009722
5 0.103125 0.708333 0.060937 0.011111
5 0.103125 0.718750 0.060937 0.009722
5 0.103516 0.738889 0.060156 0.011111
5 0.103516 0.728472 0.060156 0.009722
5 0.103125 0.756944 0.060937 0.011111
5 0.103125 0.746528 0.060937 0.012500
5 0.002734 0.709722 0.005469 0.000000
5 0.157422 0.709722 0.067969 0.011111
5 0.157422 0.720833 0.067969 0.011111
5 0.157422 0.740278 0.067969 0.011111
5 0.157422 0.730556 0.067969 0.011111
5 0.157422 0.759028 0.067969 0.012500
5 0.157422 0.748611 0.067969 0.013889
5 0.016406 0.714583 0.032813 0.006944
5 0.021875 0.721528 0.020313 0.006944
5 0.157812 0.701389 0.068750 0.011111
5 0.158203 0.690972 0.067969 0.009722
5 0.217188 0.712500 0.068750 0.011111
5 0.217188 0.722222 0.068750 0.011111
5 0.216797 0.742361 0.069531 0.012500
5 0.217188 0.732639 0.068750 0.012500
5 0.216406 0.762500 0.068750 0.013889
5 0.216406 0.751389 0.068750 0.013889
5 0.050391 0.715972 0.044531 0.006944
5 0.050781 0.722917 0.046875 0.006944
5 0.217188 0.702778 0.068750 0.011111
5 0.217188 0.692361 0.068750 0.009722
5 0.217969 0.633333 0.068750 0.008333
5 0.217969 0.643056 0.068750 0.008333
5 0.217578 0.664583 0.067969 0.009722
5 0.217578 0.654167 0.067969 0.008333
5 0.217188 0.684028 0.068750 0.009722
5 0.217188 0.672917 0.068750 0.009722
5 0.050391 0.710417 0.044531 0.006944
5 0.050000 0.703472 0.045312 0.006944
5 0.217969 0.623611 0.068750 0.008333
5 0.217969 0.613889 0.068750 0.008333