3 0.469531 0.861806 0.939063 0.273611
4 0.348828 0.959722 0.003906 0.077778
5 0.316406 0.742361 0.057813 0.020833
5 0.316406 0.742361 0.057813 0.020833
5 0.316406 0.742361 0.057813 0.020833
5 0.316406 0.730556 0.057813 0.022222
5 0.316406 0.730556 0.057813 0.022222
5 0.316406 0.730556 0.057813 0.022222
5 0.316406 0.754861 0.057813 0.018056
5 0.316406 0.754861 0.057813 0.018056
5 0.316406 0.754861 0.057813 0.018056
5 0.398828 0.751389 0.055469 0.016667
5 0.398828 0.751389 0.055469 0.016667
5 0.398828 0.751389 0.055469 0.016667
5 0.398828 0.738889 0.055469 0.019444
5 0.398828 0.738889 0.055469 0.019444
5 0.398828 0.738889 0.055469 0.019444
5 0.398828 0.727778 0.055469 0.016667
5 0.398828 0.727778 0.055469 0.016667
5 0.398828 0.727778 0.055469 0.016667
5 0.398828 0.713889 0.055469 0.019444
5 0.398828 0.713889 0.055469 0.019444
5 0.398828 0.713889 0.055469 0.019444
6 0.503516 0.843056 0.058594 0.102778
6 0.475781 0.802083 0.053125 0.106944
6 0.503516 0.756250 0.058594 0.118056
6 0.488281 0.815278 0.053125 0.102778
6 0.547656 0.960417 0.110937 0.076389
6 0.619531 0.981944 0.132812 0.033333
7 0.280859 0.925000 0.082031 0.036111
8 0.441797 0.977778 0.091406 0.041667
5 0.440625 0.975694 0.082812 0.040278
8 0.433203 0.956944 0.085156 0.050000
5 0.427734 0.943056 0.067969 0.033333
8 0.421875 0.939583 0.079687 0.073611
5 0.421094 0.918056 0.073438 0.030556
8 0.416016 0.904861 0.075781 0.043056
5 0.414844 0.893056 0.068750 0.027778
8 0.514062 0.934722 0.079687 0.066667
5 0.503906 0.912500 0.057813 0.030556
8 0.503125 0.906944 0.057813 0.066667
5 0.503516 0.886806 0.058594 0.026389
8 0.523438 0.945833 0.076563 0.052778
5 0.524609 0.931250 0.072656 0.023611
8 0.935937 0.799306 0.001563 0.001389
5 0.932422 0.788889 0.013281 0.016667
8 0.935937 0.794444 0.000000 0.000000
5 0.937500 0.772917 0.003125 0.009722
8 0.937891 0.797917 0.002344 0.006944
8 0.841797 0.793750 0.027344 0.043056
5 0.845703 0.777778 0.030469 0.016667
8 0.854297 0.804167 0.008594 0.036111
5 0.855859 0.789583 0.007031 0.009722
8 0.925781 0.809722 0.000000 0.000000
5 0.932422 0.802778 0.013281 0.013889
8 0.925000 0.834722 0.000000 0.002778
5 0.932422 0.811806 0.013281 0.001389
0 0.896875 0.862500 0.084375 0.272222
0 0.512891 0.705556 0.039844 0.161111
2 0.720313 0.732639 0.021875 0.048611
2 0.763672 0.748611 0.063281 0.050000
2 0.819141 0.751389 0.046094 0.041667
2 0.763672 0.711806 0.063281 0.048611
2 0.819141 0.714583 0.046094 0.040278
2 0.763672 0.675694 0.063281 0.048611
2 0.810547 0.673611 0.064844 0.047222