3 0.525781 0.817361 0.945312 0.362500
4 0.247656 0.669444 0.004687 0.033333
4 0.120313 0.684028 0.006250 0.045833
4 0.072656 0.688889 0.012500 0.050000
4 0.087109 0.656944 0.014844 0.038889
4 0.055469 0.677778 0.000000 0.000000
8 0.115625 0.698611 0.050000 0.030556
8 0.520703 0.695139 0.003906 0.004167
6 0.454297 0.650694 0.036719 0.040278
6 0.478516 0.646528 0.002344 0.037500
6 0.454688 0.612500 0.037500 0.044444
6 0.468359 0.647917 0.022656 0.040278
6 0.326172 0.663194 0.021094 0.045833
6 0.307422 0.666667 0.028906 0.047222
7 0.130078 0.712500 0.038281 0.008333
7 0.085547 0.718056 0.044531 0.008333
7 0.260547 0.763889 0.057031 0.022222
7 0.285938 0.751389 0.006250 0.011111
7 0.119141 0.792361 0.058594 0.026389
7 0.191016 0.779861 0.032031 0.023611
7 0.057031 0.702083 0.003125 0.004167
7 0.130078 0.665972 0.028906 0.009722
7 0.266797 0.680556 0.030469 0.011111
7 0.505078 0.919444 0.035156 0.030556
7 0.332031 0.990972 0.101562 0.015278
7 0.436328 0.969444 0.114844 0.055556
7 0.182422 0.637500 0.005469 0.005556
7 0.135156 0.642361 0.025000 0.006944
7 0.148438 0.640278 0.001563 0.005556
8 0.055469 0.709028 0.003125 0.012500
5 0.053906 0.703472 0.000000 0.004167
8 0.250000 0.687500 0.012500 0.019444
5 0.248828 0.679167 0.010156 0.005556
5 0.387891 0.659028 0.005469 0.001389
8 0.396484 0.673611 0.000781 0.005556
5 0.396484 0.657639 0.024219 0.004167
8 0.403906 0.670139 0.034375 0.015278
5 0.402344 0.662500 0.032813 0.005556
8 0.423828 0.667361 0.032031 0.015278
5 0.420703 0.661111 0.032031 0.005556
8 0.396484 0.670833 0.019531 0.013889
5 0.394922 0.665278 0.017969 0.005556
8 0.386328 0.670833 0.000781 0.008333
8 0.489063 0.711111 0.000000 0.000000
5 0.505859 0.706944 0.033594 0.005556
5 0.520703 0.700694 0.003906 0.004167
0 0.063281 0.855556 0.021875 0.286111
0 0.353906 0.640278 0.064062 0.094444
0 0.501172 0.641667 0.042969 0.108333
1 0.353516 0.620139 0.044531 0.054167
1 0.326953 0.615972 0.019531 0.045833
1 0.317188 0.616667 0.037500 0.050000
1 0.304688 0.618750 0.043750 0.054167
1 0.285156 0.616667 0.034375 0.052778
1 0.268750 0.618750 0.032813 0.054167
1 0.243359 0.611111 0.039844 0.047222
1 0.190625 0.626389 0.029687 0.055556
1 0.160547 0.626389 0.050781 0.055556
1 0.064062 0.636111 0.017188 0.066667
1 0.073438 0.638194 0.035937 0.068056
1 0.991797 0.672917 0.014844 0.098611
2 0.998828 0.673611 0.000781 0.000000
2 0.992969 0.652083 0.012500 0.029167
2 0.992969 0.690972 0.012500 0.034722
2 0.997266 0.634722 0.003906 0.000000
2 0.995313 0.636111 0.007812 0.000000
1 0.848047 0.668750 0.014844 0.037500
2 0.846875 0.652778 0.006250 0.000000
2 0.854297 0.652778 0.002344 0.000000
2 0.848047 0.667361 0.014844 0.029167
1 0.808203 0.680556 0.017969 0.044444
2 0.808594 0.661806 0.010937 0.001389
2 0.816016 0.662500 0.002344 0.000000
2 0.808203 0.678472 0.017969 0.031944
1 0.809375 0.661111 0.000000 0.000000
2 0.505469 0.785417 0.034375 0.051389
2 0.505469 0.734722 0.034375 0.055556
2 0.467578 0.709028 0.022656 0.043056
2 0.398047 0.722222 0.035156 0.047222
2 0.397656 0.765278 0.034375 0.050000
2 0.467578 0.750000 0.022656 0.044444
2 0.430078 0.715972 0.028906 0.045833
2 0.334766 0.728472 0.089844 0.048611
2 0.334766 0.772222 0.089844 0.052778
2 0.430078 0.758333 0.028906 0.047222
2 0.483984 0.713889 0.010156 0.036111
5 0.166797 0.660417 0.042969 0.006944
5 0.164062 0.666667 0.037500 0.005556
5 0.164062 0.673611 0.037500 0.005556
5 0.164062 0.679167 0.037500 0.005556
5 0.161328 0.691667 0.032031 0.005556
5 0.164062 0.686111 0.037500 0.005556
5 0.164062 0.704167 0.037500 0.005556
5 0.164062 0.698611 0.037500 0.005556
5 0.131250 0.658333 0.031250 0.005556
5 0.129297 0.662500 0.027344 0.002778
5 0.189453 0.676389 0.028906 0.008333
5 0.190234 0.682639 0.030469 0.006944
5 0.189453 0.695139 0.028906 0.009722
5 0.189844 0.689583 0.029687 0.006944
5 0.187891 0.704861 0.025781 0.004167
5 0.189453 0.700694 0.028906 0.009722
5 0.142187 0.659028 0.014063 0.004167
5 0.147266 0.665972 0.003906 0.004167
5 0.189844 0.670139 0.029687 0.006944
5 0.189453 0.663194 0.028906 0.009722
5 0.227344 0.679167 0.045312 0.008333
5 0.226953 0.686111 0.044531 0.008333
5 0.226953 0.698611 0.044531 0.005556
5 0.226953 0.693056 0.044531 0.008333
5 0.205859 0.702778 0.002344 0.000000
5 0.227344 0.673611 0.045312 0.008333
5 0.227344 0.666667 0.045312 0.008333
5 0.227734 0.627083 0.044531 0.006944
5 0.227734 0.634028 0.044531 0.006944
5 0.227344 0.647917 0.045312 0.006944
5 0.227344 0.640972 0.045312 0.006944
5 0.227344 0.660417 0.045312 0.006944
5 0.227344 0.653472 0.045312 0.006944
5 0.185938 0.656944 0.000000 0.000000
5 0.180469 0.652778 0.010937 0.005556
5 0.227734 0.621528 0.044531 0.006944
5 0.227734 0.614583 0.044531 0.006944