3 0.499609 0.886111 0.999219 0.225000
5 0.125781 0.867361 0.090625 0.034722
5 0.125781 0.867361 0.090625 0.034722
5 0.125781 0.867361 0.090625 0.034722
5 0.126172 0.849306 0.091406 0.034722
5 0.126172 0.849306 0.091406 0.034722
5 0.126172 0.849306 0.091406 0.034722
5 0.125781 0.883333 0.090625 0.033333
5 0.125781 0.883333 0.090625 0.033333
5 0.125781 0.883333 0.090625 0.033333
5 0.233594 0.865972 0.084375 0.031944
5 0.233594 0.865972 0.084375 0.031944
5 0.233594 0.865972 0.084375 0.031944
5 0.233984 0.850694 0.085156 0.031944
5 0.233984 0.850694 0.085156 0.031944
5 0.233984 0.850694 0.085156 0.031944
5 0.233984 0.834722 0.085156 0.030556
5 0.233984 0.834722 0.085156 0.030556
5 0.233984 0.834722 0.085156 0.030556
5 0.233984 0.818056 0.085156 0.030556
5 0.233984 0.818056 0.085156 0.030556
5 0.233984 0.818056 0.085156 0.030556
6 0.579297 0.943056 0.113281 0.111111
6 0.457031 0.911806 0.076563 0.148611
6 0.580078 0.836806 0.116406 0.162500
6 0.518359 0.926389 0.100781 0.144444
5 0.644922 0.994444 0.052344 0.008333
8 0.930078 0.856250 0.058594 0.040278
5 0.928125 0.837500 0.056250 0.019444
8 0.909766 0.828472 0.011719 0.004167
5 0.905859 0.827083 0.011719 0.009722
8 0.963672 0.868750 0.067969 0.048611
5 0.966406 0.847222 0.065625 0.022222
8 0.989062 0.878472 0.020313 0.043056
5 0.991016 0.857639 0.016406 0.012500
8 0.817187 0.857639 0.043750 0.045833
5 0.818750 0.836806 0.040625 0.020833
8 0.874609 0.865972 0.075781 0.040278
5 0.904297 0.845139 0.008594 0.006944
8 0.928906 0.880556 0.057813 0.050000
5 0.926953 0.857639 0.053906 0.023611
8 0.963672 0.894444 0.071094 0.052778
5 0.965625 0.870833 0.067187 0.025000
0 0.422656 0.793056 0.100000 0.211111
1 0.984766 0.747222 0.027344 0.105556
2 0.985938 0.765972 0.020313 0.018056
2 0.997266 0.754861 0.002344 0.001389
2 0.987109 0.715972 0.024219 0.015278
2 0.996094 0.775694 0.004687 0.034722
2 0.995703 0.728472 0.005469 0.034722
1 0.949219 0.770139 0.100000 0.134722
2 0.917969 0.719444 0.037500 0.005556
2 0.973828 0.744444 0.042969 0.041667
2 0.969141 0.795833 0.055469 0.044444
2 0.925781 0.722222 0.021875 0.005556
2 0.939844 0.719444 0.023438 0.002778
2 0.946875 0.724306 0.026562 0.004167
2 0.960547 0.721528 0.021094 0.001389
1 0.933594 0.775694 0.068750 0.120833
2 0.899219 0.773611 0.000000 0.000000
2 0.901563 0.722222 0.004687 0.000000
2 0.940234 0.749306 0.044531 0.043056
2 0.931250 0.799306 0.064062 0.051389
2 0.903125 0.725694 0.007812 0.001389
2 0.909375 0.723611 0.020313 0.002778
2 0.912891 0.747222 0.027344 0.041667
2 0.927734 0.726389 0.022656 0.002778
2 0.609375 0.804861 0.043750 0.051389
2 0.629297 0.779861 0.000781 0.001389
2 0.675391 0.822917 0.082031 0.054167
2 0.736719 0.819444 0.040625 0.047222
2 0.674219 0.779861 0.082812 0.051389
2 0.736719 0.777778 0.040625 0.044444
2 0.674219 0.736111 0.082812 0.052778
2 0.716016 0.732639 0.082031 0.051389