3 0.533984 0.925694 0.930469 0.145833
8 0.352344 0.931944 0.243750 0.133333
5 0.603516 0.849306 0.063281 0.012500
5 0.603516 0.849306 0.063281 0.012500
5 0.603516 0.849306 0.063281 0.012500
5 0.603516 0.836806 0.063281 0.012500
5 0.603516 0.836806 0.063281 0.012500
5 0.603516 0.836806 0.063281 0.012500
5 0.603516 0.858333 0.063281 0.005556
5 0.603516 0.858333 0.063281 0.005556
5 0.603516 0.858333 0.063281 0.005556
6 0.342578 0.815972 0.014844 0.065278
6 0.525000 0.825000 0.009375 0.075000
6 0.382031 0.736806 0.092188 0.109722
6 0.035937 0.825000 0.071875 0.102778
7 0.193359 0.881944 0.066406 0.008333
7 0.069922 0.843056 0.000781 0.000000
7 0.097656 0.847222 0.032813 0.011111
8 0.090625 0.865972 0.043750 0.020833
5 0.088672 0.851389 0.038281 0.013889
8 0.134375 0.877083 0.082812 0.045833
5 0.133984 0.849306 0.075781 0.012500
8 0.186719 0.878472 0.076563 0.029167
5 0.184375 0.843750 0.073438 0.001389
8 0.242578 0.875694 0.074219 0.029167
5 0.234766 0.842361 0.060156 0.001389
8 0.235156 0.873611 0.087500 0.050000
5 0.233594 0.850694 0.078125 0.012500
8 0.291406 0.868750 0.084375 0.043056
5 0.291016 0.848611 0.074219 0.011111
8 0.183594 0.877778 0.090625 0.055556
5 0.181641 0.852083 0.080469 0.012500
8 0.116406 0.877778 0.093750 0.055556
5 0.115234 0.854167 0.083594 0.013889
8 0.996875 0.918056 0.004687 0.016667
5 0.992578 0.854167 0.013281 0.000000
8 0.978125 0.904167 0.039062 0.058333
5 0.973828 0.864583 0.050781 0.018056
5 0.973437 0.848611 0.051562 0.002778
5 0.948438 0.851389 0.101562 0.005556
5 0.924219 0.853472 0.109375 0.004167
8 0.872656 0.888194 0.100000 0.062500
5 0.878125 0.857639 0.101562 0.009722
8 0.751953 0.929861 0.164844 0.106944
5 0.765625 0.881944 0.121875 0.027778
8 0.871875 0.939583 0.178125 0.118056
5 0.871875 0.888194 0.157812 0.031944
8 0.656641 0.920139 0.157031 0.093056
5 0.657422 0.877778 0.141406 0.025000
8 0.564453 0.915278 0.142969 0.091667
5 0.568359 0.873611 0.133594 0.025000
8 0.925781 0.910417 0.146875 0.087500
5 0.924609 0.870833 0.136719 0.022222
8 0.887500 0.918056 0.159375 0.094444
5 0.883594 0.873611 0.146875 0.022222
8 0.757422 0.918056 0.103906 0.069444
5 0.758984 0.863889 0.108594 0.008333
8 0.655078 0.911111 0.114844 0.063889
5 0.662891 0.861111 0.119531 0.005556
8 0.139844 0.963194 0.279687 0.070833
5 0.128906 0.939583 0.257812 0.068056
8 0.321484 0.954167 0.266406 0.088889
5 0.316406 0.923611 0.239063 0.055556
0 0.427734 0.752778 0.192969 0.352778
0 0.706641 0.773611 0.082031 0.172222
1 0.295312 0.806944 0.075000 0.091667
1 0.264062 0.801389 0.076563 0.080556
1 0.235547 0.802083 0.050781 0.076389
1 0.215234 0.802083 0.072656 0.079167
1 0.208984 0.802778 0.055469 0.075000
1 0.171484 0.804167 0.069531 0.077778
1 0.158594 0.806944 0.068750 0.072222
2 0.056250 0.934028 0.112500 0.120833
2 0.003125 0.872222 0.006250 0.002778
2 0.992188 0.841667 0.014063 0.011111
2 0.991406 0.806944 0.015625 0.055556
2 0.990234 0.749306 0.017969 0.056944