3 0.499609 0.891667 0.999219 0.213889
5 0.035547 0.943750 0.071094 0.040278
5 0.035547 0.943750 0.071094 0.040278
5 0.035547 0.943750 0.071094 0.040278
5 0.035547 0.925694 0.071094 0.040278
5 0.035547 0.925694 0.071094 0.040278
5 0.035547 0.925694 0.071094 0.040278
5 0.035547 0.904861 0.071094 0.040278
5 0.035547 0.904861 0.071094 0.040278
5 0.035547 0.904861 0.071094 0.040278
5 0.035937 0.884028 0.071875 0.037500
5 0.035937 0.884028 0.071875 0.037500
5 0.035937 0.884028 0.071875 0.037500
6 0.648438 0.930556 0.082812 0.136111
6 0.475391 0.914583 0.100781 0.140278
6 0.647656 0.810417 0.082812 0.137500
6 0.564063 0.920139 0.100000 0.143056
7 0.938281 0.802778 0.025000 0.016667
7 0.880469 0.801389 0.018750 0.016667
8 0.991406 0.989583 0.007812 0.018056
5 0.996484 0.988889 0.005469 0.019444
8 0.932422 0.986111 0.072656 0.025000
5 0.936328 0.985417 0.069531 0.026389
8 0.851562 0.983333 0.073438 0.030556
5 0.853516 0.982639 0.064844 0.031944
8 0.762500 0.979861 0.076563 0.037500
5 0.763281 0.979167 0.067187 0.038889
8 0.853906 0.968750 0.067187 0.056944
5 0.854688 0.955556 0.059375 0.033333
8 0.771484 0.966667 0.069531 0.063889
5 0.772656 0.949306 0.060937 0.031944
8 0.929688 0.971528 0.071875 0.054167
5 0.930078 0.960417 0.063281 0.034722
8 0.985547 0.975000 0.016406 0.047222
5 0.991016 0.963889 0.016406 0.030556
8 0.634375 0.833333 0.042188 0.030556
5 0.633594 0.822222 0.039062 0.013889
8 0.588672 0.835417 0.044531 0.040278
5 0.587891 0.819444 0.036719 0.013889
8 0.669531 0.832639 0.029687 0.015278
5 0.669531 0.821528 0.029687 0.009722
8 0.726953 0.841667 0.027344 0.041667
5 0.725781 0.825694 0.025000 0.015278
8 0.574219 0.845833 0.048438 0.041667
5 0.574609 0.829861 0.042969 0.015278
8 0.620313 0.847917 0.046875 0.040278
5 0.620313 0.831250 0.040625 0.015278
8 0.662109 0.849306 0.044531 0.045833
5 0.663281 0.831944 0.040625 0.013889
8 0.723437 0.852778 0.020313 0.044444
5 0.722266 0.835417 0.017969 0.015278
8 0.960938 0.840972 0.010937 0.012500
5 0.958984 0.836111 0.013281 0.005556
8 0.964063 0.831250 0.003125 0.004167
5 0.954297 0.828472 0.016406 0.006944
5 0.960938 0.843750 0.012500 0.006944
5 0.961328 0.849306 0.011719 0.001389
8 0.805469 0.846528 0.040625 0.043056
5 0.805859 0.831250 0.035156 0.015278
8 0.855078 0.846528 0.042969 0.040278
5 0.855469 0.831250 0.037500 0.012500
8 0.857422 0.854861 0.035156 0.037500
5 0.860156 0.838889 0.037500 0.008333
8 0.858594 0.866667 0.042188 0.044444
5 0.858594 0.849306 0.037500 0.015278
0 0.937891 0.813889 0.122656 0.222222
0 0.337891 0.817361 0.017969 0.223611
1 0.615234 0.751389 0.069531 0.088889
2 0.592187 0.719444 0.018750 0.005556
2 0.638672 0.731944 0.014844 0.027778
2 0.633594 0.768750 0.026562 0.029167
2 0.605859 0.720139 0.016406 0.004167
2 0.605859 0.716667 0.005469 0.000000
2 0.620313 0.720139 0.014063 0.004167
1 0.747266 0.755556 0.069531 0.094444
2 0.722656 0.722222 0.015625 0.005556
2 0.770312 0.734028 0.015625 0.029167
2 0.775000 0.773611 0.007812 0.025000
2 0.738281 0.722222 0.015625 0.005556
2 0.739453 0.719444 0.014844 0.000000
2 0.753906 0.722917 0.015625 0.004167
2 0.755078 0.719444 0.014844 0.000000
1 0.597656 0.755556 0.075000 0.086111
2 0.571875 0.725694 0.018750 0.006944
2 0.621875 0.738889 0.020313 0.030556
2 0.622266 0.778472 0.021094 0.031944
2 0.586719 0.726389 0.015625 0.005556
2 0.592578 0.723611 0.011719 0.000000
2 0.603516 0.727778 0.016406 0.005556
2 0.606641 0.723611 0.014844 0.000000
1 0.775781 0.765972 0.004687 0.101389
2 0.717969 0.728472 0.010937 0.006944
2 0.767969 0.741667 0.014063 0.030556
2 0.774219 0.783333 0.001563 0.033333
2 0.731250 0.729167 0.017188 0.005556
2 0.731250 0.725000 0.012500 0.000000
2 0.744141 0.729167 0.008594 0.005556
1 0.576172 0.771528 0.082031 0.106944
2 0.546484 0.776389 0.017969 0.000000
2 0.548828 0.731944 0.022656 0.002778
2 0.601953 0.747222 0.022656 0.030556
2 0.585156 0.790972 0.057813 0.034722
2 0.564844 0.732639 0.018750 0.001389
2 0.569531 0.730556 0.017188 0.000000
2 0.582812 0.732639 0.020313 0.001389
2 0.587500 0.731250 0.017188 0.001389
1 0.772656 0.778472 0.003125 0.112500
2 0.713281 0.733333 0.001563 0.000000
2 0.765234 0.751389 0.007031 0.033333
2 0.742578 0.786111 0.057031 0.011111
2 0.721875 0.735417 0.018750 0.001389
2 0.723828 0.733333 0.017969 0.000000
2 0.739844 0.735417 0.017188 0.001389
2 0.741016 0.734028 0.014844 0.001389
1 0.571875 0.772222 0.073438 0.097222
2 0.540625 0.796528 0.010937 0.034722
2 0.543359 0.778472 0.016406 0.001389
2 0.542969 0.750694 0.015625 0.034722
2 0.593359 0.752778 0.024219 0.036111
2 0.575781 0.796528 0.060937 0.037500
2 0.553516 0.752083 0.019531 0.034722
2 0.558594 0.734028 0.015625 0.001389
2 0.572656 0.752778 0.020313 0.033333
2 0.576562 0.734722 0.018750 0.000000
1 0.728125 0.783333 0.087500 0.119444
2 0.688672 0.792361 0.000781 0.012500
2 0.688672 0.755556 0.000781 0.033333
2 0.757812 0.756250 0.020313 0.037500
2 0.741016 0.802083 0.055469 0.040278
2 0.719922 0.756250 0.014844 0.034722
2 0.720703 0.737500 0.016406 0.000000
2 0.737109 0.756250 0.019531 0.034722
2 0.739062 0.738194 0.018750 0.001389
2 0.350000 0.835417 0.021875 0.048611
2 0.344922 0.806944 0.032031 0.008333
2 0.401562 0.839583 0.081250 0.048611
2 0.451562 0.830556 0.017188 0.044444
2 0.401953 0.797917 0.080469 0.045833
2 0.451562 0.790972 0.017188 0.043056
2 0.401953 0.756250 0.080469 0.045833
2 0.421875 0.751389 0.076563 0.044444