3 0.183594 0.871528 0.367188 0.254167
4 0.003516 0.751389 0.007031 0.022222
4 0.335547 0.747222 0.003906 0.044444
4 0.224219 0.729861 0.015625 0.009722
4 0.180078 0.731250 0.000781 0.012500
4 0.114453 0.727083 0.003906 0.004167
4 0.014063 0.745139 0.007812 0.043056
6 0.382031 0.700000 0.000000 0.000000
6 0.371484 0.778472 0.019531 0.081944
6 0.371484 0.704167 0.021094 0.077778
6 0.157031 0.735417 0.045312 0.004167
6 0.082812 0.736806 0.023438 0.006944
7 0.290625 0.763194 0.023438 0.012500
7 0.280859 0.743750 0.002344 0.006944
6 0.008594 0.737500 0.017188 0.036111
6 0.008984 0.739583 0.017969 0.051389
6 0.009375 0.693056 0.018750 0.050000
6 0.009375 0.690278 0.017188 0.038889
6 0.138672 0.693056 0.038281 0.050000
6 0.161328 0.692361 0.044531 0.048611
6 0.137891 0.723611 0.038281 0.016667
6 0.160938 0.725000 0.043750 0.025000
6 0.117578 0.704167 0.002344 0.000000
5 0.006250 0.769444 0.012500 0.002778
8 0.279297 0.786806 0.014844 0.029167
5 0.282031 0.772917 0.006250 0.004167
8 0.303125 0.790972 0.043750 0.034722
5 0.301172 0.775694 0.041406 0.009722
8 0.344141 0.791667 0.041406 0.036111
5 0.343359 0.776389 0.039844 0.011111
8 0.289844 0.797222 0.035937 0.038889
5 0.291797 0.781944 0.025781 0.011111
8 0.326562 0.797917 0.048438 0.037500
5 0.326953 0.781944 0.042969 0.011111
0 0.101172 0.693750 0.107031 0.101389
0 0.068750 0.700000 0.031250 0.083333
0 0.101562 0.699306 0.042188 0.081944
1 0.374219 0.726389 0.015625 0.080556
1 0.244922 0.718750 0.057031 0.068056
1 0.239844 0.711111 0.045312 0.052778
1 0.092578 0.695139 0.035156 0.023611
2 0.081250 0.699306 0.018750 0.015278
2 0.104688 0.692361 0.001563 0.004167
2 0.096875 0.696528 0.012500 0.012500
2 0.087500 0.690278 0.004687 0.000000
1 0.015625 0.745139 0.001563 0.004167
2 0.016797 0.722222 0.000781 0.002778
2 0.008594 0.701389 0.017188 0.013889
1 0.234375 0.879861 0.082812 0.237500
2 0.292969 0.911111 0.151562 0.175000
2 0.367188 0.831250 0.028125 0.012500
2 0.353906 0.918750 0.054688 0.159722
1 0.366016 0.777778 0.030469 0.091667
2 0.373437 0.801389 0.015625 0.047222
1 0.058594 0.864583 0.117188 0.268056
2 0.057422 0.961111 0.088281 0.075000
2 0.036328 0.968056 0.072656 0.061111
2 0.052344 0.839583 0.104688 0.134722
2 0.006641 0.936806 0.013281 0.009722
2 0.008203 0.773611 0.016406 0.005556
2 0.003516 0.777778 0.007031 0.000000
1 0.123047 0.853472 0.242969 0.276389
2 0.195703 0.861806 0.044531 0.006944
2 0.185938 0.915278 0.064062 0.097222
2 0.196094 0.793056 0.078125 0.094444
2 0.055078 0.758333 0.083594 0.025000
2 0.118359 0.909722 0.136719 0.105556
2 0.161719 0.747222 0.053125 0.002778
2 0.139844 0.794444 0.060937 0.091667
2 0.115625 0.746528 0.054688 0.001389
2 0.092969 0.793750 0.065625 0.090278
1 0.171484 0.775000 0.214844 0.127778
2 0.230859 0.843056 0.025781 0.005556
2 0.221094 0.852083 0.017188 0.009722
2 0.237500 0.781250 0.067187 0.084722
2 0.109375 0.741667 0.071875 0.005556
2 0.205078 0.850694 0.035156 0.015278
2 0.203125 0.739583 0.048438 0.001389
2 0.182031 0.743056 0.046875 0.002778
2 0.161328 0.739583 0.050781 0.001389
2 0.143750 0.743056 0.051562 0.002778
1 0.066406 0.686806 0.025000 0.006944
2 0.053906 0.690278 0.000000 0.000000
5 0.347266 0.743750 0.021094 0.004167
5 0.348828 0.738194 0.024219 0.004167
5 0.348438 0.729861 0.023438 0.004167
5 0.348828 0.734028 0.024219 0.004167
5 0.344141 0.756250 0.013281 0.006944
5 0.345703 0.763194 0.016406 0.004167
5 0.332813 0.759722 0.032813 0.005556
5 0.335938 0.765972 0.021875 0.006944
5 0.321875 0.763194 0.034375 0.006944
5 0.319531 0.769444 0.034375 0.005556
5 0.321875 0.757639 0.034375 0.006944
5 0.319922 0.752083 0.033594 0.006944