3 0.512109 0.848611 0.974219 0.300000
4 0.234766 0.793750 0.002344 0.051389
4 0.103516 0.766667 0.027344 0.011111
4 0.247656 0.742361 0.025000 0.048611
4 0.202734 0.740972 0.007031 0.048611
4 0.150000 0.739583 0.007812 0.048611
4 0.099219 0.737500 0.006250 0.047222
4 0.040625 0.736806 0.023438 0.045833
8 0.535937 0.709028 0.026562 0.018056
8 0.441406 0.703472 0.000000 0.004167
5 0.526953 0.689583 0.030469 0.006944
5 0.526953 0.689583 0.030469 0.006944
5 0.526953 0.689583 0.030469 0.006944
5 0.526953 0.682639 0.030469 0.006944
5 0.526953 0.682639 0.030469 0.006944
5 0.526953 0.682639 0.030469 0.006944
5 0.526953 0.695833 0.030469 0.005556
5 0.526953 0.695833 0.030469 0.005556
5 0.526953 0.695833 0.030469 0.005556
5 0.510938 0.697222 0.000000 0.002778
5 0.510938 0.697222 0.000000 0.002778
5 0.510938 0.697222 0.000000 0.002778
5 0.512891 0.676389 0.003906 0.005556
5 0.512891 0.676389 0.003906 0.005556
5 0.512891 0.676389 0.003906 0.005556
6 0.446484 0.683333 0.008594 0.038889
6 0.460156 0.680556 0.029687 0.036111
5 0.892188 0.848611 0.015625 0.030556
5 0.892188 0.848611 0.015625 0.030556
5 0.892188 0.848611 0.015625 0.030556
5 0.910156 0.832639 0.051562 0.029167
5 0.910156 0.832639 0.051562 0.029167
5 0.910156 0.832639 0.051562 0.029167
5 0.892188 0.863889 0.015625 0.030556
5 0.892188 0.863889 0.015625 0.030556
5 0.892188 0.863889 0.015625 0.030556
5 0.934375 0.893750 0.067187 0.037500
5 0.934375 0.893750 0.067187 0.037500
5 0.934375 0.893750 0.067187 0.037500
5 0.934375 0.877083 0.067187 0.037500
5 0.934375 0.877083 0.067187 0.037500
5 0.934375 0.877083 0.067187 0.037500
5 0.933984 0.859028 0.067969 0.034722
5 0.933984 0.859028 0.067969 0.034722
5 0.933984 0.859028 0.067969 0.034722
5 0.933594 0.839583 0.067187 0.034722
5 0.933594 0.839583 0.067187 0.034722
5 0.933594 0.839583 0.067187 0.034722
6 0.376172 0.834722 0.080469 0.105556
6 0.533594 0.840278 0.045312 0.111111
6 0.376563 0.745833 0.079687 0.102778
6 0.440625 0.836806 0.068750 0.109722
6 0.108594 0.813194 0.075000 0.101389
6 0.041016 0.800694 0.027344 0.073611
7 0.064062 0.800694 0.014063 0.015278
7 0.316016 0.761111 0.028906 0.016667
7 0.391406 0.824306 0.028125 0.026389
7 0.167578 0.815972 0.036719 0.023611
7 0.703516 0.731944 0.016406 0.011111
7 0.747266 0.733333 0.016406 0.011111
7 0.603125 0.729167 0.018750 0.011111
7 0.645703 0.730556 0.017969 0.011111
7 0.273828 0.720139 0.025781 0.009722
7 0.236719 0.719444 0.026562 0.011111
7 0.324219 0.721528 0.025000 0.009722
6 0.051953 0.722917 0.019531 0.054167
6 0.034375 0.727778 0.014063 0.055556
6 0.035156 0.677083 0.014063 0.054167
6 0.056641 0.674306 0.030469 0.054167
6 0.168750 0.680556 0.045312 0.058333
6 0.191016 0.677083 0.047656 0.054167
6 0.168359 0.732639 0.044531 0.059722
6 0.190625 0.726389 0.048438 0.055556
6 0.168359 0.690278 0.036719 0.036111
6 0.153125 0.681944 0.007812 0.019444
8 0.197266 0.828472 0.061719 0.045833
5 0.197266 0.811806 0.055469 0.018056
8 0.242969 0.831250 0.060937 0.045833
5 0.242578 0.813194 0.053906 0.015278
8 0.284766 0.832639 0.060156 0.045833
5 0.285156 0.815972 0.053125 0.018056
8 0.330469 0.838194 0.056250 0.043056
5 0.332031 0.818056 0.051562 0.019444
8 0.253125 0.849306 0.065625 0.051389
5 0.253125 0.829861 0.057813 0.020833
8 0.303125 0.852083 0.064062 0.051389
5 0.303125 0.832639 0.056250 0.020833
8 0.208984 0.847222 0.066406 0.050000
5 0.208984 0.828472 0.058594 0.020833
8 0.160938 0.844444 0.067187 0.050000
5 0.161328 0.825694 0.060156 0.020833
5 0.224219 0.995139 0.045312 0.006944
8 0.187109 0.995139 0.000781 0.006944
5 0.146094 0.990972 0.079687 0.015278
0 0.041406 0.833333 0.031250 0.263889
0 0.773047 0.817361 0.191406 0.251389
0 0.086719 0.697222 0.053125 0.116667
0 0.134766 0.698611 0.066406 0.116667
1 0.787500 0.734722 0.045312 0.108333
1 0.746484 0.733333 0.041406 0.108333
1 0.779687 0.720139 0.040625 0.090278
1 0.742188 0.724306 0.037500 0.101389
1 0.774219 0.711111 0.037500 0.083333
1 0.738281 0.711111 0.035937 0.083333
1 0.821094 0.701389 0.060937 0.080556
1 0.439844 0.721528 0.070312 0.095833
1 0.445703 0.715972 0.058594 0.090278
1 0.274609 0.712500 0.071094 0.088889
1 0.258203 0.716667 0.074219 0.091667
1 0.130469 0.684722 0.051562 0.058333
2 0.116016 0.676389 0.016406 0.022222
2 0.149609 0.677778 0.000781 0.013889
2 0.147266 0.667361 0.002344 0.006944
2 0.121875 0.663889 0.001563 0.000000
1 0.064062 0.686111 0.043750 0.063889
2 0.055859 0.706250 0.008594 0.020833
2 0.047656 0.708333 0.006250 0.016667
2 0.055469 0.675000 0.026562 0.022222
2 0.085156 0.663889 0.000000 0.000000
2 0.068359 0.672917 0.014844 0.018056
2 0.079297 0.663889 0.005469 0.000000
2 0.065625 0.662500 0.012500 0.000000
1 0.173047 0.998611 0.010156 0.000000
1 0.355469 0.969444 0.334375 0.058333
2 0.457813 0.997917 0.021875 0.001389
2 0.280859 0.991667 0.075781 0.013889
2 0.412109 0.995833 0.066406 0.005556
2 0.345703 0.993750 0.071094 0.009722
1 0.001172 0.962500 0.002344 0.072222
1 0.098828 0.672222 0.052344 0.036111
2 0.089063 0.675694 0.028125 0.020833
2 0.109766 0.663194 0.021094 0.001389
2 0.101562 0.675000 0.004687 0.022222
2 0.090234 0.663889 0.008594 0.000000
2 0.115625 0.663889 0.003125 0.000000
2 0.759766 0.991667 0.172656 0.013889
2 0.763672 0.847917 0.160156 0.034722
2 0.763672 0.927778 0.180469 0.141667
5 0.409766 0.719444 0.027344 0.005556
5 0.409766 0.714583 0.027344 0.004167
5 0.409766 0.704861 0.027344 0.006944
5 0.409766 0.709722 0.027344 0.005556
5 0.381641 0.751389 0.008594 0.002778
5 0.385547 0.761806 0.000781 0.004167
5 0.381641 0.757639 0.008594 0.009722
5 0.380859 0.763889 0.007031 0.008333
5 0.344922 0.766667 0.027344 0.008333
5 0.343750 0.773611 0.029687 0.008333
5 0.344922 0.759722 0.027344 0.008333
5 0.343750 0.753472 0.029687 0.009722