3 0.497656 0.852778 0.995313 0.291667
4 0.379688 0.980556 0.004687 0.036111
5 0.290234 0.746528 0.061719 0.023611
5 0.290234 0.746528 0.061719 0.023611
5 0.290234 0.746528 0.061719 0.023611
5 0.290234 0.733333 0.061719 0.025000
5 0.290234 0.733333 0.061719 0.025000
5 0.290234 0.733333 0.061719 0.025000
5 0.290234 0.758333 0.061719 0.022222
5 0.290234 0.758333 0.061719 0.022222
5 0.290234 0.758333 0.061719 0.022222
5 0.372656 0.751389 0.057813 0.022222
5 0.372656 0.751389 0.057813 0.022222
5 0.372656 0.751389 0.057813 0.022222
5 0.372656 0.739583 0.057813 0.023611
5 0.372656 0.739583 0.057813 0.023611
5 0.372656 0.739583 0.057813 0.023611
5 0.372656 0.727083 0.057813 0.023611
5 0.372656 0.727083 0.057813 0.023611
5 0.372656 0.727083 0.057813 0.023611
5 0.372656 0.714583 0.057813 0.023611
5 0.372656 0.714583 0.057813 0.023611
5 0.372656 0.714583 0.057813 0.023611
6 0.514062 0.853472 0.068750 0.093056
6 0.473828 0.812500 0.057031 0.113889
6 0.516016 0.771528 0.072656 0.126389
6 0.486719 0.837500 0.048438 0.122222
6 0.598828 0.975694 0.122656 0.045833
7 0.288672 0.959028 0.088281 0.043056
5 0.485156 0.997222 0.051562 0.002778
8 0.450000 0.983333 0.070312 0.030556
5 0.451562 0.978472 0.067187 0.040278
8 0.442578 0.965278 0.085156 0.066667
5 0.442969 0.950694 0.079687 0.040278
8 0.431250 0.941667 0.082812 0.075000
5 0.430469 0.920139 0.075000 0.034722
8 0.541016 0.947917 0.082031 0.051389
5 0.538672 0.939583 0.077344 0.037500
8 0.519922 0.921528 0.083594 0.054167
5 0.519141 0.910417 0.075781 0.031944
8 0.558594 0.972917 0.065625 0.051389
5 0.562500 0.968056 0.073438 0.041667
8 0.532813 0.994444 0.003125 0.008333
5 0.536328 0.994444 0.002344 0.008333
8 0.942578 0.793056 0.071094 0.025000
5 0.933203 0.784722 0.046094 0.019444
8 0.909375 0.780556 0.057813 0.027778
5 0.912109 0.770833 0.058594 0.019444
8 0.956250 0.821528 0.017188 0.034722
5 0.968359 0.799306 0.058594 0.020833
8 0.986719 0.839583 0.021875 0.040278
5 0.986719 0.815972 0.021875 0.020833
8 0.856250 0.790972 0.067187 0.048611
5 0.855859 0.776389 0.060156 0.019444
8 0.882812 0.808333 0.070312 0.047222
5 0.882422 0.790972 0.063281 0.020833
8 0.911328 0.816667 0.074219 0.044444
5 0.905469 0.804861 0.056250 0.023611
8 0.942578 0.830556 0.077344 0.038889
5 0.942187 0.820833 0.070312 0.022222
0 0.940625 0.862500 0.117188 0.272222
0 0.508984 0.705556 0.063281 0.166667
1 0.988281 0.660417 0.021875 0.015278
2 0.990234 0.668056 0.017969 0.008333
2 0.996875 0.671528 0.004687 0.004167
1 0.966406 0.722222 0.065625 0.138889
2 0.949219 0.731250 0.023438 0.034722
2 0.960156 0.686111 0.045312 0.038889
2 0.988672 0.700694 0.021094 0.040278
2 0.975000 0.745139 0.048438 0.051389
2 0.965234 0.691667 0.028906 0.038889
2 0.983203 0.672917 0.025781 0.004167
2 0.977344 0.696528 0.026562 0.040278
2 0.991406 0.677083 0.015625 0.004167
2 0.700391 0.723611 0.011719 0.044444
2 0.758594 0.750000 0.048438 0.041667
2 0.805469 0.745833 0.045312 0.041667
2 0.758594 0.712500 0.048438 0.041667
2 0.806250 0.709028 0.045312 0.040278
2 0.758594 0.670139 0.048438 0.051389
2 0.795312 0.667361 0.067187 0.051389