3 0.587109 0.897917 0.824219 0.201389
8 0.780078 0.955556 0.069531 0.066667
5 0.780469 0.939583 0.060937 0.034722
8 0.713281 0.951389 0.070312 0.075000
5 0.713672 0.929861 0.061719 0.034722
8 0.842578 0.963889 0.067969 0.069444
5 0.843359 0.947222 0.060156 0.036111
8 0.892188 0.965972 0.018750 0.054167
5 0.894922 0.954167 0.014844 0.033333
8 0.687500 0.969444 0.076563 0.058333
5 0.687891 0.959722 0.067969 0.038889
8 0.758984 0.974306 0.075781 0.048611
5 0.759375 0.970833 0.067187 0.041667
8 0.826172 0.978472 0.074219 0.040278
5 0.826953 0.978472 0.066406 0.040278
8 0.881641 0.984028 0.025781 0.029167
5 0.888281 0.984028 0.028125 0.029167
0 0.194922 0.911111 0.149219 0.175000
1 0.759766 0.775000 0.094531 0.127778
2 0.729297 0.732639 0.025781 0.018056
2 0.790234 0.747222 0.025781 0.041667
2 0.791406 0.796528 0.025000 0.043056
2 0.747656 0.735417 0.021875 0.015278
2 0.751563 0.726389 0.020313 0.002778
2 0.768359 0.736806 0.022656 0.015278
2 0.771875 0.727083 0.021875 0.001389
1 0.944531 0.788194 0.100000 0.137500
2 0.899609 0.745139 0.003906 0.012500
2 0.987109 0.752083 0.003906 0.029167
2 0.963281 0.747222 0.003125 0.016667
2 0.964453 0.737500 0.000781 0.002778
1 0.734375 0.798611 0.104688 0.144444
2 0.700781 0.752778 0.029687 0.025000
2 0.767578 0.768750 0.028906 0.045833
2 0.766406 0.823611 0.032813 0.047222
2 0.720313 0.756944 0.025000 0.022222
2 0.726172 0.744444 0.024219 0.002778
2 0.742969 0.757639 0.025000 0.020833
2 0.748047 0.745139 0.024219 0.004167
1 0.938672 0.814583 0.111719 0.154167
2 0.894141 0.765972 0.014844 0.026389
2 0.975781 0.772222 0.025000 0.030556
2 0.988281 0.825000 0.000000 0.013889
2 0.962109 0.772222 0.000781 0.022222
2 0.962500 0.770139 0.001563 0.026389
1 0.700781 0.830556 0.118750 0.166667
2 0.663281 0.770139 0.034375 0.012500
2 0.737891 0.796528 0.033594 0.054167
2 0.745703 0.857639 0.019531 0.054167
2 0.685156 0.773611 0.029687 0.008333
2 0.691797 0.768056 0.027344 0.005556
2 0.709766 0.775694 0.028906 0.006944
2 0.715234 0.769444 0.027344 0.005556
1 0.930469 0.851389 0.128125 0.180556
2 0.886719 0.786806 0.029687 0.018056
2 0.975391 0.814583 0.025781 0.059722
2 0.900781 0.788194 0.001563 0.006944
1 0.689844 0.840972 0.114062 0.168056
2 0.645312 0.868750 0.025000 0.054167
2 0.647656 0.842361 0.025000 0.004167
2 0.648438 0.803472 0.031250 0.056944
2 0.723437 0.809722 0.035937 0.058333
2 0.698047 0.874306 0.089844 0.062500
2 0.667578 0.807639 0.030469 0.054167
2 0.674219 0.779167 0.029687 0.005556
2 0.693750 0.809722 0.031250 0.052778
2 0.700391 0.781944 0.028906 0.005556
1 0.926172 0.868750 0.135156 0.193056
2 0.880078 0.893750 0.030469 0.059722
2 0.882031 0.866667 0.029687 0.008333
2 0.880078 0.821528 0.032031 0.062500
2 0.975000 0.830556 0.025000 0.063889
2 0.942578 0.900000 0.092969 0.069444
2 0.898047 0.826389 0.007031 0.055556
2 0.899219 0.795139 0.004687 0.004167
2 0.328125 0.940972 0.089063 0.090278
2 0.350000 0.888889 0.045312 0.025000
2 0.433203 0.959722 0.121094 0.077778
2 0.509375 0.936806 0.031250 0.076389
2 0.433594 0.900000 0.120313 0.077778
2 0.509375 0.879861 0.031250 0.070833
2 0.433594 0.835417 0.120313 0.084722
2 0.469141 0.818056 0.111719 0.077778