3 0.429297 0.875694 0.858594 0.245833
8 0.832031 0.807639 0.050000 0.045833
6 0.660547 0.900000 0.099219 0.130556
6 0.492969 0.909028 0.096875 0.140278
6 0.660156 0.793750 0.098437 0.126389
6 0.576953 0.903472 0.097656 0.137500
7 0.801172 0.756250 0.032031 0.012500
7 0.847266 0.754861 0.017969 0.012500
7 0.658594 0.761111 0.029687 0.013889
7 0.703125 0.759722 0.028125 0.013889
7 0.598047 0.762500 0.025781 0.013889
7 0.558203 0.765278 0.019531 0.013889
8 0.844141 0.943750 0.028906 0.054167
5 0.847266 0.926389 0.022656 0.025000
8 0.816797 0.963194 0.075781 0.068056
5 0.814844 0.933333 0.071875 0.033333
8 0.822656 0.927083 0.071875 0.068056
5 0.825000 0.903472 0.065625 0.029167
8 0.766406 0.927083 0.081250 0.062500
5 0.767188 0.906250 0.071875 0.023611
8 0.845703 0.909722 0.016406 0.041667
5 0.850391 0.893750 0.014844 0.012500
8 0.425391 0.818056 0.038281 0.038889
5 0.425000 0.803472 0.035937 0.015278
8 0.371484 0.819444 0.021094 0.038889
5 0.373047 0.802778 0.017969 0.011111
8 0.462109 0.815972 0.041406 0.037500
5 0.462891 0.801389 0.036719 0.013889
8 0.505078 0.815278 0.042969 0.038889
5 0.505469 0.800000 0.037500 0.013889
8 0.386328 0.831250 0.041406 0.043056
5 0.387109 0.815972 0.036719 0.015278
8 0.433203 0.829861 0.042969 0.043056
5 0.433594 0.813889 0.037500 0.016667
8 0.472656 0.827778 0.043750 0.041667
5 0.473438 0.811806 0.039062 0.015278
8 0.517969 0.826389 0.045312 0.041667
5 0.518359 0.810417 0.039844 0.015278
8 0.664062 0.793056 0.000000 0.000000
5 0.683203 0.794444 0.036719 0.008333
8 0.659375 0.791667 0.018750 0.008333
5 0.676562 0.788889 0.048438 0.011111
8 0.694922 0.815972 0.010156 0.023611
5 0.695312 0.802083 0.010937 0.012500
8 0.696484 0.818056 0.007031 0.025000
5 0.697656 0.808333 0.003125 0.008333
8 0.581250 0.812500 0.046875 0.038889
5 0.582031 0.798611 0.042188 0.013889
8 0.610156 0.806944 0.026562 0.030556
5 0.621484 0.795833 0.042969 0.011111
8 0.642969 0.811806 0.035937 0.015278
5 0.648828 0.802778 0.041406 0.011111
8 0.663672 0.816667 0.060156 0.016667
5 0.662500 0.811806 0.054688 0.012500
8 0.843750 0.801389 0.026562 0.036111
5 0.845703 0.788194 0.022656 0.012500
0 0.769531 0.774306 0.139063 0.181944
0 0.185156 0.834028 0.195312 0.254167
1 0.303906 0.733333 0.068750 0.091667
2 0.275391 0.752083 0.005469 0.023611
2 0.272656 0.742361 0.000000 0.004167
2 0.280078 0.710417 0.016406 0.023611
2 0.331641 0.700694 0.007031 0.006944
2 0.296484 0.701389 0.014844 0.005556
2 0.295312 0.697917 0.014063 0.001389
2 0.309375 0.701389 0.010937 0.005556
2 0.308984 0.697222 0.011719 0.000000
1 0.435937 0.724306 0.059375 0.079167
2 0.411328 0.745139 0.010156 0.026389
2 0.408203 0.730556 0.003906 0.000000
2 0.411328 0.709722 0.010156 0.027778
2 0.453125 0.697917 0.018750 0.006944
2 0.423828 0.739583 0.008594 0.001389
2 0.426172 0.698611 0.013281 0.005556
2 0.419141 0.695833 0.005469 0.000000
2 0.439453 0.698611 0.016406 0.005556
2 0.439844 0.694444 0.006250 0.000000
1 0.310156 0.744444 0.075000 0.100000
2 0.277734 0.761806 0.002344 0.026389
2 0.276562 0.756944 0.000000 0.008333
2 0.284766 0.720833 0.017969 0.030556
2 0.336719 0.708333 0.015625 0.008333
2 0.302344 0.711111 0.017188 0.008333
2 0.301172 0.705556 0.016406 0.000000
2 0.319531 0.710417 0.017188 0.006944
2 0.312500 0.705556 0.004687 0.000000
1 0.448047 0.740278 0.074219 0.097222
2 0.425781 0.757639 0.017188 0.029167
2 0.421094 0.754861 0.014063 0.029167
2 0.424219 0.718056 0.020313 0.030556
2 0.473047 0.705556 0.017969 0.008333
2 0.435547 0.750694 0.000781 0.004167
2 0.442578 0.706944 0.016406 0.005556
2 0.439063 0.702778 0.015625 0.000000
2 0.458984 0.706250 0.014844 0.006944
2 0.453906 0.702083 0.012500 0.001389
1 0.318750 0.758333 0.082812 0.111111
2 0.291797 0.773611 0.017969 0.019444
2 0.282813 0.759722 0.000000 0.000000
2 0.292578 0.716667 0.016406 0.002778
2 0.345703 0.715972 0.021094 0.004167
2 0.328906 0.763194 0.054688 0.004167
2 0.307812 0.717361 0.014063 0.001389
2 0.307422 0.715278 0.014844 0.000000
2 0.333203 0.717361 0.010156 0.001389
2 0.332422 0.714583 0.008594 0.001389
1 0.469531 0.747222 0.081250 0.097222
2 0.444922 0.772222 0.019531 0.033333
2 0.438281 0.770139 0.012500 0.031944
2 0.443359 0.727778 0.022656 0.033333
2 0.495703 0.712500 0.021094 0.002778
2 0.475781 0.757639 0.040625 0.001389
2 0.462109 0.713194 0.019531 0.001389
2 0.457813 0.711111 0.017188 0.000000
2 0.480078 0.713194 0.019531 0.001389
2 0.475781 0.711111 0.017188 0.000000
1 0.322656 0.763889 0.085938 0.116667
2 0.294531 0.784722 0.018750 0.036111
2 0.292187 0.781250 0.018750 0.031944
2 0.293359 0.738194 0.021094 0.037500
2 0.351562 0.736111 0.020313 0.036111
2 0.332813 0.782639 0.059375 0.040278
2 0.309375 0.738194 0.010937 0.034722
2 0.308594 0.720139 0.012500 0.001389
2 0.335547 0.737500 0.014844 0.033333
2 0.334375 0.719444 0.012500 0.000000
1 0.479297 0.752083 0.085156 0.098611
2 0.453906 0.777778 0.020313 0.033333
2 0.449219 0.776389 0.018750 0.033333
2 0.451953 0.733333 0.024219 0.036111
2 0.506641 0.731250 0.022656 0.034722
2 0.488672 0.775694 0.060156 0.037500
2 0.471875 0.733333 0.020313 0.033333
2 0.466797 0.715972 0.017969 0.001389
2 0.489844 0.733333 0.020313 0.033333
2 0.485547 0.715278 0.017969 0.000000
2 0.123828 0.845139 0.083594 0.056944
2 0.128516 0.831250 0.075781 0.051389
2 0.203516 0.844444 0.072656 0.050000
2 0.206250 0.799306 0.078125 0.048611
2 0.206641 0.753472 0.077344 0.051389
2 0.213281 0.725000 0.064062 0.005556