3 0.482422 0.863194 0.964844 0.270833
4 0.811719 0.955556 0.004687 0.086111
5 0.072656 0.851389 0.090625 0.033333
5 0.072656 0.851389 0.090625 0.033333
5 0.072656 0.851389 0.090625 0.033333
5 0.073047 0.833333 0.091406 0.033333
5 0.073047 0.833333 0.091406 0.033333
5 0.073047 0.833333 0.091406 0.033333
5 0.072656 0.867361 0.090625 0.031944
5 0.072656 0.867361 0.090625 0.031944
5 0.072656 0.867361 0.090625 0.031944
5 0.158984 0.844444 0.080469 0.027778
5 0.158984 0.844444 0.080469 0.027778
5 0.158984 0.844444 0.080469 0.027778
5 0.158984 0.829861 0.080469 0.029167
5 0.158984 0.829861 0.080469 0.029167
5 0.158984 0.829861 0.080469 0.029167
5 0.158594 0.815278 0.081250 0.027778
5 0.158594 0.815278 0.081250 0.027778
5 0.158594 0.815278 0.081250 0.027778
5 0.158594 0.797917 0.081250 0.029167
5 0.158594 0.797917 0.081250 0.029167
5 0.158594 0.797917 0.081250 0.029167
6 0.610156 0.865278 0.092188 0.116667
6 0.507422 0.838889 0.022656 0.094444
6 0.609766 0.765972 0.092969 0.120833
6 0.540625 0.852778 0.089063 0.122222
6 0.968359 0.924306 0.061719 0.148611
7 0.550000 0.979861 0.081250 0.037500
8 0.858594 0.963889 0.087500 0.069444
5 0.858594 0.950694 0.078125 0.043056
8 0.781250 0.957639 0.087500 0.081944
5 0.781641 0.935417 0.077344 0.037500
8 0.716406 0.950000 0.087500 0.083333
5 0.716797 0.925694 0.077344 0.037500
8 0.649219 0.940278 0.085938 0.072222
5 0.650000 0.913194 0.076563 0.034722
8 0.754687 0.924306 0.079687 0.076389
5 0.755078 0.901389 0.071094 0.033333
8 0.691016 0.915972 0.078906 0.065278
5 0.691016 0.890278 0.069531 0.030556
8 0.815625 0.933333 0.079687 0.077778
5 0.816016 0.909722 0.071094 0.033333
8 0.887891 0.945833 0.080469 0.083333
5 0.888672 0.922222 0.071094 0.036111
8 0.720703 0.786111 0.047656 0.036111
5 0.720703 0.770833 0.042969 0.013889
8 0.682031 0.781944 0.048438 0.036111
5 0.682422 0.767361 0.042969 0.012500
8 0.756250 0.789583 0.048438 0.037500
5 0.756641 0.775000 0.042969 0.013889
8 0.796484 0.796528 0.046094 0.034722
5 0.798047 0.778472 0.042969 0.015278
8 0.658984 0.790972 0.047656 0.037500
5 0.657422 0.775694 0.044531 0.015278
8 0.696875 0.795833 0.051562 0.038889
5 0.696875 0.779861 0.045312 0.015278
8 0.733984 0.799306 0.050781 0.040278
5 0.734375 0.783333 0.045312 0.016667
8 0.776563 0.804861 0.051562 0.040278
5 0.776563 0.788194 0.045312 0.015278
5 0.963281 0.806250 0.000000 0.001389
5 0.962891 0.811111 0.000781 0.005556
8 0.870313 0.805556 0.037500 0.033333
5 0.872266 0.787500 0.035156 0.016667
8 0.881641 0.825694 0.010156 0.037500
5 0.883203 0.807639 0.008594 0.012500
0 0.942969 0.775000 0.112500 0.202778
0 0.334375 0.755556 0.090625 0.183333
1 0.767188 0.697917 0.070312 0.079167
2 0.742578 0.711111 0.013281 0.000000
2 0.746094 0.671528 0.021875 0.006944
2 0.788281 0.683333 0.021875 0.027778
2 0.769141 0.718056 0.038281 0.027778
2 0.756641 0.672222 0.014844 0.005556
2 0.763281 0.668750 0.009375 0.001389
2 0.771484 0.683333 0.014844 0.025000
2 0.776563 0.669444 0.015625 0.000000
1 0.895312 0.711111 0.075000 0.094444
2 0.871484 0.677083 0.021094 0.006944
2 0.919531 0.694444 0.020313 0.019444
2 0.907031 0.726389 0.046875 0.030556
2 0.885547 0.677778 0.017969 0.005556
2 0.889062 0.674306 0.012500 0.001389
2 0.897266 0.679167 0.010156 0.005556
2 0.901953 0.675000 0.011719 0.000000
1 0.736719 0.711806 0.075000 0.095833
2 0.712891 0.678472 0.022656 0.009722
2 0.758594 0.690972 0.023438 0.029167
2 0.747656 0.728472 0.046875 0.031944
2 0.725781 0.679861 0.018750 0.006944
2 0.732422 0.675000 0.014844 0.000000
2 0.739453 0.690972 0.016406 0.029167
2 0.746484 0.676389 0.013281 0.000000
1 0.873828 0.717361 0.075781 0.095833
2 0.846875 0.684722 0.023438 0.008333
2 0.897266 0.697917 0.022656 0.031944
2 0.893359 0.737500 0.028906 0.033333
2 0.860156 0.686111 0.017188 0.008333
2 0.866016 0.681250 0.013281 0.001389
2 0.878125 0.697917 0.020313 0.029167
2 0.882422 0.681944 0.017969 0.000000
1 0.698828 0.720833 0.080469 0.100000
2 0.669531 0.725694 0.015625 0.001389
2 0.674609 0.683333 0.025781 0.002778
2 0.723047 0.700694 0.024219 0.031944
2 0.707031 0.740972 0.057813 0.034722
2 0.686719 0.685417 0.018750 0.001389
2 0.693359 0.683333 0.017969 0.000000
2 0.700391 0.686111 0.014844 0.002778
2 0.709375 0.684028 0.012500 0.001389
1 0.843359 0.729167 0.086719 0.102778
2 0.811328 0.735417 0.014844 0.001389
2 0.810937 0.690972 0.015625 0.004167
2 0.869922 0.709028 0.025781 0.034722
2 0.859766 0.752083 0.047656 0.034722
2 0.838672 0.692361 0.007031 0.001389
2 0.841016 0.690278 0.011719 0.000000
2 0.849219 0.693056 0.020313 0.002778
2 0.853906 0.690972 0.017188 0.001389
1 0.681641 0.721528 0.083594 0.093056
2 0.652734 0.743750 0.017969 0.031944
2 0.663281 0.727083 0.015625 0.001389
2 0.656641 0.701389 0.027344 0.033333
2 0.705859 0.704861 0.027344 0.034722
2 0.690234 0.745139 0.060156 0.037500
2 0.667969 0.703472 0.017188 0.031944
2 0.677344 0.686806 0.012500 0.001389
2 0.685937 0.704861 0.021875 0.031944
2 0.693750 0.688194 0.018750 0.001389
1 0.830078 0.731944 0.089844 0.102778
2 0.800000 0.754861 0.021875 0.034722
2 0.805469 0.736806 0.017188 0.001389
2 0.802344 0.710417 0.026562 0.034722
2 0.857812 0.713889 0.026562 0.036111
2 0.839844 0.757639 0.064062 0.040278
2 0.813281 0.711806 0.012500 0.031944
2 0.816016 0.694444 0.005469 0.000000
2 0.841016 0.713889 0.011719 0.033333
2 0.842969 0.695139 0.015625 0.001389
2 0.521875 0.778472 0.051562 0.040278
2 0.559375 0.771528 0.023438 0.040278
2 0.521875 0.742361 0.051562 0.040278
2 0.559375 0.736806 0.023438 0.037500
2 0.521484 0.704167 0.050781 0.041667
2 0.536328 0.700000 0.069531 0.041667