3 0.499609 0.831250 0.999219 0.334722
4 0.481250 0.701389 0.004687 0.047222
4 0.523828 0.718750 0.027344 0.056944
4 0.563672 0.728472 0.008594 0.059722
4 0.586719 0.738889 0.031250 0.063889
4 0.635547 0.751389 0.010156 0.066667
4 0.666016 0.763889 0.036719 0.072222
4 0.728125 0.780556 0.010937 0.077778
4 0.218750 0.741667 0.015625 0.019444
4 0.228125 0.747917 0.003125 0.004167
4 0.257812 0.801389 0.000000 0.005556
4 0.269141 0.781944 0.000781 0.005556
4 0.279297 0.842361 0.019531 0.070833
4 0.412109 0.949306 0.003906 0.098611
8 0.679688 0.768056 0.057813 0.047222
8 0.907031 0.695139 0.014063 0.006944
5 0.350781 0.667361 0.039062 0.006944
5 0.350781 0.667361 0.039062 0.006944
5 0.350781 0.667361 0.039062 0.006944
5 0.350781 0.659028 0.039062 0.006944
5 0.350781 0.659028 0.039062 0.006944
5 0.350781 0.659028 0.039062 0.006944
5 0.350781 0.674306 0.039062 0.006944
5 0.350781 0.674306 0.039062 0.006944
5 0.350781 0.674306 0.039062 0.006944
5 0.407422 0.672917 0.024219 0.006944
5 0.407422 0.672917 0.024219 0.006944
5 0.407422 0.672917 0.024219 0.006944
5 0.407422 0.665972 0.024219 0.006944
5 0.407422 0.665972 0.024219 0.006944
5 0.407422 0.665972 0.024219 0.006944
5 0.407422 0.657639 0.024219 0.006944
5 0.407422 0.657639 0.024219 0.006944
5 0.407422 0.657639 0.024219 0.006944
5 0.407422 0.650000 0.024219 0.008333
5 0.407422 0.650000 0.024219 0.008333
5 0.407422 0.650000 0.024219 0.008333
6 0.516797 0.670139 0.038281 0.037500
6 0.487891 0.664583 0.028906 0.043056
6 0.516797 0.629861 0.038281 0.054167
6 0.500391 0.667361 0.035156 0.043056
6 0.580859 0.700000 0.052344 0.066667
6 0.623437 0.704167 0.054688 0.063889
7 0.583203 0.799306 0.055469 0.029167
7 0.379297 0.851389 0.049219 0.027778
7 0.479687 0.754861 0.042188 0.020833
7 0.417187 0.709028 0.043750 0.012500
7 0.481250 0.734028 0.051562 0.015278
6 0.410156 0.985417 0.025000 0.026389
6 0.262109 0.891667 0.157031 0.213889
6 0.480078 0.882639 0.164844 0.231944
6 0.962891 0.993750 0.058594 0.009722
6 0.111719 0.834028 0.065625 0.134722
6 0.223047 0.796528 0.067969 0.054167
6 0.223828 0.721528 0.067969 0.123611
6 0.111719 0.728472 0.065625 0.129167
6 0.179297 0.678472 0.052344 0.081944
6 0.089844 0.688194 0.050000 0.098611
6 0.202734 0.753472 0.003906 0.062500
6 0.079297 0.771528 0.028906 0.101389
8 0.913672 0.829167 0.066406 0.050000
5 0.911328 0.805556 0.061719 0.022222
8 0.950000 0.841667 0.089063 0.055556
5 0.935547 0.818750 0.050781 0.023611
8 0.626953 0.738889 0.024219 0.030556
5 0.628906 0.725000 0.020313 0.005556
8 0.604297 0.744444 0.049219 0.036111
5 0.605469 0.729861 0.045312 0.012500
8 0.523438 0.713889 0.045312 0.027778
5 0.524219 0.701389 0.042188 0.008333
8 0.510156 0.709722 0.043750 0.027778
5 0.502734 0.697222 0.025781 0.008333
8 0.495703 0.705556 0.039844 0.027778
5 0.497266 0.693750 0.039844 0.009722
8 0.483594 0.701389 0.039062 0.025000
5 0.485156 0.689583 0.039062 0.006944
8 0.532031 0.703472 0.028125 0.026389
5 0.536719 0.689583 0.034375 0.004167
8 0.511328 0.688194 0.011719 0.004167
5 0.526172 0.686806 0.038281 0.006944
8 0.544922 0.709028 0.017969 0.023611
5 0.544531 0.695139 0.018750 0.006944
8 0.549609 0.704861 0.008594 0.015278
5 0.553906 0.699306 0.000000 0.006944
8 0.680859 0.672222 0.024219 0.019444
5 0.685156 0.663889 0.029687 0.005556
8 0.690625 0.675694 0.015625 0.020833
5 0.691797 0.665972 0.014844 0.004167
8 0.697656 0.671528 0.001563 0.009722
5 0.698828 0.668056 0.000781 0.002778
8 0.804688 0.693750 0.001563 0.001389
5 0.804297 0.681944 0.000781 0.002778
8 0.805078 0.699306 0.002344 0.018056
5 0.804688 0.686806 0.001563 0.004167
5 0.804297 0.679167 0.000781 0.000000
5 0.960938 0.700000 0.000000 0.000000
8 0.919531 0.697222 0.001563 0.000000
5 0.941016 0.696528 0.039844 0.004167
8 0.997656 0.729167 0.003125 0.013889
5 0.999219 0.723611 0.000000 0.005556
8 0.996484 0.731250 0.005469 0.023611
5 0.996094 0.718056 0.006250 0.011111
0 0.902734 0.679861 0.049219 0.148611
0 0.716406 0.653472 0.034375 0.118056
0 0.487500 0.634028 0.043750 0.095833
0 0.799219 0.811111 0.176563 0.294444
0 0.252734 0.847222 0.222656 0.302778
0 0.158594 0.831944 0.246875 0.333333
0 0.111719 0.747917 0.176563 0.229167
0 0.098047 0.734722 0.152344 0.213889
1 0.351953 0.836806 0.125781 0.231944
1 0.429688 0.836111 0.128125 0.241667
1 0.105469 0.650694 0.064062 0.068056
1 0.108594 0.647222 0.060937 0.058333
1 0.037500 0.658333 0.067187 0.080556
1 0.038672 0.663194 0.067969 0.087500
1 0.001172 0.659028 0.002344 0.079167
1 0.001563 0.664583 0.003125 0.084722
1 0.101172 0.668750 0.013281 0.051389
1 0.052344 0.695139 0.046875 0.115278
1 0.069922 0.728472 0.058594 0.140278
1 0.127344 0.673611 0.054688 0.038889
1 0.899609 0.625000 0.036719 0.041667
2 0.884375 0.636111 0.000000 0.000000
2 0.903906 0.614583 0.023438 0.004167
2 0.898047 0.641667 0.027344 0.008333
2 0.885938 0.622917 0.003125 0.015278
2 0.901953 0.611111 0.002344 0.000000
1 0.948828 0.640972 0.022656 0.065278
2 0.946875 0.653472 0.010937 0.020833
2 0.956641 0.643056 0.007031 0.000000
2 0.950781 0.625694 0.018750 0.020833
2 0.954688 0.654861 0.010937 0.020833
2 0.953125 0.626389 0.007812 0.019444
2 0.958984 0.626389 0.002344 0.019444
1 0.911719 0.645833 0.057813 0.072222
2 0.892969 0.655556 0.015625 0.019444
2 0.901953 0.645833 0.000781 0.000000
2 0.896875 0.627083 0.023438 0.020833
2 0.924609 0.629861 0.025781 0.020833
2 0.918750 0.658333 0.039062 0.025000
2 0.899609 0.628472 0.011719 0.020833
2 0.907422 0.629167 0.010156 0.022222
2 0.919922 0.618056 0.013281 0.000000
1 0.805078 0.628472 0.002344 0.040278
2 0.803906 0.647917 0.000000 0.001389
1 0.731641 0.631944 0.002344 0.036111
2 0.733203 0.625694 0.000781 0.015278
1 0.805469 0.631250 0.003125 0.029167
2 0.805469 0.656250 0.003125 0.012500
2 0.805469 0.630556 0.003125 0.022222
2 0.806641 0.656944 0.000781 0.011111
2 0.806641 0.631250 0.000781 0.020833
2 0.937109 0.718056 0.047656 0.041667
2 0.923438 0.720833 0.046875 0.041667
2 0.596875 0.656944 0.017188 0.022222
2 0.623437 0.662500 0.034375 0.025000
2 0.660547 0.662500 0.021094 0.022222
2 0.623437 0.639583 0.034375 0.023611
2 0.660547 0.640278 0.021094 0.022222
2 0.623047 0.618750 0.033594 0.023611
2 0.655078 0.617361 0.032031 0.023611
5 0.650000 0.710417 0.056250 0.015278
5 0.650000 0.719444 0.056250 0.013889
5 0.650391 0.727083 0.055469 0.012500
5 0.649609 0.736111 0.053906 0.013889
5 0.649609 0.753472 0.053906 0.015278
5 0.649609 0.744444 0.053906 0.013889
5 0.649609 0.770139 0.053906 0.015278
5 0.649609 0.761111 0.053906 0.013889
5 0.069141 0.745139 0.013281 0.012500
5 0.069922 0.752083 0.011719 0.006944
5 0.698828 0.723611 0.055469 0.013889
5 0.698828 0.731944 0.055469 0.013889
5 0.698438 0.749306 0.054688 0.015278
5 0.699219 0.740278 0.054688 0.013889
5 0.703125 0.764583 0.045312 0.012500
5 0.703125 0.756250 0.045312 0.012500
5 0.698828 0.715972 0.055469 0.012500
5 0.698828 0.706944 0.055469 0.013889
5 0.730469 0.718750 0.006250 0.009722
5 0.730469 0.727778 0.006250 0.008333
5 0.730469 0.744444 0.006250 0.008333
5 0.730469 0.736111 0.006250 0.008333
5 0.732031 0.761111 0.004687 0.008333
5 0.731641 0.751389 0.003906 0.011111
5 0.208203 0.737500 0.003906 0.011111
5 0.208203 0.744444 0.003906 0.011111
5 0.730078 0.711806 0.007031 0.006944
5 0.728125 0.703472 0.010937 0.009722
5 0.727734 0.655556 0.011719 0.008333
5 0.727734 0.663889 0.011719 0.008333
5 0.727734 0.680556 0.011719 0.008333
5 0.727734 0.672222 0.011719 0.008333
5 0.728125 0.695833 0.010937 0.008333
5 0.728125 0.688194 0.010937 0.009722
5 0.208594 0.731944 0.006250 0.008333
5 0.208203 0.723611 0.007031 0.011111
5 0.727734 0.647917 0.011719 0.006944
5 0.727734 0.640278 0.011719 0.008333