3 0.499609 0.870139 0.999219 0.256944
4 0.236328 0.806250 0.002344 0.037500
4 0.105078 0.786111 0.027344 0.002778
4 0.025000 0.785417 0.000000 0.001389
4 0.382812 0.777778 0.004687 0.050000
4 0.260937 0.775000 0.025000 0.050000
4 0.216016 0.773611 0.007031 0.050000
4 0.155859 0.771528 0.022656 0.048611
4 0.113281 0.763194 0.001563 0.031944
4 0.054297 0.769444 0.022656 0.047222
4 0.012891 0.781944 0.003906 0.016667
8 0.560937 0.750694 0.026562 0.018056
5 0.554688 0.734028 0.031250 0.006944
5 0.554688 0.734028 0.031250 0.006944
5 0.554688 0.734028 0.031250 0.006944
5 0.554688 0.727083 0.031250 0.006944
5 0.554688 0.727083 0.031250 0.006944
5 0.554688 0.727083 0.031250 0.006944
5 0.554688 0.740278 0.031250 0.005556
5 0.554688 0.740278 0.031250 0.005556
5 0.554688 0.740278 0.031250 0.005556
5 0.527344 0.740972 0.021875 0.004167
5 0.527344 0.740972 0.021875 0.004167
5 0.527344 0.740972 0.021875 0.004167
5 0.527344 0.734722 0.021875 0.005556
5 0.527344 0.734722 0.021875 0.005556
5 0.527344 0.734722 0.021875 0.005556
5 0.527344 0.727778 0.021875 0.005556
5 0.527344 0.727778 0.021875 0.005556
5 0.527344 0.727778 0.021875 0.005556
5 0.529297 0.720833 0.025781 0.005556
5 0.529297 0.720833 0.025781 0.005556
5 0.529297 0.720833 0.025781 0.005556
6 0.475000 0.725694 0.004687 0.037500
6 0.487891 0.725000 0.030469 0.038889
5 0.916016 0.870139 0.014844 0.029167
5 0.916016 0.870139 0.014844 0.029167
5 0.916016 0.870139 0.014844 0.029167
5 0.933203 0.852778 0.049219 0.027778
5 0.933203 0.852778 0.049219 0.027778
5 0.933203 0.852778 0.049219 0.027778
5 0.916016 0.885417 0.014844 0.029167
5 0.916016 0.885417 0.014844 0.029167
5 0.916016 0.885417 0.014844 0.029167
5 0.959375 0.913194 0.070312 0.034722
5 0.959375 0.913194 0.070312 0.034722
5 0.959375 0.913194 0.070312 0.034722
5 0.958984 0.894444 0.071094 0.036111
5 0.958984 0.894444 0.071094 0.036111
5 0.958984 0.894444 0.071094 0.036111
5 0.958594 0.875694 0.070312 0.034722
5 0.958594 0.875694 0.070312 0.034722
5 0.958594 0.875694 0.070312 0.034722
5 0.958203 0.855556 0.071094 0.033333
5 0.958203 0.855556 0.071094 0.033333
5 0.958203 0.855556 0.071094 0.033333
6 0.373437 0.850000 0.084375 0.108333
6 0.517969 0.855556 0.082812 0.113889
6 0.374219 0.757639 0.084375 0.104167
6 0.444922 0.852083 0.083594 0.112500
6 0.104297 0.831250 0.078906 0.101389
6 0.025000 0.827778 0.050000 0.094444
7 0.001563 0.790972 0.003125 0.009722
7 0.063281 0.825694 0.003125 0.012500
7 0.323437 0.794444 0.017188 0.013889
7 0.395313 0.848611 0.032813 0.022222
7 0.159766 0.840972 0.014844 0.018056
7 0.730859 0.770833 0.017969 0.011111
7 0.771484 0.772222 0.007031 0.008333
7 0.621094 0.768056 0.006250 0.011111
7 0.671484 0.769444 0.019531 0.011111
7 0.294141 0.759722 0.027344 0.011111
7 0.255078 0.759722 0.022656 0.008333
7 0.343359 0.762500 0.024219 0.005556
6 0.059766 0.756944 0.035156 0.052778
6 0.031250 0.761806 0.051562 0.056944
6 0.032031 0.711111 0.051562 0.055556
6 0.064453 0.708333 0.049219 0.052778
6 0.180469 0.713194 0.051562 0.056944
6 0.207031 0.711111 0.048438 0.055556
6 0.179688 0.765972 0.051562 0.059722
6 0.206250 0.760417 0.048438 0.056944
6 0.190625 0.734028 0.037500 0.040278
6 0.176563 0.735417 0.006250 0.037500
8 0.008203 0.817361 0.003906 0.004167
5 0.002734 0.817361 0.005469 0.006944
8 0.196094 0.849306 0.065625 0.045833
5 0.196094 0.831250 0.057813 0.015278
8 0.238281 0.854861 0.056250 0.040278
5 0.241797 0.833333 0.057031 0.016667
8 0.284766 0.853472 0.061719 0.045833
5 0.284375 0.834722 0.056250 0.016667
8 0.330078 0.858333 0.057031 0.038889
5 0.331641 0.837500 0.053906 0.016667
8 0.249219 0.866667 0.068750 0.050000
5 0.249219 0.847222 0.060937 0.019444
8 0.298828 0.868750 0.064844 0.051389
5 0.300000 0.850000 0.059375 0.019444
8 0.204297 0.863889 0.069531 0.050000
5 0.204297 0.845139 0.061719 0.018056
8 0.156250 0.861806 0.070312 0.048611
5 0.156250 0.842361 0.062500 0.018056
5 0.082422 0.979861 0.027344 0.009722
0 0.016406 0.833333 0.032813 0.272222
0 0.789062 0.825694 0.190625 0.262500
0 0.099219 0.729861 0.048438 0.115278
0 0.150391 0.729861 0.067969 0.115278
1 0.814844 0.766667 0.045312 0.111111
1 0.771094 0.761806 0.043750 0.104167
1 0.807422 0.758333 0.041406 0.102778
1 0.767188 0.752778 0.037500 0.091667
1 0.802344 0.744444 0.037500 0.080556
1 0.764453 0.746528 0.035156 0.087500
1 0.853125 0.739583 0.064062 0.081944
1 0.458203 0.751389 0.075781 0.091667
1 0.488281 0.751389 0.031250 0.091667
1 0.290234 0.746528 0.072656 0.090278
1 0.273047 0.749306 0.075781 0.093056
1 0.161719 0.725000 0.031250 0.063889
2 0.148828 0.708333 0.005469 0.011111
2 0.167187 0.711806 0.015625 0.020833
2 0.172266 0.740972 0.003906 0.020833
2 0.159375 0.704167 0.004687 0.002778
2 0.164453 0.713194 0.003906 0.020833
2 0.150781 0.701389 0.001563 0.000000
1 0.084375 0.729861 0.053125 0.073611
2 0.073438 0.741667 0.004687 0.013889
2 0.065625 0.743750 0.010937 0.018056
2 0.075000 0.712500 0.028125 0.019444
2 0.108984 0.701389 0.000781 0.000000
2 0.091016 0.704861 0.011719 0.006944
2 0.077734 0.701389 0.011719 0.000000
2 0.100781 0.701389 0.006250 0.000000
1 0.195703 0.962500 0.391406 0.072222
2 0.082422 0.990972 0.105469 0.015278
2 0.239063 0.996528 0.062500 0.004167
2 0.165234 0.993750 0.094531 0.009722
1 0.267969 0.941667 0.378125 0.113889
2 0.381641 0.971528 0.122656 0.054167
2 0.167187 0.961806 0.140625 0.056944
2 0.325000 0.952778 0.095312 0.025000
2 0.292578 0.979167 0.103906 0.038889
2 0.256250 0.947222 0.096875 0.022222
2 0.220312 0.975000 0.106250 0.041667
1 0.119531 0.709722 0.053125 0.033333
2 0.109375 0.713889 0.028125 0.022222
2 0.123438 0.720833 0.000000 0.005556
2 0.115234 0.701389 0.010156 0.000000
2 0.742969 0.978472 0.196875 0.040278
2 0.750000 0.822917 0.173437 0.023611
2 0.742578 0.902083 0.197656 0.145833
5 0.424609 0.760417 0.011719 0.004167
5 0.424609 0.755556 0.011719 0.002778
5 0.424609 0.744444 0.011719 0.005556
5 0.424609 0.750694 0.011719 0.004167
5 0.409375 0.785417 0.014063 0.006944
5 0.412500 0.788889 0.001563 0.000000
5 0.394141 0.787500 0.016406 0.002778
5 0.385547 0.802083 0.003906 0.001389
5 0.363281 0.800694 0.034375 0.001389
5 0.364453 0.804167 0.036719 0.005556
5 0.382031 0.788194 0.006250 0.001389
5 0.365234 0.783333 0.033594 0.008333