3 0.499609 0.845833 0.999219 0.305556
4 0.350000 0.790278 0.000000 0.000000
4 0.311719 0.786806 0.018750 0.051389
4 0.303125 0.788194 0.000000 0.006944
4 0.271094 0.840278 0.014063 0.083333
4 0.262500 0.879167 0.012500 0.094444
4 0.225391 0.914583 0.033594 0.112500
4 0.176172 0.966667 0.011719 0.063889
8 0.296875 0.913889 0.076563 0.075000
8 0.899219 0.805556 0.081250 0.033333
5 0.410938 0.686111 0.037500 0.008333
5 0.410938 0.686111 0.037500 0.008333
5 0.410938 0.686111 0.037500 0.008333
5 0.410938 0.675694 0.037500 0.009722
5 0.410938 0.675694 0.037500 0.009722
5 0.410938 0.675694 0.037500 0.009722
5 0.410938 0.693750 0.037500 0.006944
5 0.410938 0.693750 0.037500 0.006944
5 0.410938 0.693750 0.037500 0.006944
5 0.470313 0.692361 0.039062 0.009722
5 0.470313 0.692361 0.039062 0.009722
5 0.470313 0.692361 0.039062 0.009722
5 0.470313 0.684722 0.039062 0.011111
5 0.470313 0.684722 0.039062 0.011111
5 0.470313 0.684722 0.039062 0.011111
5 0.470313 0.676389 0.039062 0.011111
5 0.470313 0.676389 0.039062 0.011111
5 0.470313 0.676389 0.039062 0.011111
5 0.470313 0.666667 0.039062 0.011111
5 0.470313 0.666667 0.039062 0.011111
5 0.470313 0.666667 0.039062 0.011111
6 0.481641 0.721528 0.032031 0.068056
6 0.481641 0.698611 0.025781 0.052778
6 0.482812 0.663194 0.035937 0.070833
6 0.483984 0.709028 0.030469 0.059722
6 0.441016 0.769444 0.057031 0.086111
6 0.453516 0.790278 0.064844 0.102778
7 0.423047 0.952778 0.091406 0.038889
7 0.419141 0.986806 0.089844 0.023611
7 0.090234 0.949306 0.069531 0.054167
7 0.195312 0.844444 0.046875 0.033333
7 0.335938 0.755556 0.042188 0.016667
7 0.292578 0.804861 0.063281 0.018056
8 0.342187 0.984722 0.065625 0.027778
5 0.337500 0.984028 0.067187 0.029167
8 0.260156 0.984722 0.065625 0.027778
5 0.253125 0.984028 0.071875 0.029167
8 0.394531 0.854861 0.039062 0.040278
5 0.396484 0.831250 0.035156 0.015278
8 0.349219 0.841667 0.039062 0.044444
5 0.341406 0.821528 0.023438 0.006944
8 0.390625 0.781250 0.042188 0.031944
5 0.391797 0.763194 0.039844 0.012500
8 0.382422 0.766667 0.010156 0.022222
5 0.398047 0.752083 0.027344 0.006944
8 0.384375 0.741667 0.000000 0.000000
5 0.398047 0.743750 0.027344 0.006944
8 0.386719 0.738889 0.000000 0.000000
5 0.401172 0.736111 0.025781 0.005556
8 0.485156 0.745833 0.001563 0.005556
5 0.480859 0.743750 0.005469 0.001389
8 0.484766 0.744444 0.000781 0.000000
5 0.482031 0.736111 0.007812 0.005556
8 0.485156 0.763889 0.001563 0.016667
5 0.480859 0.752083 0.005469 0.006944
8 0.481250 0.777083 0.006250 0.034722
5 0.478125 0.760417 0.000000 0.001389
8 0.831641 0.726389 0.041406 0.027778
5 0.833594 0.715278 0.040625 0.008333
8 0.809766 0.714583 0.011719 0.015278
5 0.823438 0.709028 0.035937 0.006944
8 0.841406 0.731944 0.042188 0.027778
5 0.844531 0.720833 0.043750 0.008333
8 0.854297 0.735417 0.050781 0.020833
5 0.854297 0.728472 0.046094 0.009722
8 0.759375 0.720139 0.007812 0.029167
5 0.777734 0.708333 0.039844 0.005556
8 0.782813 0.727083 0.042188 0.029167
5 0.783984 0.715278 0.041406 0.008333
8 0.793750 0.733333 0.046875 0.030556
5 0.793359 0.719444 0.042969 0.005556
8 0.803906 0.743056 0.043750 0.027778
5 0.802344 0.728472 0.042188 0.009722
8 0.887500 0.779861 0.040625 0.043056
5 0.888672 0.765278 0.038281 0.016667
8 0.940234 0.784028 0.046094 0.037500
5 0.938281 0.766667 0.042188 0.016667
8 0.852344 0.779861 0.046875 0.043056
5 0.851953 0.765278 0.041406 0.016667
8 0.807031 0.779861 0.045312 0.043056
5 0.806250 0.765278 0.039062 0.016667
8 0.868750 0.743750 0.054688 0.012500
5 0.868359 0.742361 0.050781 0.009722
8 0.881250 0.764583 0.053125 0.037500
5 0.882422 0.750694 0.050781 0.012500
8 0.838672 0.767361 0.044531 0.040278
5 0.837891 0.752083 0.038281 0.012500
8 0.797656 0.766667 0.037500 0.038889
5 0.798047 0.750694 0.030469 0.012500
8 0.979297 0.843750 0.039844 0.037500
5 0.980469 0.833333 0.037500 0.019444
8 0.969141 0.831944 0.058594 0.041667
5 0.971094 0.816667 0.056250 0.013889
8 0.966797 0.917361 0.064844 0.065278
5 0.968359 0.896528 0.061719 0.026389
8 0.956250 0.894444 0.085938 0.061111
5 0.958203 0.873611 0.082031 0.022222
0 0.751953 0.797917 0.083594 0.251389
0 0.712109 0.719444 0.053906 0.175000
0 0.545312 0.657639 0.032813 0.115278
1 0.118750 0.665278 0.056250 0.083333
1 0.113281 0.669444 0.071875 0.086111
1 0.058984 0.665278 0.071094 0.083333
1 0.045312 0.669444 0.073438 0.086111
1 0.015234 0.665278 0.030469 0.083333
1 0.008203 0.670139 0.016406 0.087500
1 0.945703 0.668056 0.057031 0.066667
2 0.919531 0.684722 0.004687 0.002778
2 0.933203 0.645139 0.032031 0.001389
2 0.951953 0.656250 0.035156 0.012500
2 0.935547 0.700694 0.005469 0.001389
2 0.935156 0.646528 0.006250 0.001389
2 0.947656 0.645833 0.012500 0.000000
2 0.939453 0.654167 0.014844 0.011111
2 0.955469 0.648611 0.015625 0.000000
1 0.984766 0.700000 0.028906 0.100000
2 0.977734 0.707639 0.003906 0.001389
2 0.986328 0.662500 0.025781 0.002778
2 0.997266 0.684028 0.003906 0.031944
2 0.989844 0.723611 0.018750 0.036111
2 0.989844 0.665972 0.018750 0.004167
2 0.993359 0.681944 0.011719 0.033333
1 0.903516 0.684028 0.057031 0.098611
2 0.884375 0.694444 0.014063 0.027778
2 0.892578 0.658333 0.030469 0.027778
2 0.907422 0.663889 0.028906 0.027778
2 0.902344 0.700000 0.039062 0.033333
2 0.889453 0.659722 0.013281 0.027778
2 0.903516 0.645833 0.008594 0.000000
2 0.896875 0.661806 0.018750 0.029167
2 0.914453 0.648611 0.014844 0.000000
1 0.962500 0.706944 0.062500 0.113889
2 0.938281 0.718750 0.014063 0.031944
2 0.949609 0.677083 0.036719 0.031944
2 0.968750 0.684722 0.042188 0.033333
2 0.962891 0.725000 0.055469 0.038889
2 0.943750 0.679167 0.018750 0.030556
2 0.964063 0.663889 0.015625 0.000000
2 0.951953 0.681944 0.021094 0.033333
2 0.971875 0.666667 0.017188 0.000000
2 0.936719 0.856250 0.087500 0.076389
2 0.865625 0.855556 0.082812 0.077778
2 0.711328 0.677083 0.003906 0.006944
2 0.741406 0.704167 0.026562 0.022222
2 0.774609 0.696528 0.038281 0.023611
2 0.735156 0.669444 0.039062 0.033333
2 0.774609 0.670139 0.038281 0.031944
2 0.735156 0.642361 0.039062 0.031944
2 0.773438 0.642361 0.040625 0.031944
5 0.332813 0.817361 0.067187 0.023611
5 0.332813 0.829861 0.067187 0.023611
5 0.332813 0.840278 0.067187 0.025000
5 0.332813 0.852083 0.067187 0.026389
5 0.332813 0.876389 0.067187 0.027778
5 0.332813 0.864583 0.067187 0.026389
5 0.332813 0.898611 0.067187 0.027778
5 0.332813 0.886806 0.067187 0.026389
5 0.411719 0.840972 0.064062 0.023611
5 0.411719 0.852778 0.064062 0.025000
5 0.411719 0.877083 0.064062 0.026389
5 0.411719 0.864583 0.064062 0.026389
5 0.411719 0.900000 0.064062 0.027778
5 0.411719 0.887500 0.064062 0.027778
5 0.411719 0.830556 0.064062 0.025000
5 0.411719 0.818056 0.064062 0.025000
5 0.499609 0.841667 0.060156 0.025000
5 0.499609 0.853472 0.060156 0.026389
5 0.499609 0.877083 0.060156 0.026389
5 0.499609 0.865972 0.060156 0.026389
5 0.499609 0.900694 0.060156 0.026389
5 0.499609 0.888889 0.060156 0.025000
5 0.014844 0.779861 0.029687 0.015278
5 0.014844 0.788889 0.029687 0.016667
5 0.499609 0.830556 0.060156 0.025000
5 0.499609 0.818750 0.060156 0.023611
5 0.499609 0.749306 0.060156 0.020833
5 0.499609 0.762500 0.060156 0.019444
5 0.499609 0.785417 0.060156 0.023611
5 0.499609 0.775000 0.060156 0.019444
5 0.499609 0.807639 0.060156 0.023611
5 0.499609 0.795833 0.060156 0.022222
5 0.014844 0.772917 0.029687 0.015278
5 0.014844 0.764583 0.029687 0.015278
5 0.499609 0.739583 0.060156 0.018056
5 0.499609 0.726389 0.060156 0.019444