3 0.499609 0.822222 0.999219 0.352778
5 0.005469 0.927083 0.010937 0.023611
5 0.005469 0.927083 0.010937 0.023611
5 0.005469 0.927083 0.010937 0.023611
5 0.005469 0.905556 0.010937 0.027778
5 0.005469 0.905556 0.010937 0.027778
5 0.005469 0.905556 0.010937 0.027778
5 0.005469 0.946528 0.010937 0.023611
5 0.005469 0.946528 0.010937 0.023611
5 0.005469 0.946528 0.010937 0.023611
5 0.066406 0.905556 0.104688 0.052778
5 0.066406 0.905556 0.104688 0.052778
5 0.066406 0.905556 0.104688 0.052778
5 0.066406 0.888194 0.104688 0.054167
5 0.066406 0.888194 0.104688 0.054167
5 0.066406 0.888194 0.104688 0.054167
5 0.066016 0.869444 0.105469 0.052778
5 0.066016 0.869444 0.105469 0.052778
5 0.066016 0.869444 0.105469 0.052778
5 0.066016 0.847222 0.105469 0.055556
5 0.066016 0.847222 0.105469 0.055556
5 0.066016 0.847222 0.105469 0.055556
6 0.648828 0.960417 0.121094 0.076389
6 0.468359 0.929167 0.111719 0.138889
6 0.648828 0.870833 0.121094 0.183333
6 0.554688 0.938194 0.115625 0.120833
8 0.746484 0.774306 0.055469 0.054167
5 0.747266 0.758333 0.049219 0.025000
8 0.700391 0.765972 0.055469 0.043056
5 0.700781 0.750694 0.048438 0.023611
8 0.790234 0.778472 0.055469 0.051389
5 0.790234 0.765278 0.049219 0.025000
8 0.840234 0.790278 0.055469 0.058333
5 0.841016 0.774306 0.049219 0.026389
8 0.686719 0.788194 0.032813 0.051389
5 0.685547 0.770139 0.030469 0.026389
8 0.722266 0.794444 0.058594 0.058333
5 0.722266 0.777778 0.052344 0.027778
8 0.767578 0.802083 0.058594 0.059722
5 0.767578 0.785417 0.052344 0.029167
8 0.819922 0.811806 0.058594 0.062500
5 0.819922 0.795139 0.052344 0.029167
8 0.935547 0.809722 0.050781 0.061111
5 0.935937 0.793056 0.045312 0.030556
8 0.981250 0.807639 0.025000 0.040278
5 0.983203 0.797917 0.022656 0.023611
8 0.974219 0.835417 0.021875 0.051389
5 0.979297 0.818750 0.025781 0.020833
8 0.966016 0.856250 0.030469 0.056944
5 0.969141 0.839583 0.030469 0.026389
0 0.987500 0.854861 0.023438 0.193056
0 0.309375 0.786806 0.154688 0.237500
1 0.780469 0.633333 0.078125 0.105556
2 0.756250 0.600000 0.023438 0.016667
2 0.804688 0.612500 0.023438 0.033333
2 0.799219 0.652083 0.034375 0.034722
2 0.769922 0.602778 0.019531 0.016667
2 0.775781 0.593750 0.017188 0.001389
2 0.786328 0.611806 0.019531 0.031944
2 0.791406 0.595139 0.017188 0.001389
1 0.929297 0.647917 0.080469 0.112500
2 0.900391 0.612500 0.022656 0.019444
2 0.954688 0.625694 0.021875 0.037500
2 0.956250 0.668056 0.018750 0.036111
2 0.916797 0.615278 0.019531 0.016667
2 0.920312 0.605556 0.018750 0.002778
2 0.935156 0.616667 0.020313 0.016667
2 0.938281 0.606944 0.018750 0.002778
1 0.750000 0.653472 0.084375 0.115278
2 0.723828 0.618056 0.025781 0.022222
2 0.775391 0.629861 0.025781 0.037500
2 0.767969 0.672917 0.042188 0.037500
2 0.738672 0.621528 0.021094 0.020833
2 0.744531 0.609722 0.018750 0.002778
2 0.755859 0.629861 0.021094 0.034722
2 0.761719 0.611806 0.018750 0.004167
1 0.907813 0.670139 0.090625 0.123611
2 0.878125 0.631944 0.025000 0.022222
2 0.937109 0.646528 0.024219 0.040278
2 0.937109 0.692361 0.024219 0.040278
2 0.898047 0.636111 0.017969 0.022222
2 0.900000 0.624306 0.020313 0.004167
2 0.915625 0.638194 0.021875 0.020833
2 0.919141 0.625694 0.021094 0.004167
1 0.714453 0.677778 0.086719 0.127778
2 0.684766 0.631250 0.027344 0.009722
2 0.739453 0.652778 0.028906 0.041667
2 0.742578 0.699306 0.024219 0.043056
2 0.698828 0.635417 0.022656 0.006944
2 0.705859 0.629861 0.022656 0.004167
2 0.717969 0.636806 0.023438 0.006944
2 0.724219 0.632639 0.020313 0.004167
1 0.882812 0.697917 0.100000 0.137500
2 0.850391 0.647917 0.027344 0.012500
2 0.914453 0.670833 0.027344 0.044444
2 0.921875 0.722222 0.012500 0.044444
2 0.863672 0.652083 0.013281 0.006944
2 0.866406 0.646528 0.007812 0.004167
2 0.895703 0.654861 0.014844 0.006944
2 0.898047 0.649306 0.017969 0.004167
1 0.706641 0.691667 0.071094 0.122222
2 0.672656 0.688194 0.003125 0.001389
2 0.673047 0.686806 0.003906 0.001389
2 0.676172 0.638889 0.008594 0.005556
2 0.722656 0.663889 0.031250 0.044444
2 0.704688 0.711111 0.067187 0.047222
2 0.681641 0.660417 0.021094 0.040278
2 0.689063 0.639583 0.021875 0.004167
2 0.700000 0.663194 0.025000 0.040278
2 0.707031 0.641667 0.021875 0.005556
1 0.870313 0.711111 0.104688 0.144444
2 0.834766 0.729167 0.025781 0.044444
2 0.838672 0.707639 0.021094 0.004167
2 0.837500 0.676389 0.029687 0.047222
2 0.903906 0.684028 0.029687 0.048611
2 0.881641 0.734722 0.074219 0.052778
2 0.857031 0.681250 0.025000 0.043056
2 0.860156 0.658333 0.020313 0.005556
2 0.879297 0.684028 0.025781 0.043056
2 0.892578 0.660417 0.007031 0.004167
2 0.426172 0.748611 0.060156 0.063889
2 0.441797 0.713194 0.028906 0.018056
2 0.499219 0.765972 0.084375 0.054167
2 0.555078 0.750694 0.025781 0.051389
2 0.499219 0.723611 0.084375 0.052778
2 0.555078 0.709722 0.025781 0.050000
2 0.499219 0.677083 0.084375 0.059722
2 0.527344 0.664583 0.081250 0.056944