5 0.436719 0.986806 0.075000 0.015278
5 0.436719 0.986806 0.075000 0.015278
5 0.436719 0.986806 0.075000 0.015278
5 0.436719 0.971528 0.075000 0.015278
5 0.436719 0.971528 0.075000 0.015278
5 0.436719 0.971528 0.075000 0.015278
5 0.436719 0.997222 0.075000 0.002778
5 0.436719 0.997222 0.075000 0.002778
5 0.436719 0.997222 0.075000 0.002778
5 0.541406 0.997917 0.078125 0.001389
5 0.541406 0.997917 0.078125 0.001389
5 0.541406 0.997917 0.078125 0.001389
5 0.541406 0.988889 0.078125 0.016667
5 0.541406 0.988889 0.078125 0.016667
5 0.541406 0.988889 0.078125 0.016667
5 0.541016 0.972222 0.078906 0.016667
5 0.541016 0.972222 0.078906 0.016667
5 0.541016 0.972222 0.078906 0.016667
5 0.541016 0.954861 0.078906 0.015278
5 0.541016 0.954861 0.078906 0.015278
5 0.541016 0.954861 0.078906 0.015278
6 0.398047 0.945139 0.117969 0.106944
6 0.470313 0.951389 0.087500 0.094444
6 0.401953 0.822917 0.122656 0.179167
6 0.438672 0.947917 0.102344 0.101389
6 0.051562 0.923611 0.103125 0.150000
5 0.101953 0.998611 0.010156 0.000000
5 0.137891 0.995833 0.085156 0.005556
5 0.170703 0.993056 0.135156 0.008333
5 0.248438 0.997222 0.151562 0.002778
8 0.376172 0.997917 0.008594 0.001389
5 0.303125 0.995139 0.135937 0.006944
0 0.988672 0.381944 0.021094 0.763889
0 0.962109 0.750000 0.074219 0.497222
0 0.657031 0.889583 0.084375 0.218056