3 0.499609 0.900694 0.999219 0.195833
4 0.108203 0.984028 0.005469 0.029167
5 0.395703 0.802778 0.060156 0.013889
5 0.395703 0.802778 0.060156 0.013889
5 0.395703 0.802778 0.060156 0.013889
5 0.395703 0.786111 0.060156 0.019444
5 0.395703 0.786111 0.060156 0.019444
5 0.395703 0.786111 0.060156 0.019444
5 0.395703 0.815972 0.060156 0.012500
5 0.395703 0.815972 0.060156 0.012500
5 0.395703 0.815972 0.060156 0.012500
5 0.487891 0.814583 0.061719 0.018056
5 0.487891 0.814583 0.061719 0.018056
5 0.487891 0.814583 0.061719 0.018056
5 0.487891 0.802778 0.061719 0.019444
5 0.487891 0.802778 0.061719 0.019444
5 0.487891 0.802778 0.061719 0.019444
5 0.487891 0.788889 0.061719 0.019444
5 0.487891 0.788889 0.061719 0.019444
5 0.487891 0.788889 0.061719 0.019444
5 0.487891 0.773611 0.061719 0.019444
5 0.487891 0.773611 0.061719 0.019444
5 0.487891 0.773611 0.061719 0.019444
6 0.446875 0.919444 0.073438 0.150000
6 0.473047 0.860417 0.061719 0.112500
6 0.449609 0.804861 0.078906 0.143056
6 0.462891 0.890972 0.066406 0.140278
6 0.284766 0.993750 0.136719 0.009722
7 0.153906 0.978472 0.106250 0.040278
5 0.243359 0.996528 0.072656 0.004167
8 0.266016 0.986111 0.113281 0.025000
5 0.264844 0.983333 0.103125 0.030556
8 0.294531 0.972917 0.104688 0.051389
5 0.292969 0.957639 0.095312 0.031944
8 0.378516 0.987500 0.110156 0.022222
5 0.376953 0.986111 0.100781 0.025000
8 0.399609 0.973611 0.102344 0.050000
5 0.398047 0.963889 0.092969 0.033333
8 0.989062 0.913889 0.012500 0.047222
5 0.990625 0.886806 0.017188 0.020833
8 0.993750 0.921528 0.010937 0.051389
5 0.995703 0.902083 0.007031 0.018056
0 0.921484 0.884722 0.138281 0.227778
0 0.596875 0.771528 0.057813 0.198611
1 0.006641 0.761806 0.013281 0.120833
2 0.879687 0.825000 0.014063 0.061111
2 0.924219 0.845833 0.073438 0.066667
2 0.980078 0.847222 0.038281 0.055556
2 0.923828 0.797222 0.072656 0.063889
2 0.980078 0.801389 0.038281 0.058333
2 0.923438 0.750000 0.073438 0.061111
2 0.975391 0.751389 0.047656 0.061111