3 0.499609 0.826389 0.999219 0.344444
4 0.119922 0.795833 0.000781 0.000000
4 0.051562 0.856944 0.003125 0.050000
8 0.725391 0.957639 0.094531 0.068056
5 0.496875 0.688194 0.046875 0.012500
5 0.496875 0.688194 0.046875 0.012500
5 0.496875 0.688194 0.046875 0.012500
5 0.496875 0.677083 0.046875 0.015278
5 0.496875 0.677083 0.046875 0.015278
5 0.496875 0.677083 0.046875 0.015278
5 0.496875 0.696528 0.046875 0.012500
5 0.496875 0.696528 0.046875 0.012500
5 0.496875 0.696528 0.046875 0.012500
5 0.554688 0.702083 0.042188 0.012500
5 0.554688 0.702083 0.042188 0.012500
5 0.554688 0.702083 0.042188 0.012500
5 0.554688 0.694444 0.042188 0.011111
5 0.554688 0.694444 0.042188 0.011111
5 0.554688 0.694444 0.042188 0.011111
5 0.554688 0.684722 0.042188 0.011111
5 0.554688 0.684722 0.042188 0.011111
5 0.554688 0.684722 0.042188 0.011111
5 0.557422 0.672917 0.047656 0.015278
5 0.557422 0.672917 0.047656 0.015278
5 0.557422 0.672917 0.047656 0.015278
6 0.442969 0.755556 0.054688 0.083333
6 0.487500 0.729861 0.046875 0.079167
6 0.444141 0.688194 0.057031 0.084722
6 0.466797 0.741667 0.050781 0.083333
6 0.282813 0.820139 0.078125 0.090278
6 0.242188 0.854861 0.007812 0.098611
7 0.007422 0.870139 0.014844 0.015278
7 0.162500 0.844444 0.020313 0.022222
7 0.012500 0.666667 0.001563 0.008333
8 0.146094 0.903472 0.017188 0.023611
5 0.138281 0.888889 0.000000 0.000000
5 0.064844 0.881944 0.029687 0.013889
8 0.242578 0.813194 0.000781 0.015278
5 0.242969 0.805556 0.000000 0.000000
8 0.327734 0.793056 0.011719 0.013889
5 0.325781 0.790278 0.007812 0.011111
8 0.341797 0.783333 0.022656 0.013889
5 0.329688 0.778472 0.039062 0.018056
8 0.346875 0.772222 0.059375 0.013889
5 0.346484 0.767361 0.053906 0.018056
8 0.375391 0.805556 0.063281 0.038889
5 0.371875 0.786111 0.051562 0.019444
8 0.398828 0.786806 0.060156 0.026389
5 0.398438 0.775000 0.054688 0.019444
8 0.356250 0.812500 0.065625 0.036111
5 0.355078 0.797917 0.058594 0.020833
8 0.339844 0.835417 0.034375 0.037500
5 0.339453 0.812500 0.035156 0.022222
8 0.887109 0.792361 0.058594 0.029167
5 0.886719 0.784028 0.053125 0.015278
8 0.896094 0.788889 0.050000 0.033333
5 0.894922 0.773611 0.046094 0.016667
8 0.885547 0.813889 0.060156 0.050000
5 0.884766 0.797222 0.055469 0.019444
8 0.879297 0.831250 0.063281 0.045833
5 0.881250 0.811806 0.051562 0.023611
8 0.829297 0.781250 0.055469 0.043056
5 0.825781 0.765972 0.043750 0.015278
8 0.820312 0.793750 0.054688 0.031944
5 0.821484 0.776389 0.052344 0.013889
8 0.817969 0.800694 0.059375 0.040278
5 0.817187 0.788889 0.054688 0.019444
8 0.813281 0.819444 0.054688 0.038889
5 0.808203 0.802778 0.044531 0.022222
8 0.826172 0.903472 0.060156 0.070833
5 0.825391 0.884722 0.052344 0.033333
8 0.888281 0.913889 0.059375 0.075000
5 0.887891 0.893750 0.052344 0.037500
8 0.772266 0.898611 0.060156 0.063889
5 0.771875 0.876389 0.053125 0.033333
8 0.714844 0.885417 0.060937 0.068056
5 0.714453 0.866667 0.053906 0.033333
8 0.860938 0.855556 0.065625 0.044444
5 0.860156 0.837500 0.059375 0.022222
8 0.857812 0.873611 0.068750 0.047222
5 0.856641 0.856250 0.061719 0.026389
8 0.785937 0.868750 0.048438 0.045833
5 0.787500 0.852083 0.045312 0.029167
8 0.735547 0.860417 0.057031 0.062500
5 0.735156 0.842361 0.050000 0.029167
8 0.840234 0.996528 0.005469 0.004167
5 0.797656 0.990972 0.078125 0.015278
0 0.410938 0.883333 0.118750 0.230556
0 0.602734 0.799306 0.086719 0.237500
0 0.594922 0.672917 0.038281 0.134722
1 0.243359 0.650000 0.003906 0.069444
1 0.168750 0.653472 0.006250 0.079167
1 0.154688 0.638194 0.034375 0.070833
1 0.141797 0.651389 0.060156 0.083333
1 0.116406 0.639583 0.065625 0.079167
1 0.091016 0.646528 0.060156 0.084722
1 0.040625 0.624306 0.057813 0.073611
1 0.001563 0.697917 0.003125 0.098611
1 0.994922 0.747222 0.008594 0.138889
2 0.996875 0.693056 0.004687 0.002778
2 0.997656 0.723611 0.003125 0.038889
2 0.996875 0.772222 0.003125 0.044444
2 0.997656 0.697222 0.003125 0.002778
2 0.997656 0.700694 0.003125 0.001389
1 0.998437 0.779861 0.001563 0.131944
2 0.680859 0.991667 0.085156 0.013889
2 0.574219 0.983333 0.078125 0.030556
2 0.902344 0.731250 0.004687 0.043056
2 0.825781 0.741667 0.045312 0.038889
2 0.877344 0.745139 0.043750 0.043056
2 0.825781 0.709028 0.045312 0.040278
2 0.877344 0.711806 0.043750 0.045833
2 0.825781 0.672222 0.045312 0.044444
2 0.877344 0.676389 0.043750 0.047222
5 0.011328 0.887500 0.022656 0.025000
5 0.008594 0.892361 0.010937 0.004167
5 0.034766 0.932639 0.069531 0.040278
5 0.035156 0.945833 0.070312 0.041667
5 0.035156 0.973611 0.070312 0.041667
5 0.035156 0.959722 0.070312 0.041667
5 0.035156 0.987500 0.070312 0.022222
5 0.035547 0.981944 0.071094 0.033333
5 0.035156 0.922917 0.070312 0.034722
5 0.034766 0.904861 0.069531 0.043056
5 0.118750 0.950694 0.096875 0.040278
5 0.119141 0.963194 0.096094 0.043056
5 0.119531 0.984028 0.096875 0.029167
5 0.119141 0.977083 0.096094 0.043056
5 0.157031 0.998611 0.003125 0.000000
5 0.125781 0.990972 0.084375 0.015278
5 0.118750 0.937500 0.096875 0.041667
5 0.118750 0.923611 0.096875 0.041667
5 0.118750 0.843750 0.096875 0.034722
5 0.118750 0.857639 0.096875 0.034722
5 0.118750 0.886111 0.096875 0.036111
5 0.118750 0.872222 0.096875 0.036111
5 0.118750 0.912500 0.096875 0.038889
5 0.118750 0.898611 0.096875 0.036111
5 0.118750 0.831944 0.096875 0.033333
5 0.118750 0.814583 0.096875 0.037500