3 0.482812 0.806944 0.965625 0.383333
4 0.172656 0.676389 0.001563 0.000000
4 0.072656 0.665278 0.004687 0.038889
4 0.043750 0.669444 0.004687 0.038889
4 0.001563 0.675694 0.003125 0.040278
6 0.452344 0.610417 0.031250 0.034722
7 0.121094 0.669444 0.031250 0.011111
7 0.919531 0.835417 0.003125 0.006944
7 0.930859 0.797222 0.025781 0.016667
7 0.930469 0.813194 0.025000 0.018056
7 0.940625 0.781944 0.006250 0.011111
7 0.172656 0.622917 0.025000 0.006944
7 0.186328 0.620833 0.005469 0.005556
7 0.116016 0.630556 0.025781 0.008333
7 0.138281 0.627083 0.020313 0.006944
6 0.008203 0.623611 0.016406 0.047222
6 0.008203 0.668750 0.016406 0.048611
0 0.664062 0.895833 0.107813 0.141667
0 0.392188 0.626389 0.000000 0.002778
0 0.530469 0.605556 0.025000 0.008333
0 0.578516 0.589583 0.030469 0.029167
1 0.241016 0.604167 0.010156 0.052778
1 0.235156 0.596528 0.017188 0.040278
1 0.166797 0.624306 0.050781 0.062500
1 0.148438 0.620833 0.053125 0.058333
1 0.023047 0.643056 0.046094 0.077778
1 0.046484 0.645833 0.057031 0.077778
2 0.650391 0.865278 0.005469 0.013889
2 0.614844 0.887500 0.064062 0.052778
5 0.118750 0.661806 0.010937 0.001389
5 0.115625 0.663889 0.025000 0.002778
5 0.136719 0.661806 0.023438 0.006944
5 0.142187 0.666667 0.012500 0.008333
5 0.171094 0.665278 0.021875 0.008333
5 0.165234 0.670139 0.033594 0.006944
5 0.236328 0.656944 0.019531 0.011111
5 0.236328 0.662500 0.019531 0.008333
5 0.230469 0.665278 0.000000 0.000000
5 0.171094 0.661111 0.021875 0.008333
5 0.165234 0.656250 0.033594 0.006944
5 0.236328 0.651389 0.019531 0.011111
5 0.236328 0.645139 0.019531 0.006944