3 0.499609 0.884722 0.999219 0.227778
4 0.467578 0.809722 0.003906 0.088889
4 0.551172 0.836806 0.057031 0.118056
4 0.641797 0.853472 0.019531 0.131944
4 0.705469 0.874306 0.076563 0.151389
4 0.852344 0.903472 0.028125 0.176389
4 0.963672 0.916667 0.071094 0.163889
8 0.942578 0.942361 0.113281 0.112500
5 0.275000 0.778472 0.059375 0.012500
5 0.275000 0.778472 0.059375 0.012500
5 0.275000 0.778472 0.059375 0.012500
5 0.275391 0.765972 0.060156 0.012500
5 0.275391 0.765972 0.060156 0.012500
5 0.275391 0.765972 0.060156 0.012500
5 0.275000 0.789583 0.059375 0.012500
5 0.275000 0.789583 0.059375 0.012500
5 0.275000 0.789583 0.059375 0.012500
5 0.348438 0.787500 0.053125 0.011111
5 0.348438 0.787500 0.053125 0.011111
5 0.348438 0.787500 0.053125 0.011111
5 0.348438 0.776389 0.053125 0.011111
5 0.348438 0.776389 0.053125 0.011111
5 0.348438 0.776389 0.053125 0.011111
5 0.348828 0.765278 0.053906 0.011111
5 0.348828 0.765278 0.053906 0.011111
5 0.348828 0.765278 0.053906 0.011111
5 0.348828 0.752778 0.053906 0.011111
5 0.348828 0.752778 0.053906 0.011111
5 0.348828 0.752778 0.053906 0.011111
6 0.528906 0.765972 0.065625 0.059722
6 0.479297 0.761806 0.049219 0.059722
6 0.530078 0.699306 0.067969 0.090278
6 0.501563 0.763889 0.059375 0.061111
6 0.655078 0.808333 0.100781 0.125000
6 0.743359 0.815972 0.105469 0.131944
7 0.732031 0.998611 0.001563 0.000000
7 0.457031 0.912500 0.093750 0.050000
7 0.353516 0.830556 0.078906 0.022222
7 0.464062 0.869444 0.103125 0.030556
8 0.768359 0.877083 0.042969 0.065278
5 0.773438 0.845139 0.039062 0.012500
8 0.732031 0.890278 0.115625 0.083333
5 0.735938 0.856944 0.107813 0.027778
8 0.546094 0.834722 0.087500 0.052778
5 0.537109 0.811806 0.061719 0.015278
8 0.519922 0.827778 0.082031 0.050000
5 0.519922 0.806250 0.074219 0.015278
8 0.491016 0.822917 0.067969 0.048611
5 0.494141 0.801389 0.067969 0.013889
8 0.472266 0.817361 0.067969 0.045833
5 0.475000 0.796528 0.067187 0.012500
8 0.544922 0.819444 0.022656 0.047222
5 0.562500 0.797917 0.054688 0.009722
8 0.519141 0.793750 0.017969 0.004167
5 0.540625 0.793056 0.054688 0.005556
8 0.573047 0.822222 0.033594 0.044444
5 0.575000 0.803472 0.029687 0.012500
8 0.587891 0.827083 0.003906 0.043056
5 0.588281 0.807639 0.003125 0.009722
8 0.945703 0.775000 0.002344 0.000000
8 0.776172 0.783333 0.036719 0.030556
5 0.776953 0.769444 0.032031 0.008333
8 0.802344 0.786111 0.035937 0.030556
5 0.802344 0.771528 0.034375 0.006944
8 0.819922 0.784028 0.000781 0.009722
5 0.819531 0.774306 0.000000 0.006944
8 0.986719 0.802083 0.000000 0.001389
5 0.982422 0.786806 0.028906 0.001389
5 0.969922 0.777778 0.052344 0.005556
5 0.987891 0.779861 0.016406 0.001389
5 0.971484 0.783333 0.050781 0.005556
5 0.957031 0.784028 0.026562 0.004167
0 0.895312 0.736806 0.104688 0.204167
0 0.484375 0.722917 0.059375 0.140278
1 0.968359 0.733333 0.024219 0.083333
2 0.964844 0.744444 0.012500 0.005556
2 0.980469 0.701389 0.000000 0.000000
2 0.983203 0.743750 0.024219 0.004167
1 0.914453 0.733333 0.082031 0.083333
2 0.900000 0.701389 0.000000 0.000000
2 0.946875 0.717361 0.009375 0.029167
2 0.948047 0.758333 0.010156 0.030556
1 0.992188 0.718056 0.006250 0.055556
2 0.995313 0.747222 0.000000 0.000000
1 0.875000 0.711806 0.065625 0.043056
2 0.854688 0.713194 0.023438 0.023611
2 0.898047 0.715972 0.021094 0.026389
2 0.860547 0.713889 0.011719 0.022222
2 0.867969 0.713889 0.003125 0.022222
1 0.974219 0.732639 0.042188 0.084722
2 0.966406 0.761111 0.017188 0.027778
2 0.985156 0.747222 0.018750 0.000000
2 0.970703 0.718056 0.027344 0.033333
2 0.986328 0.762500 0.025781 0.027778
2 0.979688 0.718056 0.015625 0.033333
2 0.992969 0.719444 0.012500 0.033333
2 0.710547 0.773611 0.010156 0.033333
2 0.734766 0.773611 0.036719 0.030556
2 0.685547 0.738889 0.060156 0.030556
2 0.734375 0.737500 0.037500 0.027778
2 0.684766 0.707639 0.060156 0.031944
2 0.733984 0.707639 0.036719 0.031944
5 0.860156 0.804861 0.142187 0.029167
5 0.860938 0.827083 0.142187 0.029167
5 0.858984 0.845139 0.138281 0.031944
5 0.858984 0.865278 0.138281 0.036111
5 0.859766 0.909028 0.138281 0.037500
5 0.859766 0.887500 0.138281 0.036111
5 0.860547 0.948611 0.138281 0.041667
5 0.860547 0.927083 0.138281 0.040278
5 0.954688 0.835417 0.089063 0.023611
5 0.955078 0.861111 0.088281 0.027778
5 0.955078 0.898611 0.088281 0.036111
5 0.955078 0.878472 0.088281 0.034722
5 0.969141 0.934722 0.060156 0.036111
5 0.968750 0.916667 0.060937 0.036111
5 0.954688 0.821528 0.089063 0.026389
5 0.946094 0.800000 0.106250 0.027778
5 0.998047 0.786806 0.002344 0.004167
5 0.996875 0.687500 0.004687 0.016667
5 0.997266 0.705556 0.003906 0.016667
5 0.997656 0.742361 0.003125 0.015278
5 0.997266 0.724306 0.003906 0.015278
5 0.998047 0.777083 0.002344 0.015278
5 0.997656 0.759028 0.003125 0.015278
5 0.996875 0.670139 0.004687 0.015278
5 0.996484 0.652778 0.005469 0.016667