3 0.499609 0.897222 0.999219 0.202778
4 0.458984 0.968056 0.005469 0.061111
5 0.219141 0.833333 0.074219 0.019444
5 0.219141 0.833333 0.074219 0.019444
5 0.219141 0.833333 0.074219 0.019444
5 0.219141 0.816667 0.074219 0.022222
5 0.219141 0.816667 0.074219 0.022222
5 0.219141 0.816667 0.074219 0.022222
5 0.219141 0.846528 0.074219 0.018056
5 0.219141 0.846528 0.074219 0.018056
5 0.219141 0.846528 0.074219 0.018056
5 0.314063 0.839583 0.071875 0.018056
5 0.314063 0.839583 0.071875 0.018056
5 0.314063 0.839583 0.071875 0.018056
5 0.314063 0.826389 0.071875 0.016667
5 0.314063 0.826389 0.071875 0.016667
5 0.314063 0.826389 0.071875 0.016667
5 0.314063 0.811806 0.071875 0.018056
5 0.314063 0.811806 0.071875 0.018056
5 0.314063 0.811806 0.071875 0.018056
5 0.314063 0.796528 0.071875 0.020833
5 0.314063 0.796528 0.071875 0.020833
5 0.314063 0.796528 0.071875 0.020833
6 0.541016 0.881944 0.089844 0.111111
6 0.473438 0.859028 0.067187 0.120833
6 0.542578 0.781250 0.092969 0.129167
6 0.503125 0.864583 0.079687 0.112500
6 0.744531 0.952083 0.150000 0.093056
6 0.898047 0.970139 0.166406 0.056944
7 0.298047 0.981944 0.111719 0.033333
8 0.560156 0.990278 0.100000 0.016667
5 0.566406 0.988889 0.103125 0.019444
8 0.535547 0.977778 0.121094 0.041667
5 0.534375 0.975000 0.109375 0.038889
8 0.500000 0.969444 0.112500 0.058333
5 0.498828 0.956250 0.102344 0.037500
8 0.469922 0.959722 0.105469 0.077778
5 0.468750 0.935417 0.095312 0.031944
8 0.595313 0.961111 0.093750 0.047222
5 0.599609 0.944444 0.092969 0.033333
8 0.567187 0.938194 0.101562 0.037500
5 0.567187 0.925000 0.093750 0.030556
8 0.601562 0.970833 0.032813 0.033333
5 0.617969 0.962500 0.056250 0.033333
8 0.643750 0.997917 0.004687 0.001389
5 0.644141 0.986111 0.005469 0.025000
8 0.926562 0.843750 0.032813 0.031944
5 0.941406 0.829167 0.056250 0.011111
8 0.910547 0.836806 0.071094 0.031944
5 0.910156 0.821528 0.064062 0.012500
8 0.955859 0.852778 0.019531 0.036111
5 0.960156 0.836806 0.020313 0.009722
8 0.855469 0.845833 0.071875 0.041667
5 0.855469 0.827083 0.064062 0.015278
8 0.889844 0.854861 0.073438 0.045833
5 0.890625 0.836111 0.067187 0.016667
8 0.927344 0.862500 0.078125 0.047222
5 0.926953 0.843056 0.071094 0.016667
8 0.946484 0.873611 0.038281 0.050000
5 0.948828 0.852778 0.035156 0.016667
0 0.981641 0.834722 0.035156 0.266667
0 0.478516 0.772917 0.077344 0.184722
1 0.962891 0.746528 0.025781 0.062500
2 0.959766 0.778472 0.010156 0.001389
2 0.974219 0.727778 0.040625 0.002778
2 0.991406 0.779861 0.015625 0.004167
2 0.980078 0.729861 0.021094 0.001389
2 0.997266 0.727778 0.003906 0.000000
2 0.994141 0.731250 0.010156 0.001389
1 0.954688 0.770139 0.089063 0.109722
2 0.927344 0.797222 0.025000 0.038889
2 0.942187 0.778472 0.021875 0.001389
2 0.936328 0.747222 0.044531 0.038889
2 0.980859 0.752778 0.036719 0.038889
2 0.965234 0.801389 0.067969 0.044444
2 0.940625 0.750000 0.021875 0.038889
2 0.961719 0.730556 0.021875 0.000000
2 0.959766 0.751389 0.028906 0.038889
2 0.976562 0.731944 0.023438 0.000000
2 0.676953 0.806944 0.016406 0.047222
2 0.723437 0.817361 0.075000 0.048611
2 0.783203 0.816667 0.044531 0.041667
2 0.723047 0.777083 0.075781 0.045833
2 0.783203 0.777083 0.044531 0.040278
2 0.722656 0.736806 0.075000 0.045833
2 0.767188 0.735417 0.075000 0.045833