3 0.691016 0.983333 0.616406 0.030556
5 0.041797 0.989583 0.083594 0.018056
5 0.041797 0.989583 0.083594 0.018056
5 0.041797 0.989583 0.083594 0.018056
5 0.042578 0.970139 0.085156 0.026389
5 0.042578 0.970139 0.085156 0.026389
5 0.042578 0.970139 0.085156 0.026389
6 0.669531 0.962500 0.145313 0.072222
6 0.462109 0.961111 0.130469 0.075000
6 0.667578 0.856250 0.146094 0.179167
6 0.559766 0.961806 0.136719 0.073611
8 0.800781 0.988194 0.057813 0.018056
5 0.802344 0.972222 0.056250 0.011111
8 0.746484 0.986806 0.053906 0.023611
5 0.753516 0.969444 0.049219 0.011111
8 0.852344 0.984028 0.062500 0.026389
5 0.852344 0.973611 0.056250 0.011111
8 0.910547 0.985417 0.063281 0.026389
5 0.910156 0.975694 0.057813 0.012500
8 0.719531 0.984722 0.065625 0.027778
5 0.719141 0.974306 0.060156 0.012500
8 0.774609 0.986806 0.064844 0.023611
5 0.773438 0.976389 0.060937 0.013889
8 0.825000 0.986806 0.068750 0.023611
5 0.825000 0.977778 0.060937 0.013889
8 0.885547 0.988194 0.069531 0.020833
5 0.885938 0.980556 0.060937 0.013889
8 0.994922 0.988889 0.008594 0.019444
5 0.997266 0.980556 0.003906 0.011111
0 0.323437 0.890972 0.120313 0.215278
1 0.844531 0.921528 0.089063 0.098611
2 0.812109 0.928472 0.017969 0.001389
2 0.868750 0.900000 0.026562 0.030556
2 0.853125 0.944444 0.062500 0.033333
2 0.853906 0.900000 0.004687 0.030556
1 0.964453 0.900694 0.008594 0.059722
2 0.972266 0.930556 0.014844 0.000000
2 0.995313 0.930556 0.006250 0.000000
1 0.808594 0.918750 0.096875 0.098611
2 0.774219 0.931250 0.018750 0.001389
2 0.783984 0.929167 0.019531 0.000000
2 0.836328 0.900000 0.030469 0.033333
2 0.819141 0.947917 0.069531 0.037500
2 0.816016 0.900000 0.010156 0.033333
2 0.814453 0.916667 0.003906 0.000000
1 0.935547 0.901389 0.007031 0.066667
2 0.950391 0.933333 0.024219 0.002778
2 0.963281 0.931944 0.000000 0.000000
2 0.980469 0.933333 0.035937 0.002778
1 0.764453 0.927778 0.105469 0.122222
2 0.801953 0.900000 0.017969 0.038889
2 0.777734 0.948611 0.071094 0.033333
1 0.915625 0.929861 0.035937 0.129167
2 0.916797 0.936111 0.024219 0.000000
2 0.917188 0.934722 0.006250 0.000000
2 0.997656 0.900000 0.003125 0.041667
2 0.964453 0.936806 0.069531 0.001389
2 0.929297 0.920833 0.003906 0.000000
1 0.744141 0.927083 0.110156 0.123611
2 0.705859 0.952083 0.021094 0.031944
2 0.703516 0.893750 0.019531 0.026389
2 0.775000 0.900000 0.035937 0.038889
2 0.755469 0.950694 0.078125 0.031944
2 0.748828 0.900000 0.016406 0.038889
2 0.750391 0.919444 0.007031 0.000000
1 0.940234 0.929861 0.117969 0.134722
2 0.901563 0.953472 0.026562 0.031944
2 0.899219 0.900000 0.025000 0.041667
2 0.980078 0.900694 0.035156 0.043056
2 0.957031 0.961111 0.084375 0.047222
2 0.924219 0.900000 0.026562 0.041667
2 0.923828 0.920833 0.005469 0.000000
2 0.950000 0.900694 0.026562 0.043056
2 0.442969 0.976389 0.065625 0.044444
2 0.467578 0.952778 0.016406 0.002778
2 0.523828 0.978472 0.094531 0.040278
2 0.587109 0.977083 0.030469 0.043056
2 0.523828 0.934028 0.094531 0.048611
2 0.586328 0.933333 0.030469 0.047222
2 0.523828 0.886806 0.094531 0.048611
2 0.586328 0.886806 0.030469 0.045833