3 0.499609 0.826389 0.999219 0.344444
4 0.278906 0.686111 0.000000 0.000000
4 0.181250 0.704167 0.000000 0.000000
4 0.135937 0.717361 0.001563 0.015278
4 0.076563 0.717361 0.010937 0.004167
4 0.013281 0.762500 0.009375 0.066667
4 0.068750 0.679167 0.001563 0.022222
8 0.021875 0.781944 0.043750 0.041667
8 0.589844 0.778472 0.076563 0.029167
5 0.521875 0.673611 0.040625 0.008333
5 0.521875 0.673611 0.040625 0.008333
5 0.521875 0.673611 0.040625 0.008333
5 0.521875 0.664583 0.040625 0.009722
5 0.521875 0.664583 0.040625 0.009722
5 0.521875 0.664583 0.040625 0.009722
5 0.518359 0.681250 0.033594 0.006944
5 0.518359 0.681250 0.033594 0.006944
5 0.518359 0.681250 0.033594 0.006944
5 0.568750 0.674306 0.003125 0.001389
5 0.568750 0.674306 0.003125 0.001389
5 0.568750 0.674306 0.003125 0.001389
5 0.560156 0.668750 0.020313 0.006944
5 0.560156 0.668750 0.020313 0.006944
5 0.560156 0.668750 0.020313 0.006944
5 0.559766 0.659028 0.019531 0.009722
5 0.559766 0.659028 0.019531 0.009722
5 0.559766 0.659028 0.019531 0.009722
6 0.447266 0.696528 0.046094 0.062500
6 0.492188 0.686111 0.039062 0.058333
6 0.448047 0.644444 0.047656 0.061111
6 0.470703 0.691667 0.042969 0.061111
6 0.307031 0.720833 0.057813 0.075000
6 0.273047 0.732639 0.039844 0.079167
7 0.034375 0.817361 0.067187 0.026389
7 0.257422 0.941667 0.099219 0.047222
7 0.301172 0.906250 0.038281 0.034722
7 0.164062 0.982639 0.062500 0.031944
7 0.023047 0.712500 0.041406 0.013889
7 0.211719 0.738889 0.037500 0.016667
7 0.083594 0.663194 0.004687 0.006944
7 0.136328 0.659722 0.003906 0.005556
7 0.025391 0.670833 0.032031 0.008333
7 0.056250 0.667361 0.029687 0.009722
8 0.174609 0.761111 0.060156 0.030556
5 0.194141 0.747222 0.002344 0.002778
8 0.145313 0.768056 0.000000 0.000000
5 0.145313 0.744444 0.001563 0.008333
8 0.336328 0.713889 0.000781 0.000000
5 0.342969 0.710417 0.014063 0.004167
5 0.355859 0.705556 0.019531 0.005556
5 0.367188 0.701389 0.035937 0.005556
8 0.403906 0.731944 0.000000 0.005556
5 0.383984 0.709722 0.039844 0.008333
8 0.408594 0.718056 0.046875 0.025000
5 0.415625 0.706250 0.026562 0.009722
8 0.344922 0.713889 0.000781 0.000000
5 0.365625 0.714583 0.039062 0.009722
8 0.337109 0.727778 0.000781 0.002778
5 0.349609 0.719444 0.027344 0.011111
8 0.792188 0.731944 0.050000 0.030556
5 0.791406 0.717361 0.045312 0.009722
8 0.819922 0.727083 0.016406 0.029167
5 0.803125 0.713889 0.043750 0.011111
8 0.786719 0.737500 0.045312 0.030556
5 0.783203 0.722917 0.046094 0.012500
8 0.772656 0.743056 0.050000 0.033333
5 0.771094 0.728472 0.046875 0.012500
8 0.756250 0.711806 0.045312 0.006944
5 0.755078 0.709028 0.042969 0.009722
8 0.763281 0.716667 0.007812 0.008333
5 0.742188 0.713194 0.043750 0.009722
8 0.731250 0.727778 0.037500 0.013889
5 0.731250 0.718056 0.042188 0.011111
8 0.716797 0.731944 0.046094 0.019444
5 0.717578 0.723611 0.044531 0.011111
8 0.695703 0.771528 0.044531 0.040278
5 0.694141 0.755556 0.041406 0.016667
8 0.734375 0.776389 0.053125 0.041667
5 0.734375 0.759722 0.046875 0.016667
8 0.646094 0.769444 0.035937 0.036111
5 0.654297 0.751389 0.046094 0.016667
8 0.614844 0.761111 0.051562 0.036111
5 0.614844 0.746528 0.046875 0.015278
8 0.742188 0.752778 0.054688 0.033333
5 0.741406 0.738194 0.048438 0.012500
8 0.730469 0.759028 0.056250 0.031944
5 0.730078 0.745139 0.050781 0.012500
8 0.679688 0.756250 0.050000 0.034722
5 0.679688 0.740972 0.043750 0.012500
8 0.640234 0.753472 0.047656 0.037500
5 0.641406 0.738194 0.043750 0.015278
8 0.611328 0.827083 0.035156 0.048611
5 0.595703 0.806250 0.057031 0.020833
8 0.617188 0.815278 0.068750 0.047222
5 0.615234 0.795139 0.064844 0.020833
8 0.373047 0.836111 0.003906 0.008333
5 0.388672 0.829861 0.028906 0.015278
5 0.433984 0.815278 0.027344 0.011111
0 0.960547 0.879861 0.077344 0.237500
0 0.333594 0.738889 0.103125 0.208333
0 0.532813 0.697222 0.075000 0.161111
0 0.605078 0.650000 0.044531 0.108333
1 0.301953 0.641667 0.046094 0.069444
1 0.280469 0.644444 0.054688 0.069444
1 0.255859 0.638194 0.052344 0.065278
1 0.235547 0.642361 0.049219 0.068056
1 0.216797 0.637500 0.052344 0.066667
1 0.193750 0.639583 0.043750 0.068056
1 0.158594 0.629861 0.048438 0.059722
1 0.068750 0.661111 0.034375 0.072222
1 0.056641 0.658333 0.058594 0.077778
1 0.954297 0.697222 0.050781 0.111111
2 0.969922 0.711111 0.014844 0.030556
2 0.959375 0.668750 0.035937 0.031944
2 0.950781 0.674306 0.039062 0.034722
2 0.966797 0.715972 0.016406 0.037500
2 0.944531 0.654861 0.007812 0.001389
2 0.972656 0.670833 0.004687 0.030556
2 0.944141 0.656250 0.017969 0.001389
2 0.963281 0.672222 0.018750 0.030556
1 0.933594 0.715972 0.057813 0.123611
2 0.957031 0.733333 0.006250 0.036111
2 0.939063 0.685417 0.042188 0.037500
2 0.928906 0.692361 0.043750 0.037500
2 0.932422 0.738194 0.049219 0.045833
2 0.926172 0.669444 0.021094 0.000000
2 0.949219 0.688889 0.015625 0.036111
2 0.921484 0.671528 0.021094 0.001389
2 0.943359 0.690278 0.021094 0.036111
1 0.907031 0.652083 0.050000 0.023611
2 0.911328 0.658333 0.035156 0.016667
2 0.902734 0.663194 0.038281 0.015278
2 0.909375 0.713889 0.012500 0.008333
2 0.919922 0.659028 0.014844 0.012500
2 0.896875 0.654167 0.018750 0.000000
2 0.915625 0.659722 0.017188 0.011111
1 0.880859 0.714583 0.058594 0.123611
2 0.903516 0.718750 0.008594 0.015278
2 0.887500 0.668750 0.040625 0.009722
2 0.875391 0.688194 0.042969 0.037500
2 0.879687 0.733333 0.050000 0.044444
2 0.875391 0.666667 0.019531 0.000000
2 0.894922 0.684722 0.017969 0.036111
2 0.869531 0.668750 0.018750 0.001389
2 0.890234 0.687500 0.021094 0.036111
2 0.867188 0.955556 0.042188 0.086111
2 0.764062 0.984028 0.164062 0.029167
2 0.764062 0.932639 0.164062 0.131944
2 0.817187 0.879861 0.142187 0.109722
2 0.530469 0.836806 0.125000 0.090278
2 0.447266 0.876389 0.142969 0.108333
2 0.496484 0.953472 0.044531 0.090278
2 0.575781 0.906250 0.034375 0.081944
2 0.491797 0.854861 0.133594 0.098611
2 0.396875 0.900000 0.153125 0.119444
2 0.396875 0.966667 0.153125 0.063889
2 0.539062 0.929861 0.039062 0.087500
2 0.514844 0.790278 0.079687 0.019444
2 0.463672 0.793750 0.086719 0.037500
2 0.843750 0.698611 0.012500 0.033333
2 0.771484 0.699306 0.038281 0.023611
2 0.814063 0.705556 0.045312 0.033333
2 0.771484 0.675000 0.038281 0.030556
2 0.813672 0.676389 0.046094 0.033333
2 0.774219 0.644444 0.043750 0.033333
2 0.813672 0.646528 0.046094 0.034722
5 0.067578 0.727778 0.036719 0.016667
5 0.067187 0.737500 0.035937 0.013889
5 0.067187 0.745833 0.035937 0.013889
5 0.067187 0.754861 0.035937 0.015278
5 0.067187 0.772917 0.035937 0.015278
5 0.067187 0.763889 0.035937 0.013889
5 0.067187 0.789583 0.035937 0.015278
5 0.067187 0.781250 0.035937 0.015278
5 0.023438 0.700000 0.042188 0.008333
5 0.019922 0.706250 0.036719 0.006944
5 0.138672 0.752083 0.010156 0.006944
5 0.138672 0.761111 0.010156 0.008333
5 0.138672 0.779167 0.010156 0.008333
5 0.138672 0.770833 0.010156 0.008333
5 0.138672 0.794444 0.010156 0.013889
5 0.138672 0.788889 0.010156 0.008333
5 0.046484 0.703472 0.035156 0.009722
5 0.052344 0.710417 0.023438 0.009722
5 0.138672 0.743056 0.010156 0.008333
5 0.138672 0.731944 0.010156 0.013889
5 0.169531 0.756944 0.064062 0.016667
5 0.169531 0.765972 0.064062 0.018056
5 0.169531 0.785417 0.064062 0.018056
5 0.169531 0.775694 0.064062 0.018056
5 0.169531 0.804167 0.064062 0.019444
5 0.169531 0.795139 0.064062 0.018056
5 0.072656 0.708333 0.026562 0.008333
5 0.072266 0.713889 0.027344 0.008333
5 0.169531 0.748611 0.064062 0.016667
5 0.169531 0.738889 0.064062 0.016667
5 0.169531 0.684722 0.064062 0.013889
5 0.169531 0.693750 0.064062 0.015278
5 0.169531 0.713194 0.064062 0.015278
5 0.169531 0.703472 0.064062 0.015278
5 0.169531 0.730556 0.064062 0.016667
5 0.169531 0.721528 0.064062 0.015278
5 0.072656 0.702083 0.026562 0.009722
5 0.072266 0.695139 0.027344 0.009722
5 0.169531 0.677083 0.064062 0.012500
5 0.169531 0.666667 0.064062 0.013889