3 0.499609 0.830556 0.999219 0.336111
4 0.205078 0.786111 0.002344 0.044444
4 0.319531 0.727778 0.004687 0.050000
4 0.191797 0.725000 0.025781 0.050000
4 0.144141 0.725000 0.007031 0.050000
4 0.089844 0.722917 0.003125 0.048611
4 0.030859 0.722222 0.005469 0.050000
8 0.468750 0.677083 0.026562 0.018056
5 0.452734 0.654861 0.030469 0.006944
5 0.452734 0.654861 0.030469 0.006944
5 0.452734 0.654861 0.030469 0.006944
5 0.452734 0.647917 0.030469 0.006944
5 0.452734 0.647917 0.030469 0.006944
5 0.452734 0.647917 0.030469 0.006944
5 0.452734 0.660417 0.030469 0.006944
5 0.452734 0.660417 0.030469 0.006944
5 0.452734 0.660417 0.030469 0.006944
5 0.423047 0.662500 0.027344 0.005556
5 0.423047 0.662500 0.027344 0.005556
5 0.423047 0.662500 0.027344 0.005556
5 0.423047 0.655556 0.027344 0.005556
5 0.423047 0.655556 0.027344 0.005556
5 0.423047 0.655556 0.027344 0.005556
5 0.423047 0.650000 0.027344 0.005556
5 0.423047 0.650000 0.027344 0.005556
5 0.423047 0.650000 0.027344 0.005556
5 0.423828 0.642361 0.028906 0.006944
5 0.423828 0.642361 0.028906 0.006944
5 0.423828 0.642361 0.028906 0.006944
6 0.375781 0.647222 0.003125 0.033333
6 0.388281 0.646528 0.028125 0.037500
5 0.872656 0.835417 0.025000 0.031944
5 0.872656 0.835417 0.025000 0.031944
5 0.872656 0.835417 0.025000 0.031944
5 0.887500 0.820139 0.056250 0.031944
5 0.887500 0.820139 0.056250 0.031944
5 0.887500 0.820139 0.056250 0.031944
5 0.872656 0.850694 0.025000 0.031944
5 0.872656 0.850694 0.025000 0.031944
5 0.872656 0.850694 0.025000 0.031944
5 0.921094 0.884028 0.071875 0.037500
5 0.921094 0.884028 0.071875 0.037500
5 0.921094 0.884028 0.071875 0.037500
5 0.921094 0.867361 0.071875 0.037500
5 0.921094 0.867361 0.071875 0.037500
5 0.921094 0.867361 0.071875 0.037500
5 0.920703 0.850694 0.071094 0.037500
5 0.920703 0.850694 0.071094 0.037500
5 0.920703 0.850694 0.071094 0.037500
5 0.920703 0.831944 0.071094 0.036111
5 0.920703 0.831944 0.071094 0.036111
5 0.920703 0.831944 0.071094 0.036111
6 0.369141 0.837500 0.078906 0.108333
6 0.514062 0.840972 0.075000 0.112500
6 0.369531 0.747222 0.079687 0.105556
6 0.441797 0.838889 0.077344 0.111111
6 0.078906 0.817361 0.075000 0.104167
6 0.010156 0.811806 0.020313 0.090278
7 0.027344 0.795833 0.025000 0.019444
7 0.266406 0.743750 0.032813 0.018056
7 0.370703 0.818056 0.021094 0.027778
7 0.136328 0.813194 0.038281 0.026389
7 0.641406 0.701389 0.015625 0.011111
7 0.683984 0.702778 0.016406 0.011111
7 0.542188 0.699306 0.017188 0.012500
7 0.579297 0.700000 0.007031 0.011111
7 0.204297 0.694444 0.024219 0.011111
7 0.164453 0.693056 0.025781 0.011111
7 0.256250 0.695139 0.025000 0.012500
6 0.108594 0.661806 0.040625 0.059722
6 0.136328 0.656250 0.030469 0.056944
6 0.108594 0.715278 0.040625 0.061111
6 0.135937 0.706944 0.031250 0.058333
6 0.091016 0.659722 0.000781 0.013889
8 0.169922 0.830556 0.061719 0.050000
5 0.169922 0.813194 0.055469 0.020833
8 0.219141 0.831944 0.060156 0.050000
5 0.218750 0.815278 0.053125 0.022222
8 0.263672 0.833333 0.058594 0.050000
5 0.263672 0.815278 0.052344 0.019444
8 0.312891 0.835417 0.055469 0.051389
5 0.313672 0.817361 0.050781 0.020833
8 0.237109 0.852778 0.063281 0.055556
5 0.237109 0.834722 0.057031 0.025000
8 0.290234 0.855556 0.061719 0.055556
5 0.290234 0.836806 0.053906 0.023611
8 0.189844 0.852778 0.065625 0.055556
5 0.189453 0.834028 0.058594 0.023611
8 0.137891 0.850000 0.067969 0.055556
5 0.137891 0.831250 0.060156 0.023611
5 0.011328 0.997917 0.022656 0.001389
0 0.021484 0.860417 0.042969 0.276389
0 0.751172 0.817361 0.128906 0.243056
0 0.021094 0.677083 0.042188 0.118056
0 0.062500 0.676389 0.057813 0.113889
1 0.739062 0.711111 0.048438 0.108333
1 0.699219 0.711111 0.045312 0.108333
1 0.727344 0.693056 0.043750 0.086111
1 0.690234 0.698611 0.041406 0.100000
1 0.717969 0.683333 0.040625 0.080556
1 0.682813 0.689583 0.037500 0.093056
1 0.754687 0.670139 0.059375 0.079167
1 0.394141 0.700000 0.067969 0.097222
1 0.400000 0.693750 0.070312 0.093056
1 0.215234 0.691667 0.074219 0.091667
1 0.200391 0.697222 0.077344 0.094444
1 0.034766 0.652083 0.017969 0.037500
2 0.042578 0.673611 0.000781 0.002778
2 0.035547 0.652083 0.016406 0.023611
2 0.042578 0.669444 0.000781 0.000000
2 0.042969 0.638889 0.001563 0.000000
1 0.003906 0.634028 0.007812 0.004167
2 0.003516 0.637500 0.007031 0.002778
2 0.000000 0.638889 0.000000 0.000000
1 0.021875 0.647222 0.043750 0.038889
2 0.014453 0.670833 0.000781 0.000000
2 0.008984 0.650000 0.017969 0.019444
2 0.035156 0.636111 0.015625 0.000000
2 0.028516 0.668750 0.028906 0.001389
2 0.021875 0.639583 0.015625 0.001389
2 0.007422 0.638889 0.011719 0.000000
2 0.032813 0.638889 0.004687 0.000000
2 0.017969 0.637500 0.000000 0.000000
2 0.766016 0.974306 0.011719 0.048611
2 0.773047 0.997222 0.000781 0.002778
2 0.844922 0.923611 0.169531 0.119444
2 0.868359 0.949306 0.191406 0.098611
5 0.335547 0.692361 0.013281 0.004167
5 0.335547 0.686806 0.013281 0.004167
5 0.335547 0.675694 0.013281 0.006944
5 0.335547 0.681944 0.013281 0.002778
5 0.327344 0.730556 0.023438 0.011111
5 0.336328 0.740278 0.003906 0.005556
5 0.328516 0.738889 0.014844 0.011111
5 0.327344 0.746528 0.012500 0.009722
5 0.302734 0.748611 0.039844 0.011111
5 0.300391 0.756250 0.039844 0.009722
5 0.302734 0.741667 0.039844 0.011111
5 0.300391 0.735417 0.039844 0.012500