3 0.499609 0.844444 0.999219 0.308333
4 0.254297 0.792361 0.002344 0.037500
4 0.160156 0.859722 0.021875 0.088889
4 0.031250 0.901389 0.020313 0.041667
8 0.882812 0.945139 0.101562 0.079167
5 0.455469 0.700694 0.042188 0.012500
5 0.455469 0.700694 0.042188 0.012500
5 0.455469 0.700694 0.042188 0.012500
5 0.455469 0.691667 0.042188 0.013889
5 0.455469 0.691667 0.042188 0.013889
5 0.455469 0.691667 0.042188 0.013889
5 0.455469 0.709722 0.042188 0.011111
5 0.455469 0.709722 0.042188 0.011111
5 0.455469 0.709722 0.042188 0.011111
5 0.518359 0.713194 0.044531 0.012500
5 0.518359 0.713194 0.044531 0.012500
5 0.518359 0.713194 0.044531 0.012500
5 0.517188 0.704167 0.046875 0.013889
5 0.517188 0.704167 0.046875 0.013889
5 0.517188 0.704167 0.046875 0.013889
5 0.517188 0.695139 0.046875 0.012500
5 0.517188 0.695139 0.046875 0.012500
5 0.517188 0.695139 0.046875 0.012500
5 0.517188 0.683333 0.046875 0.013889
5 0.517188 0.683333 0.046875 0.013889
5 0.517188 0.683333 0.046875 0.013889
6 0.456250 0.763889 0.050000 0.088889
6 0.483984 0.738194 0.044531 0.079167
6 0.457813 0.694444 0.053125 0.086111
6 0.471875 0.750694 0.046875 0.084722
6 0.336719 0.835417 0.082812 0.115278
6 0.328906 0.865972 0.060937 0.126389
7 0.018359 0.915278 0.036719 0.044444
7 0.280078 0.794444 0.060156 0.019444
7 0.171094 0.866667 0.068750 0.030556
8 0.206641 0.945139 0.032031 0.076389
5 0.200000 0.922222 0.046875 0.033333
8 0.149609 0.924306 0.060156 0.037500
5 0.147266 0.911111 0.055469 0.019444
5 0.346875 0.786111 0.046875 0.005556
8 0.361328 0.784722 0.061719 0.016667
5 0.360156 0.779861 0.056250 0.015278
8 0.421875 0.815278 0.031250 0.044444
5 0.406250 0.796528 0.054688 0.015278
8 0.421484 0.802083 0.061719 0.043056
5 0.420703 0.785417 0.055469 0.018056
8 0.402734 0.827778 0.047656 0.047222
5 0.400781 0.809028 0.043750 0.018056
8 0.394141 0.843056 0.030469 0.050000
5 0.392188 0.825000 0.026562 0.019444
8 0.882422 0.786806 0.008594 0.040278
5 0.903906 0.771528 0.046875 0.012500
8 0.901953 0.768750 0.050781 0.023611
5 0.902734 0.761111 0.049219 0.011111
8 0.913281 0.789583 0.059375 0.026389
5 0.912500 0.781944 0.053125 0.013889
8 0.917188 0.801389 0.060937 0.027778
5 0.916797 0.796528 0.055469 0.018056
8 0.840625 0.759028 0.051562 0.012500
5 0.839844 0.758333 0.046875 0.011111
8 0.841797 0.784028 0.053906 0.043056
5 0.840625 0.768056 0.048438 0.011111
8 0.845703 0.789583 0.055469 0.034722
5 0.844922 0.777778 0.050781 0.013889
8 0.846875 0.804167 0.057813 0.041667
5 0.846484 0.791667 0.052344 0.019444
8 0.921094 0.881944 0.053125 0.066667
5 0.920703 0.863194 0.047656 0.031944
8 0.978516 0.886806 0.041406 0.065278
5 0.978906 0.867361 0.040625 0.029167
8 0.866406 0.878472 0.050000 0.065278
5 0.865625 0.859722 0.043750 0.030556
8 0.804297 0.872917 0.049219 0.065278
5 0.803906 0.854167 0.042188 0.030556
8 0.916406 0.836806 0.062500 0.051389
5 0.916406 0.817361 0.057813 0.015278
8 0.929688 0.853472 0.073438 0.054167
5 0.928906 0.836111 0.065625 0.022222
8 0.864844 0.852778 0.046875 0.058333
5 0.864062 0.834722 0.040625 0.025000
8 0.806250 0.847222 0.045312 0.055556
5 0.805859 0.829861 0.039844 0.023611
8 0.937500 0.990972 0.004687 0.015278
5 0.969141 0.990278 0.060156 0.016667
8 0.963672 0.975694 0.071094 0.045833
5 0.965234 0.969444 0.067969 0.036111
0 0.600781 0.875694 0.096875 0.245833
0 0.684375 0.791667 0.064062 0.238889
0 0.582812 0.679861 0.046875 0.137500
1 0.151172 0.671528 0.069531 0.090278
1 0.130469 0.677083 0.076563 0.093056
1 0.088281 0.661806 0.062500 0.076389
1 0.063281 0.674306 0.073438 0.093056
1 0.028516 0.666667 0.057031 0.088889
1 0.020703 0.672917 0.041406 0.090278
1 0.990234 0.733333 0.017969 0.130556
2 0.984375 0.742361 0.000000 0.031944
2 0.984766 0.696528 0.000781 0.031944
2 0.882031 0.981250 0.089063 0.034722
2 0.779297 0.976389 0.085156 0.044444
2 0.836719 0.724306 0.001563 0.037500
2 0.811328 0.741667 0.039844 0.033333
2 0.859375 0.739583 0.042188 0.045833
2 0.811719 0.707639 0.039062 0.034722
2 0.859375 0.705556 0.042188 0.044444
2 0.811719 0.670139 0.039062 0.043056
2 0.859375 0.671528 0.042188 0.043056
5 0.066406 0.920139 0.104688 0.043056
5 0.066797 0.937500 0.103906 0.038889
5 0.065234 0.951389 0.100781 0.038889
5 0.066016 0.965972 0.102344 0.040278
5 0.066406 0.987500 0.103125 0.022222
5 0.065234 0.979861 0.100781 0.037500
5 0.079297 0.991667 0.074219 0.013889
5 0.156250 0.959722 0.103125 0.041667
5 0.156250 0.975694 0.103125 0.043056
5 0.164453 0.988889 0.086719 0.019444
5 0.156250 0.984028 0.103125 0.029167
5 0.201563 0.997917 0.012500 0.001389
5 0.156250 0.946528 0.103125 0.040278
5 0.156250 0.928472 0.103125 0.045833
5 0.259766 0.971528 0.100781 0.043056
5 0.259766 0.981944 0.100781 0.033333
5 0.276953 0.997222 0.066406 0.002778
5 0.265234 0.989583 0.089844 0.018056
5 0.259766 0.956944 0.100781 0.041667
5 0.259766 0.941667 0.100781 0.041667
5 0.259766 0.850694 0.100781 0.034722
5 0.259766 0.865972 0.100781 0.037500
5 0.259766 0.898611 0.100781 0.038889
5 0.259766 0.881944 0.100781 0.038889
5 0.259766 0.927778 0.100781 0.041667
5 0.259766 0.911806 0.100781 0.040278
5 0.259766 0.836806 0.100781 0.034722
5 0.259766 0.819444 0.100781 0.038889