3 0.053125 0.854167 0.106250 0.288889
4 0.057031 0.688194 0.003125 0.045833
4 0.027734 0.697917 0.017969 0.068056
4 0.008203 0.699306 0.011719 0.073611
7 0.035547 0.745833 0.053906 0.027778
7 0.034375 0.720139 0.064062 0.015278
0 0.549609 0.499306 0.899219 0.998611
1 0.075391 0.670139 0.005469 0.076389
1 0.088672 0.666667 0.042969 0.072222
1 0.036719 0.666667 0.068750 0.072222
1 0.033594 0.670833 0.064062 0.080556
1 0.002344 0.656944 0.004687 0.052778
1 0.020703 0.668056 0.041406 0.105556
5 0.025781 0.713889 0.050000 0.008333
5 0.021875 0.722917 0.040625 0.006944
5 0.086328 0.713889 0.041406 0.008333
5 0.086719 0.722222 0.040625 0.008333
5 0.086328 0.706944 0.041406 0.008333
5 0.087500 0.698611 0.040625 0.008333