3 0.619531 0.959028 0.706250 0.079167
5 0.073438 0.990972 0.107813 0.015278
5 0.073438 0.990972 0.107813 0.015278
5 0.073438 0.990972 0.107813 0.015278
5 0.073828 0.972917 0.107031 0.037500
5 0.073828 0.972917 0.107031 0.037500
5 0.073828 0.972917 0.107031 0.037500
5 0.204687 0.994444 0.092188 0.008333
5 0.204687 0.994444 0.092188 0.008333
5 0.204687 0.994444 0.092188 0.008333
5 0.205078 0.984722 0.091406 0.027778
5 0.205078 0.984722 0.091406 0.027778
5 0.205078 0.984722 0.091406 0.027778
5 0.205078 0.964583 0.091406 0.026389
5 0.205078 0.964583 0.091406 0.026389
5 0.205078 0.964583 0.091406 0.026389
5 0.205859 0.940972 0.091406 0.031944
5 0.205859 0.940972 0.091406 0.031944
5 0.205859 0.940972 0.091406 0.031944
6 0.455859 0.974306 0.121094 0.048611
6 0.591406 0.911806 0.160938 0.173611
6 0.491406 0.982639 0.084375 0.031944
8 0.937891 0.985417 0.060156 0.026389
5 0.942969 0.975694 0.059375 0.023611
8 0.968750 0.991667 0.009375 0.013889
5 0.971094 0.988194 0.004687 0.012500
0 0.443750 0.887500 0.115625 0.222222
2 0.678125 0.945139 0.053125 0.065278
2 0.703516 0.913194 0.000781 0.001389
2 0.756641 0.961111 0.103906 0.066667
2 0.835156 0.959028 0.053125 0.056944
2 0.755859 0.907639 0.103906 0.062500
2 0.833594 0.906250 0.053125 0.054167
2 0.755469 0.854167 0.103125 0.061111
2 0.808203 0.851389 0.102344 0.058333