3 0.499609 0.862500 0.999219 0.272222
4 0.303516 0.727083 0.021094 0.012500
4 0.292969 0.770833 0.006250 0.083333
4 0.260937 0.780556 0.015625 0.088889
4 0.251172 0.788194 0.003906 0.079167
4 0.208594 0.792361 0.029687 0.070833
4 0.185547 0.818750 0.000781 0.081944
4 0.151562 0.855556 0.017188 0.136111
8 0.287891 0.822222 0.083594 0.055556
8 0.912109 0.758333 0.050781 0.013889
5 0.398047 0.715278 0.024219 0.008333
5 0.398047 0.715278 0.024219 0.008333
5 0.398047 0.715278 0.024219 0.008333
5 0.398047 0.705556 0.024219 0.008333
5 0.398047 0.705556 0.024219 0.008333
5 0.398047 0.705556 0.024219 0.008333
5 0.398047 0.724306 0.024219 0.006944
5 0.398047 0.724306 0.024219 0.006944
5 0.398047 0.724306 0.024219 0.006944
5 0.481250 0.724306 0.010937 0.004167
5 0.481250 0.724306 0.010937 0.004167
5 0.481250 0.724306 0.010937 0.004167
5 0.481250 0.715972 0.010937 0.006944
5 0.481250 0.715972 0.010937 0.006944
5 0.481250 0.715972 0.010937 0.006944
5 0.467187 0.695833 0.040625 0.008333
5 0.467187 0.695833 0.040625 0.008333
5 0.467187 0.695833 0.040625 0.008333
6 0.479297 0.718056 0.028906 0.058333
6 0.481250 0.715278 0.020313 0.041667
6 0.482812 0.661111 0.037500 0.069444
6 0.480078 0.715278 0.024219 0.041667
6 0.442578 0.741667 0.064844 0.083333
6 0.457031 0.753472 0.073438 0.098611
7 0.426953 0.856944 0.100781 0.030556
7 0.420312 0.883333 0.106250 0.038889
7 0.059766 0.856944 0.078906 0.041667
7 0.182031 0.799306 0.042188 0.026389
7 0.335938 0.753472 0.026562 0.012500
7 0.271484 0.779167 0.036719 0.016667
6 0.120313 0.965278 0.240625 0.066667
6 0.154688 0.934028 0.245312 0.129167
6 0.225000 0.913889 0.185938 0.169444
8 0.258594 0.942361 0.148438 0.106944
5 0.256250 0.903472 0.135937 0.037500
8 0.226562 0.956944 0.162500 0.083333
5 0.230469 0.934028 0.145313 0.043056
8 0.332031 0.887500 0.087500 0.091667
5 0.333203 0.855556 0.077344 0.033333
8 0.235937 0.861806 0.096875 0.037500
5 0.241016 0.852778 0.077344 0.022222
8 0.396875 0.795833 0.048438 0.052778
5 0.397656 0.776389 0.042188 0.013889
8 0.343750 0.795833 0.042188 0.052778
5 0.335938 0.776389 0.026562 0.013889
8 0.387109 0.761806 0.044531 0.034722
5 0.387500 0.745139 0.040625 0.009722
8 0.391406 0.750694 0.037500 0.009722
5 0.395703 0.740278 0.028906 0.008333
5 0.395703 0.734028 0.028906 0.001389
5 0.396875 0.730556 0.026562 0.002778
5 0.480078 0.734028 0.008594 0.001389
8 0.487500 0.739583 0.004687 0.012500
5 0.480859 0.732639 0.010156 0.006944
8 0.486328 0.747222 0.000781 0.002778
5 0.480469 0.740972 0.009375 0.009722
8 0.480469 0.754167 0.009375 0.019444
5 0.475781 0.743056 0.000000 0.002778
5 0.869531 0.720833 0.003125 0.000000
8 0.817187 0.718750 0.001563 0.001389
5 0.820312 0.718750 0.003125 0.004167
8 0.884375 0.729167 0.000000 0.000000
5 0.876172 0.725694 0.016406 0.006944
8 0.898438 0.729167 0.003125 0.000000
5 0.882422 0.727083 0.028906 0.004167
5 0.817969 0.720833 0.003125 0.000000
5 0.819141 0.722917 0.005469 0.001389
8 0.819141 0.733333 0.003906 0.000000
5 0.819141 0.728472 0.003906 0.006944
8 0.914062 0.750000 0.043750 0.016667
5 0.914453 0.745833 0.042969 0.011111
8 0.987109 0.754861 0.013281 0.015278
5 0.984766 0.746528 0.008594 0.009722
8 0.882031 0.753472 0.039062 0.015278
5 0.880078 0.745833 0.035156 0.011111
8 0.819141 0.756944 0.000781 0.008333
5 0.819141 0.745833 0.002344 0.011111
8 0.894141 0.747222 0.047656 0.025000
5 0.889062 0.734722 0.053125 0.008333
8 0.905859 0.746528 0.060156 0.020833
5 0.906250 0.738194 0.056250 0.006944
8 0.873047 0.757639 0.019531 0.004167
5 0.871094 0.736806 0.017188 0.004167
8 0.819531 0.759722 0.000000 0.000000
5 0.819531 0.736806 0.003125 0.004167
5 0.992578 0.763194 0.008594 0.001389
0 0.775781 0.721528 0.085938 0.245833
0 0.726562 0.696528 0.057813 0.173611
0 0.902734 0.673611 0.192969 0.650000
0 0.546094 0.677083 0.034375 0.118056
1 0.094141 0.689583 0.047656 0.084722
1 0.087500 0.690972 0.062500 0.087500
1 0.037891 0.690278 0.075781 0.086111
1 0.031250 0.691667 0.062500 0.088889
1 0.004687 0.688889 0.009375 0.083333
1 0.161328 0.909028 0.105469 0.179167
1 0.961719 0.691667 0.062500 0.086111
2 0.933594 0.658333 0.001563 0.000000
2 0.984375 0.659722 0.010937 0.000000
2 0.985547 0.702778 0.011719 0.002778
1 0.993359 0.701389 0.003906 0.102778
2 0.995703 0.704167 0.000781 0.000000
2 0.994922 0.661111 0.000781 0.000000
1 0.912500 0.690972 0.046875 0.084722
2 0.894922 0.711111 0.005469 0.027778
2 0.908984 0.672222 0.035156 0.027778
2 0.921875 0.673611 0.026562 0.027778
2 0.916797 0.713194 0.038281 0.031944
2 0.904297 0.672222 0.014844 0.027778
2 0.927344 0.658333 0.000000 0.000000
2 0.905078 0.673611 0.005469 0.027778
1 0.986719 0.699306 0.018750 0.098611
2 0.981641 0.704167 0.003906 0.000000
2 0.984766 0.661111 0.010156 0.000000
2 0.987500 0.679167 0.015625 0.033333
2 0.987891 0.724306 0.016406 0.034722
2 0.962109 0.774306 0.069531 0.023611
2 0.900781 0.785417 0.075000 0.045833
2 0.801172 0.707639 0.003906 0.001389
2 0.753125 0.686111 0.020313 0.016667
2 0.798828 0.694444 0.008594 0.022222
2 0.744141 0.661806 0.039844 0.029167
2 0.783203 0.660417 0.038281 0.023611
5 0.326953 0.743056 0.072656 0.016667
5 0.326953 0.756250 0.072656 0.018056
5 0.326953 0.767361 0.072656 0.018056
5 0.326953 0.781250 0.072656 0.018056
5 0.326953 0.806944 0.072656 0.019444
5 0.326953 0.793750 0.072656 0.018056
5 0.326562 0.831250 0.073438 0.020833
5 0.326953 0.818750 0.072656 0.020833
5 0.412891 0.767361 0.067969 0.018056
5 0.412891 0.781250 0.067969 0.018056
5 0.412500 0.806944 0.068750 0.019444
5 0.412500 0.794444 0.068750 0.019444
5 0.412500 0.831944 0.068750 0.019444
5 0.412500 0.819444 0.068750 0.019444
5 0.412891 0.756250 0.067969 0.018056
5 0.412891 0.743056 0.067969 0.016667
5 0.508984 0.767361 0.064844 0.018056
5 0.508984 0.781250 0.064844 0.018056
5 0.508984 0.806944 0.064844 0.019444
5 0.508984 0.794444 0.064844 0.019444
5 0.508984 0.832639 0.064844 0.020833
5 0.508984 0.819444 0.064844 0.019444
5 0.001172 0.762500 0.002344 0.008333
5 0.001172 0.770833 0.002344 0.008333
5 0.508984 0.756250 0.064844 0.018056
5 0.508984 0.743056 0.064844 0.016667
5 0.508984 0.667361 0.064844 0.012500
5 0.508984 0.681250 0.064844 0.012500
5 0.508984 0.706944 0.064844 0.013889
5 0.508984 0.694444 0.064844 0.013889
5 0.508984 0.731944 0.064844 0.016667
5 0.508984 0.718750 0.064844 0.015278
5 0.001172 0.754861 0.002344 0.006944
5 0.001563 0.745833 0.003125 0.008333
5 0.508984 0.656250 0.064844 0.012500
5 0.508984 0.643056 0.064844 0.011111