3 0.499609 0.878472 0.999219 0.240278
4 0.147656 0.993750 0.004687 0.009722
5 0.392578 0.757639 0.060156 0.020833
5 0.392578 0.757639 0.060156 0.020833
5 0.392578 0.757639 0.060156 0.020833
5 0.392969 0.743750 0.060937 0.020833
5 0.392969 0.743750 0.060937 0.020833
5 0.392969 0.743750 0.060937 0.020833
5 0.392969 0.769444 0.060937 0.019444
5 0.392969 0.769444 0.060937 0.019444
5 0.392969 0.769444 0.060937 0.019444
5 0.481250 0.772222 0.057813 0.019444
5 0.481250 0.772222 0.057813 0.019444
5 0.481250 0.772222 0.057813 0.019444
5 0.481250 0.759722 0.057813 0.019444
5 0.481250 0.759722 0.057813 0.019444
5 0.481250 0.759722 0.057813 0.019444
5 0.480859 0.746528 0.058594 0.020833
5 0.480859 0.746528 0.058594 0.020833
5 0.480859 0.746528 0.058594 0.020833
5 0.480859 0.732639 0.058594 0.020833
5 0.480859 0.732639 0.058594 0.020833
5 0.480859 0.732639 0.058594 0.020833
6 0.453906 0.909028 0.067187 0.148611
6 0.473828 0.840278 0.057031 0.111111
6 0.456250 0.802778 0.071875 0.141667
6 0.466797 0.875000 0.060156 0.136111
7 0.178516 0.972222 0.099219 0.041667
8 0.289844 0.984722 0.104688 0.027778
5 0.288672 0.984028 0.094531 0.029167
8 0.313281 0.968750 0.096875 0.059722
5 0.312109 0.955556 0.088281 0.036111
8 0.403125 0.987500 0.087500 0.022222
5 0.395313 0.987500 0.090625 0.022222
8 0.412891 0.971528 0.094531 0.054167
5 0.411328 0.961806 0.085156 0.037500
8 0.976953 0.890972 0.044531 0.043056
5 0.975000 0.862500 0.048438 0.022222
8 0.970313 0.906250 0.025000 0.062500
5 0.980078 0.886806 0.038281 0.026389
8 0.988281 0.929861 0.021875 0.068056
5 0.990234 0.908333 0.017969 0.027778
8 0.998047 0.937500 0.002344 0.027778
0 0.898828 0.901389 0.124219 0.194444
0 0.587500 0.740278 0.054688 0.194444
1 0.009766 0.729861 0.019531 0.129167
2 0.855078 0.784722 0.013281 0.061111
2 0.896875 0.809028 0.068750 0.068056
2 0.964844 0.815972 0.065625 0.062500
2 0.897266 0.764583 0.069531 0.065278
2 0.964844 0.770139 0.065625 0.059722
2 0.897266 0.720833 0.069531 0.063889
2 0.961328 0.722222 0.074219 0.063889