3 0.385547 0.920833 0.766406 0.155556
4 0.215234 0.849306 0.002344 0.029167
4 0.072656 0.861111 0.003125 0.052778
4 0.001563 0.861111 0.003125 0.052778
8 0.355078 0.838889 0.019531 0.002778
5 0.333594 0.831250 0.032813 0.006944
5 0.333594 0.831250 0.032813 0.006944
5 0.333594 0.831250 0.032813 0.006944
5 0.333594 0.825000 0.032813 0.005556
5 0.333594 0.825000 0.032813 0.005556
5 0.333594 0.825000 0.032813 0.005556
5 0.333594 0.838194 0.032813 0.006944
5 0.333594 0.838194 0.032813 0.006944
5 0.333594 0.838194 0.032813 0.006944
5 0.300781 0.840278 0.031250 0.005556
5 0.300781 0.840278 0.031250 0.005556
5 0.300781 0.840278 0.031250 0.005556
5 0.300781 0.833333 0.031250 0.005556
5 0.300781 0.833333 0.031250 0.005556
5 0.300781 0.833333 0.031250 0.005556
5 0.300781 0.825694 0.031250 0.006944
5 0.300781 0.825694 0.031250 0.006944
5 0.300781 0.825694 0.031250 0.006944
5 0.302344 0.818056 0.032813 0.005556
5 0.302344 0.818056 0.032813 0.005556
5 0.302344 0.818056 0.032813 0.005556
6 0.374219 0.791667 0.006250 0.033333
6 0.376953 0.822917 0.000781 0.034722
6 0.266406 0.822917 0.023438 0.040278
6 0.332813 0.917361 0.093750 0.129167
6 0.514844 0.915972 0.089063 0.129167
6 0.334375 0.804861 0.093750 0.120833
6 0.423828 0.916667 0.088281 0.127778
7 0.153125 0.881250 0.035937 0.009722
7 0.298438 0.929861 0.040625 0.023611
7 0.558203 0.857639 0.019531 0.009722
7 0.599219 0.854861 0.009375 0.004167
7 0.450391 0.859722 0.016406 0.005556
7 0.496484 0.859028 0.017969 0.004167
7 0.071875 0.852778 0.000000 0.000000
7 0.006641 0.859028 0.002344 0.009722
7 0.123047 0.858333 0.027344 0.011111
6 0.004297 0.792361 0.008594 0.065278
6 0.003516 0.852083 0.007031 0.065278
8 0.264062 0.934028 0.037500 0.054167
5 0.262109 0.911806 0.033594 0.015278
8 0.252734 0.947222 0.016406 0.041667
5 0.246875 0.922917 0.003125 0.018056
0 0.818359 0.855556 0.155469 0.283333
1 0.691016 0.838194 0.060156 0.112500
1 0.649609 0.838194 0.053906 0.112500
1 0.670312 0.834028 0.054688 0.104167
1 0.639453 0.834028 0.033594 0.104167
1 0.652734 0.822917 0.049219 0.081944
1 0.615625 0.827778 0.046875 0.091667
1 0.677344 0.821528 0.064062 0.079167
1 0.298438 0.836111 0.084375 0.108333
1 0.305469 0.833333 0.079687 0.102778
1 0.112109 0.834028 0.036719 0.104167
1 0.094141 0.834722 0.046094 0.105556
1 0.918750 0.909722 0.160938 0.177778
2 0.935156 0.959028 0.128125 0.079167
1 0.135156 0.910417 0.129688 0.176389
2 0.084375 0.962500 0.168750 0.072222
2 0.003906 0.929167 0.007812 0.002778
1 0.792578 0.904167 0.097656 0.188889
2 0.867969 0.940972 0.201563 0.115278
2 0.930859 0.887500 0.100781 0.011111
2 0.962109 0.902778 0.072656 0.016667
1 0.232813 0.904861 0.068750 0.187500
2 0.149219 0.942361 0.192188 0.112500
2 0.062109 0.893750 0.124219 0.012500
2 0.035937 0.913889 0.071875 0.025000
2 0.003516 0.889583 0.007031 0.001389
2 0.982422 0.838194 0.033594 0.087500
5 0.229687 0.856944 0.012500 0.005556
5 0.229687 0.851389 0.012500 0.005556
5 0.221484 0.840278 0.028906 0.005556
5 0.229687 0.845833 0.012500 0.005556
5 0.238281 0.875694 0.009375 0.009722
5 0.235937 0.882639 0.009375 0.006944
5 0.212500 0.879861 0.040625 0.009722
5 0.226562 0.885417 0.007812 0.001389
5 0.191406 0.883333 0.015625 0.005556
5 0.194141 0.879861 0.025781 0.006944
5 0.195312 0.870139 0.043750 0.009722