3 0.507031 0.936111 0.984375 0.125000
4 0.164844 0.873611 0.006250 0.063889
4 0.023438 0.885417 0.015625 0.043056
5 0.444531 0.867361 0.028125 0.004167
5 0.444531 0.867361 0.028125 0.004167
5 0.444531 0.867361 0.028125 0.004167
5 0.448437 0.858333 0.035937 0.011111
5 0.448437 0.858333 0.035937 0.011111
5 0.448437 0.858333 0.035937 0.011111
5 0.448437 0.850694 0.035937 0.001389
5 0.448437 0.850694 0.035937 0.001389
5 0.448437 0.850694 0.035937 0.001389
5 0.444531 0.824306 0.028125 0.001389
5 0.444531 0.824306 0.028125 0.001389
5 0.444531 0.824306 0.028125 0.001389
6 0.448828 0.840278 0.035156 0.063889
6 0.472266 0.837500 0.053906 0.066667
6 0.464844 0.767361 0.067187 0.101389
6 0.469922 0.843750 0.057031 0.059722
6 0.353516 0.908333 0.149219 0.180556
6 0.368359 0.911111 0.172656 0.175000
8 0.266797 0.937500 0.025781 0.025000
5 0.251172 0.912500 0.057031 0.022222
8 0.266797 0.947222 0.024219 0.027778
5 0.267188 0.896528 0.025000 0.006944
8 0.265234 0.954167 0.002344 0.005556
5 0.267578 0.888889 0.024219 0.005556
5 0.278516 0.884028 0.002344 0.001389
8 0.462500 0.923611 0.007812 0.047222
8 0.463281 0.938889 0.007812 0.013889
8 0.459375 0.927083 0.012500 0.054167
5 0.443750 0.904861 0.031250 0.009722
8 0.442969 0.929167 0.028125 0.044444
5 0.437891 0.911806 0.019531 0.018056
0 0.936719 0.816667 0.125000 0.363889
0 0.578125 0.797917 0.051562 0.187500
2 0.841016 0.861111 0.017969 0.047222
2 0.862500 0.866667 0.025000 0.050000
2 0.861719 0.820139 0.025000 0.045833
2 0.984766 0.798611 0.000781 0.000000
2 0.883594 0.774306 0.071875 0.045833
2 0.952734 0.775000 0.064844 0.044444
5 0.148438 0.991667 0.198437 0.013889
5 0.124219 0.972222 0.248438 0.052778
5 0.124609 0.938194 0.249219 0.070833
5 0.447656 0.997222 0.175000 0.002778
5 0.435937 0.972917 0.248438 0.051389
5 0.436328 0.940278 0.247656 0.072222
5 0.437891 0.665972 0.242969 0.056944
5 0.437500 0.714583 0.243750 0.054167
5 0.436719 0.811111 0.245312 0.047222
5 0.437109 0.760417 0.244531 0.045833
5 0.436719 0.898611 0.246875 0.063889
5 0.436719 0.851389 0.246875 0.055556
5 0.437500 0.625000 0.242188 0.061111
5 0.437891 0.580556 0.241406 0.072222