3 0.499609 0.936111 0.999219 0.125000
4 0.014453 0.868750 0.003906 0.018056
4 0.009766 0.864583 0.003906 0.031944
5 0.016797 0.860417 0.030469 0.006944
5 0.016797 0.860417 0.030469 0.006944
5 0.016797 0.860417 0.030469 0.006944
5 0.019922 0.853472 0.036719 0.006944
5 0.019922 0.853472 0.036719 0.006944
5 0.019922 0.853472 0.036719 0.006944
5 0.016016 0.868750 0.030469 0.006944
5 0.016016 0.868750 0.030469 0.006944
5 0.016016 0.868750 0.030469 0.006944
5 0.000000 0.870139 0.000000 0.006944
5 0.000000 0.870139 0.000000 0.006944
5 0.000000 0.870139 0.000000 0.006944
5 0.000391 0.862500 0.000781 0.005556
5 0.000391 0.862500 0.000781 0.005556
5 0.000391 0.862500 0.000781 0.005556
5 0.000391 0.854861 0.000781 0.006944
5 0.000391 0.854861 0.000781 0.006944
5 0.000391 0.854861 0.000781 0.006944
5 0.000781 0.846528 0.001563 0.006944
5 0.000781 0.846528 0.001563 0.006944
5 0.000781 0.846528 0.001563 0.006944
6 0.102344 0.834028 0.009375 0.012500
6 0.075000 0.818056 0.021875 0.038889
6 0.074219 0.837500 0.010937 0.019444
5 0.876953 0.923611 0.002344 0.000000
5 0.876953 0.923611 0.002344 0.000000
5 0.876953 0.923611 0.002344 0.000000
5 0.871875 0.913889 0.012500 0.016667
5 0.871875 0.913889 0.012500 0.016667
5 0.871875 0.913889 0.012500 0.016667
5 0.864844 0.895833 0.025000 0.016667
5 0.864844 0.895833 0.025000 0.016667
5 0.864844 0.895833 0.025000 0.016667
5 0.864453 0.877778 0.025781 0.019444
5 0.864453 0.877778 0.025781 0.019444
5 0.864453 0.877778 0.025781 0.019444
6 0.334766 0.906250 0.102344 0.129167
6 0.501953 0.900694 0.097656 0.120833
6 0.335938 0.790278 0.101562 0.125000
6 0.421875 0.903472 0.100000 0.126389
7 0.209766 0.935417 0.035156 0.009722
7 0.313672 0.877083 0.022656 0.009722
7 0.348828 0.877083 0.008594 0.009722
7 0.202344 0.879167 0.023438 0.011111
7 0.240625 0.878472 0.004687 0.009722
5 0.001953 0.911111 0.003906 0.008333
8 0.157422 0.941667 0.007031 0.041667
5 0.158203 0.906944 0.010156 0.008333
8 0.206641 0.933333 0.061719 0.055556
5 0.206641 0.908333 0.055469 0.013889
8 0.166406 0.946528 0.023438 0.056944
5 0.163281 0.918750 0.018750 0.018056
8 0.220312 0.942361 0.068750 0.062500
5 0.219141 0.916667 0.060156 0.016667
5 0.001563 0.923611 0.003125 0.019444
8 0.879297 0.995833 0.000781 0.000000
5 0.924609 0.990972 0.089844 0.009722
5 0.993750 0.985417 0.010937 0.004167
5 0.833594 0.996528 0.090625 0.004167
8 0.953906 0.984028 0.064062 0.006944
5 0.938672 0.974306 0.121094 0.029167
8 0.850391 0.993056 0.016406 0.002778
5 0.845313 0.980556 0.151562 0.030556
8 0.759766 0.988889 0.169531 0.019444
5 0.756641 0.984722 0.150781 0.027778
8 0.564063 0.992361 0.006250 0.012500
5 0.641016 0.988194 0.147656 0.020833
5 0.035547 0.997222 0.071094 0.002778
8 0.116797 0.997917 0.010156 0.001389
5 0.202734 0.992361 0.160156 0.012500
0 0.077734 0.812500 0.155469 0.372222
0 0.789062 0.835417 0.137500 0.251389
1 0.493359 0.847917 0.066406 0.106944
1 0.455078 0.848611 0.066406 0.108333
1 0.458984 0.845139 0.061719 0.098611
1 0.422266 0.845833 0.058594 0.100000
1 0.430078 0.843056 0.057031 0.091667
1 0.403516 0.843056 0.036719 0.091667
1 0.424609 0.837500 0.060156 0.072222
1 0.095703 0.819444 0.092969 0.055556
1 0.091406 0.820139 0.087500 0.051389
1 0.925000 0.829861 0.148438 0.337500
2 0.936328 0.827778 0.125781 0.213889
2 0.939063 0.993056 0.120313 0.011111
5 0.003906 0.899306 0.004687 0.009722
5 0.002344 0.904167 0.004687 0.008333
5 0.002734 0.896528 0.005469 0.006944
5 0.005078 0.886806 0.010156 0.009722