3 0.499609 0.827083 0.999219 0.343056
4 0.252734 0.822222 0.000781 0.002778
4 0.143750 0.815972 0.014063 0.037500
4 0.010156 0.868056 0.015625 0.022222
8 0.758984 0.942361 0.075781 0.065278
5 0.482422 0.681944 0.046094 0.011111
5 0.482422 0.681944 0.046094 0.011111
5 0.482422 0.681944 0.046094 0.011111
5 0.482422 0.672917 0.046094 0.015278
5 0.482422 0.672917 0.046094 0.015278
5 0.482422 0.672917 0.046094 0.015278
5 0.482812 0.691667 0.045312 0.013889
5 0.482812 0.691667 0.045312 0.013889
5 0.482812 0.691667 0.045312 0.013889
5 0.542578 0.696528 0.046094 0.012500
5 0.542578 0.696528 0.046094 0.012500
5 0.542578 0.696528 0.046094 0.012500
5 0.542578 0.688194 0.046094 0.012500
5 0.542578 0.688194 0.046094 0.012500
5 0.542578 0.688194 0.046094 0.012500
5 0.542578 0.678472 0.046094 0.012500
5 0.542578 0.678472 0.046094 0.012500
5 0.542578 0.678472 0.046094 0.012500
5 0.542578 0.667361 0.046094 0.015278
5 0.542578 0.667361 0.046094 0.015278
5 0.542578 0.667361 0.046094 0.015278
6 0.449219 0.751389 0.051562 0.083333
6 0.487109 0.725000 0.044531 0.077778
6 0.450391 0.685417 0.053906 0.081944
6 0.469531 0.735417 0.048438 0.079167
6 0.308203 0.820139 0.077344 0.106944
6 0.280469 0.852778 0.060937 0.122222
7 0.021094 0.873611 0.042188 0.022222
7 0.290234 0.770833 0.049219 0.016667
7 0.131250 0.840278 0.006250 0.016667
8 0.142187 0.923611 0.046875 0.019444
5 0.132812 0.909722 0.003125 0.013889
8 0.133594 0.908333 0.001563 0.038889
5 0.115234 0.888889 0.039844 0.025000
8 0.267578 0.822222 0.003906 0.027778
5 0.267578 0.802778 0.003906 0.008333
8 0.347656 0.787500 0.001563 0.005556
8 0.355859 0.786111 0.017969 0.025000
5 0.334766 0.775694 0.052344 0.018056
8 0.356641 0.769444 0.058594 0.016667
5 0.355859 0.764583 0.052344 0.018056
8 0.389453 0.800000 0.061719 0.041667
5 0.388672 0.782639 0.055469 0.018056
8 0.409766 0.787500 0.058594 0.038889
5 0.408594 0.771528 0.053125 0.018056
8 0.376172 0.813194 0.057031 0.043056
5 0.373828 0.795139 0.053906 0.020833
8 0.365234 0.827083 0.035156 0.045833
5 0.362891 0.810417 0.032031 0.020833
8 0.904687 0.780556 0.007812 0.019444
5 0.884375 0.772222 0.042188 0.013889
8 0.891797 0.770139 0.036719 0.020833
5 0.885547 0.762500 0.042969 0.013889
8 0.886719 0.795139 0.046875 0.026389
5 0.884766 0.784722 0.042969 0.016667
8 0.878516 0.816667 0.058594 0.044444
5 0.878125 0.799306 0.053125 0.020833
8 0.847656 0.769444 0.001563 0.011111
5 0.823438 0.750000 0.004687 0.000000
5 0.828516 0.770139 0.014844 0.004167
8 0.808984 0.794444 0.039844 0.033333
5 0.813281 0.778472 0.045312 0.012500
8 0.808984 0.806250 0.053906 0.048611
5 0.810156 0.790972 0.051562 0.020833
8 0.845703 0.886806 0.049219 0.056944
5 0.844141 0.868750 0.046094 0.031944
8 0.904297 0.895833 0.052344 0.069444
5 0.903906 0.877083 0.045312 0.034722
8 0.785937 0.875000 0.021875 0.052778
5 0.785937 0.862500 0.021875 0.030556
8 0.735156 0.872917 0.046875 0.065278
5 0.735156 0.854861 0.046875 0.031944
8 0.872656 0.834722 0.051562 0.030556
5 0.870703 0.822917 0.047656 0.018056
8 0.873828 0.856944 0.053906 0.044444
5 0.871875 0.842361 0.050000 0.023611
8 0.803516 0.851389 0.050781 0.052778
5 0.802734 0.836806 0.044531 0.026389
8 0.750000 0.843750 0.051562 0.051389
5 0.742969 0.829861 0.031250 0.026389
8 0.790625 0.994444 0.001563 0.005556
5 0.812891 0.994444 0.044531 0.008333
8 0.837891 0.986111 0.089844 0.025000
5 0.836719 0.982639 0.081250 0.031944
0 0.473047 0.881944 0.110156 0.233333
0 0.626172 0.790278 0.074219 0.222222
0 0.583594 0.668056 0.029687 0.133333
1 0.203125 0.647222 0.067187 0.086111
1 0.183984 0.652778 0.069531 0.088889
1 0.148047 0.643750 0.066406 0.084722
1 0.127734 0.650694 0.067969 0.084722
1 0.094922 0.640278 0.066406 0.077778
1 0.073438 0.645139 0.067187 0.081944
1 0.022266 0.621528 0.038281 0.070833
1 0.985938 0.735417 0.026562 0.131944
2 0.976172 0.745139 0.000781 0.031944
2 0.987891 0.698611 0.022656 0.033333
2 0.990625 0.713194 0.017188 0.037500
2 0.984766 0.756944 0.014844 0.047222
2 0.987891 0.702778 0.021094 0.033333
2 0.998828 0.688194 0.000781 0.001389
2 0.989062 0.706250 0.020313 0.034722
1 0.994141 0.782639 0.010156 0.156944
2 0.992969 0.791667 0.001563 0.036111
2 0.996094 0.738889 0.006250 0.041667
2 0.995313 0.801389 0.003125 0.047222
2 0.996875 0.743056 0.004687 0.038889
2 0.996875 0.751389 0.001563 0.044444
2 0.743359 0.984028 0.064844 0.029167
2 0.632031 0.977778 0.084375 0.041667
2 0.835547 0.716667 0.002344 0.038889
2 0.882422 0.720139 0.002344 0.040278
2 0.812500 0.730556 0.043750 0.041667
2 0.863672 0.731944 0.033594 0.036111
2 0.812891 0.697917 0.042969 0.043056
2 0.864062 0.702778 0.032813 0.041667
2 0.812891 0.664583 0.042969 0.043056
2 0.864453 0.668056 0.033594 0.044444
5 0.037500 0.895139 0.075000 0.040278
5 0.034766 0.911111 0.069531 0.036111
5 0.026562 0.921528 0.053125 0.037500
5 0.026172 0.934028 0.052344 0.040278
5 0.026562 0.964583 0.053125 0.031944
5 0.026562 0.947222 0.053125 0.038889
5 0.026172 0.981250 0.052344 0.034722
5 0.026172 0.972222 0.052344 0.038889
5 0.093750 0.934722 0.081250 0.038889
5 0.093750 0.947222 0.081250 0.041667
5 0.098828 0.973611 0.091406 0.041667
5 0.094141 0.960417 0.082031 0.040278
5 0.098828 0.989583 0.091406 0.018056
5 0.098828 0.981944 0.091406 0.033333
5 0.093750 0.920833 0.081250 0.041667
5 0.093750 0.906944 0.081250 0.041667
5 0.181641 0.948611 0.092969 0.041667
5 0.181641 0.963889 0.092969 0.038889
5 0.182422 0.984028 0.092969 0.029167
5 0.182422 0.976389 0.092969 0.041667
5 0.221484 0.997222 0.014844 0.002778
5 0.187500 0.990972 0.082812 0.015278
5 0.181641 0.938194 0.092969 0.037500
5 0.181641 0.923611 0.092969 0.038889
5 0.181641 0.844444 0.092969 0.033333
5 0.181641 0.859028 0.092969 0.034722
5 0.181641 0.884722 0.092969 0.038889
5 0.181641 0.872917 0.092969 0.034722
5 0.181641 0.911806 0.092969 0.037500
5 0.181641 0.897917 0.092969 0.037500
5 0.181641 0.832639 0.092969 0.031944
5 0.181641 0.815972 0.092969 0.037500