3 0.400391 0.882639 0.277344 0.231944
8 0.385156 0.826389 0.098437 0.072222
8 0.539062 0.802083 0.000000 0.023611
8 0.518359 0.806944 0.041406 0.044444
5 0.520703 0.785417 0.036719 0.015278
8 0.485156 0.802083 0.048438 0.045833
5 0.487500 0.780556 0.043750 0.016667
5 0.539062 0.772222 0.000000 0.008333
8 0.308203 0.860417 0.092969 0.062500
5 0.305859 0.834722 0.085156 0.027778
8 0.369141 0.853472 0.092969 0.065278
5 0.367969 0.826389 0.082812 0.025000
5 0.140234 0.847917 0.032031 0.009722
8 0.128906 0.842361 0.006250 0.004167
5 0.124609 0.840972 0.000781 0.006944
0 0.423828 0.791667 0.124219 0.041667
2 0.222266 0.995833 0.199219 0.005556
2 0.222656 0.919444 0.200000 0.158333
2 0.229687 0.831944 0.132812 0.055556
2 0.176172 0.825000 0.103906 0.044444