3 0.499219 0.944444 0.998437 0.108333
4 0.824219 0.956944 0.020313 0.052778
5 0.027344 0.883333 0.043750 0.019444
5 0.027344 0.883333 0.043750 0.019444
5 0.027344 0.883333 0.043750 0.019444
5 0.026562 0.900694 0.043750 0.018056
5 0.026562 0.900694 0.043750 0.018056
5 0.026562 0.900694 0.043750 0.018056
6 0.612891 0.922222 0.096094 0.019444
6 0.471484 0.911111 0.091406 0.016667
6 0.538672 0.916667 0.091406 0.016667
6 0.984766 0.954861 0.027344 0.029167
7 0.533984 0.950000 0.092969 0.038889
7 0.977344 0.984028 0.043750 0.029167
8 0.876172 0.953472 0.094531 0.045833
8 0.790234 0.946528 0.089844 0.043056
8 0.723828 0.941667 0.082031 0.038889
8 0.637500 0.934722 0.068750 0.038889
8 0.762500 0.936111 0.067187 0.025000
8 0.695312 0.931944 0.067187 0.019444
8 0.835938 0.940972 0.078125 0.023611
8 0.915625 0.947917 0.079687 0.026389
1 0.499609 0.692361 0.999219 0.612500
1 0.574219 0.715278 0.256250 0.566667