3 0.453516 0.901389 0.907031 0.194444
5 0.014844 0.966667 0.029687 0.033333
5 0.014844 0.966667 0.029687 0.033333
5 0.014844 0.966667 0.029687 0.033333
5 0.014844 0.947222 0.029687 0.033333
5 0.014844 0.947222 0.029687 0.033333
5 0.014844 0.947222 0.029687 0.033333
5 0.015234 0.926389 0.030469 0.033333
5 0.015234 0.926389 0.030469 0.033333
5 0.015234 0.926389 0.030469 0.033333
5 0.015234 0.904167 0.030469 0.033333
5 0.015234 0.904167 0.030469 0.033333
5 0.015234 0.904167 0.030469 0.033333
6 0.668359 0.934028 0.096094 0.129167
6 0.478125 0.925694 0.098437 0.143056
6 0.666797 0.814583 0.096094 0.137500
6 0.570703 0.927778 0.096094 0.141667
7 0.849609 0.812500 0.010156 0.013889
7 0.803906 0.813889 0.023438 0.013889
8 0.876172 0.983333 0.064844 0.030556
5 0.878906 0.981944 0.059375 0.033333
8 0.796484 0.981250 0.075781 0.034722
5 0.797266 0.979861 0.066406 0.037500
8 0.870313 0.970139 0.075000 0.056944
5 0.871094 0.954167 0.067187 0.030556
8 0.789062 0.968056 0.068750 0.061111
5 0.789453 0.950694 0.060156 0.029167
8 0.904687 0.953472 0.006250 0.020833
5 0.907422 0.947917 0.000781 0.012500
8 0.584766 0.848611 0.039844 0.036111
5 0.584375 0.833333 0.035937 0.008333
8 0.539062 0.847222 0.042188 0.036111
5 0.539453 0.832639 0.036719 0.009722
8 0.623828 0.848611 0.038281 0.036111
5 0.613281 0.835417 0.010937 0.012500
8 0.670703 0.838194 0.038281 0.012500
5 0.671094 0.835417 0.032813 0.009722
8 0.528906 0.859028 0.045312 0.043056
5 0.529297 0.843056 0.039844 0.013889
8 0.576562 0.860417 0.043750 0.043056
5 0.576953 0.844444 0.038281 0.013889
8 0.618750 0.860417 0.040625 0.043056
5 0.619531 0.845139 0.035937 0.015278
8 0.669141 0.862500 0.038281 0.044444
5 0.668750 0.841667 0.034375 0.005556
8 0.760938 0.858333 0.032813 0.036111
5 0.760156 0.840278 0.031250 0.013889
8 0.800000 0.855556 0.037500 0.041667
5 0.804297 0.839583 0.039844 0.012500
8 0.820312 0.865278 0.053125 0.041667
5 0.820703 0.846528 0.050781 0.006944
8 0.821875 0.872917 0.051562 0.043056
5 0.821875 0.856944 0.046875 0.013889
0 0.875781 0.815278 0.062500 0.208333
0 0.224609 0.832639 0.166406 0.234722
1 0.540234 0.768750 0.067969 0.090278
2 0.517969 0.735417 0.017188 0.004167
2 0.562500 0.747917 0.014063 0.026389
2 0.563672 0.784722 0.016406 0.027778
2 0.531641 0.736111 0.014844 0.002778
2 0.534375 0.733333 0.014063 0.000000
2 0.546094 0.736111 0.014063 0.002778
2 0.546094 0.733333 0.007812 0.000000
1 0.639062 0.731944 0.001563 0.013889
2 0.648047 0.740278 0.014844 0.011111
2 0.694141 0.736806 0.013281 0.004167
2 0.663672 0.737500 0.014844 0.002778
2 0.663672 0.734722 0.014844 0.000000
2 0.679297 0.737500 0.014844 0.002778
2 0.679297 0.734722 0.014844 0.000000
1 0.528516 0.777778 0.074219 0.100000
2 0.504297 0.741667 0.019531 0.005556
2 0.553906 0.754167 0.017188 0.030556
2 0.554297 0.795139 0.017969 0.031944
2 0.519141 0.742361 0.016406 0.004167
2 0.522266 0.738889 0.014844 0.000000
2 0.535156 0.742361 0.015625 0.004167
2 0.536719 0.738889 0.012500 0.000000
1 0.635547 0.737500 0.002344 0.016667
2 0.652344 0.793750 0.000000 0.001389
2 0.645312 0.743750 0.015625 0.006944
2 0.694531 0.743056 0.012500 0.005556
2 0.662500 0.743750 0.015625 0.004167
2 0.662500 0.740278 0.015625 0.000000
2 0.679297 0.743750 0.016406 0.004167
2 0.679297 0.740278 0.016406 0.000000
1 0.550781 0.781250 0.007812 0.093056
2 0.489453 0.792361 0.010156 0.001389
2 0.490625 0.746528 0.012500 0.001389
2 0.540625 0.762500 0.020313 0.033333
2 0.523047 0.808333 0.055469 0.033333
2 0.503516 0.747222 0.017969 0.000000
2 0.506250 0.745833 0.017188 0.000000
2 0.522266 0.747917 0.017969 0.001389
2 0.524609 0.745833 0.017969 0.000000
1 0.641406 0.781250 0.020313 0.093056
2 0.642578 0.809722 0.017969 0.033333
2 0.642578 0.763889 0.017969 0.033333
2 0.694922 0.748611 0.011719 0.002778
2 0.676953 0.793750 0.047656 0.001389
2 0.660937 0.748611 0.017188 0.000000
2 0.661719 0.747917 0.017188 0.001389
2 0.680078 0.748611 0.017969 0.000000
2 0.679688 0.747222 0.017188 0.000000
1 0.506641 0.793056 0.085156 0.111111
2 0.477344 0.813194 0.020313 0.034722
2 0.487500 0.793750 0.006250 0.001389
2 0.478906 0.765972 0.023438 0.034722
2 0.534766 0.767361 0.021094 0.034722
2 0.517188 0.811806 0.059375 0.037500
2 0.496094 0.767361 0.020313 0.034722
2 0.500391 0.748611 0.017969 0.000000
2 0.515234 0.767361 0.019531 0.034722
2 0.518750 0.749306 0.017188 0.001389
1 0.670703 0.788889 0.085156 0.102778
2 0.641406 0.815278 0.018750 0.036111
2 0.641797 0.795833 0.017969 0.000000
2 0.641016 0.770833 0.017969 0.030556
2 0.695312 0.768056 0.010937 0.036111
2 0.676562 0.814583 0.048438 0.037500
2 0.660547 0.770833 0.017969 0.030556
2 0.670312 0.758333 0.000000 0.005556
2 0.680469 0.770833 0.018750 0.030556
2 0.681641 0.750000 0.014844 0.000000
2 0.255078 0.837500 0.024219 0.019444
2 0.278125 0.825000 0.037500 0.005556
2 0.364063 0.856944 0.056250 0.050000
2 0.399219 0.847917 0.014063 0.045833
2 0.364453 0.813889 0.055469 0.047222
2 0.399609 0.806944 0.013281 0.044444
2 0.364453 0.770833 0.055469 0.047222
2 0.371484 0.765972 0.069531 0.043056