3 0.162109 0.876389 0.324219 0.244444
4 0.279297 0.849306 0.002344 0.006944
5 0.290625 0.740972 0.023438 0.009722
5 0.290625 0.740972 0.023438 0.009722
5 0.290625 0.740972 0.023438 0.009722
5 0.290625 0.730556 0.023438 0.008333
5 0.290625 0.730556 0.023438 0.008333
5 0.290625 0.730556 0.023438 0.008333
5 0.290625 0.750000 0.023438 0.008333
5 0.290625 0.750000 0.023438 0.008333
5 0.290625 0.750000 0.023438 0.008333
5 0.318750 0.750000 0.010937 0.008333
5 0.318750 0.750000 0.010937 0.008333
5 0.318750 0.750000 0.010937 0.008333
5 0.318750 0.740278 0.010937 0.008333
5 0.318750 0.740278 0.010937 0.008333
5 0.318750 0.740278 0.010937 0.008333
5 0.318750 0.730556 0.010937 0.008333
5 0.318750 0.730556 0.010937 0.008333
5 0.318750 0.730556 0.010937 0.008333
5 0.319141 0.718750 0.010156 0.006944
5 0.319141 0.718750 0.010156 0.006944
5 0.319141 0.718750 0.010156 0.006944
6 0.101953 0.798611 0.203906 0.350000
6 0.330469 0.774306 0.107813 0.273611
6 0.347656 0.524306 0.137500 0.293056
6 0.103906 0.493056 0.207813 0.350000
6 0.136719 0.579861 0.092188 0.148611
6 0.025781 0.550000 0.012500 0.094444
0 0.573828 0.499306 0.589844 0.998611
0 0.124609 0.632639 0.249219 0.506944
0 0.098047 0.586806 0.161719 0.312500
1 0.779297 0.471528 0.161719 0.068056
1 0.857031 0.469444 0.006250 0.063889
1 0.089063 0.597917 0.003125 0.018056