3 0.499609 0.836806 0.999219 0.323611
4 0.274219 0.770139 0.001563 0.023611
4 0.189844 0.835417 0.017188 0.079167
4 0.082812 0.890972 0.018750 0.070833
4 0.020703 0.952083 0.003906 0.090278
8 0.044141 0.977083 0.088281 0.043056
8 0.844922 0.915972 0.088281 0.076389
5 0.455859 0.688889 0.039844 0.008333
5 0.455859 0.688889 0.039844 0.008333
5 0.455859 0.688889 0.039844 0.008333
5 0.456250 0.677083 0.040625 0.012500
5 0.456250 0.677083 0.040625 0.012500
5 0.456250 0.677083 0.040625 0.012500
5 0.451172 0.697222 0.030469 0.008333
5 0.451172 0.697222 0.030469 0.008333
5 0.451172 0.697222 0.030469 0.008333
5 0.516797 0.698611 0.041406 0.011111
5 0.516797 0.698611 0.041406 0.011111
5 0.516797 0.698611 0.041406 0.011111
5 0.515625 0.689583 0.043750 0.012500
5 0.515625 0.689583 0.043750 0.012500
5 0.515625 0.689583 0.043750 0.012500
5 0.515625 0.680556 0.043750 0.011111
5 0.515625 0.680556 0.043750 0.011111
5 0.515625 0.680556 0.043750 0.011111
5 0.515625 0.670139 0.043750 0.012500
5 0.515625 0.670139 0.043750 0.012500
5 0.515625 0.670139 0.043750 0.012500
6 0.459766 0.747917 0.046094 0.081944
6 0.484766 0.722917 0.041406 0.073611
6 0.461328 0.681944 0.049219 0.080556
6 0.473828 0.734722 0.042969 0.080556
6 0.351953 0.814583 0.075781 0.104167
6 0.339453 0.843750 0.069531 0.118056
7 0.047266 0.888889 0.066406 0.044444
7 0.293750 0.775694 0.053125 0.018056
7 0.196094 0.843056 0.068750 0.027778
8 0.241406 0.912500 0.034375 0.066667
5 0.236328 0.893750 0.041406 0.031944
8 0.175000 0.902083 0.075000 0.048611
5 0.193359 0.882639 0.030469 0.015278
8 0.311328 0.786806 0.000781 0.001389
5 0.313281 0.784722 0.000000 0.000000
8 0.382031 0.770833 0.000000 0.000000
5 0.358203 0.768750 0.046094 0.004167
8 0.371484 0.766667 0.057031 0.013889
5 0.370703 0.762500 0.052344 0.013889
8 0.422656 0.795833 0.040625 0.041667
5 0.414453 0.778472 0.049219 0.015278
8 0.427734 0.783333 0.057031 0.038889
5 0.426953 0.768056 0.052344 0.016667
8 0.411328 0.807639 0.042969 0.043056
5 0.409766 0.790972 0.039844 0.018056
8 0.403906 0.821528 0.028125 0.045833
5 0.401953 0.804861 0.024219 0.018056
8 0.877344 0.768750 0.050000 0.037500
5 0.877734 0.754861 0.046094 0.012500
8 0.876172 0.750000 0.049219 0.019444
5 0.875391 0.745139 0.044531 0.009722
8 0.881641 0.775694 0.049219 0.031944
5 0.882422 0.764583 0.047656 0.012500
8 0.886719 0.780556 0.056250 0.022222
5 0.883203 0.777778 0.046094 0.016667
8 0.817578 0.744444 0.047656 0.013889
5 0.817187 0.741667 0.042188 0.011111
8 0.817969 0.757639 0.048438 0.023611
5 0.817578 0.751389 0.044531 0.011111
8 0.821484 0.771528 0.050781 0.031944
5 0.820703 0.760417 0.046094 0.012500
8 0.821875 0.787500 0.053125 0.044444
5 0.820703 0.773611 0.047656 0.016667
8 0.883594 0.856250 0.045312 0.059722
5 0.883984 0.838889 0.041406 0.027778
8 0.942969 0.861111 0.051562 0.061111
5 0.941797 0.843056 0.044531 0.027778
8 0.834766 0.853472 0.044531 0.059722
5 0.834375 0.836111 0.039062 0.027778
8 0.778906 0.848611 0.045312 0.058333
5 0.778516 0.831250 0.039844 0.026389
8 0.886719 0.811111 0.062500 0.038889
5 0.882031 0.797222 0.048438 0.013889
8 0.894531 0.827778 0.065625 0.044444
5 0.893750 0.814583 0.059375 0.020833
8 0.834375 0.827778 0.042188 0.050000
5 0.833984 0.813194 0.036719 0.023611
8 0.782031 0.823611 0.042188 0.050000
5 0.781641 0.809028 0.036719 0.023611
8 0.933984 0.971528 0.092969 0.054167
5 0.932813 0.963889 0.084375 0.038889
8 0.926953 0.952083 0.086719 0.068056
5 0.925391 0.934028 0.078906 0.031944
0 0.590234 0.870139 0.089844 0.256944
0 0.669922 0.774306 0.058594 0.218056
0 0.577734 0.667361 0.044531 0.129167
1 0.165234 0.657639 0.069531 0.087500
1 0.148047 0.661806 0.072656 0.087500
1 0.104688 0.656250 0.070312 0.084722
1 0.085938 0.661111 0.073438 0.088889
1 0.046094 0.654167 0.068750 0.086111
1 0.031641 0.659028 0.063281 0.087500
1 0.974609 0.718056 0.049219 0.122222
2 0.980469 0.670833 0.026562 0.002778
2 0.981641 0.696528 0.035156 0.034722
2 0.976953 0.740278 0.025781 0.041667
2 0.971094 0.673611 0.014063 0.002778
2 0.986328 0.673611 0.021094 0.002778
2 0.971484 0.676389 0.014844 0.002778
2 0.989453 0.677778 0.019531 0.002778
1 0.991406 0.747222 0.015625 0.125000
2 0.991016 0.768750 0.007031 0.040278
2 0.993359 0.718056 0.011719 0.038889
2 0.995313 0.776389 0.007812 0.044444
2 0.995313 0.722917 0.007812 0.040278
2 0.997266 0.726389 0.003906 0.038889
2 0.841797 0.963194 0.080469 0.070833
2 0.748437 0.959722 0.076563 0.077778
2 0.817187 0.706944 0.000000 0.033333
2 0.792578 0.725694 0.036719 0.031944
2 0.837500 0.722917 0.039062 0.043056
2 0.792578 0.693750 0.036719 0.031944
2 0.837500 0.691667 0.039062 0.041667
2 0.792578 0.657639 0.036719 0.040278
2 0.837500 0.659722 0.039062 0.041667
5 0.117578 0.889583 0.091406 0.037500
5 0.117969 0.904861 0.090625 0.034722
5 0.117578 0.916667 0.089844 0.036111
5 0.112891 0.930556 0.080469 0.036111
5 0.112891 0.956944 0.080469 0.036111
5 0.112891 0.943056 0.080469 0.036111
5 0.120313 0.980556 0.085938 0.036111
5 0.112891 0.968056 0.080469 0.038889
5 0.198047 0.925000 0.089844 0.036111
5 0.198047 0.938889 0.089844 0.036111
5 0.198437 0.965972 0.089063 0.037500
5 0.198437 0.952083 0.089063 0.037500
5 0.198437 0.985417 0.089063 0.026389
5 0.198437 0.977778 0.089063 0.038889
5 0.198047 0.913194 0.089844 0.034722
5 0.198047 0.897222 0.089844 0.038889
5 0.290625 0.934722 0.087500 0.036111
5 0.291016 0.947917 0.088281 0.037500
5 0.291016 0.976389 0.088281 0.038889
5 0.291016 0.962500 0.088281 0.038889
5 0.296094 0.990278 0.078125 0.016667
5 0.291016 0.984028 0.088281 0.029167
5 0.290625 0.922222 0.087500 0.036111
5 0.290625 0.908333 0.087500 0.036111
5 0.290625 0.828472 0.087500 0.031944
5 0.290625 0.842361 0.087500 0.031944
5 0.290625 0.870139 0.087500 0.034722
5 0.290625 0.855556 0.087500 0.033333
5 0.290625 0.896528 0.087500 0.034722
5 0.290625 0.882639 0.087500 0.034722
5 0.290625 0.815278 0.087500 0.033333
5 0.290625 0.800000 0.087500 0.033333