3 0.484375 0.865972 0.968750 0.265278
4 0.441016 0.808333 0.011719 0.083333
4 0.492188 0.845833 0.046875 0.102778
4 0.553125 0.872222 0.015625 0.111111
4 0.587109 0.902083 0.060156 0.129167
4 0.677734 0.935417 0.005469 0.126389
4 0.739453 0.952778 0.064844 0.091667
4 0.892969 0.983333 0.007812 0.030556
8 0.775000 0.963194 0.121875 0.070833
5 0.309375 0.740972 0.053125 0.012500
5 0.309375 0.740972 0.053125 0.012500
5 0.309375 0.740972 0.053125 0.012500
5 0.309375 0.729861 0.053125 0.012500
5 0.309375 0.729861 0.053125 0.012500
5 0.309375 0.729861 0.053125 0.012500
5 0.309375 0.751389 0.053125 0.011111
5 0.309375 0.751389 0.053125 0.011111
5 0.309375 0.751389 0.053125 0.011111
5 0.378906 0.748611 0.053125 0.011111
5 0.378906 0.748611 0.053125 0.011111
5 0.378906 0.748611 0.053125 0.011111
5 0.378906 0.738889 0.053125 0.011111
5 0.378906 0.738889 0.053125 0.011111
5 0.378906 0.738889 0.053125 0.011111
5 0.378906 0.727778 0.053125 0.011111
5 0.378906 0.727778 0.053125 0.011111
5 0.378906 0.727778 0.053125 0.011111
5 0.379297 0.717361 0.052344 0.012500
5 0.379297 0.717361 0.052344 0.012500
5 0.379297 0.717361 0.052344 0.012500
6 0.516016 0.752083 0.050781 0.059722
6 0.481641 0.743750 0.042969 0.068056
6 0.515625 0.690278 0.051562 0.083333
6 0.497266 0.748611 0.050781 0.069444
6 0.601562 0.808333 0.087500 0.113889
6 0.669922 0.815278 0.096094 0.105556
7 0.951172 0.993750 0.035156 0.009722
7 0.392969 0.922222 0.067187 0.050000
7 0.353906 0.811806 0.068750 0.020833
7 0.425391 0.867361 0.086719 0.029167
8 0.660156 0.879861 0.021875 0.037500
5 0.667969 0.864583 0.004687 0.004167
8 0.626563 0.905556 0.089063 0.077778
5 0.629687 0.877778 0.082812 0.033333
8 0.507812 0.827778 0.068750 0.050000
5 0.510156 0.807639 0.064062 0.018056
8 0.491406 0.817361 0.065625 0.045833
5 0.492578 0.797917 0.063281 0.015278
8 0.473828 0.809722 0.061719 0.044444
5 0.476172 0.790972 0.061719 0.015278
8 0.440625 0.801389 0.021875 0.041667
5 0.461719 0.783333 0.059375 0.013889
8 0.517578 0.788889 0.013281 0.008333
5 0.535937 0.786806 0.043750 0.012500
8 0.517969 0.782639 0.043750 0.012500
5 0.527734 0.780556 0.058594 0.013889
8 0.546875 0.809722 0.021875 0.027778
5 0.546875 0.794444 0.021875 0.013889
8 0.555859 0.825000 0.003906 0.033333
5 0.555859 0.802778 0.003906 0.011111
8 0.796875 0.736111 0.001563 0.000000
5 0.798438 0.735417 0.000000 0.001389
5 0.887500 0.743750 0.001563 0.001389
8 0.887500 0.759722 0.001563 0.002778
8 0.773047 0.752778 0.044531 0.030556
5 0.775781 0.739583 0.045312 0.009722
8 0.784375 0.757639 0.026562 0.031944
5 0.786328 0.743750 0.025781 0.009722
8 0.795312 0.760417 0.006250 0.029167
5 0.796875 0.747222 0.004687 0.005556
8 0.964453 0.789583 0.003906 0.009722
5 0.964063 0.774306 0.003125 0.006944
8 0.955469 0.802083 0.021875 0.031944
5 0.955469 0.781250 0.021875 0.012500
5 0.955078 0.758333 0.021094 0.002778
8 0.962891 0.766667 0.000781 0.000000
5 0.955078 0.763194 0.021094 0.006944
8 0.964453 0.790278 0.002344 0.027778
5 0.963672 0.769444 0.003906 0.002778
0 0.843359 0.732639 0.089844 0.193056
0 0.494531 0.696528 0.054688 0.134722
1 0.959766 0.667361 0.010156 0.018056
2 0.963672 0.718750 0.003906 0.001389
2 0.961328 0.672222 0.007031 0.008333
1 0.910547 0.688194 0.074219 0.054167
2 0.928906 0.686111 0.031250 0.027778
2 0.925000 0.720833 0.006250 0.016667
2 0.890234 0.670833 0.003906 0.000000
2 0.913672 0.670833 0.000781 0.000000
2 0.923438 0.670833 0.017188 0.000000
1 0.870703 0.685417 0.064844 0.051389
2 0.848047 0.716667 0.007031 0.016667
2 0.866797 0.708333 0.000781 0.000000
2 0.857031 0.684028 0.025000 0.029167
2 0.887891 0.686806 0.030469 0.029167
2 0.885156 0.725694 0.035937 0.031944
2 0.860547 0.684722 0.017969 0.027778
2 0.880859 0.670833 0.011719 0.000000
2 0.870703 0.682639 0.014844 0.020833
2 0.887500 0.670833 0.000000 0.000000
1 0.951172 0.711111 0.028906 0.088889
2 0.946875 0.738194 0.006250 0.018056
2 0.963672 0.720833 0.003906 0.000000
2 0.952344 0.690972 0.025000 0.026389
2 0.963672 0.738194 0.003906 0.031944
2 0.958984 0.695139 0.011719 0.031944
2 0.651563 0.730556 0.021875 0.033333
2 0.690625 0.736806 0.054688 0.034722
2 0.736719 0.736806 0.035937 0.031944
2 0.690625 0.705556 0.054688 0.033333
2 0.736328 0.705556 0.036719 0.030556
2 0.690234 0.675000 0.053906 0.033333
2 0.732422 0.674306 0.044531 0.031944
5 0.711328 0.850000 0.111719 0.036111
5 0.711328 0.870139 0.111719 0.031944
5 0.711328 0.885417 0.111719 0.034722
5 0.711719 0.902778 0.112500 0.036111
5 0.710156 0.938194 0.109375 0.037500
5 0.710156 0.920833 0.109375 0.036111
5 0.710156 0.970833 0.109375 0.038889
5 0.710156 0.952778 0.109375 0.038889
5 0.807422 0.877083 0.111719 0.031944
5 0.807813 0.893750 0.112500 0.031944
5 0.816797 0.927778 0.094531 0.033333
5 0.808594 0.910417 0.110937 0.034722
5 0.818359 0.960417 0.091406 0.029167
5 0.818359 0.943750 0.091406 0.031944
5 0.807422 0.862500 0.111719 0.030556
5 0.807422 0.842361 0.111719 0.034722
5 0.907422 0.866667 0.111719 0.030556
5 0.907422 0.882639 0.111719 0.031944
5 0.907813 0.915972 0.110937 0.034722
5 0.907422 0.900000 0.111719 0.033333
5 0.908203 0.945833 0.111719 0.036111
5 0.913672 0.929861 0.100781 0.034722
5 0.907031 0.852083 0.110937 0.031944
5 0.906641 0.836111 0.111719 0.030556
5 0.905859 0.742361 0.111719 0.023611
5 0.906250 0.758333 0.110937 0.025000
5 0.906250 0.791667 0.110937 0.025000
5 0.906250 0.775000 0.110937 0.025000
5 0.906641 0.821528 0.111719 0.029167
5 0.906641 0.805556 0.111719 0.027778
5 0.905469 0.729167 0.110937 0.022222
5 0.905469 0.712500 0.110937 0.022222