3 0.499609 0.836111 0.999219 0.325000
4 0.641406 0.888194 0.014063 0.093056
4 0.820312 0.946528 0.054688 0.104167
4 0.964063 0.963194 0.004687 0.070833
5 0.194922 0.761111 0.067969 0.025000
5 0.194922 0.761111 0.067969 0.025000
5 0.194922 0.761111 0.067969 0.025000
5 0.194922 0.748611 0.067969 0.025000
5 0.194922 0.748611 0.067969 0.025000
5 0.194922 0.748611 0.067969 0.025000
5 0.194922 0.775000 0.067969 0.022222
5 0.194922 0.775000 0.067969 0.022222
5 0.194922 0.775000 0.067969 0.022222
5 0.265625 0.760417 0.062500 0.020833
5 0.265625 0.760417 0.062500 0.020833
5 0.265625 0.760417 0.062500 0.020833
5 0.265625 0.749306 0.062500 0.020833
5 0.265625 0.749306 0.062500 0.020833
5 0.265625 0.749306 0.062500 0.020833
5 0.265625 0.736806 0.062500 0.020833
5 0.265625 0.736806 0.062500 0.020833
5 0.265625 0.736806 0.062500 0.020833
5 0.265625 0.723611 0.062500 0.022222
5 0.265625 0.723611 0.062500 0.022222
5 0.265625 0.723611 0.062500 0.022222
6 0.576172 0.796528 0.057031 0.087500
6 0.576562 0.717361 0.057813 0.098611
6 0.535937 0.783333 0.040625 0.094444
6 0.818750 0.868056 0.060937 0.133333
6 0.921484 0.888194 0.097656 0.131944
7 0.428125 0.895139 0.001563 0.006944
7 0.712500 0.972917 0.085938 0.051389
8 0.988672 0.977083 0.021094 0.043056
5 0.992188 0.972917 0.014063 0.026389
8 0.698047 0.897917 0.080469 0.059722
5 0.697656 0.872917 0.071875 0.031944
8 0.650000 0.882639 0.078125 0.056944
5 0.649609 0.859028 0.069531 0.029167
8 0.607812 0.870833 0.076563 0.055556
5 0.606250 0.847917 0.065625 0.029167
8 0.566016 0.856944 0.074219 0.052778
5 0.565625 0.835417 0.065625 0.026389
8 0.657813 0.852778 0.071875 0.050000
5 0.657813 0.831944 0.064062 0.025000
8 0.616406 0.828472 0.070312 0.023611
5 0.616016 0.820833 0.063281 0.025000
8 0.699219 0.852083 0.073438 0.029167
5 0.699219 0.841667 0.065625 0.027778
8 0.733984 0.880556 0.050781 0.052778
5 0.736719 0.854861 0.046875 0.029167
8 0.741797 0.732639 0.025781 0.026389
5 0.745703 0.718056 0.028906 0.011111
8 0.721875 0.726389 0.046875 0.027778
5 0.722266 0.713889 0.041406 0.011111
8 0.781641 0.735417 0.047656 0.026389
5 0.781641 0.723611 0.042969 0.011111
8 0.809375 0.745139 0.037500 0.031944
5 0.810547 0.729167 0.035156 0.013889
8 0.691797 0.735417 0.047656 0.031944
5 0.691797 0.721528 0.042969 0.012500
8 0.721875 0.740972 0.048438 0.031944
5 0.722656 0.726389 0.043750 0.013889
8 0.743750 0.746528 0.032813 0.031944
5 0.744922 0.731944 0.030469 0.013889
8 0.785547 0.749306 0.050781 0.029167
5 0.798438 0.737500 0.020313 0.013889
8 0.973047 0.776389 0.052344 0.038889
5 0.973828 0.759722 0.050781 0.016667
8 0.967969 0.751389 0.003125 0.000000
5 0.983984 0.751389 0.030469 0.011111
8 0.964453 0.784722 0.061719 0.038889
5 0.962109 0.767361 0.058594 0.018056
8 0.953516 0.793056 0.041406 0.038889
5 0.951562 0.775000 0.037500 0.019444
5 0.889453 0.737500 0.013281 0.005556
8 0.932031 0.752083 0.017188 0.015278
5 0.930469 0.746528 0.015625 0.009722
8 0.935156 0.759028 0.003125 0.004167
5 0.928516 0.757639 0.008594 0.006944
0 0.905078 0.742361 0.142969 0.193056
0 0.402344 0.697222 0.053125 0.147222
1 0.003516 0.950694 0.007031 0.095833
1 0.851953 0.631944 0.066406 0.036111
2 0.824609 0.625694 0.007031 0.006944
2 0.870703 0.634722 0.024219 0.022222
2 0.848047 0.623611 0.003906 0.000000
2 0.851172 0.622222 0.011719 0.000000
2 0.853906 0.635417 0.015625 0.023611
2 0.861328 0.623611 0.014844 0.000000
1 0.965234 0.666667 0.067969 0.091667
2 0.946484 0.635417 0.024219 0.009722
2 0.988281 0.647917 0.021875 0.029167
2 0.978125 0.681250 0.042188 0.031944
2 0.957031 0.636806 0.017188 0.009722
2 0.964844 0.631944 0.015625 0.000000
2 0.971484 0.647222 0.017969 0.027778
2 0.979297 0.632639 0.013281 0.001389
1 0.816797 0.658333 0.057031 0.080556
2 0.789453 0.672917 0.002344 0.004167
2 0.798047 0.661806 0.005469 0.001389
2 0.794922 0.633333 0.013281 0.011111
2 0.822266 0.645139 0.011719 0.026389
2 0.809766 0.677083 0.036719 0.029167
2 0.799609 0.643056 0.017969 0.025000
2 0.807422 0.629167 0.017969 0.000000
2 0.812109 0.643750 0.017969 0.026389
2 0.819922 0.630556 0.016406 0.000000
1 0.930078 0.676389 0.077344 0.097222
2 0.906641 0.643750 0.024219 0.012500
2 0.952344 0.656944 0.026562 0.030556
2 0.939063 0.693056 0.053125 0.033333
2 0.917578 0.654167 0.017969 0.027778
2 0.926172 0.639583 0.013281 0.001389
2 0.933203 0.656250 0.017969 0.029167
2 0.941016 0.640972 0.014844 0.001389
1 0.760938 0.672222 0.073438 0.091667
2 0.741016 0.636806 0.027344 0.004167
2 0.791406 0.653472 0.006250 0.026389
2 0.791406 0.690278 0.006250 0.027778
2 0.748437 0.638889 0.017188 0.002778
2 0.753125 0.637500 0.007812 0.000000
2 0.755078 0.640972 0.003906 0.001389
1 0.885547 0.686111 0.080469 0.100000
2 0.855078 0.647917 0.011719 0.001389
2 0.911328 0.667361 0.021094 0.031944
2 0.907813 0.706944 0.029687 0.033333
2 0.883984 0.654167 0.000781 0.000000
2 0.900000 0.650694 0.006250 0.001389
1 0.731250 0.675694 0.057813 0.093056
2 0.714453 0.690972 0.019531 0.029167
2 0.723828 0.675694 0.013281 0.001389
2 0.717187 0.653472 0.025000 0.029167
2 0.750781 0.658333 0.012500 0.030556
2 0.737891 0.693750 0.038281 0.034722
2 0.726172 0.656250 0.016406 0.029167
2 0.736719 0.640972 0.012500 0.001389
2 0.739844 0.657639 0.017188 0.029167
2 0.750000 0.642361 0.012500 0.001389
1 0.864453 0.691667 0.083594 0.097222
2 0.826953 0.707639 0.002344 0.029167
2 0.851172 0.691667 0.003906 0.000000
2 0.835938 0.666667 0.020313 0.030556
2 0.887500 0.672222 0.029687 0.033333
2 0.874609 0.711111 0.057031 0.038889
2 0.850781 0.669444 0.010937 0.030556
2 0.864453 0.672917 0.014844 0.029167
2 0.882031 0.655556 0.000000 0.000000
2 0.519141 0.706250 0.007031 0.034722
2 0.576562 0.717361 0.057813 0.037500
2 0.619531 0.712500 0.026562 0.033333
2 0.576562 0.686111 0.057813 0.036111
2 0.619531 0.682639 0.026562 0.031944
2 0.576562 0.654167 0.057813 0.038889
2 0.602734 0.650000 0.060156 0.036111