3 0.532031 0.881944 0.934375 0.233333
5 0.046875 0.991667 0.035937 0.013889
5 0.046875 0.991667 0.035937 0.013889
5 0.046875 0.991667 0.035937 0.013889
5 0.032422 0.981250 0.064844 0.034722
5 0.032422 0.981250 0.064844 0.034722
5 0.032422 0.981250 0.064844 0.034722
5 0.032422 0.966667 0.064844 0.050000
5 0.032422 0.966667 0.064844 0.050000
5 0.032422 0.966667 0.064844 0.050000
5 0.032422 0.940278 0.064844 0.052778
5 0.032422 0.940278 0.064844 0.052778
5 0.032422 0.940278 0.064844 0.052778
6 0.457813 0.981250 0.145313 0.034722
6 0.685937 0.927778 0.165625 0.141667
6 0.527344 0.993750 0.023438 0.009722
8 0.835156 0.893056 0.068750 0.063889
5 0.835156 0.874306 0.060937 0.029167
8 0.778516 0.886111 0.067969 0.055556
5 0.779297 0.863889 0.060156 0.025000
8 0.888281 0.901389 0.068750 0.066667
5 0.888672 0.881944 0.061719 0.027778
8 0.951172 0.913889 0.069531 0.069444
5 0.951562 0.893056 0.062500 0.030556
8 0.745313 0.906250 0.071875 0.059722
5 0.745313 0.882639 0.064062 0.029167
8 0.804297 0.913889 0.072656 0.069444
5 0.803906 0.893056 0.065625 0.030556
8 0.859766 0.923611 0.074219 0.072222
5 0.860156 0.902778 0.065625 0.033333
8 0.925391 0.936806 0.075781 0.076389
5 0.925781 0.915278 0.067187 0.033333
0 0.309375 0.868750 0.145313 0.259722
1 0.878516 0.745833 0.092969 0.119444
2 0.850000 0.706250 0.028125 0.015278
2 0.906641 0.721528 0.027344 0.037500
2 0.901172 0.765972 0.039844 0.040278
2 0.864844 0.708333 0.021875 0.013889
2 0.872266 0.700694 0.019531 0.001389
2 0.884375 0.720833 0.021875 0.036111
2 0.890625 0.702083 0.020313 0.001389
1 0.841797 0.763889 0.100781 0.133333
2 0.810937 0.720833 0.031250 0.019444
2 0.871875 0.736806 0.031250 0.043056
2 0.861719 0.785417 0.053125 0.045833
2 0.827344 0.723611 0.023438 0.016667
2 0.834766 0.713889 0.022656 0.002778
2 0.848437 0.736111 0.025000 0.038889
2 0.855469 0.715278 0.023438 0.002778
1 0.980859 0.727778 0.011719 0.033333
2 0.983594 0.735417 0.007812 0.020833
1 0.795703 0.786806 0.110156 0.148611
2 0.762109 0.731944 0.035156 0.008333
2 0.827734 0.756944 0.035156 0.047222
2 0.830078 0.812500 0.032031 0.050000
2 0.779687 0.734722 0.028125 0.005556
2 0.789062 0.731250 0.025000 0.004167
2 0.801562 0.737500 0.028125 0.005556
2 0.808984 0.732639 0.025781 0.004167
1 0.946875 0.740972 0.014063 0.023611
2 0.961719 0.750000 0.034375 0.011111
2 0.978516 0.753472 0.016406 0.006944
2 0.982422 0.748611 0.010156 0.002778
1 0.773828 0.793056 0.114844 0.147222
2 0.735156 0.816667 0.028125 0.047222
2 0.742188 0.793056 0.021875 0.002778
2 0.739844 0.759028 0.037500 0.048611
2 0.807031 0.766667 0.037500 0.050000
2 0.785156 0.822222 0.082812 0.055556
2 0.757422 0.763194 0.028906 0.045833
2 0.766406 0.739583 0.026562 0.004167
2 0.779687 0.765972 0.029687 0.045833
2 0.787500 0.740972 0.026562 0.004167
1 0.955469 0.813194 0.065625 0.151389
2 0.943750 0.844444 0.031250 0.052778
2 0.948438 0.818056 0.026562 0.005556
2 0.945703 0.780556 0.036719 0.055556
2 0.971875 0.847222 0.031250 0.055556
2 0.970313 0.785417 0.031250 0.051389
2 0.974609 0.758333 0.025781 0.005556
2 0.984766 0.786806 0.005469 0.048611
2 0.455469 0.857639 0.067187 0.070833
2 0.475000 0.818750 0.028125 0.015278
2 0.539453 0.876389 0.099219 0.063889
2 0.606250 0.861806 0.032813 0.059722
2 0.539453 0.825694 0.099219 0.062500
2 0.606250 0.813889 0.032813 0.055556
2 0.539453 0.772222 0.099219 0.066667
2 0.575000 0.761806 0.095312 0.062500