3 0.499609 0.900000 0.999219 0.197222
4 0.253125 0.758333 0.003125 0.000000
4 0.158984 0.772917 0.002344 0.084722
4 0.120703 0.758333 0.003906 0.000000
4 0.039062 0.780556 0.034375 0.133333
8 0.037891 0.812500 0.075781 0.075000
5 0.489453 0.797917 0.036719 0.009722
5 0.489453 0.797917 0.036719 0.009722
5 0.489453 0.797917 0.036719 0.009722
5 0.489453 0.787500 0.036719 0.008333
5 0.489453 0.787500 0.036719 0.008333
5 0.489453 0.787500 0.036719 0.008333
5 0.485938 0.777083 0.043750 0.009722
5 0.485938 0.777083 0.043750 0.009722
5 0.485938 0.777083 0.043750 0.009722
5 0.485938 0.765278 0.043750 0.008333
5 0.485938 0.765278 0.043750 0.008333
5 0.485938 0.765278 0.043750 0.008333
6 0.465625 0.770139 0.050000 0.090278
6 0.479687 0.770833 0.043750 0.077778
6 0.467578 0.688889 0.053906 0.091667
6 0.474609 0.770139 0.046094 0.084722
6 0.372266 0.754861 0.088281 0.090278
6 0.375781 0.772917 0.100000 0.126389
7 0.178906 0.860417 0.187500 0.054167
7 0.101562 0.879167 0.203125 0.066667
7 0.006250 0.821528 0.012500 0.023611
7 0.233594 0.798611 0.000000 0.000000
7 0.149609 0.818056 0.071094 0.019444
8 0.254297 0.806944 0.096094 0.055556
5 0.255859 0.782639 0.083594 0.015278
8 0.152344 0.805556 0.073438 0.052778
5 0.168359 0.782639 0.089844 0.015278
8 0.310156 0.804167 0.029687 0.038889
5 0.311719 0.779861 0.026562 0.009722
8 0.316016 0.805556 0.011719 0.030556
5 0.310937 0.780556 0.000000 0.005556
8 0.316797 0.804861 0.010156 0.029167
8 0.453516 0.798611 0.016406 0.041667
5 0.441797 0.779167 0.030469 0.008333
8 0.455859 0.797917 0.028906 0.040278
5 0.462109 0.779167 0.008594 0.008333
8 0.448828 0.800000 0.014844 0.044444
5 0.447266 0.779167 0.010156 0.008333
8 0.439063 0.789583 0.014063 0.023611
5 0.434766 0.779861 0.013281 0.009722
8 0.934375 0.791667 0.021875 0.000000
8 0.917578 0.800694 0.005469 0.018056
8 0.943359 0.802083 0.013281 0.020833
8 0.900000 0.809028 0.001563 0.004167
8 0.907813 0.799306 0.012500 0.015278
8 0.923438 0.802778 0.012500 0.022222
8 0.922656 0.802778 0.042188 0.022222
5 0.928125 0.780556 0.000000 0.000000
8 0.925000 0.802778 0.053125 0.050000
5 0.923047 0.779861 0.049219 0.009722
8 0.942187 0.801389 0.018750 0.041667
5 0.946094 0.779167 0.009375 0.008333
8 0.915234 0.802778 0.033594 0.041667
5 0.913672 0.784028 0.016406 0.001389
0 0.828516 0.668750 0.147656 0.390278
0 0.767578 0.708333 0.061719 0.236111
0 0.570703 0.731944 0.044531 0.147222
1 0.056641 0.752778 0.088281 0.100000
1 0.041406 0.752778 0.082812 0.100000
1 0.012891 0.752778 0.025781 0.100000
1 0.002734 0.752778 0.005469 0.100000
2 0.975000 0.811111 0.048438 0.094444
2 0.897656 0.770833 0.000000 0.002778
2 0.892578 0.750694 0.010156 0.034722
2 0.890234 0.713194 0.011719 0.037500
5 0.106641 0.709722 0.133594 0.022222
5 0.105469 0.729167 0.132812 0.019444
5 0.105859 0.747917 0.133594 0.020833
5 0.104688 0.768750 0.132812 0.018056
5 0.103906 0.810417 0.132812 0.020833
5 0.103906 0.790278 0.132812 0.019444
5 0.069922 0.843056 0.067969 0.008333
5 0.103125 0.827778 0.132812 0.022222
5 0.235156 0.747917 0.126562 0.020833
5 0.235156 0.768750 0.126562 0.018056
5 0.233984 0.810417 0.127344 0.020833
5 0.234375 0.790278 0.126562 0.019444
5 0.273828 0.850000 0.046094 0.025000
5 0.233984 0.828472 0.127344 0.023611
5 0.235547 0.729167 0.125781 0.019444
5 0.235547 0.709028 0.125781 0.023611
5 0.382031 0.747917 0.117188 0.020833
5 0.381641 0.768056 0.117969 0.019444
5 0.381641 0.811111 0.117969 0.022222
5 0.381641 0.790278 0.117969 0.019444
5 0.381250 0.850000 0.118750 0.025000
5 0.381250 0.829861 0.118750 0.023611
5 0.382031 0.728472 0.117188 0.020833
5 0.382031 0.708333 0.117188 0.022222
5 0.383203 0.589583 0.116406 0.031944
5 0.383203 0.610417 0.116406 0.031944
5 0.382812 0.650694 0.117188 0.026389
5 0.382812 0.631250 0.117188 0.029167
5 0.382422 0.689583 0.116406 0.023611
5 0.382812 0.670139 0.117188 0.026389
5 0.383203 0.572917 0.116406 0.034722
5 0.383594 0.552083 0.115625 0.034722