3 0.499609 0.852778 0.999219 0.291667
4 0.376953 0.813194 0.008594 0.076389
4 0.375781 0.863194 0.034375 0.095833
4 0.395703 0.900694 0.011719 0.101389
4 0.389844 0.937500 0.043750 0.116667
4 0.416406 0.963889 0.004687 0.063889
4 0.410938 0.988889 0.045312 0.019444
8 0.481250 0.992361 0.070312 0.012500
8 0.997656 0.827778 0.003125 0.008333
5 0.359375 0.711111 0.046875 0.013889
5 0.359375 0.711111 0.046875 0.013889
5 0.359375 0.711111 0.046875 0.013889
5 0.359375 0.700000 0.046875 0.013889
5 0.359375 0.700000 0.046875 0.013889
5 0.359375 0.700000 0.046875 0.013889
5 0.359375 0.720139 0.046875 0.012500
5 0.359375 0.720139 0.046875 0.012500
5 0.359375 0.720139 0.046875 0.012500
5 0.425781 0.718056 0.046875 0.011111
5 0.425781 0.718056 0.046875 0.011111
5 0.425781 0.718056 0.046875 0.011111
5 0.425781 0.709028 0.046875 0.012500
5 0.425781 0.709028 0.046875 0.012500
5 0.425781 0.709028 0.046875 0.012500
5 0.419141 0.699306 0.033594 0.012500
5 0.419141 0.699306 0.033594 0.012500
5 0.419141 0.699306 0.033594 0.012500
5 0.425781 0.688889 0.046875 0.013889
5 0.425781 0.688889 0.046875 0.013889
5 0.425781 0.688889 0.046875 0.013889
6 0.503125 0.747917 0.034375 0.051389
6 0.479687 0.733333 0.035937 0.072222
6 0.504687 0.688194 0.037500 0.081944
6 0.483203 0.736806 0.028906 0.065278
6 0.517969 0.820833 0.064062 0.108333
6 0.546484 0.840972 0.075781 0.112500
7 0.248828 0.938194 0.041406 0.051389
7 0.329688 0.802083 0.059375 0.020833
7 0.333984 0.873611 0.074219 0.027778
8 0.534766 0.920833 0.011719 0.044444
5 0.530859 0.905556 0.019531 0.036111
8 0.433203 0.934722 0.017969 0.077778
5 0.457422 0.911806 0.057031 0.037500
8 0.441797 0.830556 0.063281 0.050000
5 0.441016 0.813194 0.057031 0.018056
8 0.437891 0.816667 0.060156 0.047222
5 0.437109 0.797917 0.053906 0.012500
8 0.407031 0.806250 0.007812 0.043056
5 0.428906 0.789583 0.048438 0.015278
8 0.427344 0.793750 0.051562 0.037500
5 0.428125 0.777083 0.050000 0.009722
8 0.472266 0.801389 0.005469 0.036111
5 0.473047 0.788194 0.003906 0.012500
8 0.490625 0.792361 0.051562 0.043056
5 0.491016 0.775694 0.049219 0.012500
8 0.879687 0.761111 0.001563 0.000000
5 0.878516 0.731944 0.011719 0.005556
8 0.823438 0.727778 0.010937 0.008333
5 0.824219 0.725694 0.009375 0.006944
8 0.881250 0.751389 0.017188 0.019444
5 0.886328 0.738194 0.027344 0.006944
8 0.899219 0.762500 0.053125 0.025000
5 0.897656 0.748611 0.050000 0.011111
8 0.793750 0.727083 0.051562 0.004167
5 0.815625 0.727778 0.001563 0.002778
5 0.822266 0.733333 0.013281 0.005556
5 0.822656 0.737500 0.012500 0.002778
8 0.980469 0.813194 0.037500 0.012500
5 0.979688 0.786806 0.037500 0.009722
8 0.939844 0.804167 0.053125 0.036111
5 0.941016 0.793056 0.049219 0.019444
8 0.900781 0.814583 0.056250 0.043056
5 0.898438 0.794444 0.051562 0.019444
8 0.929688 0.772917 0.064062 0.023611
5 0.929688 0.763889 0.048438 0.013889
8 0.956250 0.786806 0.067187 0.034722
5 0.955469 0.773611 0.060937 0.013889
8 0.908203 0.786806 0.047656 0.029167
5 0.911328 0.778472 0.049219 0.018056
8 0.884766 0.797917 0.024219 0.029167
5 0.882812 0.777778 0.020313 0.013889
0 0.946094 0.847917 0.106250 0.301389
0 0.791797 0.750000 0.074219 0.202778
0 0.527344 0.677778 0.037500 0.130556
1 0.032031 0.697222 0.064062 0.100000
1 0.027734 0.703472 0.055469 0.104167
1 0.951562 0.695833 0.071875 0.105556
2 0.924609 0.696528 0.005469 0.001389
2 0.935937 0.655556 0.034375 0.002778
2 0.966016 0.675000 0.036719 0.030556
2 0.951953 0.712500 0.049219 0.033333
2 0.938672 0.656250 0.022656 0.001389
2 0.951562 0.656250 0.015625 0.001389
2 0.946094 0.672917 0.020313 0.029167
2 0.965234 0.658333 0.016406 0.000000
1 0.911719 0.696528 0.070312 0.104167
2 0.884766 0.708333 0.010156 0.030556
2 0.900391 0.694444 0.000781 0.000000
2 0.898047 0.669444 0.036719 0.030556
2 0.927734 0.675694 0.032031 0.031944
2 0.916406 0.714583 0.056250 0.037500
2 0.888672 0.670833 0.002344 0.027778
2 0.917188 0.656944 0.010937 0.000000
2 0.908984 0.672917 0.017969 0.029167
2 0.923438 0.659722 0.009375 0.000000
1 0.976562 0.713194 0.037500 0.106944
2 0.968750 0.727083 0.010937 0.020833
2 0.980078 0.686111 0.038281 0.027778
2 0.996484 0.697222 0.005469 0.033333
2 0.984766 0.742361 0.019531 0.034722
2 0.983984 0.688889 0.025781 0.027778
2 0.995313 0.675694 0.007812 0.001389
2 0.990625 0.695139 0.017188 0.034722
2 0.692969 0.706944 0.015625 0.036111
2 0.725391 0.715972 0.049219 0.037500
2 0.759375 0.716667 0.017188 0.030556
2 0.725391 0.686111 0.049219 0.036111
2 0.759375 0.686806 0.017188 0.031944
2 0.725391 0.656250 0.049219 0.034722
2 0.753906 0.654861 0.028125 0.034722
5 0.485547 0.903472 0.085156 0.040278
5 0.485547 0.920833 0.085156 0.038889
5 0.485547 0.935417 0.085156 0.037500
5 0.485547 0.950694 0.085156 0.040278
5 0.485547 0.979861 0.085156 0.037500
5 0.485547 0.965972 0.085156 0.040278
5 0.475000 0.995139 0.064062 0.006944
5 0.485547 0.988194 0.085156 0.020833
5 0.585938 0.928472 0.089063 0.034722
5 0.585938 0.944444 0.089063 0.036111
5 0.585938 0.975000 0.089063 0.038889
5 0.585938 0.959028 0.089063 0.037500
5 0.579688 0.991667 0.076563 0.013889
5 0.585938 0.984028 0.089063 0.029167
5 0.585938 0.914583 0.089063 0.037500
5 0.585938 0.897917 0.089063 0.037500
5 0.693359 0.922917 0.092969 0.034722
5 0.693359 0.938194 0.092969 0.037500
5 0.693750 0.968750 0.092188 0.037500
5 0.693750 0.953472 0.092188 0.037500
5 0.693750 0.987500 0.092188 0.022222
5 0.693750 0.980556 0.092188 0.036111
5 0.693359 0.909722 0.092969 0.036111
5 0.693359 0.894444 0.092969 0.033333
5 0.693359 0.806250 0.092969 0.029167
5 0.693359 0.821528 0.092969 0.031944
5 0.693359 0.852083 0.092969 0.031944
5 0.693359 0.836806 0.092969 0.031944
5 0.693359 0.881250 0.092969 0.034722
5 0.693359 0.865972 0.092969 0.031944
5 0.693359 0.792361 0.092969 0.031944
5 0.693359 0.777083 0.092969 0.029167