3 0.480859 0.846528 0.961719 0.304167
4 0.374219 0.851389 0.009375 0.080556
4 0.374219 0.924306 0.037500 0.104167
4 0.396094 0.961806 0.003125 0.073611
4 0.390625 0.984722 0.037500 0.027778
5 0.353125 0.704861 0.048438 0.015278
5 0.353125 0.704861 0.048438 0.015278
5 0.353125 0.704861 0.048438 0.015278
5 0.353125 0.693750 0.048438 0.015278
5 0.353125 0.693750 0.048438 0.015278
5 0.353125 0.693750 0.048438 0.015278
5 0.353125 0.713889 0.048438 0.013889
5 0.353125 0.713889 0.048438 0.013889
5 0.353125 0.713889 0.048438 0.013889
5 0.421875 0.711806 0.048438 0.012500
5 0.421875 0.711806 0.048438 0.012500
5 0.421875 0.711806 0.048438 0.012500
5 0.421875 0.703472 0.048438 0.012500
5 0.421875 0.703472 0.048438 0.012500
5 0.421875 0.703472 0.048438 0.012500
5 0.421875 0.692361 0.048438 0.015278
5 0.421875 0.692361 0.048438 0.015278
5 0.421875 0.692361 0.048438 0.015278
5 0.421875 0.681250 0.048438 0.015278
5 0.421875 0.681250 0.048438 0.015278
5 0.421875 0.681250 0.048438 0.015278
6 0.498828 0.768750 0.046094 0.076389
6 0.482031 0.744444 0.037500 0.083333
6 0.500391 0.701389 0.049219 0.088889
6 0.487109 0.752778 0.038281 0.077778
6 0.517578 0.865972 0.078906 0.120833
6 0.563672 0.904861 0.091406 0.143056
7 0.241406 0.993056 0.040625 0.011111
7 0.323437 0.827083 0.062500 0.023611
7 0.329297 0.926389 0.078906 0.033333
8 0.526563 0.979861 0.056250 0.034722
5 0.535547 0.980556 0.064844 0.036111
8 0.454297 0.984028 0.055469 0.029167
5 0.456641 0.983333 0.050781 0.030556
8 0.442578 0.869444 0.066406 0.055556
5 0.441406 0.852083 0.059375 0.023611
8 0.437891 0.847917 0.063281 0.048611
5 0.437109 0.833333 0.057031 0.019444
8 0.427734 0.836111 0.053906 0.047222
5 0.428125 0.818056 0.051562 0.019444
8 0.426563 0.810417 0.056250 0.031944
5 0.426172 0.802083 0.052344 0.015278
8 0.498047 0.829861 0.057031 0.045833
5 0.499219 0.815278 0.054688 0.019444
8 0.494141 0.816667 0.058594 0.047222
5 0.493359 0.800000 0.053906 0.016667
8 0.478125 0.824306 0.000000 0.001389
8 0.854297 0.745139 0.014844 0.006944
5 0.867188 0.739583 0.040625 0.012500
8 0.854297 0.735417 0.053906 0.018056
5 0.853516 0.729167 0.049219 0.011111
8 0.874609 0.762500 0.025781 0.036111
5 0.875781 0.748611 0.023438 0.013889
8 0.883984 0.770139 0.007031 0.031944
5 0.885156 0.757639 0.004687 0.009722
8 0.803125 0.739583 0.053125 0.023611
5 0.802344 0.731250 0.048438 0.012500
8 0.792969 0.743750 0.003125 0.012500
5 0.816016 0.738194 0.046094 0.006944
8 0.842578 0.763194 0.046094 0.037500
5 0.846875 0.748611 0.031250 0.011111
8 0.858984 0.777083 0.052344 0.029167
5 0.856250 0.761111 0.050000 0.013889
8 0.953906 0.844444 0.014063 0.036111
5 0.954297 0.821528 0.014844 0.023611
8 0.917578 0.834028 0.066406 0.040278
5 0.887500 0.816667 0.000000 0.008333
8 0.958203 0.786111 0.000781 0.000000
5 0.953516 0.781944 0.013281 0.008333
8 0.957422 0.802778 0.008594 0.008333
5 0.954297 0.794444 0.014844 0.016667
8 0.954297 0.822222 0.014844 0.033333
5 0.952734 0.803472 0.011719 0.012500
8 0.870703 0.818750 0.032031 0.051389
5 0.872266 0.802778 0.030469 0.022222
0 0.953906 0.880556 0.015625 0.236111
0 0.819531 0.780556 0.103125 0.225000
0 0.523828 0.674306 0.046094 0.137500
1 0.023828 0.697222 0.047656 0.105556
1 0.019141 0.705556 0.038281 0.111111
1 0.955078 0.665972 0.013281 0.056944
2 0.955078 0.649306 0.014844 0.001389
2 0.961719 0.672917 0.001563 0.029167
2 0.954688 0.695833 0.014063 0.002778
2 0.952344 0.653472 0.009375 0.004167
2 0.959375 0.652083 0.006250 0.001389
2 0.955469 0.670139 0.014063 0.031944
1 0.923438 0.686111 0.073438 0.094444
2 0.951953 0.674306 0.008594 0.031944
2 0.696484 0.699306 0.016406 0.040278
2 0.730859 0.711806 0.050781 0.040278
2 0.776953 0.713889 0.039844 0.033333
2 0.730859 0.680556 0.050781 0.038889
2 0.776953 0.681944 0.039844 0.033333
2 0.730859 0.649306 0.050781 0.040278
2 0.770703 0.648611 0.052344 0.038889
5 0.491406 0.988889 0.087500 0.019444
5 0.498047 0.997222 0.035156 0.002778
5 0.579688 0.994444 0.053125 0.008333
5 0.600000 0.986111 0.093750 0.025000
5 0.696094 0.997222 0.059375 0.002778
5 0.706641 0.991667 0.080469 0.013889
5 0.717187 0.984028 0.101562 0.029167
5 0.717578 0.898611 0.100781 0.041667
5 0.717578 0.914583 0.100781 0.043056
5 0.717578 0.947222 0.100781 0.044444
5 0.717578 0.931250 0.100781 0.043056
5 0.717187 0.976389 0.101562 0.044444
5 0.717187 0.962500 0.101562 0.044444
5 0.717578 0.884028 0.100781 0.040278
5 0.717578 0.865278 0.100781 0.044444