3 0.499609 0.871528 0.999219 0.254167
4 0.129297 0.706944 0.008594 0.044444
8 0.656641 0.728472 0.019531 0.054167
6 0.246875 0.702778 0.015625 0.066667
6 0.229687 0.700000 0.048438 0.072222
7 0.172656 0.753472 0.142187 0.040278
7 0.241016 0.752083 0.025781 0.031944
7 0.032422 0.758333 0.064844 0.047222
7 0.154688 0.735417 0.028125 0.001389
8 0.135547 0.725000 0.021094 0.022222
5 0.133594 0.714583 0.017188 0.006944
8 0.813281 0.737500 0.001563 0.000000
8 0.806641 0.731250 0.017969 0.015278
8 0.794141 0.725694 0.042969 0.001389
8 0.785547 0.732639 0.055469 0.015278
8 0.756250 0.741667 0.009375 0.013889
8 0.762500 0.736111 0.051562 0.025000
5 0.738672 0.717361 0.000781 0.001389
8 0.738281 0.732639 0.062500 0.040278
5 0.741016 0.713889 0.044531 0.008333
8 0.789062 0.732639 0.057813 0.043056
5 0.791016 0.713889 0.053906 0.008333
8 0.692187 0.732639 0.060937 0.040278
5 0.694922 0.713889 0.049219 0.008333
8 0.658984 0.730556 0.024219 0.019444
8 0.790625 0.732639 0.054688 0.034722
5 0.791406 0.715972 0.043750 0.004167
8 0.782422 0.732639 0.066406 0.037500
5 0.765234 0.715972 0.028906 0.004167
8 0.717969 0.734722 0.053125 0.033333
5 0.720703 0.716667 0.035156 0.002778
8 0.676562 0.732639 0.051562 0.034722
8 0.660547 0.732639 0.027344 0.054167
5 0.657422 0.708333 0.021094 0.011111
8 0.673828 0.732639 0.053906 0.051389
5 0.682031 0.709722 0.026562 0.011111
0 0.316797 0.533333 0.083594 0.033333
0 0.564453 0.575000 0.033594 0.008333
1 0.248438 0.674306 0.010937 0.001389
1 0.224219 0.702778 0.056250 0.063889
1 0.196875 0.702083 0.043750 0.065278
1 0.182031 0.700694 0.057813 0.056944
1 0.158203 0.702083 0.042969 0.065278
1 0.136719 0.703472 0.021875 0.051389
1 0.033203 0.658333 0.066406 0.013889
1 0.019531 0.661806 0.004687 0.006944
2 0.908203 0.721528 0.182031 0.140278
2 0.907031 0.586111 0.184375 0.144444
2 0.624219 0.635417 0.043750 0.095833
2 0.517969 0.615972 0.062500 0.118056
2 0.518359 0.723611 0.063281 0.113889
2 0.624609 0.725000 0.044531 0.094444
2 0.575391 0.626389 0.052344 0.105556
2 0.370312 0.602778 0.231250 0.130556
2 0.369922 0.722917 0.232031 0.126389
2 0.576172 0.724306 0.052344 0.101389
2 0.814063 0.727083 0.003125 0.001389
2 0.807031 0.694444 0.020313 0.027778
2 0.806641 0.662500 0.021094 0.033333
5 0.012500 0.672222 0.010937 0.005556
5 0.012109 0.684028 0.011719 0.004167
5 0.008594 0.695139 0.017188 0.006944
5 0.011719 0.705556 0.010937 0.005556
5 0.010937 0.728472 0.010937 0.004167
5 0.011328 0.717361 0.011719 0.004167
5 0.011719 0.736111 0.009375 0.000000
5 0.037109 0.693056 0.074219 0.011111
5 0.032813 0.704167 0.065625 0.011111
5 0.032422 0.727083 0.064844 0.009722
5 0.036719 0.715972 0.073438 0.009722
5 0.059375 0.748611 0.026562 0.008333
5 0.032422 0.738194 0.064844 0.009722
5 0.037109 0.681944 0.074219 0.011111
5 0.033203 0.670833 0.066406 0.011111
5 0.096094 0.690972 0.081250 0.012500
5 0.095312 0.702778 0.081250 0.011111
5 0.094922 0.727083 0.082031 0.009722
5 0.095312 0.715278 0.081250 0.011111
5 0.086719 0.750000 0.059375 0.011111
5 0.094922 0.738194 0.082031 0.009722
5 0.096094 0.680556 0.081250 0.011111
5 0.096094 0.668750 0.081250 0.012500
5 0.097656 0.600694 0.081250 0.015278
5 0.097656 0.612500 0.081250 0.013889
5 0.096875 0.635417 0.081250 0.012500
5 0.097266 0.624306 0.080469 0.015278
5 0.096875 0.657639 0.081250 0.012500
5 0.096875 0.646528 0.081250 0.012500
5 0.098047 0.589583 0.080469 0.015278
5 0.098437 0.578472 0.081250 0.015278