3 0.499609 0.803472 0.999219 0.390278
5 0.700391 0.822917 0.096094 0.048611
5 0.700391 0.822917 0.096094 0.048611
5 0.700391 0.822917 0.096094 0.048611
5 0.700391 0.800000 0.096094 0.055556
5 0.700391 0.800000 0.096094 0.055556
5 0.700391 0.800000 0.096094 0.055556
5 0.700391 0.840278 0.096094 0.047222
5 0.700391 0.840278 0.096094 0.047222
5 0.700391 0.840278 0.096094 0.047222
5 0.796484 0.885417 0.078906 0.051389
5 0.796484 0.885417 0.078906 0.051389
5 0.796484 0.885417 0.078906 0.051389
5 0.795312 0.867361 0.076563 0.054167
5 0.795312 0.867361 0.076563 0.054167
5 0.795312 0.867361 0.076563 0.054167
5 0.808594 0.847917 0.103125 0.054167
5 0.808594 0.847917 0.103125 0.054167
5 0.808594 0.847917 0.103125 0.054167
5 0.808594 0.822222 0.103125 0.061111
5 0.808594 0.822222 0.103125 0.061111
5 0.808594 0.822222 0.103125 0.061111
6 0.487109 0.966667 0.141406 0.063889
6 0.269531 0.935417 0.170313 0.126389
6 0.407813 0.988889 0.068750 0.019444
7 0.023828 0.643056 0.038281 0.022222
7 0.070703 0.633333 0.016406 0.019444
0 0.846875 0.865278 0.164062 0.266667
1 0.293750 0.661111 0.093750 0.152778
1 0.248438 0.671528 0.095312 0.159722
1 0.238672 0.631944 0.086719 0.125000
1 0.194922 0.649306 0.088281 0.148611
1 0.191797 0.613889 0.080469 0.116667
1 0.161328 0.630556 0.057031 0.138889
1 0.167187 0.574306 0.070312 0.109722