3 0.499609 0.830556 0.999219 0.336111
4 0.196484 0.772222 0.002344 0.013889
4 0.057422 0.842361 0.019531 0.090278
8 0.659375 0.977083 0.121875 0.043056
5 0.523438 0.706944 0.050000 0.011111
5 0.523438 0.706944 0.050000 0.011111
5 0.523438 0.706944 0.050000 0.011111
5 0.523438 0.694444 0.050000 0.016667
5 0.523438 0.694444 0.050000 0.016667
5 0.523438 0.694444 0.050000 0.016667
5 0.523438 0.715278 0.050000 0.011111
5 0.523438 0.715278 0.050000 0.011111
5 0.523438 0.715278 0.050000 0.011111
5 0.575000 0.722917 0.031250 0.009722
5 0.575000 0.722917 0.031250 0.009722
5 0.575000 0.722917 0.031250 0.009722
5 0.577344 0.714583 0.018750 0.006944
5 0.577344 0.714583 0.018750 0.006944
5 0.577344 0.714583 0.018750 0.006944
5 0.576172 0.702778 0.022656 0.005556
5 0.576172 0.702778 0.022656 0.005556
5 0.576172 0.702778 0.022656 0.005556
5 0.580859 0.686806 0.042969 0.009722
5 0.580859 0.686806 0.042969 0.009722
5 0.580859 0.686806 0.042969 0.009722
6 0.430078 0.769444 0.061719 0.088889
6 0.489063 0.745139 0.053125 0.084722
6 0.431250 0.697917 0.064062 0.087500
6 0.460938 0.756250 0.057813 0.087500
6 0.230469 0.831250 0.082812 0.115278
6 0.175000 0.862500 0.064062 0.127778
7 0.258203 0.781944 0.036719 0.008333
7 0.094922 0.847917 0.063281 0.031944
7 0.017578 0.682639 0.000781 0.006944
7 0.035937 0.677778 0.035937 0.011111
8 0.046875 0.919444 0.039062 0.050000
5 0.044531 0.899306 0.034375 0.020833
8 0.280859 0.823611 0.014844 0.033333
5 0.282031 0.801389 0.020313 0.019444
5 0.282031 0.788194 0.020313 0.009722
5 0.332031 0.772222 0.001563 0.000000
8 0.376172 0.814583 0.010156 0.037500
5 0.353516 0.797222 0.046094 0.013889
8 0.391797 0.806944 0.036719 0.041667
5 0.388281 0.788889 0.034375 0.019444
8 0.310156 0.830556 0.045312 0.044444
5 0.310937 0.810417 0.043750 0.018056
8 0.281641 0.839583 0.017969 0.023611
5 0.282031 0.822917 0.020313 0.023611
8 0.911328 0.827778 0.066406 0.047222
5 0.908984 0.812500 0.061719 0.019444
8 0.919922 0.818750 0.066406 0.051389
5 0.919141 0.802778 0.060156 0.022222
8 0.903125 0.848611 0.071875 0.050000
5 0.906250 0.827778 0.056250 0.025000
8 0.894141 0.859028 0.067969 0.059722
5 0.891797 0.840972 0.063281 0.026389
8 0.850391 0.807639 0.064844 0.034722
5 0.849609 0.793750 0.058594 0.020833
8 0.836328 0.814583 0.064844 0.026389
5 0.836719 0.802778 0.060937 0.019444
8 0.833984 0.834722 0.060156 0.041667
5 0.827344 0.815972 0.046875 0.023611
8 0.816016 0.849306 0.067969 0.045833
5 0.814063 0.829167 0.064062 0.025000
8 0.800781 0.943750 0.076563 0.073611
5 0.800781 0.917361 0.067187 0.040278
8 0.869922 0.954167 0.075781 0.086111
5 0.869531 0.931250 0.067187 0.043056
8 0.736328 0.936806 0.064844 0.062500
5 0.738281 0.906944 0.060937 0.038889
8 0.680859 0.919444 0.074219 0.069444
5 0.692578 0.894444 0.041406 0.036111
8 0.859375 0.886111 0.078125 0.061111
5 0.858594 0.868056 0.070312 0.027778
8 0.849609 0.901389 0.082031 0.058333
5 0.848047 0.888194 0.074219 0.031944
8 0.772266 0.899306 0.069531 0.054167
5 0.766406 0.879861 0.050000 0.034722
8 0.713672 0.890278 0.069531 0.058333
5 0.713672 0.868750 0.061719 0.031944
0 0.270313 0.881944 0.125000 0.233333
0 0.559375 0.815972 0.114062 0.259722
0 0.621875 0.689583 0.060937 0.143056
1 0.245703 0.661111 0.066406 0.088889
1 0.224609 0.665972 0.066406 0.090278
1 0.194531 0.658333 0.065625 0.083333
1 0.171094 0.658333 0.067187 0.083333
1 0.140234 0.652778 0.049219 0.083333
1 0.123438 0.656944 0.065625 0.086111
1 0.081641 0.638194 0.060156 0.076389
1 0.002734 0.702778 0.005469 0.100000
2 0.462500 0.997222 0.017188 0.002778
2 0.949609 0.759722 0.010156 0.050000
2 0.859766 0.768056 0.052344 0.041667
2 0.915234 0.772222 0.057031 0.047222
2 0.859766 0.730556 0.052344 0.044444
2 0.915234 0.735417 0.057031 0.048611
2 0.862109 0.689583 0.057031 0.048611
2 0.915234 0.695139 0.057031 0.051389
5 0.020313 0.953472 0.040625 0.034722
5 0.020313 0.968750 0.040625 0.034722
5 0.020313 0.989583 0.040625 0.018056
5 0.020313 0.981944 0.040625 0.033333
5 0.028516 0.996528 0.024219 0.004167
5 0.020313 0.939583 0.040625 0.031944
5 0.020313 0.925000 0.040625 0.033333
5 0.020313 0.838194 0.040625 0.029167
5 0.020313 0.852778 0.040625 0.030556
5 0.020313 0.882639 0.040625 0.029167
5 0.020313 0.868056 0.040625 0.030556
5 0.020313 0.911111 0.040625 0.030556
5 0.020313 0.896528 0.040625 0.031944
5 0.020313 0.823611 0.040625 0.027778
5 0.020313 0.806944 0.040625 0.033333