3 0.499609 0.920833 0.999219 0.155556
7 0.874609 0.872917 0.011719 0.012500
7 0.932031 0.860417 0.045312 0.015278
7 0.901172 0.864583 0.046094 0.015278
7 0.534375 0.918056 0.048438 0.022222
7 0.582422 0.909722 0.044531 0.022222
7 0.690625 0.894444 0.046875 0.019444
7 0.650000 0.900694 0.029687 0.020833
7 0.428125 0.938889 0.001563 0.013889
7 0.462500 0.927083 0.048438 0.023611
5 0.813281 0.988194 0.062500 0.020833
5 0.753125 0.991667 0.046875 0.013889
8 0.942578 0.977083 0.080469 0.037500
5 0.943750 0.964583 0.071875 0.023611
8 0.905469 0.977778 0.081250 0.025000
5 0.906641 0.972222 0.072656 0.025000
8 0.984375 0.979861 0.020313 0.006944
5 0.989453 0.977778 0.019531 0.013889
8 0.950391 0.991667 0.028906 0.013889
5 0.970313 0.988194 0.057813 0.020833
0 0.989453 0.800000 0.019531 0.108333
0 0.783594 0.810417 0.062500 0.098611
0 0.733984 0.940972 0.153906 0.115278
1 0.056641 0.918750 0.113281 0.159722
2 0.015625 0.948611 0.031250 0.050000
2 0.012500 0.938889 0.025000 0.036111
2 0.016016 0.886111 0.032031 0.052778
2 0.090625 0.865972 0.034375 0.023611
2 0.031250 0.934028 0.009375 0.029167
2 0.043359 0.872222 0.028906 0.022222
2 0.037109 0.860417 0.027344 0.004167
2 0.068750 0.870139 0.029687 0.020833
2 0.063281 0.857639 0.028125 0.004167
1 0.089453 0.927778 0.136719 0.141667
2 0.049609 0.975694 0.033594 0.045833
2 0.043359 0.974306 0.033594 0.048611
2 0.048047 0.911806 0.041406 0.059722
2 0.132031 0.891667 0.039062 0.033333
2 0.069531 0.974306 0.020313 0.048611
2 0.080078 0.911111 0.033594 0.055556
2 0.072656 0.881944 0.031250 0.005556
2 0.108203 0.895833 0.033594 0.030556
2 0.100000 0.879861 0.031250 0.004167
1 0.140234 0.940278 0.153906 0.116667
2 0.086328 0.997917 0.017969 0.001389
2 0.075781 0.993750 0.012500 0.009722
2 0.093750 0.947917 0.048438 0.070833
2 0.187891 0.909722 0.046094 0.016667
2 0.130078 0.920139 0.039844 0.012500
2 0.121875 0.911806 0.037500 0.006944
2 0.162109 0.915972 0.038281 0.012500
2 0.151562 0.909028 0.035937 0.006944
1 0.154688 0.946528 0.142187 0.104167
2 0.116016 0.962500 0.052344 0.072222
2 0.207813 0.951389 0.035937 0.072222
2 0.218750 0.997917 0.010937 0.001389
2 0.154688 0.962500 0.042188 0.069444
2 0.144922 0.926389 0.039844 0.008333
2 0.187891 0.959028 0.041406 0.068056
2 0.177344 0.923611 0.040625 0.008333
2 0.766016 0.926389 0.067969 0.044444
2 0.839844 0.912500 0.059375 0.044444
2 0.829297 0.870139 0.078906 0.045833
2 0.764453 0.880556 0.080469 0.052778
2 0.918359 0.912500 0.097656 0.063889
2 0.968750 0.877778 0.060937 0.013889
2 0.918750 0.955556 0.096875 0.050000
2 0.951953 0.905556 0.094531 0.061111
2 0.983984 0.869444 0.030469 0.008333
2 0.983594 0.955556 0.031250 0.047222
2 0.888672 0.989583 0.113281 0.018056
2 0.956641 0.997917 0.016406 0.001389