3 0.491797 0.902778 0.983594 0.191667
4 0.099219 0.879861 0.004687 0.051389
4 0.205078 0.828472 0.002344 0.029167
8 0.339453 0.816667 0.010156 0.011111
5 0.320312 0.796528 0.031250 0.006944
5 0.320312 0.796528 0.031250 0.006944
5 0.320312 0.796528 0.031250 0.006944
5 0.320312 0.790278 0.031250 0.005556
5 0.320312 0.790278 0.031250 0.005556
5 0.320312 0.790278 0.031250 0.005556
5 0.320312 0.800694 0.031250 0.001389
5 0.320312 0.800694 0.031250 0.001389
5 0.320312 0.800694 0.031250 0.001389
5 0.278125 0.805556 0.014063 0.005556
5 0.278125 0.805556 0.014063 0.005556
5 0.278125 0.805556 0.014063 0.005556
5 0.278125 0.798611 0.014063 0.005556
5 0.278125 0.798611 0.014063 0.005556
5 0.278125 0.798611 0.014063 0.005556
5 0.278125 0.791667 0.014063 0.005556
5 0.278125 0.791667 0.014063 0.005556
5 0.278125 0.791667 0.014063 0.005556
6 0.362109 0.759722 0.010156 0.038889
6 0.362109 0.783333 0.010156 0.033333
6 0.253125 0.788889 0.023438 0.041667
5 0.923828 0.913194 0.028906 0.026389
5 0.923828 0.913194 0.028906 0.026389
5 0.923828 0.913194 0.028906 0.026389
5 0.923438 0.893750 0.029687 0.029167
5 0.923438 0.893750 0.029687 0.029167
5 0.923438 0.893750 0.029687 0.029167
5 0.924219 0.929861 0.029687 0.026389
5 0.924219 0.929861 0.029687 0.026389
5 0.924219 0.929861 0.029687 0.026389
5 0.952344 0.952778 0.060937 0.033333
5 0.952344 0.952778 0.060937 0.033333
5 0.952344 0.952778 0.060937 0.033333
5 0.951562 0.934722 0.060937 0.033333
5 0.951562 0.934722 0.060937 0.033333
5 0.951562 0.934722 0.060937 0.033333
5 0.951562 0.914583 0.060937 0.031944
5 0.951562 0.914583 0.060937 0.031944
5 0.951562 0.914583 0.060937 0.031944
5 0.950781 0.893056 0.060937 0.030556
5 0.950781 0.893056 0.060937 0.030556
5 0.950781 0.893056 0.060937 0.030556
6 0.331641 0.918750 0.092969 0.131944
6 0.514453 0.916667 0.089844 0.130556
6 0.333203 0.806250 0.092969 0.123611
6 0.423438 0.917361 0.089063 0.131944
7 0.141406 0.864583 0.037500 0.018056
7 0.293750 0.920139 0.039062 0.029167
7 0.012109 0.922222 0.024219 0.027778
7 0.546484 0.827083 0.019531 0.009722
7 0.591016 0.826389 0.019531 0.008333
7 0.438672 0.827778 0.016406 0.011111
7 0.484766 0.827778 0.017969 0.011111
7 0.030469 0.834028 0.000000 0.001389
7 0.007031 0.829167 0.014063 0.011111
7 0.109375 0.829167 0.028125 0.011111
8 0.059375 0.931944 0.076563 0.058333
5 0.058984 0.906944 0.067969 0.013889
8 0.126953 0.931250 0.067969 0.059722
5 0.124219 0.910417 0.064062 0.020833
8 0.182812 0.931250 0.067187 0.059722
5 0.182031 0.909028 0.060937 0.020833
8 0.247656 0.930556 0.062500 0.058333
5 0.246484 0.909028 0.057031 0.020833
8 0.157422 0.947917 0.075781 0.065278
5 0.157422 0.924306 0.067969 0.023611
8 0.227734 0.947917 0.071094 0.065278
5 0.227344 0.924306 0.062500 0.023611
8 0.112500 0.949306 0.045312 0.065278
5 0.110547 0.925694 0.039844 0.023611
8 0.013672 0.958333 0.027344 0.041667
5 0.014063 0.925694 0.028125 0.023611
0 0.845703 0.860417 0.208594 0.276389
1 0.681250 0.815278 0.060937 0.113889
1 0.643750 0.815972 0.048438 0.115278
1 0.660156 0.809722 0.054688 0.105556
1 0.620313 0.809028 0.051562 0.104167
1 0.642578 0.795833 0.046094 0.083333
1 0.604297 0.803472 0.046094 0.098611
1 0.664453 0.791667 0.064844 0.080556
1 0.288672 0.813889 0.085156 0.108333
1 0.294922 0.810417 0.080469 0.104167
1 0.073047 0.811111 0.091406 0.105556
1 0.057422 0.814583 0.096094 0.109722
1 0.853516 0.970833 0.114844 0.055556
1 0.305859 0.975694 0.016406 0.045833
2 0.991016 0.973611 0.016406 0.050000
2 0.989453 0.895139 0.019531 0.118056
5 0.208203 0.825694 0.030469 0.006944
5 0.208203 0.820139 0.030469 0.006944
5 0.208203 0.809028 0.030469 0.006944
5 0.208203 0.814583 0.030469 0.006944
5 0.221094 0.852778 0.021875 0.011111
5 0.225391 0.861111 0.008594 0.008333
5 0.217969 0.858333 0.010937 0.011111
5 0.215234 0.867361 0.010156 0.009722
5 0.189062 0.865972 0.045312 0.012500
5 0.186328 0.875000 0.046094 0.011111
5 0.189062 0.858333 0.045312 0.011111
5 0.186719 0.850694 0.045312 0.012500