3 0.499609 0.877083 0.999219 0.243056
4 0.268750 0.758333 0.000000 0.000000
4 0.073828 0.706250 0.007031 0.062500
4 0.012109 0.715278 0.010156 0.100000
8 0.037500 0.735417 0.075000 0.059722
5 0.458594 0.741667 0.034375 0.008333
5 0.458594 0.741667 0.034375 0.008333
5 0.458594 0.741667 0.034375 0.008333
5 0.462109 0.732639 0.027344 0.006944
5 0.462109 0.732639 0.027344 0.006944
5 0.462109 0.732639 0.027344 0.006944
5 0.464453 0.752778 0.017969 0.002778
5 0.464453 0.752778 0.017969 0.002778
5 0.464453 0.752778 0.017969 0.002778
5 0.510156 0.750694 0.023438 0.006944
5 0.510156 0.750694 0.023438 0.006944
5 0.510156 0.750694 0.023438 0.006944
5 0.510156 0.741667 0.023438 0.008333
5 0.510156 0.741667 0.023438 0.008333
5 0.510156 0.741667 0.023438 0.008333
5 0.510156 0.732639 0.023438 0.006944
5 0.510156 0.732639 0.023438 0.006944
5 0.510156 0.732639 0.023438 0.006944
5 0.510156 0.723611 0.023438 0.008333
5 0.510156 0.723611 0.023438 0.008333
5 0.510156 0.723611 0.023438 0.008333
6 0.458203 0.720833 0.047656 0.072222
6 0.487500 0.724306 0.037500 0.062500
6 0.459766 0.656250 0.049219 0.073611
6 0.473438 0.722222 0.043750 0.069444
6 0.345703 0.715278 0.075781 0.088889
6 0.335938 0.712500 0.056250 0.097222
7 0.119531 0.753472 0.096875 0.029167
7 0.049219 0.754861 0.098437 0.031944
7 0.756641 0.801389 0.485156 0.200000
7 0.295703 0.750000 0.053906 0.011111
7 0.184766 0.750694 0.036719 0.015278
8 0.222656 0.739583 0.039062 0.045833
5 0.223047 0.718750 0.039844 0.009722
8 0.147266 0.737500 0.041406 0.038889
5 0.159766 0.720833 0.016406 0.005556
8 0.326172 0.755556 0.038281 0.005556
8 0.337500 0.755556 0.028125 0.005556
8 0.369531 0.745833 0.046875 0.022222
8 0.411328 0.741667 0.055469 0.033333
5 0.411328 0.726389 0.047656 0.005556
8 0.426953 0.740972 0.053906 0.031944
5 0.442969 0.727083 0.014063 0.006944
8 0.405469 0.740972 0.046875 0.034722
5 0.406641 0.725694 0.036719 0.006944
8 0.398047 0.741667 0.028906 0.036111
5 0.395703 0.724306 0.024219 0.006944
8 0.880859 0.703472 0.008594 0.001389
5 0.929688 0.701389 0.103125 0.005556
5 0.875391 0.704167 0.000781 0.000000
8 0.788672 0.704861 0.105469 0.004167
5 0.787109 0.703472 0.094531 0.006944
5 0.788672 0.706250 0.072656 0.001389
0 0.569141 0.633333 0.092969 0.263889
0 0.662109 0.640972 0.058594 0.134722
1 0.178125 0.713889 0.053125 0.041667
1 0.145313 0.706944 0.045312 0.033333
1 0.107422 0.713194 0.039844 0.037500
1 0.091406 0.705556 0.067187 0.066667
1 0.039453 0.706944 0.036719 0.063889
1 0.036328 0.705556 0.072656 0.066667
1 0.969922 0.675694 0.038281 0.045833
2 0.976172 0.675694 0.016406 0.031944
1 0.984766 0.669444 0.008594 0.061111
2 0.985547 0.668750 0.003906 0.034722
2 0.988281 0.668056 0.001563 0.036111
2 0.818359 0.701389 0.077344 0.005556
2 0.716406 0.703472 0.057813 0.006944
2 0.794141 0.695139 0.036719 0.006944
2 0.840234 0.697917 0.038281 0.012500
2 0.793750 0.674306 0.037500 0.031944
2 0.839453 0.674306 0.038281 0.031944
5 0.107422 0.668056 0.089844 0.013889
5 0.107031 0.681250 0.090625 0.012500
5 0.106641 0.693056 0.089844 0.013889
5 0.106641 0.706250 0.089844 0.012500
5 0.105859 0.733333 0.089844 0.011111
5 0.105859 0.720139 0.089844 0.012500
5 0.106250 0.763194 0.015625 0.001389
5 0.103516 0.739583 0.069531 0.001389
5 0.184766 0.692361 0.088281 0.015278
5 0.184375 0.705556 0.089063 0.013889
5 0.183984 0.732639 0.089844 0.012500
5 0.184375 0.719444 0.089063 0.013889
5 0.191406 0.759028 0.073438 0.012500
5 0.183594 0.745139 0.089063 0.012500
5 0.185156 0.679861 0.089063 0.012500
5 0.185156 0.667361 0.089063 0.015278
5 0.275000 0.690972 0.087500 0.015278
5 0.274609 0.705556 0.088281 0.013889
5 0.274219 0.732639 0.087500 0.012500
5 0.274219 0.718750 0.087500 0.012500
5 0.273828 0.759028 0.088281 0.012500
5 0.273828 0.745139 0.088281 0.012500
5 0.275000 0.678472 0.087500 0.015278
5 0.275000 0.665278 0.087500 0.016667
5 0.276172 0.586111 0.086719 0.019444
5 0.275781 0.600000 0.087500 0.019444
5 0.275781 0.627083 0.087500 0.015278
5 0.275781 0.613889 0.087500 0.019444
5 0.275000 0.652083 0.087500 0.015278
5 0.275391 0.639583 0.086719 0.018056
5 0.276172 0.573611 0.086719 0.019444
5 0.276172 0.560417 0.086719 0.020833