3 0.499609 0.775000 0.999219 0.447222
4 0.005469 0.728472 0.003125 0.043056
8 0.181641 0.585417 0.013281 0.020833
5 0.130078 0.545833 0.036719 0.008333
5 0.130078 0.545833 0.036719 0.008333
5 0.130078 0.545833 0.036719 0.008333
5 0.129688 0.536111 0.035937 0.011111
5 0.129688 0.536111 0.035937 0.011111
5 0.129688 0.536111 0.035937 0.011111
5 0.130078 0.554167 0.036719 0.008333
5 0.130078 0.554167 0.036719 0.008333
5 0.130078 0.554167 0.036719 0.008333
5 0.091797 0.556944 0.038281 0.008333
5 0.091797 0.556944 0.038281 0.008333
5 0.091797 0.556944 0.038281 0.008333
5 0.091797 0.548611 0.038281 0.008333
5 0.091797 0.548611 0.038281 0.008333
5 0.091797 0.548611 0.038281 0.008333
5 0.091797 0.540278 0.038281 0.008333
5 0.091797 0.540278 0.038281 0.008333
5 0.091797 0.540278 0.038281 0.008333
5 0.092969 0.530556 0.040625 0.011111
5 0.092969 0.530556 0.040625 0.011111
5 0.092969 0.530556 0.040625 0.011111
6 0.181250 0.501389 0.012500 0.044444
6 0.181641 0.529861 0.011719 0.048611
6 0.051953 0.538889 0.025781 0.050000
5 0.950391 0.918056 0.097656 0.066667
5 0.950391 0.918056 0.097656 0.066667
5 0.950391 0.918056 0.097656 0.066667
5 0.950391 0.893750 0.097656 0.070833
5 0.950391 0.893750 0.097656 0.070833
5 0.950391 0.893750 0.097656 0.070833
5 0.950391 0.936806 0.097656 0.070833
5 0.950391 0.936806 0.097656 0.070833
5 0.950391 0.936806 0.097656 0.070833
5 0.999219 0.986806 0.000000 0.001389
5 0.999219 0.986806 0.000000 0.001389
5 0.999219 0.986806 0.000000 0.001389
5 0.999219 0.974306 0.000000 0.020833
5 0.999219 0.974306 0.000000 0.020833
5 0.999219 0.974306 0.000000 0.020833
6 0.507422 0.985417 0.132031 0.026389
6 0.242188 0.924306 0.142187 0.148611
6 0.402344 0.993750 0.078125 0.009722
7 0.156250 0.975000 0.050000 0.047222
7 0.416016 0.618750 0.025781 0.018056
7 0.467578 0.616667 0.027344 0.019444
7 0.289844 0.626389 0.021875 0.019444
7 0.344531 0.622917 0.023438 0.020833
0 0.934766 0.917361 0.128906 0.162500
1 0.603516 0.667361 0.078906 0.151389
1 0.554688 0.669444 0.076563 0.158333
1 0.566406 0.631250 0.065625 0.123611
1 0.523438 0.641667 0.068750 0.141667
1 0.539453 0.609722 0.063281 0.113889
1 0.497266 0.619444 0.061719 0.130556
1 0.547266 0.556944 0.074219 0.075000
1 0.105078 0.687500 0.091406 0.150000
1 0.108984 0.660417 0.082031 0.123611
5 0.008984 0.625000 0.017969 0.013889
5 0.008984 0.618056 0.017969 0.013889
5 0.008984 0.604167 0.017969 0.013889
5 0.008984 0.611111 0.017969 0.013889
5 0.020313 0.732639 0.040625 0.023611
5 0.018750 0.744444 0.037500 0.019444
5 0.015234 0.755556 0.030469 0.027778
5 0.022266 0.768750 0.010156 0.020833
5 0.008594 0.785417 0.017188 0.029167
5 0.006641 0.799306 0.013281 0.023611
5 0.008203 0.775000 0.016406 0.027778
5 0.006641 0.765972 0.013281 0.029167