3 0.499609 0.930556 0.999219 0.136111
5 0.185547 0.913194 0.088281 0.034722
5 0.185547 0.913194 0.088281 0.034722
5 0.185547 0.913194 0.088281 0.034722
5 0.185938 0.893750 0.089063 0.034722
5 0.185938 0.893750 0.089063 0.034722
5 0.185938 0.893750 0.089063 0.034722
5 0.185547 0.930556 0.088281 0.033333
5 0.185547 0.930556 0.088281 0.033333
5 0.185547 0.930556 0.088281 0.033333
5 0.308594 0.919444 0.087500 0.030556
5 0.308594 0.919444 0.087500 0.030556
5 0.308594 0.919444 0.087500 0.030556
5 0.308594 0.902778 0.087500 0.033333
5 0.308594 0.902778 0.087500 0.033333
5 0.308594 0.902778 0.087500 0.033333
5 0.308594 0.884028 0.087500 0.029167
5 0.308594 0.884028 0.087500 0.029167
5 0.308594 0.884028 0.087500 0.029167
5 0.308594 0.866667 0.087500 0.030556
5 0.308594 0.866667 0.087500 0.030556
5 0.308594 0.866667 0.087500 0.030556
6 0.476953 0.997222 0.010156 0.002778
6 0.458984 0.956944 0.096094 0.083333
6 0.532813 0.912500 0.121875 0.172222
6 0.483984 0.970833 0.088281 0.055556
8 0.985547 0.964583 0.027344 0.054167
5 0.987891 0.944444 0.022656 0.022222
0 0.491797 0.851389 0.074219 0.247222
2 0.767188 0.881944 0.043750 0.069444
2 0.839844 0.904861 0.101562 0.073611
2 0.921484 0.906250 0.061719 0.059722
2 0.839453 0.851389 0.100781 0.069444
2 0.920703 0.853472 0.061719 0.056944
2 0.839063 0.798611 0.100000 0.069444
2 0.899609 0.795833 0.102344 0.066667