3 0.499609 0.687500 0.999219 0.622222
8 0.836328 0.769444 0.096094 0.141667
5 0.837500 0.748611 0.084375 0.097222
8 0.723437 0.747222 0.101562 0.133333
5 0.725000 0.727083 0.089063 0.093056
8 0.945312 0.784722 0.101562 0.147222
5 0.946094 0.763194 0.090625 0.101389
8 0.700781 0.859028 0.117188 0.187500
5 0.702344 0.825694 0.103125 0.118056
8 0.828906 0.887500 0.110937 0.197222
5 0.830469 0.853472 0.096875 0.126389
8 0.947266 0.902083 0.103906 0.193056
5 0.950781 0.873611 0.096875 0.130556
1 0.715234 0.358333 0.124219 0.177778
2 0.674219 0.309722 0.032813 0.044444
2 0.756250 0.323611 0.029687 0.061111
2 0.764453 0.391667 0.010156 0.055556
2 0.700000 0.313194 0.029687 0.037500
2 0.704297 0.292361 0.027344 0.006944
2 0.728125 0.315972 0.029687 0.037500
2 0.730859 0.295139 0.027344 0.009722
1 0.899219 0.370139 0.018750 0.176389
2 0.903906 0.402083 0.012500 0.056944
2 0.902734 0.387500 0.011719 0.041667
2 0.916406 0.331944 0.034375 0.061111
2 0.994922 0.329167 0.008594 0.044444
2 0.948828 0.330556 0.032031 0.041667
2 0.946484 0.306944 0.032031 0.008333
2 0.979688 0.331250 0.032813 0.040278
2 0.976562 0.308333 0.032813 0.008333
1 0.695312 0.412500 0.143750 0.208333
2 0.648438 0.360417 0.039062 0.065278
2 0.742969 0.372917 0.035937 0.073611
2 0.751953 0.452778 0.013281 0.063889
2 0.678125 0.366667 0.034375 0.055556
2 0.682813 0.335417 0.032813 0.009722
2 0.710156 0.369444 0.034375 0.055556
2 0.713672 0.338194 0.032031 0.009722
1 0.910547 0.427778 0.025781 0.205556
2 0.914844 0.465972 0.015625 0.065278
2 0.906641 0.450000 0.002344 0.047222
2 0.928516 0.384028 0.041406 0.076389
2 0.966797 0.388194 0.038281 0.059722
2 0.963672 0.354167 0.036719 0.011111
2 0.991016 0.389583 0.016406 0.056944
2 0.989453 0.356250 0.019531 0.009722
1 0.674609 0.491667 0.157031 0.255556
2 0.615234 0.406250 0.039844 0.037500
2 0.723828 0.437500 0.042969 0.080556
2 0.738672 0.534028 0.007031 0.093056
2 0.645703 0.413889 0.041406 0.022222
2 0.652344 0.399306 0.040625 0.015278
2 0.683984 0.417361 0.041406 0.023611
2 0.689063 0.402083 0.039062 0.015278
1 0.919922 0.512500 0.022656 0.250000
2 0.925781 0.565972 0.009375 0.068056
2 0.920312 0.536806 0.004687 0.068056
2 0.946875 0.460417 0.051562 0.093056
2 0.984375 0.443750 0.029687 0.026389
2 0.982422 0.424306 0.033594 0.015278
1 0.651172 0.540278 0.188281 0.266667
2 0.601953 0.574306 0.016406 0.081944
2 0.606250 0.469444 0.023438 0.100000
2 0.713281 0.482639 0.048438 0.104167
2 0.671094 0.581250 0.129688 0.101389
2 0.628516 0.479861 0.046094 0.087500
2 0.636719 0.431250 0.043750 0.018056
2 0.669922 0.484722 0.046094 0.088889
2 0.675781 0.435417 0.043750 0.018056
1 0.956641 0.559722 0.085156 0.277778
2 0.954297 0.616667 0.052344 0.091667
2 0.928906 0.584722 0.007812 0.077778
2 0.956641 0.504167 0.057031 0.111111
2 0.988281 0.620139 0.021875 0.087500
2 0.990234 0.514583 0.017969 0.093056
2 0.988281 0.461111 0.021875 0.016667
2 0.076953 0.778472 0.153906 0.193056
2 0.114453 0.657639 0.064844 0.076389
2 0.258594 0.829861 0.215625 0.176389
2 0.390234 0.743750 0.050781 0.151389
2 0.255859 0.729861 0.217969 0.168056
2 0.389062 0.653472 0.051562 0.143056
2 0.252734 0.616667 0.221094 0.186111
2 0.317188 0.552083 0.193750 0.159722