3 0.499609 0.834722 0.999219 0.327778
8 0.919531 0.771528 0.067187 0.054167
6 0.676953 0.931250 0.105469 0.134722
6 0.487891 0.933333 0.099219 0.130556
6 0.676562 0.822917 0.106250 0.148611
6 0.582422 0.930556 0.102344 0.136111
7 0.866016 0.684722 0.005469 0.011111
7 0.898047 0.680556 0.035156 0.016667
7 0.992188 0.675694 0.014063 0.012500
7 0.959766 0.678472 0.036719 0.015278
7 0.742188 0.684028 0.029687 0.018056
7 0.800000 0.684722 0.009375 0.013889
7 0.678125 0.685417 0.028125 0.018056
7 0.629687 0.688194 0.026562 0.018056
8 0.953125 0.983333 0.053125 0.030556
5 0.966406 0.983333 0.065625 0.030556
8 0.888672 0.986111 0.053906 0.025000
5 0.907813 0.985417 0.078125 0.026389
8 0.820703 0.987500 0.052344 0.022222
5 0.829297 0.986806 0.069531 0.023611
8 0.867578 0.961111 0.089844 0.066667
5 0.868750 0.950694 0.079687 0.045833
8 0.794922 0.963889 0.085156 0.066667
5 0.795703 0.952778 0.075781 0.047222
8 0.928516 0.956944 0.092969 0.066667
5 0.929688 0.945833 0.082812 0.044444
8 0.975000 0.950694 0.048438 0.054167
5 0.978125 0.943056 0.042188 0.044444
8 0.470703 0.770139 0.038281 0.045833
5 0.470703 0.756250 0.033594 0.018056
8 0.424609 0.770833 0.036719 0.044444
5 0.424609 0.756944 0.032031 0.019444
8 0.510547 0.768750 0.039844 0.045833
5 0.510938 0.754167 0.034375 0.016667
8 0.555859 0.768750 0.041406 0.045833
5 0.556641 0.753472 0.036719 0.018056
8 0.425781 0.791667 0.039062 0.050000
5 0.426172 0.776389 0.033594 0.022222
8 0.474219 0.790278 0.040625 0.050000
5 0.475000 0.775000 0.035937 0.022222
8 0.516797 0.788194 0.042969 0.051389
5 0.517188 0.772917 0.037500 0.020833
8 0.564453 0.787500 0.044531 0.050000
5 0.564844 0.771528 0.039062 0.020833
8 0.735547 0.765972 0.017969 0.037500
5 0.745313 0.752778 0.032813 0.013889
8 0.723047 0.747917 0.014844 0.023611
5 0.739453 0.741667 0.044531 0.013889
8 0.748047 0.779861 0.014844 0.043056
5 0.750000 0.764583 0.014063 0.015278
8 0.754687 0.774306 0.001563 0.006944
8 0.637500 0.768750 0.048438 0.045833
5 0.637891 0.752778 0.042969 0.019444
8 0.680859 0.766667 0.049219 0.044444
5 0.681250 0.751389 0.043750 0.019444
8 0.707812 0.780556 0.060937 0.044444
5 0.707422 0.765278 0.055469 0.016667
8 0.720313 0.793750 0.064062 0.045833
5 0.719531 0.779167 0.057813 0.016667
8 0.972656 0.758333 0.031250 0.044444
5 0.980078 0.743750 0.038281 0.018056
8 0.943359 0.759722 0.055469 0.044444
5 0.944141 0.745139 0.049219 0.018056
0 0.831250 0.752778 0.154688 0.202778
0 0.158594 0.844444 0.167187 0.272222
1 0.403125 0.615972 0.003125 0.023611
2 0.401562 0.620833 0.001563 0.013889
1 0.502344 0.648611 0.068750 0.094444
2 0.477734 0.665278 0.008594 0.027778
2 0.474219 0.661111 0.007812 0.025000
2 0.478906 0.627778 0.017188 0.030556
2 0.524609 0.618056 0.017969 0.013889
2 0.494922 0.619444 0.016406 0.011111
2 0.493359 0.612500 0.014844 0.000000
2 0.510547 0.619444 0.016406 0.011111
2 0.508594 0.611806 0.014063 0.001389
1 0.406641 0.632639 0.003906 0.029167
2 0.403125 0.637500 0.004687 0.016667
1 0.514062 0.666667 0.075000 0.102778
2 0.487109 0.684722 0.010156 0.030556
2 0.483594 0.680556 0.007812 0.027778
2 0.489063 0.643056 0.018750 0.033333
2 0.539062 0.634028 0.018750 0.018056
2 0.507031 0.636806 0.017188 0.015278
2 0.504687 0.627083 0.017188 0.001389
2 0.523438 0.635417 0.017188 0.015278
2 0.520703 0.627083 0.016406 0.001389
1 0.411328 0.669444 0.003906 0.069444
2 0.405469 0.651389 0.009375 0.008333
1 0.529687 0.688889 0.082812 0.113889
2 0.496875 0.709722 0.001563 0.036111
2 0.491797 0.704861 0.000781 0.029167
2 0.501563 0.660417 0.021875 0.031944
2 0.557031 0.647222 0.021875 0.008333
2 0.521484 0.650000 0.019531 0.005556
2 0.518750 0.645833 0.018750 0.002778
2 0.539844 0.649306 0.020313 0.004167
2 0.536719 0.645139 0.018750 0.001389
1 0.408203 0.702083 0.014844 0.118056
2 0.406250 0.677083 0.010937 0.040278
2 0.407031 0.723611 0.010937 0.038889
1 0.536719 0.698611 0.087500 0.119444
2 0.509766 0.720833 0.019531 0.036111
2 0.507031 0.714583 0.020313 0.031944
2 0.507812 0.672917 0.023438 0.040278
2 0.564844 0.671528 0.023438 0.040278
2 0.546875 0.718750 0.060937 0.040278
2 0.528516 0.674306 0.019531 0.037500
2 0.525391 0.654167 0.019531 0.002778
2 0.547266 0.673611 0.021094 0.036111
2 0.544141 0.653472 0.019531 0.001389
2 0.994141 0.767361 0.010156 0.045833
2 0.153125 0.806250 0.084375 0.062500
2 0.160156 0.766667 0.070312 0.016667
2 0.218750 0.810417 0.045312 0.048611
2 0.218359 0.763889 0.046094 0.047222
2 0.218359 0.714583 0.046094 0.056944
2 0.223438 0.679167 0.035937 0.011111