3 0.515625 0.833333 0.967187 0.330556
4 0.207422 0.733333 0.002344 0.008333
4 0.074219 0.784722 0.018750 0.075000
8 0.508984 0.914583 0.110156 0.084722
5 0.557813 0.705556 0.048438 0.011111
5 0.557813 0.705556 0.048438 0.011111
5 0.557813 0.705556 0.048438 0.011111
5 0.557813 0.695139 0.048438 0.015278
5 0.557813 0.695139 0.048438 0.015278
5 0.557813 0.695139 0.048438 0.015278
5 0.557813 0.715278 0.048438 0.011111
5 0.557813 0.715278 0.048438 0.011111
5 0.557813 0.715278 0.048438 0.011111
5 0.592969 0.719444 0.010937 0.008333
5 0.592969 0.719444 0.010937 0.008333
5 0.592969 0.719444 0.010937 0.008333
5 0.592578 0.710417 0.010156 0.009722
5 0.592578 0.710417 0.010156 0.009722
5 0.592578 0.710417 0.010156 0.009722
5 0.593359 0.700694 0.011719 0.009722
5 0.593359 0.700694 0.011719 0.009722
5 0.593359 0.700694 0.011719 0.009722
5 0.593750 0.689583 0.012500 0.012500
5 0.593750 0.689583 0.012500 0.012500
5 0.593750 0.689583 0.012500 0.012500
6 0.425391 0.743056 0.060156 0.075000
6 0.491797 0.722917 0.052344 0.062500
6 0.425391 0.677778 0.060156 0.075000
6 0.465234 0.736111 0.047656 0.077778
6 0.218359 0.777083 0.069531 0.090278
6 0.155469 0.787500 0.062500 0.080556
7 0.272656 0.752778 0.020313 0.008333
7 0.106250 0.795833 0.040625 0.022222
7 0.105859 0.679861 0.024219 0.009722
7 0.135937 0.677083 0.029687 0.009722
7 0.054688 0.685417 0.031250 0.009722
8 0.044922 0.838194 0.024219 0.040278
5 0.042969 0.819444 0.020313 0.016667
8 0.258594 0.785417 0.009375 0.034722
5 0.256250 0.768056 0.006250 0.005556
8 0.276562 0.777778 0.045312 0.033333
5 0.274219 0.761806 0.042188 0.015278
8 0.298047 0.772222 0.057031 0.036111
5 0.297266 0.755556 0.050781 0.013889
8 0.330078 0.763889 0.055469 0.030556
5 0.329688 0.749306 0.050000 0.012500
8 0.338672 0.781250 0.058594 0.037500
5 0.337500 0.763889 0.053125 0.016667
8 0.370312 0.773611 0.057813 0.036111
5 0.369531 0.757639 0.051562 0.015278
8 0.310156 0.788194 0.060937 0.040278
5 0.309375 0.770833 0.054688 0.016667
8 0.279297 0.796528 0.050781 0.040278
5 0.276953 0.778472 0.047656 0.018056
8 0.854297 0.811111 0.069531 0.044444
5 0.853125 0.790972 0.062500 0.018056
8 0.873437 0.802083 0.067187 0.043056
5 0.872656 0.782639 0.060937 0.018056
8 0.839063 0.820139 0.071875 0.045833
5 0.837891 0.799306 0.064844 0.020833
8 0.817969 0.830556 0.071875 0.047222
5 0.816016 0.809722 0.066406 0.022222
8 0.832031 0.779167 0.021875 0.011111
5 0.810547 0.774306 0.057031 0.018056
8 0.790234 0.797222 0.066406 0.036111
5 0.789062 0.781944 0.059375 0.016667
8 0.773438 0.804861 0.068750 0.034722
5 0.773047 0.790278 0.061719 0.019444
8 0.750391 0.811111 0.071094 0.030556
5 0.744141 0.799306 0.053906 0.020833
8 0.682031 0.881944 0.076563 0.061111
5 0.680469 0.857639 0.070312 0.029167
8 0.736719 0.895833 0.081250 0.063889
5 0.736328 0.869444 0.072656 0.030556
8 0.632031 0.872222 0.078125 0.058333
5 0.632031 0.849306 0.068750 0.026389
8 0.582812 0.861111 0.076563 0.055556
5 0.583203 0.838194 0.067969 0.026389
8 0.767969 0.850000 0.078125 0.050000
5 0.766797 0.827083 0.069531 0.023611
8 0.745313 0.859722 0.081250 0.044444
5 0.744141 0.839583 0.072656 0.026389
8 0.678125 0.854861 0.070312 0.054167
5 0.676953 0.831944 0.064844 0.025000
8 0.628906 0.844444 0.071875 0.052778
5 0.628906 0.822222 0.064062 0.025000
8 0.484766 0.977778 0.086719 0.041667
5 0.480859 0.959722 0.078906 0.047222
8 0.523438 0.965278 0.106250 0.066667
5 0.521875 0.938194 0.095312 0.043056
5 0.314063 0.996528 0.026562 0.004167
5 0.154297 0.993056 0.060156 0.011111
8 0.235156 0.989583 0.117188 0.018056
5 0.233203 0.979167 0.103906 0.036111
0 0.142187 0.843750 0.203125 0.306944
0 0.494531 0.765278 0.106250 0.222222
0 0.636328 0.684028 0.075781 0.134722
1 0.310547 0.662500 0.058594 0.080556
1 0.288281 0.664583 0.060937 0.081944
1 0.268750 0.658333 0.057813 0.077778
1 0.250391 0.660417 0.049219 0.079167
1 0.229297 0.653472 0.055469 0.070833
1 0.211719 0.656250 0.045312 0.073611
1 0.180078 0.643750 0.053906 0.068056
1 0.057813 0.685417 0.048438 0.090278
1 0.046484 0.681944 0.025781 0.088889
1 0.997656 0.813194 0.003125 0.165278
1 0.989062 0.712500 0.020313 0.033333
2 0.990625 0.718750 0.017188 0.020833
2 0.997656 0.704167 0.003125 0.002778
2 0.994531 0.706944 0.009375 0.002778
1 0.960156 0.800694 0.078125 0.181944
2 0.995703 0.797222 0.000781 0.000000
2 0.973047 0.729861 0.046094 0.006944
2 0.956250 0.765972 0.062500 0.056944
2 0.960547 0.829861 0.071094 0.065278
2 0.958594 0.731944 0.031250 0.005556
2 0.983203 0.758333 0.025781 0.052778
2 0.949609 0.736111 0.032031 0.005556
2 0.978516 0.763194 0.033594 0.054167
2 0.237500 0.990278 0.095312 0.016667
2 0.372266 0.953472 0.141406 0.090278
2 0.307422 0.944444 0.136719 0.108333
2 0.937109 0.734028 0.010156 0.004167
2 0.842578 0.759028 0.049219 0.037500
2 0.894141 0.768056 0.052344 0.044444
2 0.842578 0.724306 0.049219 0.040278
2 0.899219 0.727778 0.064062 0.044444
2 0.842969 0.684722 0.050000 0.044444
2 0.899219 0.688889 0.064062 0.047222
5 0.036328 0.742361 0.007031 0.006944
5 0.035547 0.750694 0.005469 0.006944
5 0.036719 0.735417 0.006250 0.006944
5 0.036328 0.729167 0.005469 0.008333