3 0.499219 0.898611 0.998437 0.200000
4 0.558594 0.907639 0.018750 0.126389
4 0.745313 0.940278 0.065625 0.116667
4 0.932422 0.954861 0.008594 0.087500
5 0.194922 0.826389 0.074219 0.016667
5 0.194922 0.826389 0.074219 0.016667
5 0.194922 0.826389 0.074219 0.016667
5 0.195312 0.810417 0.073438 0.018056
5 0.195312 0.810417 0.073438 0.018056
5 0.195312 0.810417 0.073438 0.018056
5 0.194922 0.838889 0.074219 0.016667
5 0.194922 0.838889 0.074219 0.016667
5 0.194922 0.838889 0.074219 0.016667
5 0.282813 0.833333 0.070312 0.013889
5 0.282813 0.833333 0.070312 0.013889
5 0.282813 0.833333 0.070312 0.013889
5 0.283203 0.820139 0.071094 0.015278
5 0.283203 0.820139 0.071094 0.015278
5 0.283203 0.820139 0.071094 0.015278
5 0.283203 0.806944 0.071094 0.016667
5 0.283203 0.806944 0.071094 0.016667
5 0.283203 0.806944 0.071094 0.016667
5 0.283594 0.791667 0.070312 0.016667
5 0.283594 0.791667 0.070312 0.016667
5 0.283594 0.791667 0.070312 0.016667
6 0.557422 0.824306 0.086719 0.076389
6 0.472656 0.827083 0.075000 0.104167
6 0.558594 0.745139 0.089063 0.109722
6 0.519531 0.824306 0.065625 0.090278
6 0.808203 0.897917 0.110156 0.168056
6 0.941797 0.912500 0.114844 0.172222
7 0.372266 0.917361 0.100781 0.034722
7 0.605078 0.986111 0.111719 0.025000
8 0.971484 0.995139 0.010156 0.006944
5 0.988672 0.990278 0.021094 0.016667
8 0.650781 0.931944 0.114062 0.072222
5 0.650391 0.900694 0.102344 0.029167
8 0.601953 0.918750 0.107031 0.068056
5 0.601172 0.888889 0.096094 0.025000
8 0.557422 0.908333 0.099219 0.063889
5 0.558203 0.879861 0.091406 0.023611
8 0.519141 0.896528 0.096094 0.059722
5 0.518750 0.870833 0.085938 0.022222
8 0.610938 0.898611 0.039062 0.061111
5 0.639844 0.870139 0.087500 0.018056
8 0.597656 0.888194 0.092188 0.056944
5 0.600391 0.861806 0.077344 0.018056
8 0.671484 0.908333 0.075781 0.063889
5 0.674609 0.878472 0.072656 0.020833
8 0.696875 0.915972 0.029687 0.059722
5 0.699219 0.891667 0.023438 0.019444
8 0.864062 0.835417 0.001563 0.012500
5 0.865234 0.806250 0.055469 0.006944
8 0.821875 0.809028 0.004687 0.006944
5 0.830859 0.802778 0.053906 0.005556
8 0.886328 0.828472 0.036719 0.037500
5 0.895703 0.809722 0.049219 0.005556
8 0.912891 0.831944 0.011719 0.036111
5 0.914844 0.815972 0.010937 0.009722
8 0.785156 0.815972 0.057813 0.018056
5 0.787109 0.808333 0.055469 0.011111
8 0.814453 0.817361 0.050781 0.015278
5 0.820703 0.811111 0.057031 0.011111
8 0.852734 0.831250 0.061719 0.034722
5 0.855078 0.814583 0.058594 0.009722
8 0.890234 0.838194 0.061719 0.040278
5 0.891406 0.820139 0.056250 0.012500
0 0.958984 0.784722 0.080469 0.233333
0 0.444141 0.761806 0.089844 0.170833
1 0.994531 0.718056 0.009375 0.005556
2 0.996875 0.725000 0.004687 0.000000
1 0.962109 0.747222 0.074219 0.063889
2 0.939844 0.769444 0.014063 0.005556
2 0.949219 0.766667 0.003125 0.000000
2 0.939063 0.740972 0.007812 0.029167
2 0.986719 0.729167 0.025000 0.002778
2 0.969141 0.774306 0.049219 0.012500
2 0.946484 0.740972 0.007031 0.029167
2 0.973437 0.729167 0.000000 0.002778
1 0.897266 0.763889 0.091406 0.094444
2 0.868359 0.771528 0.024219 0.001389
2 0.866016 0.727778 0.007031 0.000000
2 0.923438 0.745139 0.031250 0.031944
2 0.902344 0.788889 0.060937 0.036111
2 0.882812 0.727778 0.025000 0.000000
2 0.897266 0.727778 0.000781 0.000000
2 0.896094 0.727778 0.000000 0.000000
2 0.907031 0.727778 0.017188 0.000000
1 0.996094 0.748611 0.006250 0.061111
1 0.866016 0.764583 0.092969 0.095833
2 0.835156 0.785417 0.021875 0.026389
2 0.850391 0.772222 0.007031 0.000000
2 0.842187 0.743750 0.037500 0.031944
2 0.888281 0.745833 0.039062 0.033333
2 0.874219 0.788889 0.070312 0.033333
2 0.845703 0.745139 0.014844 0.031944
2 0.861719 0.727778 0.000000 0.000000
2 0.862891 0.745833 0.019531 0.033333
1 0.983594 0.752778 0.020313 0.052778
2 0.986328 0.782639 0.014844 0.001389
2 0.987109 0.780556 0.014844 0.000000
2 0.979688 0.748611 0.012500 0.033333
2 0.990625 0.784028 0.009375 0.004167
2 0.991406 0.750000 0.015625 0.036111
2 0.999219 0.731944 0.000000 0.000000
2 0.604688 0.803472 0.037500 0.040278
2 0.658594 0.809028 0.070312 0.040278
2 0.702344 0.807639 0.015625 0.037500
2 0.658594 0.772222 0.070312 0.038889
2 0.701953 0.770833 0.016406 0.036111
2 0.658594 0.735417 0.070312 0.037500
2 0.690625 0.734722 0.037500 0.036111