3 0.419141 0.822222 0.838281 0.352778
4 0.001563 0.705556 0.003125 0.050000
4 0.015625 0.672917 0.003125 0.040278
8 0.010937 0.650000 0.012500 0.013889
6 0.000391 0.629167 0.000781 0.030556
7 0.008594 0.823611 0.015625 0.022222
8 0.717187 0.708333 0.012500 0.008333
8 0.711719 0.709028 0.029687 0.020833
8 0.705859 0.711111 0.032031 0.022222
5 0.716016 0.700000 0.000781 0.000000
8 0.724609 0.704167 0.000781 0.000000
8 0.700000 0.706944 0.000000 0.000000
8 0.694531 0.711111 0.003125 0.002778
1 0.008594 0.652083 0.017188 0.048611
1 0.008594 0.652778 0.017188 0.075000
1 0.795703 0.709028 0.000781 0.048611
1 0.780859 0.710417 0.027344 0.048611
2 0.780859 0.701389 0.027344 0.033333