3 0.260156 0.877083 0.520312 0.243056
4 0.165625 0.772222 0.001563 0.008333
4 0.010547 0.802778 0.021094 0.069444
4 0.190625 0.772222 0.001563 0.050000
4 0.046875 0.758333 0.006250 0.019444
4 0.001563 0.775694 0.003125 0.051389
5 0.225391 0.745139 0.019531 0.004167
5 0.225391 0.745139 0.019531 0.004167
5 0.225391 0.745139 0.019531 0.004167
5 0.225391 0.738889 0.019531 0.005556
5 0.225391 0.738889 0.019531 0.005556
5 0.225391 0.738889 0.019531 0.005556
5 0.225391 0.751389 0.019531 0.005556
5 0.225391 0.751389 0.019531 0.005556
5 0.225391 0.751389 0.019531 0.005556
5 0.200391 0.752778 0.028906 0.005556
5 0.200391 0.752778 0.028906 0.005556
5 0.200391 0.752778 0.028906 0.005556
5 0.200391 0.746528 0.028906 0.004167
5 0.200391 0.746528 0.028906 0.004167
5 0.200391 0.746528 0.028906 0.004167
5 0.200391 0.740278 0.028906 0.005556
5 0.200391 0.740278 0.028906 0.005556
5 0.200391 0.740278 0.028906 0.005556
5 0.200781 0.733333 0.029687 0.005556
5 0.200781 0.733333 0.029687 0.005556
5 0.200781 0.733333 0.029687 0.005556
6 0.179297 0.734028 0.002344 0.029167
5 0.781641 0.802083 0.005469 0.006944
5 0.781641 0.802083 0.005469 0.006944
5 0.781641 0.802083 0.005469 0.006944
5 0.783984 0.790972 0.010156 0.015278
5 0.783984 0.790972 0.010156 0.015278
5 0.783984 0.790972 0.010156 0.015278
5 0.787500 0.806250 0.006250 0.004167
5 0.787500 0.806250 0.006250 0.004167
5 0.787500 0.806250 0.006250 0.004167
5 0.787500 0.797917 0.006250 0.012500
5 0.787500 0.797917 0.006250 0.012500
5 0.787500 0.797917 0.006250 0.012500
5 0.787500 0.783333 0.006250 0.013889
5 0.787500 0.783333 0.006250 0.013889
5 0.787500 0.783333 0.006250 0.013889
6 0.375781 0.805556 0.067187 0.094444
6 0.506641 0.760417 0.069531 0.006944
6 0.376953 0.722222 0.067969 0.088889
6 0.449219 0.761111 0.056250 0.008333
6 0.069141 0.809028 0.061719 0.098611
6 0.005078 0.809722 0.010156 0.094444
7 0.318750 0.818750 0.007812 0.018056
7 0.453516 0.763194 0.017969 0.004167
7 0.492578 0.762500 0.019531 0.002778
7 0.363672 0.764583 0.011719 0.004167
7 0.008203 0.771528 0.013281 0.009722
8 0.207813 0.823611 0.028125 0.041667
5 0.204687 0.806250 0.028125 0.009722
8 0.230469 0.831250 0.007812 0.023611
5 0.230078 0.803472 0.008594 0.006944
8 0.313672 0.806250 0.002344 0.009722
5 0.311328 0.801389 0.000781 0.005556
8 0.226172 0.831250 0.016406 0.045833
5 0.227344 0.813889 0.014063 0.013889
8 0.313281 0.829167 0.004687 0.044444
5 0.311328 0.811111 0.000781 0.011111
8 0.204687 0.831944 0.023438 0.044444
5 0.202734 0.813889 0.021094 0.013889
8 0.410938 0.884722 0.000000 0.000000
8 0.051172 0.945833 0.102344 0.086111
5 0.049219 0.911806 0.098437 0.023611
8 0.041797 0.959722 0.083594 0.077778
5 0.039453 0.934028 0.078906 0.031944
8 0.057813 0.929167 0.106250 0.080556
5 0.053516 0.894444 0.107031 0.016667
8 0.069922 0.911111 0.111719 0.072222
5 0.072266 0.881944 0.100781 0.019444
8 0.323437 0.940972 0.026562 0.090278
5 0.320312 0.909722 0.020313 0.033333
8 0.194922 0.947917 0.077344 0.095833
5 0.196094 0.915278 0.070312 0.036111
8 0.176563 0.926389 0.110937 0.080556
5 0.178906 0.896528 0.100000 0.026389
8 0.184766 0.910417 0.097656 0.070833
5 0.188281 0.876389 0.090625 0.013889
0 0.117578 0.779861 0.152344 0.259722
0 0.730078 0.735417 0.110156 0.151389
1 0.582812 0.731944 0.051562 0.061111
1 0.549219 0.732639 0.050000 0.059722
1 0.561328 0.731944 0.047656 0.061111
1 0.529297 0.732639 0.046094 0.062500
1 0.535937 0.732639 0.029687 0.062500
1 0.512109 0.732639 0.042969 0.062500
1 0.552344 0.731250 0.054688 0.062500
1 0.228906 0.748611 0.012500 0.091667
1 0.230078 0.746528 0.010156 0.087500
1 0.060156 0.748611 0.076563 0.091667
1 0.053125 0.750694 0.079687 0.095833
1 0.766016 0.907639 0.200781 0.181944
2 0.848437 0.958333 0.301563 0.080556
2 0.992188 0.912500 0.014063 0.005556
2 0.932422 0.931250 0.133594 0.040278
2 0.966016 0.963194 0.066406 0.029167
1 0.707031 0.877083 0.448437 0.243056
2 0.829688 0.863889 0.167187 0.108333
2 0.569531 0.906944 0.139063 0.183333
2 0.723437 0.816667 0.114062 0.011111
2 0.761328 0.871528 0.124219 0.101389
2 0.639453 0.819444 0.110156 0.011111
2 0.670703 0.911111 0.122656 0.175000
1 0.932031 0.822917 0.134375 0.179167
2 0.933594 0.823611 0.114062 0.111111
2 0.956250 0.904167 0.085938 0.016667
2 0.987500 0.767361 0.023438 0.001389
2 0.969141 0.768056 0.060156 0.002778
2 0.977734 0.824306 0.042969 0.106944
1 0.555469 0.866667 0.289062 0.263889
2 0.642578 0.793056 0.092969 0.041667
2 0.463672 0.838194 0.082031 0.126389
2 0.460156 0.959028 0.078125 0.079167
2 0.574609 0.775694 0.064844 0.004167
2 0.591016 0.796528 0.072656 0.037500
2 0.515234 0.776389 0.067969 0.002778
2 0.531250 0.797917 0.070312 0.037500
1 0.900000 0.772222 0.198437 0.088889
2 0.971094 0.761111 0.056250 0.008333
2 0.858203 0.789583 0.094531 0.059722
2 0.917969 0.890972 0.009375 0.009722
2 0.944141 0.759028 0.038281 0.001389
2 0.967578 0.763194 0.057031 0.004167
2 0.883594 0.759722 0.045312 0.002778
2 0.917969 0.763889 0.065625 0.005556
1 0.519922 0.864583 0.252344 0.268056
2 0.596875 0.767361 0.079687 0.009722
2 0.439063 0.819444 0.070312 0.108333
2 0.416406 0.945833 0.028125 0.105556
2 0.538281 0.765278 0.059375 0.002778
2 0.550781 0.770833 0.064062 0.005556
2 0.484766 0.766667 0.057031 0.002778
2 0.497656 0.771528 0.062500 0.006944
2 0.917188 0.737500 0.139063 0.041667
2 0.946094 0.738194 0.106250 0.037500
5 0.150781 0.768056 0.018750 0.005556
5 0.150781 0.763194 0.018750 0.004167
5 0.150781 0.752778 0.020313 0.005556
5 0.150781 0.757639 0.020313 0.004167
5 0.200000 0.782639 0.006250 0.006944
5 0.200781 0.789583 0.001563 0.004167
5 0.194922 0.786111 0.011719 0.008333
5 0.198047 0.794444 0.002344 0.005556
5 0.194141 0.790278 0.008594 0.008333
5 0.193359 0.798611 0.005469 0.005556
5 0.193359 0.784028 0.010156 0.006944
5 0.179297 0.777778 0.033594 0.008333