3 0.499609 0.840972 0.999219 0.315278
4 0.230859 0.705556 0.002344 0.005556
4 0.152344 0.754861 0.006250 0.070833
4 0.094922 0.740972 0.000781 0.029167
4 0.041797 0.773611 0.003906 0.063889
4 0.005469 0.807639 0.001563 0.012500
4 0.032422 0.722222 0.002344 0.013889
8 0.163672 0.779861 0.074219 0.051389
8 0.758203 0.750694 0.063281 0.037500
5 0.462109 0.682639 0.032031 0.006944
5 0.462109 0.682639 0.032031 0.006944
5 0.462109 0.682639 0.032031 0.006944
5 0.462109 0.674306 0.032031 0.006944
5 0.462109 0.674306 0.032031 0.006944
5 0.462109 0.674306 0.032031 0.006944
5 0.461719 0.690278 0.031250 0.005556
5 0.461719 0.690278 0.031250 0.005556
5 0.461719 0.690278 0.031250 0.005556
5 0.515625 0.690972 0.034375 0.006944
5 0.515625 0.690972 0.034375 0.006944
5 0.515625 0.690972 0.034375 0.006944
5 0.514844 0.683333 0.035937 0.008333
5 0.514844 0.683333 0.035937 0.008333
5 0.514844 0.683333 0.035937 0.008333
5 0.514844 0.675694 0.035937 0.006944
5 0.514844 0.675694 0.035937 0.006944
5 0.514844 0.675694 0.035937 0.006944
5 0.514453 0.666667 0.036719 0.008333
5 0.514453 0.666667 0.036719 0.008333
5 0.514453 0.666667 0.036719 0.008333
6 0.467187 0.694444 0.037500 0.061111
6 0.488672 0.686806 0.032031 0.056944
6 0.467969 0.641667 0.040625 0.058333
6 0.478516 0.690972 0.035156 0.059722
6 0.392188 0.715278 0.040625 0.072222
6 0.377344 0.722222 0.050000 0.077778
7 0.232031 0.804861 0.062500 0.026389
7 0.198828 0.822222 0.086719 0.027778
7 0.721094 0.872222 0.098437 0.036111
7 0.725391 0.847222 0.089844 0.030556
7 0.707031 0.954167 0.126562 0.050000
7 0.714063 0.913889 0.112500 0.041667
7 0.022266 0.793056 0.030469 0.027778
7 0.151953 0.753472 0.049219 0.020833
7 0.001172 0.728472 0.002344 0.012500
7 0.316406 0.716667 0.014063 0.011111
7 0.003516 0.682639 0.003906 0.001389
6 0.770703 0.970833 0.153906 0.055556
6 0.991406 0.980556 0.015625 0.036111
8 0.030078 0.853472 0.060156 0.065278
5 0.027734 0.827083 0.050781 0.023611
8 0.006641 0.864583 0.013281 0.059722
5 0.003125 0.840278 0.006250 0.013889
8 0.139063 0.815972 0.034375 0.048611
5 0.137109 0.798611 0.030469 0.019444
8 0.035937 0.825000 0.048438 0.050000
5 0.038281 0.797222 0.043750 0.022222
8 0.302344 0.758333 0.040625 0.036111
5 0.298828 0.740278 0.033594 0.011111
8 0.351953 0.720833 0.000781 0.000000
8 0.416797 0.702083 0.002344 0.001389
5 0.413672 0.701389 0.002344 0.002778
8 0.435156 0.720139 0.035937 0.029167
5 0.431641 0.707639 0.038281 0.006944
8 0.455078 0.716667 0.017969 0.027778
5 0.440234 0.704167 0.041406 0.008333
8 0.429688 0.724306 0.032813 0.029167
5 0.427734 0.711111 0.030469 0.008333
8 0.423828 0.728472 0.021094 0.031944
5 0.421875 0.715278 0.017188 0.008333
8 0.809766 0.703472 0.039844 0.009722
5 0.801562 0.700000 0.020313 0.005556
8 0.810156 0.696528 0.039062 0.001389
5 0.801562 0.695139 0.020313 0.001389
8 0.812891 0.704861 0.041406 0.006944
5 0.811719 0.703472 0.037500 0.006944
8 0.812109 0.709028 0.042969 0.009722
5 0.811719 0.706944 0.039062 0.008333
8 0.780859 0.697917 0.002344 0.006944
5 0.762109 0.695833 0.035156 0.005556
8 0.760938 0.700000 0.040625 0.002778
5 0.760547 0.697917 0.036719 0.004167
8 0.762891 0.708333 0.039844 0.013889
5 0.761719 0.702083 0.037500 0.006944
8 0.760547 0.713194 0.042969 0.020833
5 0.760156 0.705556 0.039062 0.008333
8 0.796484 0.732639 0.030469 0.023611
5 0.797656 0.725000 0.028125 0.011111
8 0.844531 0.734028 0.031250 0.020833
5 0.843750 0.726389 0.029687 0.011111
8 0.760938 0.734722 0.035937 0.027778
5 0.760547 0.724306 0.032031 0.012500
8 0.718359 0.734028 0.036719 0.029167
5 0.717969 0.723611 0.032813 0.011111
8 0.807422 0.725000 0.044531 0.027778
5 0.807813 0.713889 0.042188 0.008333
8 0.810937 0.729167 0.046875 0.027778
5 0.811328 0.717361 0.044531 0.006944
8 0.765234 0.728472 0.032031 0.029167
5 0.764062 0.717361 0.029687 0.009722
8 0.724609 0.729861 0.033594 0.031944
5 0.723047 0.715972 0.030469 0.009722
8 0.808984 0.765278 0.052344 0.025000
5 0.809766 0.758333 0.050781 0.013889
8 0.809375 0.757639 0.051562 0.023611
5 0.810156 0.747917 0.048438 0.006944
8 0.814453 0.806944 0.074219 0.052778
5 0.807422 0.788194 0.055469 0.018056
8 0.814063 0.788194 0.070312 0.034722
5 0.808203 0.774306 0.053906 0.009722
8 0.719141 0.803472 0.072656 0.054167
5 0.718359 0.784028 0.066406 0.018056
8 0.723828 0.793750 0.069531 0.051389
5 0.722656 0.773611 0.062500 0.013889
0 0.144141 0.824306 0.288281 0.348611
0 0.565234 0.706250 0.066406 0.201389
0 0.633984 0.678472 0.047656 0.151389
0 0.566016 0.644444 0.033594 0.088889
1 0.208594 0.656944 0.054688 0.069444
1 0.198047 0.659722 0.061719 0.072222
1 0.158203 0.657639 0.060156 0.070833
1 0.144141 0.657639 0.061719 0.070833
1 0.106641 0.645833 0.057031 0.047222
1 0.088672 0.654167 0.047656 0.063889
1 0.021875 0.652083 0.043750 0.065278
1 0.031641 0.675694 0.063281 0.090278
1 0.014063 0.656944 0.028125 0.052778
1 0.926953 0.657639 0.022656 0.054167
2 0.918750 0.684722 0.001563 0.000000
2 0.928125 0.641667 0.020313 0.002778
2 0.931250 0.644444 0.014063 0.005556
2 0.929297 0.687500 0.017969 0.005556
2 0.927734 0.641667 0.014844 0.002778
2 0.936719 0.640278 0.000000 0.000000
2 0.930078 0.642361 0.016406 0.001389
1 0.966016 0.688194 0.053906 0.106944
2 0.972266 0.687500 0.011719 0.000000
2 0.970703 0.645833 0.010156 0.000000
2 0.977734 0.664583 0.024219 0.031944
2 0.978516 0.706250 0.024219 0.034722
2 0.973047 0.647222 0.014844 0.000000
1 0.898438 0.676389 0.037500 0.091667
2 0.880469 0.675000 0.001563 0.000000
2 0.898047 0.643750 0.033594 0.004167
2 0.897656 0.690972 0.035937 0.029167
2 0.880469 0.640278 0.001563 0.000000
2 0.907813 0.640278 0.003125 0.000000
2 0.880469 0.654861 0.001563 0.026389
1 0.923047 0.681250 0.033594 0.093056
2 0.909766 0.686111 0.005469 0.000000
2 0.921484 0.686111 0.016406 0.000000
2 0.918359 0.645833 0.024219 0.000000
2 0.922656 0.663889 0.032813 0.030556
2 0.923438 0.704861 0.032813 0.034722
2 0.911328 0.647222 0.010156 0.000000
2 0.925781 0.647222 0.017188 0.000000
2 0.895703 0.761111 0.088281 0.066667
2 0.927734 0.782639 0.128906 0.073611
2 0.865625 0.852778 0.004687 0.069444
2 0.854688 0.820139 0.004687 0.068056
2 0.916797 0.766667 0.119531 0.061111
2 0.939844 0.802083 0.118750 0.090278
2 0.940234 0.880556 0.117969 0.080556
2 0.860547 0.845139 0.005469 0.054167
2 0.745313 0.773611 0.056250 0.061111
2 0.680469 0.771528 0.059375 0.059722
2 0.763281 0.684028 0.000000 0.015278
2 0.746484 0.693750 0.032031 0.029167
2 0.779297 0.696528 0.021094 0.026389
2 0.746484 0.667361 0.032031 0.029167
2 0.783203 0.668750 0.028906 0.026389
2 0.746484 0.640278 0.032031 0.027778
2 0.782813 0.641667 0.029687 0.027778
5 0.225391 0.716667 0.049219 0.013889
5 0.222656 0.726389 0.046875 0.013889
5 0.222266 0.734722 0.047656 0.013889
5 0.221484 0.744444 0.049219 0.013889
5 0.220312 0.764583 0.051562 0.015278
5 0.220703 0.754861 0.050781 0.015278
5 0.221094 0.783333 0.050000 0.016667
5 0.220312 0.772917 0.051562 0.015278
5 0.278516 0.736806 0.063281 0.015278
5 0.278516 0.746528 0.063281 0.015278
5 0.278516 0.767361 0.063281 0.015278
5 0.278516 0.756944 0.063281 0.013889
5 0.278516 0.786111 0.063281 0.016667
5 0.278516 0.775694 0.063281 0.015278
5 0.013281 0.718750 0.025000 0.006944
5 0.022656 0.726389 0.006250 0.005556
5 0.278516 0.727778 0.063281 0.013889
5 0.278516 0.718056 0.063281 0.013889
5 0.346875 0.738889 0.062500 0.013889
5 0.346875 0.749306 0.062500 0.015278
5 0.346875 0.769444 0.062500 0.016667
5 0.346875 0.759028 0.062500 0.015278
5 0.346875 0.788889 0.062500 0.016667
5 0.346875 0.778472 0.062500 0.015278
5 0.046484 0.720833 0.039844 0.008333
5 0.046094 0.728472 0.039062 0.009722
5 0.346875 0.729861 0.062500 0.015278
5 0.347266 0.719444 0.061719 0.013889
5 0.347266 0.661111 0.061719 0.011111
5 0.347266 0.672222 0.061719 0.011111
5 0.347266 0.691667 0.061719 0.013889
5 0.347266 0.681944 0.061719 0.011111
5 0.347266 0.711111 0.061719 0.013889
5 0.347266 0.700694 0.061719 0.012500
5 0.046484 0.715972 0.039844 0.006944
5 0.045703 0.711806 0.032031 0.001389
5 0.347266 0.652778 0.061719 0.011111
5 0.347266 0.642361 0.061719 0.009722