3 0.499609 0.932639 0.999219 0.131944
4 0.782813 0.859028 0.017188 0.037500
4 0.889453 0.747917 0.180469 0.331944
5 0.095703 0.850000 0.071094 0.013889
5 0.095703 0.850000 0.071094 0.013889
5 0.095703 0.850000 0.071094 0.013889
5 0.105859 0.826389 0.060156 0.002778
5 0.105859 0.826389 0.060156 0.002778
5 0.105859 0.826389 0.060156 0.002778
5 0.095703 0.859722 0.071094 0.002778
5 0.095703 0.859722 0.071094 0.002778
5 0.095703 0.859722 0.071094 0.002778
5 0.180469 0.859722 0.012500 0.002778
5 0.180469 0.859722 0.012500 0.002778
5 0.180469 0.859722 0.012500 0.002778
5 0.180859 0.851389 0.013281 0.011111
5 0.180859 0.851389 0.013281 0.011111
5 0.180859 0.851389 0.013281 0.011111
5 0.183594 0.829861 0.046875 0.001389
5 0.183594 0.829861 0.046875 0.001389
5 0.183594 0.829861 0.046875 0.001389
5 0.175781 0.820139 0.078125 0.015278
5 0.175781 0.820139 0.078125 0.015278
5 0.175781 0.820139 0.078125 0.015278
6 0.603125 0.855556 0.087500 0.036111
6 0.449609 0.828472 0.027344 0.004167
6 0.601172 0.712500 0.088281 0.088889
6 0.568750 0.851389 0.015625 0.027778
6 0.954688 0.857639 0.089063 0.040278
7 0.470313 0.863889 0.203125 0.075000
7 0.562891 0.862500 0.021094 0.022222
7 0.923438 0.864583 0.085938 0.031944
8 0.831250 0.858333 0.085938 0.038889
8 0.758984 0.858333 0.085156 0.036111
8 0.699609 0.858333 0.080469 0.036111
8 0.635156 0.855556 0.082812 0.038889
5 0.632812 0.836111 0.009375 0.000000
8 0.739453 0.857639 0.077344 0.034722
8 0.680859 0.857639 0.069531 0.034722
8 0.797656 0.856944 0.078125 0.036111
8 0.868359 0.857639 0.075781 0.037500
8 0.737500 0.854167 0.000000 0.000000
5 0.742188 0.840278 0.000000 0.000000
8 0.693359 0.854167 0.042969 0.027778
5 0.712500 0.840972 0.001563 0.001389
8 0.756250 0.850694 0.031250 0.020833
5 0.766406 0.840278 0.000000 0.000000
8 0.800781 0.854861 0.031250 0.029167
5 0.803516 0.840972 0.024219 0.001389
8 0.673828 0.850000 0.028906 0.016667
5 0.673828 0.840972 0.028906 0.001389
8 0.696875 0.854167 0.035937 0.027778
5 0.703516 0.840972 0.042969 0.001389
8 0.740625 0.854861 0.050000 0.029167
5 0.737891 0.840972 0.036719 0.001389
8 0.781641 0.854861 0.049219 0.029167
5 0.783203 0.840972 0.044531 0.001389
8 0.991406 0.868750 0.001563 0.001389
8 0.964063 0.868750 0.003125 0.001389
8 0.867578 0.850000 0.021094 0.022222
5 0.869531 0.839583 0.015625 0.001389
8 0.883594 0.852083 0.003125 0.026389
5 0.883594 0.838889 0.001563 0.000000
0 0.937891 0.772222 0.108594 0.197222
0 0.394141 0.729861 0.046094 0.073611
1 0.044141 0.672917 0.088281 0.440278
1 0.630078 0.474306 0.738281 0.948611
1 0.758203 0.561806 0.482031 0.729167
1 0.816016 0.856944 0.000781 0.000000
1 0.882812 0.856944 0.000000 0.000000
1 0.747266 0.860417 0.063281 0.012500
2 0.769531 0.840278 0.010937 0.000000
1 0.850391 0.861806 0.005469 0.009722
1 0.740234 0.856250 0.003906 0.004167
1 0.814844 0.862500 0.003125 0.011111
1 0.691016 0.850694 0.063281 0.020833
2 0.721875 0.840278 0.000000 0.000000
1 0.849219 0.858333 0.070312 0.013889
2 0.814453 0.840972 0.000781 0.001389
2 0.860156 0.840972 0.035937 0.004167
2 0.564063 0.844444 0.003125 0.011111
5 0.079687 0.846528 0.159375 0.043056
5 0.085938 0.890972 0.171875 0.045833
5 0.187500 0.848611 0.150000 0.036111
5 0.193750 0.886111 0.135937 0.036111
5 0.371484 0.850694 0.005469 0.029167
5 0.410156 0.894444 0.082812 0.005556
5 0.419141 0.830556 0.099219 0.008333