3 0.499609 0.902778 0.999219 0.191667
5 0.134766 0.886111 0.089844 0.025000
5 0.134766 0.886111 0.089844 0.025000
5 0.134766 0.886111 0.089844 0.025000
5 0.135156 0.865972 0.090625 0.031944
5 0.135156 0.865972 0.090625 0.031944
5 0.135156 0.865972 0.090625 0.031944
5 0.134375 0.899306 0.090625 0.031944
5 0.134375 0.899306 0.090625 0.031944
5 0.134375 0.899306 0.090625 0.031944
5 0.242188 0.887500 0.079687 0.025000
5 0.242188 0.887500 0.079687 0.025000
5 0.242188 0.887500 0.079687 0.025000
5 0.242188 0.873611 0.079687 0.022222
5 0.242188 0.873611 0.079687 0.022222
5 0.242188 0.873611 0.079687 0.022222
5 0.242188 0.856944 0.079687 0.022222
5 0.242188 0.856944 0.079687 0.022222
5 0.242188 0.856944 0.079687 0.022222
5 0.242188 0.837500 0.079687 0.027778
5 0.242188 0.837500 0.079687 0.027778
5 0.242188 0.837500 0.079687 0.027778
6 0.573438 0.945139 0.115625 0.106944
6 0.464453 0.922222 0.094531 0.144444
6 0.574219 0.839583 0.118750 0.162500
6 0.520312 0.930556 0.092188 0.136111
5 0.641406 0.997222 0.021875 0.002778
8 0.954688 0.881250 0.078125 0.040278
5 0.955078 0.863194 0.069531 0.018056
8 0.909766 0.871528 0.074219 0.040278
5 0.909766 0.854167 0.066406 0.016667
8 0.979297 0.893056 0.039844 0.047222
5 0.981641 0.872222 0.035156 0.019444
8 0.884375 0.880556 0.023438 0.041667
5 0.882031 0.859722 0.018750 0.011111
8 0.906641 0.895139 0.067969 0.048611
5 0.905078 0.872222 0.064844 0.022222
8 0.946484 0.904167 0.083594 0.052778
5 0.946875 0.881250 0.075000 0.020833
8 0.977344 0.918056 0.043750 0.055556
5 0.979297 0.893056 0.039844 0.022222
0 0.431641 0.809028 0.094531 0.209722
1 0.942969 0.738889 0.029687 0.016667
2 0.952734 0.746528 0.041406 0.004167
2 0.994531 0.752778 0.009375 0.002778
2 0.987891 0.804861 0.022656 0.006944
2 0.966406 0.748611 0.031250 0.002778
2 0.981250 0.747222 0.025000 0.002778
2 0.981641 0.751389 0.024219 0.002778
2 0.991406 0.748611 0.015625 0.000000
1 0.944922 0.795833 0.108594 0.125000
2 0.911328 0.822222 0.030469 0.041667
2 0.925391 0.801389 0.027344 0.002778
2 0.917578 0.768056 0.044531 0.041667
2 0.975781 0.775000 0.046875 0.044444
2 0.957031 0.827778 0.084375 0.052778
2 0.927734 0.770833 0.028906 0.041667
2 0.942187 0.750694 0.025000 0.001389
2 0.947656 0.773611 0.029687 0.041667
2 0.964063 0.752083 0.026562 0.001389
2 0.632812 0.836111 0.043750 0.055556
2 0.654297 0.807639 0.000781 0.001389
2 0.698047 0.850000 0.085156 0.055556
2 0.762500 0.847222 0.043750 0.047222
2 0.698047 0.805556 0.085156 0.052778
2 0.762500 0.803472 0.043750 0.045833
2 0.697656 0.761111 0.084375 0.052778
2 0.741406 0.757639 0.084375 0.051389