3 0.514453 0.845833 0.946094 0.305556
4 0.482031 0.725694 0.001563 0.040278
4 0.533203 0.736806 0.025781 0.065278
4 0.582422 0.726389 0.002344 0.030556
4 0.612500 0.766667 0.035937 0.052778
4 0.676172 0.772222 0.010156 0.075000
4 0.717578 0.781944 0.044531 0.091667
4 0.801953 0.799306 0.014844 0.098611
4 0.858594 0.815278 0.042188 0.113889
4 0.125781 0.767361 0.006250 0.070833
4 0.196094 0.806944 0.014063 0.066667
4 0.199609 0.845139 0.005469 0.034722
4 0.399609 0.973611 0.008594 0.050000
8 0.731250 0.788889 0.073438 0.055556
5 0.312109 0.693056 0.003906 0.008333
5 0.312109 0.693056 0.003906 0.008333
5 0.312109 0.693056 0.003906 0.008333
5 0.312109 0.684722 0.003906 0.008333
5 0.312109 0.684722 0.003906 0.008333
5 0.312109 0.684722 0.003906 0.008333
5 0.312109 0.701389 0.003906 0.008333
5 0.312109 0.701389 0.003906 0.008333
5 0.312109 0.701389 0.003906 0.008333
5 0.367969 0.699306 0.004687 0.006944
5 0.367969 0.699306 0.004687 0.006944
5 0.367969 0.699306 0.004687 0.006944
5 0.387109 0.691667 0.042969 0.008333
5 0.387109 0.691667 0.042969 0.008333
5 0.387109 0.691667 0.042969 0.008333
5 0.387109 0.683333 0.042969 0.008333
5 0.387109 0.683333 0.042969 0.008333
5 0.387109 0.683333 0.042969 0.008333
5 0.387109 0.674306 0.042969 0.009722
5 0.387109 0.674306 0.042969 0.009722
5 0.387109 0.674306 0.042969 0.009722
6 0.519922 0.688889 0.044531 0.041667
6 0.482422 0.684722 0.038281 0.044444
6 0.521094 0.644444 0.046875 0.061111
6 0.501563 0.686111 0.040625 0.041667
6 0.597656 0.714583 0.062500 0.068056
6 0.646484 0.723611 0.058594 0.077778
7 0.843750 0.801389 0.060937 0.025000
7 0.621875 0.824306 0.059375 0.034722
7 0.350781 0.881250 0.076563 0.043056
7 0.484766 0.788194 0.019531 0.001389
7 0.402344 0.731944 0.039062 0.013889
7 0.476172 0.755556 0.036719 0.013889
6 0.110156 0.847917 0.220312 0.301389
6 0.553125 0.840972 0.365625 0.315278
6 0.013281 0.793750 0.026562 0.023611
6 0.149609 0.798611 0.078906 0.052778
6 0.150781 0.712500 0.081250 0.158333
6 0.015625 0.714583 0.031250 0.165278
6 0.105859 0.685417 0.060156 0.101389
6 0.017969 0.691667 0.007812 0.100000
6 0.123047 0.773611 0.024219 0.094444
6 0.015625 0.732639 0.000000 0.001389
8 0.979688 0.806250 0.003125 0.012500
5 0.939844 0.797917 0.081250 0.020833
8 0.857422 0.822917 0.042969 0.051389
5 0.860547 0.802778 0.036719 0.022222
8 0.650781 0.767361 0.004687 0.018056
8 0.628125 0.765278 0.054688 0.041667
5 0.630078 0.747917 0.046094 0.012500
8 0.541406 0.743056 0.000000 0.000000
5 0.524219 0.717361 0.035937 0.001389
8 0.512891 0.729861 0.047656 0.029167
5 0.514453 0.715278 0.047656 0.005556
8 0.481641 0.727778 0.013281 0.030556
5 0.494141 0.713889 0.036719 0.008333
8 0.468750 0.725000 0.007812 0.027778
5 0.484766 0.709028 0.044531 0.004167
8 0.530078 0.712500 0.013281 0.002778
5 0.545312 0.712500 0.042188 0.005556
8 0.508203 0.707639 0.000781 0.001389
5 0.524609 0.709028 0.030469 0.006944
8 0.539062 0.714583 0.001563 0.001389
5 0.553516 0.713194 0.025781 0.004167
5 0.566406 0.715278 0.000000 0.000000
8 0.726953 0.704861 0.002344 0.004167
5 0.726172 0.685417 0.005469 0.001389
5 0.794141 0.688889 0.002344 0.000000
8 0.794922 0.697222 0.002344 0.000000
5 0.794922 0.695833 0.002344 0.000000
8 0.705078 0.697222 0.035156 0.022222
5 0.707422 0.687500 0.036719 0.005556
8 0.716016 0.698611 0.024219 0.019444
5 0.716797 0.690278 0.022656 0.005556
8 0.724219 0.698611 0.007812 0.016667
5 0.725000 0.691667 0.006250 0.005556
8 0.874609 0.711806 0.007031 0.006944
5 0.874219 0.703472 0.006250 0.006944
8 0.874609 0.720139 0.007031 0.023611
5 0.874609 0.706250 0.007031 0.006944
8 0.820703 0.717361 0.027344 0.020833
5 0.825781 0.707639 0.017188 0.001389
8 0.807813 0.697222 0.000000 0.000000
5 0.825391 0.696528 0.016406 0.001389
8 0.873828 0.710417 0.005469 0.023611
5 0.853125 0.698611 0.042188 0.002778
5 0.826953 0.697917 0.013281 0.001389
8 0.817969 0.706944 0.000000 0.000000
5 0.795703 0.698611 0.000781 0.000000
0 0.940625 0.688889 0.095312 0.172222
0 0.762500 0.669444 0.067187 0.133333
0 0.490625 0.654167 0.039062 0.102778
0 0.908203 0.801389 0.182031 0.394444
0 0.152344 0.801389 0.304688 0.394444
0 0.099219 0.801389 0.198437 0.394444
0 0.061328 0.746528 0.122656 0.287500
0 0.041406 0.700000 0.081250 0.194444
1 0.314063 0.856944 0.178125 0.283333
1 0.440625 0.854167 0.157812 0.288889
1 0.036719 0.655556 0.028125 0.005556
1 0.037500 0.693056 0.031250 0.086111
1 0.043359 0.700694 0.042969 0.076389
1 0.938672 0.632639 0.000781 0.006944
2 0.904687 0.669444 0.004687 0.002778
2 0.910156 0.635417 0.006250 0.004167
2 0.939844 0.635417 0.004687 0.001389
2 0.948828 0.666667 0.000781 0.000000
2 0.912109 0.636806 0.002344 0.004167
1 0.999219 0.661806 0.000000 0.004167
2 0.998437 0.647222 0.001563 0.022222
1 0.895703 0.651389 0.011719 0.038889
2 0.882422 0.636111 0.019531 0.002778
2 0.875000 0.669444 0.004687 0.000000
1 0.962109 0.665972 0.049219 0.073611
2 0.971094 0.650000 0.023438 0.022222
2 0.959766 0.676389 0.041406 0.013889
2 0.939453 0.638194 0.003906 0.001389
2 0.964844 0.637500 0.010937 0.000000
1 0.808594 0.659028 0.057813 0.062500
2 0.782813 0.665278 0.000000 0.000000
2 0.825391 0.647917 0.016406 0.020833
2 0.825391 0.678472 0.016406 0.020833
1 0.892578 0.656250 0.039844 0.043056
2 0.874219 0.670833 0.003125 0.000000
2 0.876953 0.670833 0.000781 0.000000
2 0.907813 0.651389 0.007812 0.025000
2 0.902344 0.675000 0.007812 0.005556
2 0.875391 0.638889 0.003906 0.000000
2 0.891406 0.638889 0.001563 0.000000
1 0.774219 0.657639 0.042188 0.059722
2 0.770312 0.665278 0.000000 0.000000
2 0.759375 0.646528 0.007812 0.020833
2 0.787500 0.647917 0.015625 0.020833
2 0.794531 0.677778 0.003125 0.022222
2 0.766797 0.646528 0.007031 0.020833
2 0.779297 0.647917 0.000781 0.020833
1 0.861719 0.663889 0.065625 0.066667
2 0.832812 0.681250 0.001563 0.018056
2 0.834766 0.650694 0.007031 0.023611
2 0.875000 0.652083 0.004687 0.023611
2 0.875391 0.686111 0.003906 0.025000
2 0.872656 0.638889 0.000000 0.000000
2 0.985938 0.716667 0.003125 0.000000
2 0.986328 0.738194 0.007031 0.040278
2 0.605078 0.677083 0.019531 0.009722
2 0.637500 0.688194 0.043750 0.026389
2 0.673828 0.688194 0.027344 0.023611
2 0.637500 0.663889 0.043750 0.025000
2 0.673828 0.663194 0.027344 0.023611
2 0.637109 0.640278 0.044531 0.025000
2 0.673438 0.639583 0.028125 0.023611
5 0.691797 0.736111 0.052344 0.005556
5 0.690625 0.738194 0.053125 0.006944
5 0.672656 0.755556 0.034375 0.008333
5 0.682813 0.773611 0.054688 0.016667
5 0.674219 0.763194 0.037500 0.015278
5 0.684375 0.793056 0.057813 0.016667
5 0.686328 0.781250 0.061719 0.018056
5 0.748047 0.737500 0.066406 0.013889
5 0.755469 0.747917 0.051562 0.015278
5 0.755469 0.768750 0.051562 0.015278
5 0.755469 0.759028 0.051562 0.015278
5 0.749609 0.790278 0.063281 0.013889
5 0.748047 0.777778 0.066406 0.013889
5 0.755469 0.728472 0.051562 0.015278
5 0.758594 0.718056 0.045312 0.013889
5 0.806250 0.734028 0.065625 0.015278
5 0.806250 0.744444 0.065625 0.013889
5 0.806250 0.764583 0.065625 0.015278
5 0.806250 0.754167 0.065625 0.013889
5 0.806641 0.783333 0.066406 0.016667
5 0.806641 0.772917 0.066406 0.015278
5 0.806250 0.725694 0.065625 0.012500
5 0.806250 0.715278 0.065625 0.013889
5 0.805469 0.656944 0.065625 0.011111
5 0.805469 0.668056 0.065625 0.011111
5 0.805859 0.687500 0.066406 0.011111
5 0.805859 0.677778 0.066406 0.011111
5 0.806250 0.706250 0.065625 0.012500
5 0.806250 0.696528 0.065625 0.012500
5 0.805469 0.649306 0.065625 0.009722
5 0.805469 0.638194 0.065625 0.009722