3 0.505859 0.825694 0.986719 0.345833
4 0.258594 0.692361 0.010937 0.020833
4 0.185938 0.722917 0.010937 0.051389
4 0.145313 0.740278 0.006250 0.061111
4 0.096094 0.753472 0.000000 0.034722
4 0.044141 0.765278 0.002344 0.066667
4 0.084375 0.674306 0.000000 0.026389
8 0.153906 0.761111 0.064062 0.044444
8 0.674609 0.736111 0.057031 0.025000
5 0.486719 0.660417 0.031250 0.006944
5 0.486719 0.660417 0.031250 0.006944
5 0.486719 0.660417 0.031250 0.006944
5 0.486719 0.652778 0.031250 0.008333
5 0.486719 0.652778 0.031250 0.008333
5 0.486719 0.652778 0.031250 0.008333
5 0.486719 0.666667 0.031250 0.005556
5 0.486719 0.666667 0.031250 0.005556
5 0.486719 0.666667 0.031250 0.005556
5 0.531250 0.668750 0.035937 0.006944
5 0.531250 0.668750 0.035937 0.006944
5 0.531250 0.668750 0.035937 0.006944
5 0.531250 0.662500 0.035937 0.008333
5 0.531250 0.662500 0.035937 0.008333
5 0.531250 0.662500 0.035937 0.008333
5 0.531250 0.654861 0.035937 0.006944
5 0.531250 0.654861 0.035937 0.006944
5 0.531250 0.654861 0.035937 0.006944
5 0.531250 0.647222 0.035937 0.008333
5 0.531250 0.647222 0.035937 0.008333
5 0.531250 0.647222 0.035937 0.008333
6 0.462500 0.678472 0.035937 0.054167
6 0.489453 0.665278 0.030469 0.044444
6 0.463281 0.629861 0.037500 0.054167
6 0.477734 0.669444 0.035156 0.047222
6 0.362500 0.700000 0.037500 0.066667
6 0.355859 0.709028 0.041406 0.070833
7 0.207422 0.784722 0.064844 0.022222
7 0.164453 0.800000 0.069531 0.025000
7 0.544922 0.856944 0.083594 0.030556
7 0.569922 0.834722 0.077344 0.027778
7 0.477734 0.926389 0.082031 0.041667
7 0.503906 0.893056 0.092188 0.036111
7 0.392969 0.981944 0.120313 0.033333
7 0.034766 0.768750 0.042969 0.023611
7 0.166016 0.732639 0.042969 0.018056
7 0.046875 0.704167 0.043750 0.013889
7 0.335938 0.694444 0.012500 0.005556
7 0.269922 0.716667 0.011719 0.002778
7 0.046484 0.660417 0.032031 0.006944
7 0.069922 0.657639 0.028906 0.006944
7 0.023047 0.665278 0.007031 0.008333
6 0.307812 0.961111 0.146875 0.075000
6 0.489844 0.971528 0.145313 0.054167
8 0.025000 0.822917 0.023438 0.043056
5 0.022266 0.805556 0.017969 0.016667
8 0.091797 0.800000 0.071094 0.050000
5 0.091797 0.781944 0.063281 0.019444
8 0.048828 0.796528 0.071094 0.048611
5 0.048047 0.779167 0.064844 0.019444
8 0.280078 0.740972 0.014844 0.015278
5 0.276953 0.727083 0.022656 0.009722
8 0.234375 0.734722 0.000000 0.000000
5 0.234375 0.726389 0.000000 0.000000
8 0.340625 0.705556 0.003125 0.008333
5 0.340625 0.697222 0.003125 0.005556
8 0.405859 0.687500 0.002344 0.000000
5 0.408984 0.684722 0.010156 0.005556
8 0.440234 0.702083 0.007031 0.023611
5 0.422266 0.690972 0.036719 0.006944
8 0.446875 0.698611 0.020313 0.025000
5 0.445312 0.688194 0.017188 0.006944
8 0.412109 0.706944 0.003906 0.000000
5 0.408984 0.693750 0.010156 0.004167
8 0.408984 0.713194 0.010156 0.023611
5 0.408984 0.700000 0.010156 0.008333
8 0.776172 0.697917 0.039844 0.023611
5 0.775781 0.686806 0.035937 0.004167
8 0.796875 0.695833 0.006250 0.025000
5 0.780859 0.683333 0.033594 0.005556
8 0.775781 0.703472 0.037500 0.026389
5 0.773828 0.690972 0.036719 0.006944
8 0.769531 0.704167 0.042188 0.019444
5 0.771094 0.695833 0.034375 0.008333
8 0.755078 0.685417 0.002344 0.009722
5 0.736719 0.681944 0.034375 0.005556
8 0.747266 0.693056 0.002344 0.008333
5 0.730859 0.684028 0.035156 0.004167
8 0.729297 0.694444 0.038281 0.013889
5 0.728516 0.689583 0.036719 0.006944
8 0.723437 0.699306 0.042188 0.015278
5 0.725781 0.693056 0.031250 0.008333
8 0.733594 0.725000 0.037500 0.022222
5 0.733594 0.716667 0.032813 0.011111
8 0.772266 0.731944 0.036719 0.033333
5 0.772266 0.718750 0.032031 0.012500
8 0.700000 0.723611 0.037500 0.025000
5 0.699609 0.715278 0.033594 0.011111
8 0.664062 0.722917 0.035937 0.026389
5 0.662891 0.712500 0.033594 0.011111
8 0.759766 0.715972 0.036719 0.029167
5 0.758203 0.702778 0.033594 0.008333
8 0.754297 0.721528 0.042969 0.029167
5 0.753906 0.708333 0.039062 0.008333
8 0.709766 0.720833 0.027344 0.022222
5 0.710938 0.708333 0.025000 0.011111
8 0.675781 0.718750 0.025000 0.023611
5 0.675781 0.705556 0.025000 0.011111
5 0.648047 0.775694 0.003906 0.004167
8 0.650781 0.772917 0.001563 0.001389
5 0.652734 0.770833 0.002344 0.002778
8 0.595703 0.795833 0.063281 0.044444
5 0.593750 0.777083 0.059375 0.018056
8 0.612891 0.788889 0.046094 0.036111
5 0.611328 0.768056 0.049219 0.016667
0 0.486719 0.704861 0.073438 0.176389
0 0.589844 0.670833 0.051562 0.136111
0 0.576562 0.636111 0.026562 0.097222
1 0.260937 0.635417 0.053125 0.065278
1 0.247656 0.637500 0.054688 0.066667
1 0.211328 0.634028 0.044531 0.062500
1 0.198828 0.636806 0.049219 0.065278
1 0.171094 0.632639 0.050000 0.062500
1 0.157422 0.635417 0.053906 0.065278
1 0.098047 0.627083 0.046094 0.054167
1 0.087109 0.656250 0.061719 0.079167
1 0.055859 0.652083 0.057031 0.073611
1 0.992578 0.669444 0.013281 0.091667
2 0.993750 0.680556 0.010937 0.025000
2 0.993359 0.645833 0.011719 0.025000
2 0.995313 0.650694 0.007812 0.026389
2 0.994141 0.684722 0.010156 0.030556
2 0.994141 0.646528 0.010156 0.023611
2 0.994531 0.648611 0.009375 0.025000
1 0.904297 0.665972 0.033594 0.087500
2 0.890234 0.665278 0.000781 0.000000
2 0.898438 0.630556 0.017188 0.000000
2 0.904687 0.647222 0.029687 0.025000
2 0.890234 0.681250 0.000781 0.029167
2 0.896875 0.632639 0.014063 0.001389
2 0.896484 0.633333 0.013281 0.000000
2 0.911719 0.633333 0.014063 0.000000
1 0.910547 0.681250 0.039844 0.101389
2 0.901172 0.679167 0.014844 0.000000
2 0.917578 0.679861 0.016406 0.001389
2 0.909375 0.640972 0.031250 0.001389
2 0.910547 0.659722 0.033594 0.030556
2 0.910547 0.697917 0.033594 0.034722
2 0.904687 0.643056 0.009375 0.000000
2 0.916016 0.643056 0.011719 0.000000
2 0.901563 0.643750 0.015625 0.001389
2 0.918359 0.644444 0.016406 0.000000
1 0.864062 0.629861 0.032813 0.018056
2 0.864453 0.636111 0.028906 0.005556
2 0.876172 0.631944 0.005469 0.000000
2 0.857031 0.631944 0.014063 0.000000
2 0.868750 0.631944 0.007812 0.000000
1 0.865234 0.679167 0.038281 0.100000
2 0.857812 0.677778 0.015625 0.000000
2 0.874219 0.677778 0.015625 0.000000
2 0.870313 0.640972 0.021875 0.001389
2 0.864844 0.658333 0.032813 0.030556
2 0.865234 0.696528 0.033594 0.034722
2 0.857812 0.641667 0.014063 0.000000
2 0.868750 0.641667 0.004687 0.000000
2 0.857031 0.642361 0.015625 0.001389
2 0.873437 0.643056 0.015625 0.000000
2 0.932813 0.833333 0.003125 0.063889
2 0.967187 0.871528 0.064062 0.073611
2 0.966797 0.809722 0.064844 0.077778
2 0.965234 0.778472 0.067969 0.062500
2 0.731641 0.766667 0.092969 0.063889
2 0.712500 0.792361 0.103125 0.073611
2 0.760547 0.852778 0.007031 0.069444
2 0.775000 0.819444 0.006250 0.061111
2 0.722266 0.778472 0.097656 0.068056
2 0.701172 0.806944 0.110156 0.080556
2 0.701172 0.870833 0.110156 0.075000
2 0.768359 0.835417 0.007031 0.065278
2 0.644141 0.764583 0.060156 0.054167
2 0.592578 0.758333 0.057031 0.047222
2 0.790234 0.670139 0.003906 0.020833
2 0.733594 0.673611 0.029687 0.013889
2 0.770703 0.677083 0.033594 0.023611
2 0.733594 0.653472 0.029687 0.026389
2 0.770703 0.654167 0.033594 0.027778
2 0.735938 0.627778 0.034375 0.027778
2 0.770312 0.629167 0.032813 0.027778
5 0.205859 0.706250 0.055469 0.012500
5 0.205859 0.714583 0.055469 0.012500
5 0.205859 0.722917 0.055469 0.012500
5 0.205859 0.730556 0.055469 0.013889
5 0.205859 0.747222 0.055469 0.013889
5 0.205859 0.738889 0.055469 0.013889
5 0.207031 0.763889 0.051562 0.013889
5 0.205469 0.754167 0.054688 0.013889
5 0.036328 0.693056 0.033594 0.008333
5 0.034766 0.699306 0.030469 0.006944
5 0.252734 0.725000 0.053906 0.013889
5 0.252734 0.733333 0.053906 0.013889
5 0.253125 0.751389 0.054688 0.013889
5 0.252734 0.742361 0.053906 0.012500
5 0.252734 0.766667 0.053906 0.013889
5 0.252734 0.758333 0.053906 0.013889
5 0.061719 0.695833 0.035937 0.008333
5 0.072266 0.702083 0.014844 0.006944
5 0.252734 0.718056 0.053906 0.013889
5 0.252734 0.709028 0.053906 0.012500
5 0.307812 0.729167 0.054688 0.013889
5 0.307812 0.737500 0.054688 0.013889
5 0.307812 0.754861 0.054688 0.015278
5 0.307812 0.745833 0.054688 0.013889
5 0.307812 0.770833 0.054688 0.013889
5 0.307812 0.762500 0.054688 0.013889
5 0.101172 0.697917 0.041406 0.006944
5 0.100781 0.703472 0.042188 0.006944
5 0.307812 0.720833 0.054688 0.013889
5 0.307812 0.713194 0.054688 0.012500
5 0.308203 0.663889 0.055469 0.011111
5 0.308203 0.671528 0.055469 0.012500
5 0.308203 0.688889 0.055469 0.011111
5 0.308203 0.679861 0.055469 0.012500
5 0.308203 0.704861 0.055469 0.012500
5 0.308203 0.696528 0.055469 0.012500
5 0.101172 0.693056 0.041406 0.008333
5 0.100781 0.686111 0.042188 0.008333
5 0.308203 0.655556 0.055469 0.011111
5 0.308203 0.647222 0.055469 0.011111