3 0.499609 0.897222 0.999219 0.202778
4 0.180078 0.837500 0.002344 0.027778
4 0.031250 0.877778 0.026562 0.075000
5 0.434375 0.789583 0.048438 0.012500
5 0.434375 0.789583 0.048438 0.012500
5 0.434375 0.789583 0.048438 0.012500
5 0.430078 0.777083 0.055469 0.012500
5 0.430078 0.777083 0.055469 0.012500
5 0.430078 0.777083 0.055469 0.012500
5 0.434375 0.800000 0.048438 0.013889
5 0.434375 0.800000 0.048438 0.013889
5 0.434375 0.800000 0.048438 0.013889
5 0.509375 0.802083 0.053125 0.012500
5 0.509375 0.802083 0.053125 0.012500
5 0.509375 0.802083 0.053125 0.012500
5 0.509375 0.790972 0.053125 0.012500
5 0.509375 0.790972 0.053125 0.012500
5 0.509375 0.790972 0.053125 0.012500
5 0.510156 0.779167 0.051562 0.013889
5 0.510156 0.779167 0.051562 0.013889
5 0.510156 0.779167 0.051562 0.013889
5 0.508594 0.766667 0.054688 0.013889
5 0.508594 0.766667 0.054688 0.013889
5 0.508594 0.766667 0.054688 0.013889
6 0.448828 0.822222 0.063281 0.108333
6 0.478906 0.804167 0.054688 0.094444
6 0.450781 0.731250 0.067187 0.101389
6 0.466406 0.812500 0.057813 0.102778
6 0.294531 0.877083 0.118750 0.151389
6 0.282422 0.907639 0.094531 0.181944
7 0.057422 0.925694 0.096094 0.031944
8 0.096875 0.984722 0.003125 0.002778
5 0.077344 0.972222 0.048438 0.036111
8 0.363672 0.837500 0.003906 0.005556
5 0.357422 0.837500 0.007031 0.011111
8 0.391406 0.874306 0.075000 0.056944
5 0.388672 0.850000 0.069531 0.016667
8 0.405859 0.863194 0.080469 0.054167
5 0.404297 0.841667 0.074219 0.016667
8 0.384766 0.884028 0.063281 0.059722
5 0.382031 0.860417 0.057813 0.020833
8 0.374219 0.897917 0.040625 0.065278
5 0.371094 0.872917 0.035937 0.020833
8 0.993359 0.843056 0.011719 0.038889
5 0.994922 0.827778 0.008594 0.011111
8 0.983594 0.823611 0.012500 0.013889
5 0.989453 0.820833 0.019531 0.011111
8 0.934766 0.836806 0.071094 0.043056
5 0.933594 0.817361 0.064062 0.009722
8 0.940234 0.845833 0.069531 0.050000
5 0.941797 0.826389 0.067969 0.013889
8 0.951562 0.852778 0.071875 0.050000
5 0.953906 0.831250 0.071875 0.009722
8 0.961328 0.852083 0.075781 0.031944
5 0.962891 0.842361 0.072656 0.018056
8 0.958594 0.919444 0.081250 0.080556
5 0.957031 0.892361 0.071875 0.029167
8 0.991406 0.893750 0.015625 0.056944
5 0.992969 0.872917 0.012500 0.020833
8 0.942969 0.898611 0.073438 0.072222
5 0.941797 0.872917 0.064844 0.026389
0 0.761719 0.820833 0.154688 0.355556
0 0.782813 0.783333 0.084375 0.219444
0 0.594531 0.746528 0.054688 0.165278
1 0.058984 0.754167 0.094531 0.105556
1 0.041797 0.757639 0.083594 0.112500
1 0.014063 0.754167 0.028125 0.105556
1 0.001953 0.754167 0.003906 0.105556
2 0.979297 0.989583 0.039844 0.018056
2 0.846094 0.801389 0.006250 0.044444
2 0.905859 0.795833 0.000781 0.030556
2 0.877344 0.810417 0.056250 0.048611
2 0.935937 0.802083 0.059375 0.029167
2 0.876563 0.768750 0.056250 0.045833
2 0.935156 0.769444 0.059375 0.047222
2 0.876563 0.727778 0.056250 0.044444
2 0.934375 0.727778 0.059375 0.044444
5 0.038672 0.980556 0.077344 0.036111
5 0.050000 0.993750 0.051562 0.009722
5 0.038281 0.968750 0.076563 0.054167
5 0.040234 0.939583 0.080469 0.054167
5 0.165625 0.985417 0.179688 0.026389
5 0.235156 0.998611 0.001563 0.000000
5 0.166406 0.974306 0.179688 0.048611
5 0.166406 0.950694 0.179688 0.054167
5 0.168750 0.790972 0.178125 0.037500
5 0.168359 0.818750 0.178906 0.040278
5 0.167578 0.873611 0.178906 0.047222
5 0.167969 0.845833 0.178125 0.044444
5 0.166797 0.926389 0.178906 0.050000
5 0.167187 0.897917 0.179688 0.048611
5 0.168750 0.768056 0.178125 0.033333
5 0.169531 0.740278 0.178125 0.033333