3 0.499609 0.870833 0.999219 0.255556
4 0.008984 0.788194 0.002344 0.031944
8 0.058203 0.754167 0.017969 0.019444
5 0.003125 0.735417 0.006250 0.006944
5 0.003125 0.735417 0.006250 0.006944
5 0.003125 0.735417 0.006250 0.006944
5 0.003125 0.727083 0.006250 0.006944
5 0.003125 0.727083 0.006250 0.006944
5 0.003125 0.727083 0.006250 0.006944
5 0.003125 0.742361 0.006250 0.006944
5 0.003125 0.742361 0.006250 0.006944
5 0.003125 0.742361 0.006250 0.006944
6 0.068359 0.721528 0.027344 0.043056
6 0.080469 0.720833 0.003125 0.041667
6 0.047266 0.694444 0.033594 0.041667
6 0.046875 0.722917 0.034375 0.043056
5 0.700391 0.825694 0.000781 0.006944
5 0.700391 0.825694 0.000781 0.006944
5 0.700391 0.825694 0.000781 0.006944
5 0.730859 0.814583 0.063281 0.012500
5 0.730859 0.814583 0.063281 0.012500
5 0.730859 0.814583 0.063281 0.012500
5 0.832812 0.866667 0.021875 0.016667
5 0.832812 0.866667 0.021875 0.016667
5 0.832812 0.866667 0.021875 0.016667
5 0.829297 0.851389 0.028906 0.016667
5 0.829297 0.851389 0.028906 0.016667
5 0.829297 0.851389 0.028906 0.016667
5 0.829297 0.836111 0.028906 0.019444
5 0.829297 0.836111 0.028906 0.019444
5 0.829297 0.836111 0.028906 0.019444
5 0.803125 0.818056 0.079687 0.022222
5 0.803125 0.818056 0.079687 0.022222
5 0.803125 0.818056 0.079687 0.022222
6 0.350391 0.883333 0.094531 0.125000
6 0.499609 0.864583 0.089844 0.120833
6 0.351172 0.777778 0.094531 0.119444
6 0.428516 0.872222 0.092969 0.125000
7 0.221094 0.874306 0.032813 0.015278
7 0.289062 0.762500 0.017188 0.011111
7 0.323828 0.761111 0.017969 0.011111
7 0.172656 0.768056 0.012500 0.011111
7 0.225000 0.765278 0.025000 0.011111
8 0.034375 0.914583 0.059375 0.056944
5 0.033203 0.893056 0.052344 0.022222
8 0.105078 0.905556 0.060156 0.058333
5 0.104688 0.886806 0.051562 0.023611
8 0.152734 0.893056 0.039844 0.036111
5 0.155469 0.879861 0.040625 0.020833
8 0.230469 0.893056 0.057813 0.055556
5 0.228125 0.874306 0.053125 0.020833
8 0.183203 0.910417 0.052344 0.012500
5 0.176563 0.901389 0.059375 0.025000
8 0.251953 0.916667 0.057031 0.069444
5 0.249219 0.894444 0.051562 0.027778
8 0.108594 0.934028 0.054688 0.068056
5 0.116016 0.908333 0.027344 0.027778
8 0.035937 0.939583 0.059375 0.076389
5 0.036719 0.915278 0.054688 0.033333
0 0.133203 0.866667 0.211719 0.263889
0 0.778125 0.806944 0.160938 0.227778
1 0.466016 0.752083 0.064844 0.104167
1 0.430469 0.753472 0.064062 0.106944
1 0.431250 0.745139 0.059375 0.098611
1 0.397266 0.745833 0.060156 0.097222
1 0.401172 0.731944 0.055469 0.077778
1 0.371484 0.739583 0.049219 0.093056
1 0.390234 0.722917 0.061719 0.076389
1 0.087109 0.763889 0.091406 0.111111
1 0.080859 0.759028 0.086719 0.106944
1 0.896484 0.990278 0.013281 0.016667
5 0.008594 0.804167 0.009375 0.000000
5 0.012109 0.829167 0.024219 0.013889
5 0.010547 0.836806 0.021094 0.015278
5 0.012109 0.821528 0.024219 0.012500
5 0.010937 0.812500 0.021875 0.013889