3 0.264844 0.850000 0.529687 0.297222
4 0.257422 0.736806 0.002344 0.026389
4 0.132812 0.723611 0.009375 0.002778
4 0.064062 0.750000 0.004687 0.055556
4 0.007812 0.749306 0.014063 0.054167
4 0.331641 0.711806 0.000781 0.020833
4 0.220703 0.722222 0.017969 0.041667
4 0.125391 0.722222 0.017969 0.041667
4 0.036719 0.730556 0.001563 0.022222
8 0.451953 0.704861 0.019531 0.015278
5 0.435937 0.692361 0.020313 0.004167
5 0.435937 0.692361 0.020313 0.004167
5 0.435937 0.692361 0.020313 0.004167
5 0.433203 0.686806 0.025781 0.004167
5 0.433203 0.686806 0.025781 0.004167
5 0.433203 0.686806 0.025781 0.004167
5 0.435156 0.697917 0.021875 0.004167
5 0.435156 0.697917 0.021875 0.004167
5 0.435156 0.697917 0.021875 0.004167
5 0.401562 0.699306 0.015625 0.004167
5 0.401562 0.699306 0.015625 0.004167
5 0.401562 0.699306 0.015625 0.004167
5 0.398047 0.695833 0.008594 0.000000
5 0.398047 0.695833 0.008594 0.000000
5 0.398047 0.695833 0.008594 0.000000
5 0.405859 0.688194 0.024219 0.004167
5 0.405859 0.688194 0.024219 0.004167
5 0.405859 0.688194 0.024219 0.004167
5 0.407422 0.684028 0.027344 0.001389
5 0.407422 0.684028 0.027344 0.001389
5 0.407422 0.684028 0.027344 0.001389
6 0.464062 0.679167 0.000000 0.000000
6 0.463672 0.690278 0.000781 0.022222
6 0.376953 0.693750 0.021094 0.018056
6 0.398047 0.761111 0.058594 0.077778
6 0.505859 0.740278 0.047656 0.036111
6 0.398047 0.704167 0.058594 0.050000
6 0.453906 0.761806 0.057813 0.079167
6 0.165625 0.732639 0.054688 0.031944
6 0.087891 0.757639 0.063281 0.079167
7 0.104688 0.759722 0.034375 0.011111
7 0.294531 0.737500 0.010937 0.011111
7 0.390625 0.770833 0.010937 0.013889
7 0.516797 0.716667 0.014844 0.008333
7 0.219141 0.715278 0.019531 0.008333
7 0.189844 0.713889 0.007812 0.005556
7 0.261328 0.715278 0.013281 0.008333
6 0.021484 0.711806 0.042969 0.048611
6 0.007812 0.715278 0.015625 0.050000
6 0.007812 0.686111 0.015625 0.016667
6 0.021875 0.684722 0.042188 0.013889
6 0.144531 0.686111 0.043750 0.016667
6 0.156250 0.686111 0.029687 0.013889
6 0.144141 0.715972 0.044531 0.051389
6 0.155469 0.704861 0.031250 0.031944
6 0.119922 0.679861 0.003906 0.004167
8 0.019922 0.768750 0.039844 0.026389
5 0.018359 0.758333 0.036719 0.008333
8 0.028125 0.766667 0.054688 0.030556
5 0.028125 0.752778 0.051562 0.008333
8 0.323437 0.771528 0.014063 0.034722
5 0.322656 0.756944 0.010937 0.008333
8 0.349609 0.774306 0.036719 0.029167
5 0.349219 0.758333 0.037500 0.011111
8 0.337109 0.779861 0.041406 0.037500
5 0.335938 0.765278 0.037500 0.011111
8 0.410547 0.865278 0.050781 0.022222
5 0.412891 0.852778 0.047656 0.025000
8 0.354297 0.879861 0.069531 0.062500
5 0.354297 0.852778 0.061719 0.025000
8 0.320312 0.868056 0.009375 0.052778
5 0.312891 0.845833 0.013281 0.013889
8 0.419531 0.854861 0.032813 0.037500
5 0.421484 0.832639 0.030469 0.018056
8 0.376563 0.856944 0.065625 0.061111
5 0.376563 0.833333 0.057813 0.019444
8 0.331641 0.855556 0.030469 0.061111
5 0.323047 0.833333 0.039844 0.019444
0 0.128125 0.739583 0.115625 0.123611
0 0.063672 0.687500 0.044531 0.102778
0 0.108594 0.686111 0.043750 0.100000
1 0.392578 0.710417 0.061719 0.062500
1 0.398828 0.709028 0.060156 0.059722
1 0.238281 0.707639 0.062500 0.059722
1 0.228125 0.709028 0.065625 0.062500
1 0.074219 0.677778 0.000000 0.000000
2 0.077344 0.680556 0.026562 0.005556
1 0.004687 0.688889 0.004687 0.019444
2 0.002734 0.701389 0.002344 0.016667
2 0.003516 0.681250 0.007031 0.006944
2 0.037109 0.690278 0.000781 0.000000
1 0.372656 0.911111 0.039062 0.175000
2 0.418750 0.936806 0.096875 0.123611
2 0.496484 0.883333 0.066406 0.016667
2 0.491797 0.945833 0.075781 0.105556
1 0.034375 0.910417 0.068750 0.176389
2 0.026953 0.935417 0.053906 0.126389
1 0.435937 0.820833 0.020313 0.105556
2 0.469141 0.840972 0.063281 0.073611
2 0.514844 0.808333 0.029687 0.008333
2 0.512500 0.843750 0.034375 0.062500
1 0.133594 0.883333 0.160938 0.230556
2 0.167187 0.965278 0.070312 0.066667
2 0.146484 0.972917 0.075781 0.051389
2 0.157422 0.863194 0.092969 0.120833
2 0.023438 0.809028 0.046875 0.015278
2 0.092969 0.970833 0.081250 0.055556
2 0.114844 0.806944 0.070312 0.008333
2 0.091016 0.867361 0.077344 0.112500
2 0.066406 0.805556 0.062500 0.008333
2 0.037109 0.840278 0.074219 0.061111
1 0.471875 0.769444 0.012500 0.066667
2 0.496484 0.784722 0.046094 0.044444
2 0.525000 0.765278 0.009375 0.002778
2 0.523438 0.785417 0.012500 0.034722
1 0.194531 0.856250 0.209375 0.243056
2 0.265625 0.900000 0.050000 0.075000
2 0.247266 0.914583 0.041406 0.087500
2 0.259766 0.806250 0.063281 0.087500
2 0.133203 0.781250 0.067969 0.040278
2 0.209375 0.911111 0.071875 0.091667
2 0.225781 0.764583 0.046875 0.004167
2 0.210156 0.808333 0.053125 0.083333
2 0.184375 0.763194 0.048438 0.004167
2 0.169141 0.784028 0.055469 0.034722
1 0.481641 0.745139 0.010156 0.037500
2 0.504297 0.757639 0.041406 0.012500
2 0.527734 0.752778 0.003906 0.002778
2 0.526563 0.759028 0.006250 0.006944
1 0.228906 0.846528 0.189062 0.243056
2 0.301953 0.879861 0.027344 0.076389
2 0.297656 0.888889 0.018750 0.077778
2 0.289062 0.789583 0.054688 0.079167
2 0.174219 0.755556 0.062500 0.011111
2 0.250781 0.752083 0.035937 0.004167
2 0.243750 0.758333 0.046875 0.005556
2 0.219922 0.752083 0.044531 0.004167
2 0.205859 0.757639 0.049219 0.006944
1 0.039062 0.695139 0.004687 0.015278
2 0.039453 0.700000 0.005469 0.011111
2 0.048438 0.680556 0.004687 0.005556
5 0.339844 0.714583 0.023438 0.004167
5 0.339844 0.709722 0.023438 0.005556
5 0.339844 0.700694 0.023438 0.004167
5 0.339844 0.704861 0.023438 0.004167
5 0.344141 0.731250 0.017969 0.006944
5 0.342969 0.736806 0.015625 0.006944
5 0.330078 0.734028 0.030469 0.006944
5 0.328516 0.740278 0.030469 0.005556
5 0.319922 0.738194 0.032031 0.006944
5 0.319141 0.745139 0.030469 0.006944
5 0.319922 0.733333 0.032031 0.005556
5 0.318359 0.727083 0.032031 0.006944