3 0.470703 0.934028 0.941406 0.129167
4 0.907422 0.922222 0.019531 0.141667
4 0.558594 0.960417 0.015625 0.076389
5 0.029297 0.902778 0.055469 0.022222
5 0.029297 0.902778 0.055469 0.022222
5 0.029297 0.902778 0.055469 0.022222
5 0.030078 0.883333 0.055469 0.022222
5 0.030078 0.883333 0.055469 0.022222
5 0.030078 0.883333 0.055469 0.022222
5 0.028516 0.920833 0.055469 0.022222
5 0.028516 0.920833 0.055469 0.022222
5 0.028516 0.920833 0.055469 0.022222
5 0.101172 0.911111 0.089844 0.019444
5 0.101172 0.911111 0.089844 0.019444
5 0.101172 0.911111 0.089844 0.019444
5 0.101953 0.895139 0.089844 0.020833
5 0.101953 0.895139 0.089844 0.020833
5 0.101953 0.895139 0.089844 0.020833
5 0.100781 0.877778 0.092188 0.019444
5 0.100781 0.877778 0.092188 0.019444
5 0.100781 0.877778 0.092188 0.019444
5 0.101562 0.859028 0.092188 0.018056
5 0.101562 0.859028 0.092188 0.018056
5 0.101562 0.859028 0.092188 0.018056
6 0.631641 0.882639 0.102344 0.126389
6 0.473438 0.878472 0.096875 0.118056
6 0.630078 0.769444 0.102344 0.125000
6 0.549609 0.880556 0.099219 0.122222
7 0.594141 0.965972 0.091406 0.040278
8 0.918750 0.947222 0.042188 0.069444
5 0.923828 0.913889 0.030469 0.022222
8 0.850781 0.942361 0.090625 0.073611
5 0.851953 0.911111 0.080469 0.022222
8 0.773438 0.938194 0.090625 0.070833
5 0.774609 0.908333 0.080469 0.022222
8 0.693359 0.934028 0.091406 0.068056
5 0.694531 0.904861 0.081250 0.020833
8 0.805469 0.927083 0.076563 0.062500
5 0.804688 0.899306 0.073438 0.018056
8 0.731641 0.923611 0.078906 0.061111
5 0.729688 0.897222 0.073438 0.016667
8 0.876563 0.930556 0.079687 0.066667
5 0.876172 0.902778 0.072656 0.019444
8 0.930859 0.945833 0.017969 0.041667
5 0.931641 0.900000 0.013281 0.008333
8 0.706641 0.879167 0.044531 0.025000
5 0.710547 0.862500 0.039844 0.008333
8 0.672656 0.877778 0.035937 0.025000
5 0.670703 0.861111 0.035156 0.008333
8 0.748047 0.875000 0.047656 0.027778
5 0.747656 0.862500 0.043750 0.008333
8 0.792969 0.877778 0.048438 0.030556
5 0.792969 0.863889 0.043750 0.008333
8 0.643359 0.880556 0.050781 0.030556
5 0.643750 0.863194 0.045312 0.006944
8 0.688672 0.879167 0.047656 0.030556
5 0.688281 0.864583 0.043750 0.009722
8 0.727344 0.876389 0.051562 0.025000
5 0.728125 0.865278 0.046875 0.008333
8 0.774609 0.880556 0.052344 0.033333
5 0.775000 0.865972 0.046875 0.009722
8 0.876563 0.878472 0.045312 0.029167
5 0.877344 0.865972 0.039062 0.009722
8 0.910937 0.887500 0.006250 0.011111
5 0.909766 0.863194 0.002344 0.001389
8 0.910937 0.884028 0.006250 0.018056
5 0.909766 0.869444 0.005469 0.008333
8 0.901953 0.882639 0.024219 0.023611
5 0.901953 0.871528 0.019531 0.009722
0 0.925000 0.804167 0.026562 0.197222
0 0.318750 0.813194 0.143750 0.204167
1 0.118359 0.751389 0.236719 0.494444
1 0.735547 0.821528 0.072656 0.076389
2 0.714844 0.830556 0.004687 0.000000
2 0.757422 0.806250 0.021094 0.026389
2 0.743750 0.843056 0.051562 0.027778
2 0.744922 0.805556 0.002344 0.025000
1 0.870703 0.823611 0.075781 0.083333
2 0.843750 0.830556 0.015625 0.000000
2 0.896484 0.806250 0.014844 0.026389
2 0.878906 0.845139 0.053125 0.029167
1 0.732031 0.827083 0.031250 0.093056
2 0.684766 0.831944 0.005469 0.000000
2 0.682031 0.830556 0.000000 0.000000
2 0.731250 0.805556 0.023438 0.027778
2 0.718359 0.845139 0.052344 0.026389
2 0.715625 0.805556 0.006250 0.027778
1 0.851172 0.828472 0.083594 0.098611
2 0.815625 0.832639 0.003125 0.001389
2 0.833984 0.831944 0.000781 0.000000
2 0.879297 0.806250 0.019531 0.029167
2 0.862109 0.846528 0.057031 0.029167
1 0.709766 0.817361 0.013281 0.079167
2 0.705469 0.805556 0.014063 0.030556
2 0.697656 0.845139 0.031250 0.023611
1 0.828906 0.831250 0.092188 0.109722
2 0.864844 0.804861 0.009375 0.031944
2 0.854297 0.847917 0.033594 0.026389
1 0.658594 0.830556 0.087500 0.108333
2 0.622266 0.847917 0.002344 0.023611
2 0.620313 0.804861 0.004687 0.029167
2 0.690234 0.804861 0.016406 0.031944
2 0.676172 0.845139 0.046094 0.023611
2 0.658594 0.804861 0.012500 0.029167
1 0.818359 0.833333 0.094531 0.116667
2 0.785547 0.847917 0.019531 0.023611
2 0.790234 0.834722 0.019531 0.000000
2 0.783984 0.805556 0.019531 0.033333
2 0.847656 0.804861 0.026562 0.034722
2 0.828906 0.852778 0.065625 0.036111
2 0.803906 0.805556 0.020313 0.033333
2 0.803516 0.822222 0.003906 0.000000
2 0.824219 0.804861 0.020313 0.034722
2 0.415234 0.870833 0.055469 0.041667
2 0.428125 0.849306 0.028125 0.001389
2 0.480859 0.873611 0.074219 0.041667
2 0.533203 0.870833 0.022656 0.038889
2 0.482422 0.833333 0.077344 0.038889
2 0.533203 0.831944 0.022656 0.036111
2 0.482422 0.793750 0.077344 0.040278
2 0.533203 0.793750 0.022656 0.037500