3 0.417969 0.902778 0.835938 0.191667
4 0.218359 0.827778 0.003906 0.061111
4 0.105078 0.841667 0.030469 0.044444
4 0.044531 0.847222 0.006250 0.019444
5 0.405859 0.791667 0.000781 0.000000
5 0.405859 0.791667 0.000781 0.000000
5 0.405859 0.791667 0.000781 0.000000
5 0.405078 0.783333 0.000781 0.002778
5 0.405078 0.783333 0.000781 0.002778
5 0.405078 0.783333 0.000781 0.002778
5 0.481641 0.806944 0.049219 0.011111
5 0.481641 0.806944 0.049219 0.011111
5 0.481641 0.806944 0.049219 0.011111
5 0.481641 0.796528 0.049219 0.012500
5 0.481641 0.796528 0.049219 0.012500
5 0.481641 0.796528 0.049219 0.012500
5 0.481250 0.784722 0.050000 0.011111
5 0.481250 0.784722 0.050000 0.011111
5 0.481250 0.784722 0.050000 0.011111
5 0.481250 0.772222 0.050000 0.011111
5 0.481250 0.772222 0.050000 0.011111
5 0.481250 0.772222 0.050000 0.011111
6 0.463281 0.813889 0.054688 0.105556
6 0.477344 0.798611 0.048438 0.086111
6 0.464844 0.722917 0.059375 0.101389
6 0.472266 0.807639 0.050781 0.098611
6 0.370312 0.846528 0.073438 0.123611
6 0.370312 0.874306 0.073438 0.168056
7 0.226953 0.856944 0.075781 0.022222
8 0.212109 0.954861 0.108594 0.087500
5 0.208984 0.927083 0.103906 0.037500
8 0.271484 0.879861 0.025781 0.051389
5 0.272656 0.851389 0.026562 0.016667
8 0.283594 0.873611 0.001563 0.041667
5 0.283984 0.839583 0.000781 0.004167
8 0.449609 0.857639 0.017969 0.048611
5 0.446484 0.836111 0.014844 0.011111
8 0.460547 0.852083 0.014844 0.051389
5 0.451172 0.830556 0.024219 0.013889
8 0.445703 0.868750 0.014844 0.056944
5 0.443359 0.843750 0.010156 0.012500
8 0.440234 0.861806 0.002344 0.029167
8 0.982422 0.815972 0.005469 0.001389
5 0.979297 0.813194 0.011719 0.006944
5 0.978906 0.806944 0.012500 0.002778
5 0.976172 0.815972 0.003906 0.001389
0 0.915625 0.791667 0.167187 0.413889
0 0.821875 0.783333 0.092188 0.286111
0 0.575781 0.747222 0.048438 0.161111
1 0.029687 0.762500 0.059375 0.108333
1 0.023047 0.765278 0.046094 0.113889
2 0.878516 0.793750 0.002344 0.006944
2 0.862500 0.764583 0.028125 0.029167
2 0.884766 0.765278 0.016406 0.036111
2 0.846484 0.728472 0.058594 0.040278
2 0.904297 0.728472 0.057031 0.040278
5 0.048047 0.877778 0.096094 0.041667
5 0.044141 0.904861 0.088281 0.043056
5 0.042969 0.928472 0.085938 0.045833
5 0.042969 0.955556 0.085938 0.047222
5 0.047266 0.990972 0.074219 0.015278
5 0.043359 0.977083 0.086719 0.043056
5 0.170703 0.931944 0.169531 0.047222
5 0.170313 0.958333 0.170313 0.050000
5 0.185938 0.992361 0.137500 0.012500
5 0.169922 0.978472 0.169531 0.040278
5 0.171094 0.907639 0.168750 0.045833
5 0.171484 0.879861 0.169531 0.043056
5 0.361328 0.934722 0.153906 0.047222
5 0.360938 0.962500 0.154688 0.050000
5 0.375781 0.993750 0.125000 0.009722
5 0.360938 0.979861 0.154688 0.037500
5 0.361328 0.910417 0.153906 0.045833
5 0.361328 0.884028 0.153906 0.043056
5 0.362891 0.728472 0.152344 0.026389
5 0.362500 0.754861 0.153125 0.029167
5 0.362109 0.809028 0.153906 0.034722
5 0.362500 0.781944 0.153125 0.033333
5 0.361719 0.859722 0.153125 0.041667
5 0.361719 0.832639 0.153125 0.037500
5 0.362891 0.704167 0.152344 0.025000
5 0.362891 0.676389 0.152344 0.027778