3 0.499609 0.943750 0.999219 0.109722
5 0.262500 0.896528 0.082812 0.031944
5 0.262500 0.896528 0.082812 0.031944
5 0.262500 0.896528 0.082812 0.031944
5 0.262500 0.877083 0.082812 0.034722
5 0.262500 0.877083 0.082812 0.034722
5 0.262500 0.877083 0.082812 0.034722
5 0.262500 0.913194 0.082812 0.031944
5 0.262500 0.913194 0.082812 0.031944
5 0.262500 0.913194 0.082812 0.031944
5 0.386719 0.907639 0.082812 0.031944
5 0.386719 0.907639 0.082812 0.031944
5 0.386719 0.907639 0.082812 0.031944
5 0.386719 0.891667 0.082812 0.033333
5 0.386719 0.891667 0.082812 0.033333
5 0.386719 0.891667 0.082812 0.033333
5 0.386719 0.873611 0.082812 0.033333
5 0.386719 0.873611 0.082812 0.033333
5 0.386719 0.873611 0.082812 0.033333
5 0.386719 0.854167 0.082812 0.033333
5 0.386719 0.854167 0.082812 0.033333
5 0.386719 0.854167 0.082812 0.033333
6 0.457813 0.968750 0.081250 0.059722
6 0.482812 0.931250 0.107813 0.134722
6 0.464844 0.988889 0.081250 0.019444
0 0.564844 0.861111 0.085938 0.275000
2 0.882422 0.896528 0.039844 0.081944
2 0.951172 0.929167 0.096094 0.091667
2 0.951172 0.870139 0.096094 0.084722
2 0.950781 0.811806 0.096875 0.081944
2 0.987500 0.776389 0.023438 0.013889