3 0.499609 0.830556 0.999219 0.336111
4 0.476953 0.702778 0.003906 0.047222
4 0.517578 0.720139 0.027344 0.056944
4 0.556250 0.730556 0.007812 0.058333
4 0.562500 0.769444 0.001563 0.002778
4 0.642188 0.752083 0.006250 0.043056
4 0.715625 0.784722 0.009375 0.077778
4 0.756250 0.779861 0.028125 0.034722
4 0.996484 0.935417 0.005469 0.006944
4 0.191406 0.788889 0.000000 0.000000
4 0.198828 0.761111 0.003906 0.041667
4 0.237891 0.786806 0.011719 0.037500
4 0.245312 0.823611 0.003125 0.080556
4 0.249219 0.822917 0.018750 0.018056
4 0.366797 0.938889 0.005469 0.058333
8 0.643750 0.761806 0.003125 0.023611
8 0.905469 0.697917 0.018750 0.006944
5 0.353125 0.668056 0.039062 0.008333
5 0.353125 0.668056 0.039062 0.008333
5 0.353125 0.668056 0.039062 0.008333
5 0.353125 0.659028 0.039062 0.009722
5 0.353125 0.659028 0.039062 0.009722
5 0.353125 0.659028 0.039062 0.009722
5 0.353125 0.675000 0.039062 0.008333
5 0.353125 0.675000 0.039062 0.008333
5 0.353125 0.675000 0.039062 0.008333
5 0.402344 0.672222 0.039062 0.008333
5 0.402344 0.672222 0.039062 0.008333
5 0.402344 0.672222 0.039062 0.008333
5 0.402734 0.665278 0.038281 0.008333
5 0.402734 0.665278 0.038281 0.008333
5 0.402734 0.665278 0.038281 0.008333
5 0.402734 0.658333 0.038281 0.008333
5 0.402734 0.658333 0.038281 0.008333
5 0.402734 0.658333 0.038281 0.008333
5 0.402734 0.649306 0.038281 0.009722
5 0.402734 0.649306 0.038281 0.009722
5 0.402734 0.649306 0.038281 0.009722
6 0.514062 0.669444 0.034375 0.036111
6 0.486719 0.665972 0.031250 0.043056
6 0.514062 0.630556 0.034375 0.055556
6 0.500000 0.668056 0.035937 0.041667
6 0.556641 0.702083 0.013281 0.065278
6 0.637891 0.690972 0.014844 0.029167
7 0.757812 0.780556 0.040625 0.016667
7 0.825781 0.797222 0.026562 0.016667
7 0.552734 0.802083 0.021094 0.026389
7 0.350000 0.850694 0.048438 0.037500
7 0.470703 0.756944 0.041406 0.022222
7 0.413672 0.709028 0.044531 0.012500
7 0.475391 0.735417 0.050781 0.015278
6 0.337500 0.992361 0.009375 0.012500
6 0.184766 0.897222 0.147656 0.202778
6 0.412500 0.888194 0.159375 0.220833
6 0.076563 0.838194 0.043750 0.134722
6 0.200391 0.792361 0.066406 0.051389
6 0.200391 0.718750 0.066406 0.112500
6 0.087109 0.731944 0.063281 0.130556
6 0.166016 0.681250 0.049219 0.084722
6 0.075000 0.686111 0.048438 0.088889
6 0.166406 0.768056 0.046875 0.088889
6 0.074609 0.772917 0.047656 0.101389
8 0.892188 0.836111 0.081250 0.050000
5 0.890234 0.811806 0.075781 0.023611
8 0.934375 0.848611 0.090625 0.055556
5 0.918359 0.825000 0.050781 0.025000
8 0.834766 0.804861 0.047656 0.037500
5 0.832422 0.785417 0.046094 0.020833
8 0.778125 0.797917 0.073438 0.026389
5 0.789062 0.786806 0.045312 0.015278
8 0.519141 0.714583 0.044531 0.026389
5 0.520312 0.702778 0.042188 0.008333
8 0.507031 0.710417 0.043750 0.026389
5 0.496484 0.698611 0.019531 0.008333
8 0.492969 0.706250 0.040625 0.026389
5 0.494141 0.694444 0.039844 0.008333
8 0.473828 0.702083 0.024219 0.026389
5 0.482812 0.690278 0.039062 0.008333
8 0.517969 0.702778 0.004687 0.022222
5 0.533594 0.692361 0.032813 0.006944
8 0.510156 0.690278 0.012500 0.005556
5 0.523438 0.688194 0.035937 0.006944
8 0.539453 0.708333 0.021094 0.027778
5 0.540234 0.696528 0.019531 0.006944
8 0.545703 0.706250 0.008594 0.015278
5 0.549609 0.700694 0.000781 0.006944
5 0.781250 0.668056 0.003125 0.000000
8 0.821875 0.698611 0.004687 0.011111
5 0.821484 0.681250 0.005469 0.001389
8 0.812109 0.700694 0.025781 0.018056
5 0.813672 0.686111 0.017969 0.008333
8 0.791016 0.701389 0.035156 0.019444
5 0.787500 0.683333 0.006250 0.000000
8 0.813281 0.690972 0.010937 0.020833
5 0.813672 0.679861 0.008594 0.001389
8 0.799219 0.699306 0.017188 0.009722
5 0.795703 0.679167 0.022656 0.002778
8 0.985547 0.711806 0.007031 0.006944
5 0.982031 0.705556 0.012500 0.008333
8 0.920312 0.700000 0.001563 0.000000
5 0.932422 0.698611 0.021094 0.002778
8 0.996875 0.739583 0.004687 0.029167
5 0.998047 0.726389 0.002344 0.005556
8 0.987891 0.737500 0.022656 0.027778
5 0.987500 0.720833 0.023438 0.011111
0 0.873437 0.681944 0.098437 0.152778
0 0.728906 0.651389 0.037500 0.111111
0 0.490625 0.634028 0.039062 0.095833
0 0.784375 0.822222 0.146875 0.311111
0 0.199609 0.851389 0.203906 0.294444
0 0.121875 0.834722 0.243750 0.327778
0 0.087109 0.751389 0.169531 0.230556
0 0.077734 0.737500 0.149219 0.213889
1 0.319922 0.846528 0.121094 0.243056
1 0.399609 0.843056 0.124219 0.244444
1 0.101172 0.650000 0.046094 0.061111
1 0.109375 0.650694 0.064062 0.062500
1 0.038672 0.656250 0.066406 0.076389
1 0.039062 0.663194 0.067187 0.087500
1 0.002344 0.646528 0.003125 0.054167
1 0.001563 0.664583 0.003125 0.084722
1 0.097656 0.687500 0.045312 0.097222
1 0.041406 0.696528 0.034375 0.112500
1 0.058203 0.729861 0.055469 0.140278
1 0.117578 0.681944 0.052344 0.050000
1 0.903906 0.632639 0.040625 0.056944
2 0.879687 0.650000 0.001563 0.002778
2 0.887891 0.636111 0.003906 0.000000
2 0.879297 0.620833 0.002344 0.008333
2 0.909766 0.614583 0.024219 0.004167
2 0.903125 0.644444 0.039062 0.013889
2 0.884375 0.622222 0.001563 0.013889
2 0.900391 0.611111 0.008594 0.000000
2 0.893750 0.614583 0.007812 0.004167
1 0.982031 0.645833 0.012500 0.069444
2 0.982031 0.628472 0.012500 0.020833
2 0.982031 0.656250 0.012500 0.023611
2 0.981250 0.616667 0.010937 0.000000
1 0.840234 0.626389 0.042969 0.044444
2 0.822266 0.648611 0.000781 0.000000
2 0.824219 0.615972 0.006250 0.006944
2 0.846875 0.615972 0.006250 0.004167
2 0.828906 0.615278 0.001563 0.005556
2 0.839453 0.615972 0.007031 0.004167
1 0.915234 0.646528 0.055469 0.073611
2 0.898047 0.656944 0.003906 0.022222
2 0.907031 0.645833 0.012500 0.000000
2 0.899219 0.627778 0.018750 0.022222
2 0.929297 0.630556 0.025781 0.022222
2 0.921094 0.659028 0.043750 0.023611
2 0.905469 0.628472 0.014063 0.020833
2 0.918750 0.618056 0.010937 0.000000
2 0.911719 0.629861 0.007812 0.020833
1 0.785156 0.637500 0.050000 0.061111
2 0.779687 0.640278 0.000000 0.000000
2 0.795703 0.625694 0.024219 0.020833
2 0.794141 0.652778 0.028906 0.022222
2 0.785937 0.613889 0.006250 0.000000
2 0.784375 0.615278 0.009375 0.000000
1 0.853906 0.643056 0.057813 0.063889
2 0.835547 0.649306 0.007031 0.001389
2 0.845703 0.648611 0.011719 0.000000
2 0.833594 0.619444 0.012500 0.000000
2 0.870313 0.633333 0.020313 0.022222
2 0.858203 0.658333 0.044531 0.016667
2 0.840234 0.620833 0.005469 0.000000
2 0.848047 0.621528 0.008594 0.001389
1 0.761719 0.638889 0.046875 0.058333
2 0.742578 0.647222 0.000781 0.008333
2 0.740625 0.623611 0.004687 0.016667
2 0.771484 0.626389 0.022656 0.019444
2 0.763672 0.654167 0.039844 0.022222
2 0.745703 0.624306 0.003906 0.015278
2 0.760547 0.615278 0.000781 0.000000
1 0.827734 0.640972 0.057031 0.056944
2 0.808203 0.659028 0.013281 0.018056
2 0.821484 0.650000 0.011719 0.000000
2 0.811719 0.630556 0.020313 0.022222
2 0.839844 0.633333 0.028125 0.022222
2 0.827734 0.660417 0.036719 0.018056
2 0.816406 0.631944 0.014063 0.022222
2 0.830078 0.620833 0.011719 0.000000
2 0.823047 0.633333 0.011719 0.022222
2 0.836719 0.620833 0.000000 0.000000
2 0.946875 0.720139 0.068750 0.040278
2 0.919531 0.722917 0.046875 0.043056
2 0.637891 0.663889 0.014844 0.022222
2 0.637891 0.640972 0.014844 0.020833
2 0.637891 0.618750 0.014844 0.023611
2 0.643750 0.606250 0.003125 0.001389
5 0.635938 0.712500 0.018750 0.013889
5 0.635938 0.722222 0.018750 0.013889
5 0.635938 0.730556 0.018750 0.011111
5 0.635938 0.738889 0.018750 0.013889
5 0.635938 0.756944 0.018750 0.013889
5 0.635938 0.747917 0.018750 0.012500
5 0.635156 0.770833 0.017188 0.008333
5 0.635938 0.764583 0.018750 0.012500
5 0.074609 0.742361 0.002344 0.004167
5 0.714453 0.727083 0.008594 0.006944
5 0.714453 0.734722 0.008594 0.008333
5 0.714453 0.752083 0.008594 0.009722
5 0.714453 0.743056 0.008594 0.008333
5 0.714844 0.768056 0.007812 0.008333
5 0.714844 0.760417 0.007812 0.006944
5 0.714453 0.718750 0.008594 0.009722
5 0.714453 0.709722 0.008594 0.008333
5 0.733594 0.722222 0.028125 0.013889
5 0.733984 0.731250 0.028906 0.012500
5 0.731641 0.745833 0.025781 0.008333
5 0.733984 0.739583 0.028906 0.012500
5 0.732812 0.764583 0.026562 0.012500
5 0.720313 0.753472 0.001563 0.009722
5 0.200391 0.742361 0.000781 0.001389
5 0.195703 0.748611 0.010156 0.008333
5 0.733203 0.715278 0.028906 0.011111
5 0.731641 0.706944 0.032031 0.011111
5 0.737891 0.658333 0.046094 0.011111
5 0.737891 0.665278 0.046094 0.008333
5 0.731641 0.684028 0.032031 0.009722
5 0.728125 0.675694 0.026562 0.009722
5 0.731641 0.700000 0.032031 0.011111
5 0.731641 0.690278 0.032031 0.011111
5 0.737891 0.650694 0.046094 0.009722
5 0.737891 0.642361 0.046094 0.009722