3 0.499609 0.821528 0.999219 0.354167
4 0.037109 0.896528 0.003906 0.093056
5 0.650391 0.760417 0.066406 0.026389
5 0.650391 0.760417 0.066406 0.026389
5 0.650391 0.760417 0.066406 0.026389
5 0.650391 0.745833 0.066406 0.030556
5 0.650391 0.745833 0.066406 0.030556
5 0.650391 0.745833 0.066406 0.030556
5 0.644531 0.772917 0.054688 0.026389
5 0.644531 0.772917 0.054688 0.026389
5 0.644531 0.772917 0.054688 0.026389
5 0.721875 0.763889 0.071875 0.013889
5 0.721875 0.763889 0.071875 0.013889
5 0.721875 0.763889 0.071875 0.013889
5 0.721875 0.747917 0.071875 0.026389
5 0.721875 0.747917 0.071875 0.026389
5 0.721875 0.747917 0.071875 0.026389
6 0.354297 0.886806 0.067969 0.123611
6 0.497656 0.842361 0.076563 0.126389
6 0.353906 0.778472 0.068750 0.129167
6 0.469141 0.854167 0.019531 0.113889
6 0.010156 0.948611 0.020313 0.100000
7 0.199219 0.867361 0.054688 0.040278
7 0.141016 0.668056 0.030469 0.013889
7 0.184375 0.663194 0.031250 0.015278
7 0.025391 0.682639 0.014844 0.015278
7 0.079687 0.676389 0.031250 0.016667
8 0.053906 0.947917 0.067187 0.087500
5 0.050000 0.926389 0.062500 0.044444
8 0.116797 0.925000 0.077344 0.072222
5 0.115625 0.909028 0.068750 0.043056
8 0.171484 0.906250 0.075781 0.065278
5 0.170313 0.893056 0.067187 0.038889
8 0.232031 0.884028 0.075000 0.048611
5 0.230859 0.877083 0.066406 0.034722
8 0.207422 0.945139 0.080469 0.087500
5 0.196875 0.923611 0.053125 0.044444
8 0.275391 0.935417 0.071094 0.062500
5 0.272266 0.904861 0.066406 0.040278
8 0.150781 0.958333 0.084375 0.080556
5 0.149609 0.940972 0.074219 0.048611
8 0.078516 0.967361 0.085156 0.062500
5 0.077344 0.961111 0.075000 0.050000
0 0.306250 0.918750 0.164062 0.159722
0 0.732812 0.770833 0.128125 0.213889
1 0.354687 0.665278 0.067187 0.102778
1 0.323828 0.672917 0.071094 0.112500
1 0.313281 0.650694 0.065625 0.090278
1 0.280859 0.663889 0.066406 0.102778
1 0.275000 0.641667 0.062500 0.080556
1 0.233203 0.651389 0.042969 0.100000
1 0.233594 0.622917 0.042188 0.079167
1 0.013672 0.709722 0.027344 0.119444
1 0.005078 0.695833 0.010156 0.094444