3 0.499609 0.820139 0.999219 0.356944
4 0.225391 0.722917 0.003906 0.026389
4 0.133984 0.729167 0.010156 0.008333
4 0.022266 0.791667 0.003906 0.072222
8 0.107422 0.795833 0.025781 0.041667
8 0.647266 0.779167 0.067969 0.030556
5 0.498828 0.659028 0.038281 0.009722
5 0.498828 0.659028 0.038281 0.009722
5 0.498828 0.659028 0.038281 0.009722
5 0.498828 0.650694 0.038281 0.009722
5 0.498828 0.650694 0.038281 0.009722
5 0.498828 0.650694 0.038281 0.009722
5 0.498828 0.666667 0.038281 0.008333
5 0.498828 0.666667 0.038281 0.008333
5 0.498828 0.666667 0.038281 0.008333
5 0.537891 0.670139 0.019531 0.006944
5 0.537891 0.670139 0.019531 0.006944
5 0.537891 0.670139 0.019531 0.006944
5 0.537891 0.663194 0.019531 0.006944
5 0.537891 0.663194 0.019531 0.006944
5 0.537891 0.663194 0.019531 0.006944
5 0.544141 0.654861 0.032031 0.006944
5 0.544141 0.654861 0.032031 0.006944
5 0.544141 0.654861 0.032031 0.006944
5 0.544141 0.645833 0.032031 0.011111
5 0.544141 0.645833 0.032031 0.011111
5 0.544141 0.645833 0.032031 0.011111
6 0.456250 0.690278 0.040625 0.058333
6 0.490625 0.677778 0.035937 0.058333
6 0.457422 0.639583 0.042969 0.059722
6 0.474609 0.684028 0.038281 0.059722
6 0.342187 0.722222 0.056250 0.072222
6 0.319531 0.735417 0.040625 0.079167
7 0.130078 0.834028 0.067969 0.026389
7 0.102734 0.856944 0.016406 0.025000
7 0.442578 0.959028 0.085156 0.043056
7 0.480859 0.922917 0.086719 0.037500
7 0.356641 0.993750 0.049219 0.009722
7 0.114453 0.759722 0.024219 0.016667
7 0.022266 0.712500 0.003906 0.011111
7 0.312891 0.707639 0.000781 0.006944
7 0.215625 0.738889 0.003125 0.011111
7 0.098437 0.649306 0.007812 0.006944
7 0.023047 0.657639 0.002344 0.006944
8 0.012109 0.854167 0.024219 0.036111
5 0.012109 0.836806 0.024219 0.020833
8 0.216016 0.770833 0.002344 0.002778
5 0.221094 0.758333 0.012500 0.011111
8 0.216406 0.765972 0.001563 0.026389
5 0.215234 0.750694 0.000781 0.006944
8 0.312500 0.729861 0.001563 0.020833
5 0.312500 0.715278 0.001563 0.005556
8 0.372656 0.718750 0.004687 0.023611
5 0.371484 0.707639 0.002344 0.004167
8 0.376563 0.707639 0.001563 0.001389
5 0.375781 0.704167 0.010937 0.008333
8 0.405078 0.697917 0.000781 0.001389
5 0.386719 0.697222 0.032813 0.008333
8 0.426953 0.715972 0.005469 0.020833
5 0.413281 0.706944 0.026562 0.008333
8 0.423438 0.710417 0.045312 0.020833
5 0.422656 0.702083 0.040625 0.009722
8 0.387891 0.726389 0.035156 0.027778
5 0.387891 0.713889 0.035156 0.011111
8 0.375781 0.734722 0.010937 0.025000
5 0.375781 0.719444 0.010937 0.011111
8 0.806250 0.719444 0.006250 0.025000
5 0.787500 0.706944 0.039062 0.008333
8 0.800391 0.715278 0.032031 0.027778
5 0.793750 0.702778 0.039062 0.011111
8 0.783594 0.726389 0.045312 0.030556
5 0.785547 0.713889 0.035156 0.011111
8 0.778125 0.733333 0.042188 0.030556
5 0.776563 0.720139 0.039062 0.012500
8 0.753516 0.704861 0.032031 0.015278
5 0.745313 0.698611 0.032813 0.011111
8 0.740234 0.708333 0.042969 0.011111
5 0.742969 0.702778 0.032813 0.008333
8 0.737109 0.720139 0.041406 0.023611
5 0.732422 0.709722 0.036719 0.011111
8 0.726172 0.722222 0.046094 0.016667
5 0.725781 0.715278 0.042188 0.011111
8 0.723047 0.765972 0.044531 0.037500
5 0.722656 0.751389 0.039062 0.016667
8 0.764062 0.770833 0.043750 0.038889
5 0.764062 0.755556 0.039062 0.016667
8 0.687109 0.765278 0.036719 0.033333
5 0.687500 0.747917 0.037500 0.015278
8 0.648047 0.759028 0.044531 0.037500
5 0.643750 0.743750 0.031250 0.015278
8 0.757422 0.738194 0.046094 0.023611
5 0.755859 0.729861 0.042969 0.009722
8 0.751172 0.753472 0.049219 0.034722
5 0.750391 0.738889 0.044531 0.013889
8 0.701172 0.751389 0.036719 0.027778
5 0.702344 0.735417 0.034375 0.012500
8 0.669922 0.745833 0.033594 0.030556
5 0.668750 0.733333 0.031250 0.013889
8 0.668359 0.809028 0.066406 0.009722
5 0.667188 0.806250 0.059375 0.015278
8 0.683984 0.804167 0.061719 0.022222
5 0.682031 0.795833 0.057813 0.019444
5 0.582812 0.845833 0.007812 0.005556
8 0.528125 0.865278 0.075000 0.041667
5 0.527344 0.845139 0.068750 0.026389
8 0.550781 0.845139 0.071875 0.037500
5 0.549609 0.827083 0.064844 0.018056
0 0.438281 0.748611 0.076563 0.197222
0 0.570312 0.697917 0.064062 0.154167
0 0.583594 0.636111 0.046875 0.097222
1 0.269922 0.629861 0.047656 0.068056
1 0.257422 0.633333 0.055469 0.069444
1 0.228516 0.627778 0.052344 0.066667
1 0.215234 0.631250 0.047656 0.068056
1 0.185938 0.625694 0.053125 0.062500
1 0.168750 0.627083 0.053125 0.065278
1 0.118359 0.615278 0.047656 0.058333
1 0.103516 0.656250 0.017969 0.076389
1 0.021875 0.656944 0.004687 0.072222
1 0.930859 0.679167 0.038281 0.088889
2 0.932031 0.647917 0.032813 0.006944
2 0.929688 0.656250 0.032813 0.012500
2 0.923047 0.647222 0.016406 0.000000
2 0.939063 0.647917 0.014063 0.001389
2 0.924219 0.650000 0.012500 0.000000
2 0.938672 0.650694 0.014844 0.001389
1 0.926953 0.709722 0.044531 0.116667
2 0.927734 0.663889 0.033594 0.002778
2 0.926172 0.687500 0.036719 0.036111
2 0.926172 0.728472 0.036719 0.040278
2 0.919141 0.665972 0.017969 0.001389
2 0.936719 0.666667 0.015625 0.002778
2 0.917969 0.668056 0.017188 0.002778
2 0.935937 0.669444 0.017188 0.002778
1 0.887500 0.682639 0.040625 0.101389
2 0.904687 0.681944 0.000000 0.000000
2 0.889844 0.651389 0.031250 0.016667
2 0.885547 0.663889 0.032031 0.030556
2 0.903125 0.700000 0.003125 0.033333
2 0.880859 0.645139 0.014844 0.001389
2 0.896875 0.659722 0.015625 0.027778
2 0.878906 0.647222 0.015625 0.000000
2 0.896484 0.648611 0.010156 0.000000
1 0.878516 0.706250 0.046094 0.115278
2 0.898828 0.717361 0.000781 0.029167
2 0.881641 0.675694 0.035156 0.031944
2 0.876563 0.684028 0.035937 0.034722
2 0.878516 0.725000 0.039844 0.038889
2 0.871484 0.663194 0.017969 0.001389
2 0.889453 0.679861 0.017969 0.031944
2 0.869922 0.665278 0.016406 0.002778
2 0.887891 0.680556 0.017969 0.030556
2 0.997656 0.959028 0.000000 0.059722
2 0.931641 0.987500 0.130469 0.022222
2 0.931641 0.940278 0.130469 0.116667
2 0.940234 0.882639 0.114844 0.090278
2 0.665234 0.849306 0.108594 0.084722
2 0.623047 0.893750 0.122656 0.098611
2 0.674219 0.959722 0.020313 0.077778
2 0.711719 0.911806 0.015625 0.076389
2 0.645312 0.870833 0.115625 0.091667
2 0.598047 0.920833 0.132031 0.108333
2 0.598047 0.973611 0.132031 0.050000
2 0.694141 0.936806 0.017969 0.081944
2 0.600391 0.817361 0.072656 0.062500
2 0.544141 0.806944 0.072656 0.055556
2 0.815234 0.683333 0.007031 0.030556
2 0.753516 0.686806 0.036719 0.026389
2 0.791797 0.688194 0.038281 0.026389
2 0.753516 0.661806 0.036719 0.029167
2 0.791797 0.663889 0.038281 0.030556
2 0.754687 0.634028 0.039062 0.031944
2 0.791797 0.636806 0.038281 0.031944
5 0.147656 0.739583 0.059375 0.018056
5 0.145313 0.750000 0.054688 0.016667
5 0.140625 0.757639 0.045312 0.015278
5 0.145313 0.767361 0.054688 0.015278
5 0.141406 0.785417 0.045312 0.015278
5 0.140625 0.775694 0.045312 0.015278
5 0.140625 0.802083 0.045312 0.015278
5 0.140625 0.793056 0.045312 0.013889
5 0.021875 0.700000 0.004687 0.011111
5 0.023828 0.705556 0.000781 0.000000
5 0.194141 0.763889 0.060156 0.016667
5 0.194141 0.772222 0.060156 0.016667
5 0.194141 0.790278 0.060156 0.016667
5 0.194141 0.781250 0.060156 0.018056
5 0.194141 0.806944 0.060156 0.019444
5 0.191016 0.797917 0.053906 0.018056
5 0.194141 0.755556 0.060156 0.016667
5 0.194141 0.745139 0.060156 0.018056
5 0.248047 0.769444 0.060156 0.016667
5 0.248047 0.779167 0.060156 0.016667
5 0.248047 0.797917 0.060156 0.018056
5 0.248047 0.788194 0.060156 0.018056
5 0.248047 0.814583 0.060156 0.018056
5 0.248047 0.804861 0.060156 0.018056
5 0.100781 0.705556 0.012500 0.008333
5 0.100781 0.712500 0.012500 0.008333
5 0.248047 0.762500 0.060156 0.016667
5 0.248047 0.752778 0.060156 0.016667
5 0.248047 0.699306 0.060156 0.015278
5 0.248047 0.708333 0.060156 0.016667
5 0.248047 0.727083 0.060156 0.015278
5 0.248047 0.718056 0.060156 0.016667
5 0.248047 0.745139 0.060156 0.015278
5 0.248047 0.735417 0.060156 0.015278
5 0.100781 0.700694 0.012500 0.006944
5 0.100781 0.694444 0.012500 0.008333
5 0.248047 0.690972 0.060156 0.015278
5 0.248047 0.681944 0.060156 0.016667