3 0.499609 0.820139 0.999219 0.356944
4 0.446875 0.738889 0.006250 0.052778
4 0.471094 0.772917 0.026562 0.062500
4 0.500391 0.795833 0.008594 0.063889
4 0.512109 0.817361 0.030469 0.070833
4 0.547266 0.846528 0.007031 0.073611
4 0.563672 0.873611 0.032031 0.077778
4 0.613281 0.915278 0.010937 0.086111
4 0.643359 0.945833 0.028906 0.105556
4 0.107422 0.764583 0.008594 0.056944
4 0.103906 0.811806 0.012500 0.073611
4 0.098047 0.832639 0.007031 0.070833
4 0.094922 0.868056 0.014844 0.086111
4 0.086719 0.896528 0.009375 0.081944
4 0.084375 0.929167 0.015625 0.075000
4 0.069922 0.951389 0.003906 0.033333
8 0.593750 0.869444 0.054688 0.061111
8 0.894531 0.742361 0.059375 0.026389
5 0.366406 0.657639 0.039062 0.009722
5 0.366406 0.657639 0.039062 0.009722
5 0.366406 0.657639 0.039062 0.009722
5 0.366406 0.647917 0.039062 0.012500
5 0.366406 0.647917 0.039062 0.012500
5 0.366406 0.647917 0.039062 0.012500
5 0.366406 0.664583 0.039062 0.009722
5 0.366406 0.664583 0.039062 0.009722
5 0.366406 0.664583 0.039062 0.009722
5 0.418750 0.661806 0.039062 0.009722
5 0.418750 0.661806 0.039062 0.009722
5 0.418750 0.661806 0.039062 0.009722
5 0.418750 0.654167 0.039062 0.011111
5 0.418750 0.654167 0.039062 0.011111
5 0.418750 0.654167 0.039062 0.011111
5 0.418750 0.646528 0.039062 0.009722
5 0.418750 0.646528 0.039062 0.009722
5 0.418750 0.646528 0.039062 0.009722
5 0.418750 0.637500 0.039062 0.011111
5 0.418750 0.637500 0.039062 0.011111
5 0.418750 0.637500 0.039062 0.011111
6 0.508203 0.690972 0.036719 0.051389
6 0.482031 0.676389 0.028125 0.058333
6 0.508984 0.643750 0.038281 0.059722
6 0.493359 0.684028 0.028906 0.059722
6 0.547266 0.743056 0.053906 0.072222
6 0.583984 0.753472 0.060156 0.073611
7 0.705078 0.886806 0.069531 0.029167
7 0.743750 0.918056 0.073438 0.033333
7 0.466797 0.918056 0.047656 0.044444
7 0.208984 0.985417 0.011719 0.026389
7 0.407031 0.823611 0.035937 0.030556
7 0.100391 0.804861 0.047656 0.020833
7 0.393359 0.731250 0.046094 0.015278
7 0.432812 0.781944 0.053125 0.019444
6 0.026953 0.949306 0.053906 0.098611
6 0.026953 0.872222 0.053906 0.144444
6 0.054297 0.772917 0.052344 0.106944
6 0.055469 0.854167 0.051562 0.111111
6 0.914844 0.987500 0.071875 0.022222
8 0.776563 0.981250 0.079687 0.034722
5 0.778516 0.981250 0.075781 0.034722
5 0.819531 0.996528 0.034375 0.004167
8 0.732812 0.939583 0.075000 0.073611
5 0.733984 0.921528 0.066406 0.037500
8 0.679297 0.950694 0.074219 0.070833
5 0.680469 0.929861 0.065625 0.040278
8 0.560156 0.790278 0.000000 0.000000
5 0.585547 0.789583 0.028906 0.006944
8 0.532422 0.815972 0.028906 0.045833
5 0.539453 0.800000 0.028906 0.022222
8 0.492188 0.750694 0.046875 0.031944
5 0.489063 0.737500 0.037500 0.013889
8 0.483594 0.740972 0.045312 0.031944
5 0.483203 0.727778 0.041406 0.011111
8 0.471094 0.729861 0.039062 0.029167
5 0.473438 0.720833 0.040625 0.011111
8 0.466016 0.724306 0.042969 0.031944
5 0.465625 0.713194 0.039062 0.012500
8 0.505859 0.725000 0.003906 0.008333
5 0.512109 0.718056 0.016406 0.011111
8 0.493359 0.713889 0.007031 0.013889
5 0.510938 0.709028 0.039062 0.009722
8 0.517578 0.741667 0.005469 0.025000
5 0.517578 0.726389 0.005469 0.011111
8 0.519141 0.738194 0.002344 0.015278
5 0.519922 0.732639 0.000781 0.004167
8 0.763281 0.679861 0.023438 0.018056
5 0.758984 0.668056 0.035156 0.008333
8 0.747266 0.670139 0.013281 0.004167
5 0.757422 0.661111 0.011719 0.005556
8 0.772656 0.683333 0.039062 0.025000
5 0.769141 0.673611 0.028906 0.008333
8 0.787500 0.687500 0.040625 0.022222
5 0.787109 0.679167 0.036719 0.008333
8 0.697266 0.672917 0.011719 0.020833
5 0.704297 0.665278 0.022656 0.008333
8 0.704297 0.668750 0.000781 0.001389
5 0.710156 0.668056 0.009375 0.002778
8 0.752734 0.692361 0.000781 0.004167
5 0.747656 0.673611 0.012500 0.005556
8 0.761328 0.689583 0.017969 0.015278
5 0.755078 0.681250 0.025781 0.009722
8 0.866797 0.725000 0.008594 0.022222
5 0.853125 0.709722 0.031250 0.011111
8 0.882031 0.719444 0.043750 0.030556
5 0.881641 0.709028 0.038281 0.012500
8 0.811328 0.717361 0.013281 0.018056
5 0.812109 0.711111 0.011719 0.011111
8 0.795312 0.726389 0.042188 0.033333
5 0.794531 0.713889 0.037500 0.013889
8 0.798047 0.697222 0.016406 0.016667
5 0.805078 0.690972 0.025781 0.009722
8 0.823438 0.704861 0.029687 0.018056
5 0.825781 0.697222 0.025000 0.011111
8 0.800391 0.712500 0.035156 0.030556
5 0.801172 0.702083 0.033594 0.012500
8 0.773047 0.715278 0.039844 0.030556
5 0.772656 0.703472 0.035937 0.012500
8 0.992578 0.771528 0.010156 0.020833
5 0.976953 0.759028 0.041406 0.015278
8 0.956250 0.749306 0.056250 0.006944
5 0.955469 0.747222 0.050000 0.011111
8 0.994141 0.818750 0.010156 0.034722
5 0.995703 0.804861 0.007031 0.009722
8 0.977734 0.807639 0.035156 0.040278
5 0.981250 0.792361 0.035937 0.018056
0 0.853906 0.749306 0.098437 0.181944
0 0.732812 0.684722 0.070312 0.141667
0 0.503516 0.627083 0.038281 0.098611
0 0.571484 0.940972 0.114844 0.115278
0 0.016797 0.870833 0.033594 0.236111
0 0.020313 0.836111 0.040625 0.208333
1 0.068750 0.958333 0.089063 0.080556
1 0.164062 0.953472 0.095312 0.090278
1 0.107813 0.655556 0.062500 0.086111
1 0.107422 0.658333 0.061719 0.083333
1 0.039453 0.652778 0.064844 0.075000
1 0.035937 0.667361 0.067187 0.087500
1 0.003516 0.654861 0.003906 0.070833
1 0.001563 0.662500 0.000000 0.019444
1 0.053906 0.722917 0.045312 0.115278
1 0.013672 0.702778 0.022656 0.055556
1 0.002344 0.725000 0.000000 0.011111
1 0.033594 0.790972 0.059375 0.151389
1 0.952344 0.623611 0.054688 0.066667
2 0.930469 0.636806 0.007812 0.020833
2 0.939063 0.609028 0.023438 0.020833
2 0.964063 0.611111 0.026562 0.016667
2 0.956250 0.647917 0.042188 0.006944
2 0.942187 0.607639 0.015625 0.015278
2 0.951562 0.600000 0.010937 0.000000
2 0.950000 0.608333 0.015625 0.013889
2 0.958203 0.602083 0.011719 0.001389
1 0.998047 0.641667 0.002344 0.072222
1 0.890234 0.627083 0.053906 0.065278
2 0.875391 0.610417 0.019531 0.018056
2 0.904297 0.615972 0.021094 0.020833
2 0.908203 0.656250 0.013281 0.001389
2 0.878906 0.611806 0.012500 0.015278
2 0.889062 0.602778 0.009375 0.000000
2 0.889062 0.612500 0.009375 0.013889
2 0.900000 0.604861 0.012500 0.001389
1 0.962109 0.650000 0.061719 0.086111
2 0.941797 0.659722 0.016406 0.025000
2 0.949219 0.647917 0.006250 0.001389
2 0.947266 0.627778 0.027344 0.025000
2 0.975391 0.634722 0.030469 0.025000
2 0.966406 0.665278 0.048438 0.030556
2 0.950781 0.630556 0.017188 0.025000
2 0.960938 0.618750 0.014063 0.001389
2 0.958594 0.633333 0.015625 0.025000
2 0.970703 0.620139 0.008594 0.001389
1 0.819141 0.624306 0.038281 0.056944
2 0.808594 0.606250 0.017188 0.004167
2 0.837109 0.615278 0.002344 0.011111
2 0.822266 0.645139 0.032031 0.015278
2 0.810937 0.607639 0.012500 0.001389
2 0.814063 0.619444 0.006250 0.022222
1 0.889453 0.656250 0.060156 0.087500
2 0.873437 0.621528 0.023438 0.004167
2 0.906250 0.638889 0.020313 0.025000
2 0.895312 0.670139 0.042188 0.029167
2 0.877344 0.623611 0.015625 0.002778
2 0.884766 0.622222 0.000781 0.000000
2 0.884766 0.626389 0.000781 0.002778
2 0.898828 0.624306 0.005469 0.001389
1 0.792578 0.637500 0.050781 0.077778
2 0.776563 0.646528 0.014063 0.023611
2 0.780859 0.616667 0.022656 0.022222
2 0.804297 0.622222 0.025781 0.022222
2 0.796484 0.651389 0.041406 0.027778
2 0.780078 0.619444 0.008594 0.022222
2 0.797266 0.607639 0.011719 0.001389
2 0.787500 0.620139 0.009375 0.020833
1 0.860547 0.659722 0.049219 0.083333
2 0.837109 0.664583 0.002344 0.020833
2 0.847656 0.634722 0.023438 0.025000
2 0.870703 0.640972 0.028906 0.026389
2 0.870313 0.672917 0.028125 0.029167
2 0.856250 0.625000 0.000000 0.000000
2 0.860938 0.624306 0.009375 0.001389
2 0.858984 0.627083 0.005469 0.001389
2 0.866797 0.625694 0.010156 0.001389
2 0.949609 0.779167 0.074219 0.055556
2 0.910547 0.782639 0.064844 0.056944
2 0.626563 0.647222 0.014063 0.027778
2 0.653906 0.654861 0.039062 0.029167
2 0.687109 0.654861 0.025781 0.023611
2 0.653906 0.631944 0.039062 0.027778
2 0.687891 0.631944 0.027344 0.022222
2 0.653906 0.608333 0.039062 0.027778
2 0.687109 0.606944 0.032031 0.027778
5 0.576953 0.792361 0.057031 0.023611
5 0.576953 0.803472 0.057031 0.020833
5 0.576953 0.812500 0.057031 0.019444
5 0.578125 0.822917 0.054688 0.018056
5 0.576953 0.840278 0.052344 0.022222
5 0.578125 0.830556 0.054688 0.022222
5 0.575391 0.859722 0.049219 0.019444
5 0.578125 0.849306 0.054688 0.020833
5 0.035937 0.787500 0.007812 0.011111
5 0.020313 0.801389 0.000000 0.000000
5 0.632422 0.806250 0.052344 0.020833
5 0.632422 0.815972 0.052344 0.020833
5 0.632422 0.834028 0.052344 0.020833
5 0.632422 0.825000 0.052344 0.022222
5 0.632812 0.851389 0.051562 0.022222
5 0.632422 0.842361 0.052344 0.020833
5 0.077344 0.785417 0.040625 0.018056
5 0.080859 0.789583 0.033594 0.009722
5 0.632031 0.797917 0.053125 0.020833
5 0.632031 0.787500 0.053125 0.022222
5 0.697656 0.800000 0.054688 0.019444
5 0.697656 0.809028 0.054688 0.020833
5 0.697656 0.827083 0.054688 0.020833
5 0.697656 0.818056 0.054688 0.022222
5 0.699219 0.844444 0.051562 0.022222
5 0.697656 0.835417 0.054688 0.020833
5 0.139844 0.782639 0.040625 0.018056
5 0.141406 0.788889 0.040625 0.019444
5 0.697656 0.791667 0.054688 0.019444
5 0.697656 0.784722 0.054688 0.016667
5 0.697656 0.731250 0.054688 0.018056
5 0.697656 0.739583 0.054688 0.018056
5 0.697656 0.758333 0.054688 0.019444
5 0.697656 0.750000 0.054688 0.016667
5 0.698438 0.775694 0.053125 0.018056
5 0.697656 0.765972 0.054688 0.018056
5 0.139844 0.775694 0.040625 0.018056
5 0.141406 0.768056 0.040625 0.019444
5 0.697656 0.722917 0.054688 0.018056
5 0.698047 0.712500 0.053906 0.019444