3 0.499609 0.843056 0.999219 0.311111
4 0.592578 0.995833 0.003906 0.005556
5 0.177344 0.792361 0.076563 0.031944
5 0.177344 0.792361 0.076563 0.031944
5 0.177344 0.792361 0.076563 0.031944
5 0.177344 0.777083 0.076563 0.031944
5 0.177344 0.777083 0.076563 0.031944
5 0.177344 0.777083 0.076563 0.031944
5 0.177344 0.805556 0.076563 0.030556
5 0.177344 0.805556 0.076563 0.030556
5 0.177344 0.805556 0.076563 0.030556
5 0.266406 0.788194 0.071875 0.029167
5 0.266406 0.788194 0.071875 0.029167
5 0.266406 0.788194 0.071875 0.029167
5 0.266406 0.775694 0.071875 0.029167
5 0.266406 0.775694 0.071875 0.029167
5 0.266406 0.775694 0.071875 0.029167
5 0.266406 0.761806 0.071875 0.029167
5 0.266406 0.761806 0.071875 0.029167
5 0.266406 0.761806 0.071875 0.029167
5 0.266406 0.747917 0.071875 0.029167
5 0.266406 0.747917 0.071875 0.029167
5 0.266406 0.747917 0.071875 0.029167
6 0.565234 0.875694 0.089844 0.115278
6 0.467969 0.835417 0.068750 0.123611
6 0.566406 0.781250 0.092188 0.131944
6 0.516406 0.856250 0.082812 0.129167
6 0.847266 0.968056 0.102344 0.061111
6 0.928906 0.993750 0.006250 0.009722
7 0.398828 0.991667 0.063281 0.013889
8 0.627734 0.986111 0.108594 0.025000
5 0.626953 0.986111 0.097656 0.025000
8 0.580078 0.975000 0.103906 0.047222
5 0.579297 0.974306 0.092969 0.048611
8 0.535547 0.961806 0.097656 0.073611
5 0.535156 0.947222 0.087500 0.044444
8 0.658594 0.965278 0.098437 0.041667
5 0.658203 0.949306 0.088281 0.045833
8 0.612500 0.945139 0.093750 0.081944
5 0.611719 0.925000 0.084375 0.041667
8 0.704297 0.973611 0.097656 0.050000
5 0.706641 0.972917 0.092969 0.048611
8 0.711719 0.997917 0.004687 0.001389
5 0.733984 0.990278 0.038281 0.016667
8 0.852344 0.778472 0.060937 0.037500
5 0.852344 0.760417 0.054688 0.018056
8 0.821484 0.768056 0.049219 0.036111
5 0.819922 0.751389 0.046094 0.016667
8 0.887500 0.782639 0.062500 0.029167
5 0.887500 0.770139 0.056250 0.020833
8 0.918750 0.800694 0.046875 0.043056
5 0.920312 0.781250 0.043750 0.020833
8 0.775000 0.775000 0.060937 0.033333
5 0.775000 0.761806 0.054688 0.009722
8 0.819531 0.790278 0.045312 0.041667
5 0.817578 0.771528 0.041406 0.020833
8 0.845313 0.799306 0.065625 0.043056
5 0.845313 0.779861 0.057813 0.020833
8 0.885547 0.812500 0.067969 0.044444
5 0.885547 0.791667 0.060156 0.022222
5 0.991016 0.800694 0.016406 0.015278
0 0.962109 0.818750 0.074219 0.245833
0 0.432812 0.726389 0.095312 0.180556
1 0.983203 0.643750 0.032031 0.051389
2 0.985938 0.669444 0.000000 0.000000
2 0.989844 0.668056 0.000000 0.000000
2 0.979688 0.636111 0.028125 0.016667
2 0.991797 0.670833 0.011719 0.002778
2 0.989062 0.647222 0.020313 0.030556
2 0.994922 0.631250 0.008594 0.001389
2 0.996484 0.648611 0.005469 0.027778
1 0.945312 0.674306 0.087500 0.095833
2 0.915625 0.696528 0.021875 0.031944
2 0.925391 0.679167 0.011719 0.002778
2 0.921875 0.654167 0.032813 0.033333
2 0.975391 0.660417 0.019531 0.031944
2 0.931641 0.697917 0.021094 0.034722
2 0.931641 0.657639 0.022656 0.031944
2 0.937500 0.640972 0.010937 0.001389
2 0.939063 0.659722 0.007812 0.030556
2 0.966016 0.643056 0.000781 0.000000
1 0.877734 0.697222 0.089844 0.122222
2 0.853516 0.652083 0.035156 0.006944
2 0.900391 0.675000 0.036719 0.038889
2 0.896094 0.718750 0.046875 0.040278
2 0.862891 0.655556 0.024219 0.005556
2 0.876172 0.652778 0.021094 0.002778
2 0.878516 0.657639 0.024219 0.004167
2 0.890625 0.654167 0.021875 0.002778
1 0.987891 0.667361 0.022656 0.018056
2 0.989844 0.675694 0.018750 0.009722
2 0.999219 0.679861 0.000000 0.001389
1 0.848047 0.700000 0.091406 0.119444
2 0.817187 0.716667 0.023438 0.036111
2 0.825391 0.698611 0.013281 0.002778
2 0.822656 0.671528 0.034375 0.037500
2 0.871094 0.680556 0.037500 0.038889
2 0.855469 0.723611 0.068750 0.044444
2 0.833594 0.675000 0.025000 0.036111
2 0.843750 0.656944 0.021875 0.002778
2 0.849219 0.678472 0.026562 0.037500
2 0.857422 0.659722 0.019531 0.002778
1 0.982031 0.724306 0.034375 0.120833
2 0.966797 0.747917 0.003906 0.037500
2 0.973437 0.729167 0.017188 0.002778
2 0.977344 0.697917 0.025000 0.043056
2 0.986719 0.753472 0.025000 0.043056
2 0.982422 0.702083 0.027344 0.037500
2 0.990234 0.682639 0.017969 0.004167
2 0.993750 0.703472 0.010937 0.034722
2 0.587500 0.729167 0.039062 0.050000
2 0.605469 0.704167 0.003125 0.002778
2 0.642578 0.745139 0.071094 0.048611
2 0.696484 0.740972 0.035156 0.040278
2 0.642969 0.708333 0.070312 0.047222
2 0.696484 0.704861 0.035156 0.040278
2 0.643359 0.670139 0.071094 0.048611
2 0.678906 0.665278 0.070312 0.047222