3 0.499609 0.902778 0.999219 0.191667
4 0.573047 0.859028 0.013281 0.112500
4 0.752344 0.892361 0.071875 0.137500
4 0.918750 0.913194 0.025000 0.156944
5 0.206641 0.816667 0.060156 0.005556
5 0.206641 0.816667 0.060156 0.005556
5 0.206641 0.816667 0.060156 0.005556
5 0.201953 0.795139 0.071094 0.012500
5 0.201953 0.795139 0.071094 0.012500
5 0.201953 0.795139 0.071094 0.012500
5 0.201172 0.824306 0.071094 0.015278
5 0.201172 0.824306 0.071094 0.015278
5 0.201172 0.824306 0.071094 0.015278
5 0.283984 0.819444 0.067969 0.013889
5 0.283984 0.819444 0.067969 0.013889
5 0.283984 0.819444 0.067969 0.013889
5 0.285156 0.811806 0.065625 0.004167
5 0.285156 0.811806 0.065625 0.004167
5 0.285156 0.811806 0.065625 0.004167
5 0.284375 0.792361 0.067187 0.009722
5 0.284375 0.792361 0.067187 0.009722
5 0.284375 0.792361 0.067187 0.009722
5 0.284375 0.780556 0.067187 0.013889
5 0.284375 0.780556 0.067187 0.013889
5 0.284375 0.780556 0.067187 0.013889
6 0.557813 0.813889 0.078125 0.100000
6 0.472266 0.806250 0.053906 0.095833
6 0.557813 0.723611 0.078125 0.102778
6 0.514062 0.808333 0.075000 0.094444
6 0.812500 0.833333 0.062500 0.005556
6 0.924609 0.817361 0.114844 0.068056
7 0.764844 0.981250 0.096875 0.034722
7 0.392969 0.877778 0.087500 0.027778
7 0.580859 0.932639 0.033594 0.037500
6 0.499609 0.499306 0.999219 0.998611
8 0.978125 0.977778 0.040625 0.016667
8 0.578906 0.873611 0.037500 0.058333
5 0.580859 0.847917 0.033594 0.018056
8 0.554688 0.866667 0.067187 0.055556
5 0.560937 0.842361 0.071875 0.018056
8 0.525391 0.859028 0.082031 0.051389
5 0.528125 0.836111 0.079687 0.016667
8 0.596094 0.833333 0.001563 0.000000
8 0.574219 0.854167 0.032813 0.050000
5 0.578516 0.828472 0.036719 0.009722
8 0.886719 0.833333 0.006250 0.002778
0 0.945312 0.795139 0.107813 0.115278
0 0.439063 0.750000 0.087500 0.161111
1 0.895312 0.756250 0.014063 0.009722
2 0.892188 0.761806 0.001563 0.001389
2 0.901953 0.743750 0.000781 0.012500
2 0.909766 0.743750 0.008594 0.012500
1 0.891016 0.758333 0.027344 0.041667
2 0.883203 0.745139 0.021094 0.015278
2 0.873437 0.770833 0.035937 0.016667
1 0.865625 0.752778 0.021875 0.033333
2 0.863672 0.745139 0.017969 0.018056
2 0.864453 0.766667 0.017969 0.002778
1 0.950000 0.760417 0.015625 0.004167
2 0.941406 0.747222 0.004687 0.019444
2 0.994922 0.748611 0.005469 0.019444
2 0.998437 0.771528 0.000000 0.001389
2 0.950781 0.747222 0.014063 0.019444
2 0.958203 0.756944 0.000781 0.000000
2 0.970703 0.746528 0.017969 0.015278
2 0.582422 0.792361 0.027344 0.031944
2 0.697656 0.813889 0.001563 0.000000
2 0.698828 0.757639 0.014844 0.023611
2 0.698828 0.739583 0.014844 0.012500