3 0.499609 0.840278 0.999219 0.316667
4 0.063281 0.978472 0.004687 0.040278
5 0.484375 0.733333 0.064062 0.025000
5 0.484375 0.733333 0.064062 0.025000
5 0.484375 0.733333 0.064062 0.025000
5 0.484375 0.720139 0.064062 0.026389
5 0.484375 0.720139 0.064062 0.026389
5 0.484375 0.720139 0.064062 0.026389
5 0.484375 0.745139 0.064062 0.023611
5 0.484375 0.745139 0.064062 0.023611
5 0.484375 0.745139 0.064062 0.023611
5 0.567187 0.755556 0.064062 0.025000
5 0.567187 0.755556 0.064062 0.025000
5 0.567187 0.755556 0.064062 0.025000
5 0.567578 0.743056 0.064844 0.025000
5 0.567578 0.743056 0.064844 0.025000
5 0.567578 0.743056 0.064844 0.025000
5 0.567578 0.729861 0.064844 0.026389
5 0.567578 0.729861 0.064844 0.026389
5 0.567578 0.729861 0.064844 0.026389
5 0.567578 0.715972 0.064844 0.026389
5 0.567578 0.715972 0.064844 0.026389
5 0.567578 0.715972 0.064844 0.026389
6 0.415234 0.909722 0.085156 0.147222
6 0.480859 0.841667 0.069531 0.130556
6 0.416797 0.804167 0.089844 0.147222
6 0.450781 0.872222 0.078125 0.141667
7 0.164844 0.935417 0.089063 0.045833
8 0.199609 0.989583 0.074219 0.018056
5 0.182812 0.988194 0.093750 0.020833
8 0.219531 0.980556 0.103125 0.036111
5 0.218359 0.971528 0.092969 0.048611
8 0.263281 0.954861 0.096875 0.048611
5 0.262109 0.938889 0.086719 0.044444
8 0.305859 0.984028 0.105469 0.029167
5 0.304297 0.982639 0.094531 0.031944
8 0.345703 0.967361 0.099219 0.062500
5 0.344531 0.958333 0.089063 0.047222
8 0.988281 0.920833 0.021875 0.030556
5 0.989453 0.919444 0.019531 0.030556
8 0.987500 0.959722 0.023438 0.052778
5 0.989062 0.948611 0.020313 0.030556
8 0.989844 0.981250 0.018750 0.034722
5 0.991406 0.980556 0.015625 0.036111
5 0.983984 0.998611 0.000781 0.000000
0 0.727344 0.931944 0.112500 0.133333
0 0.641797 0.736806 0.074219 0.204167
1 0.109766 0.677778 0.092969 0.122222
1 0.091406 0.688194 0.073438 0.126389
1 0.042188 0.666667 0.084375 0.100000
1 0.004687 0.685417 0.009375 0.084722
1 0.004687 0.661806 0.009375 0.081944
2 0.971484 0.858333 0.055469 0.058333
2 0.971875 0.808333 0.054688 0.055556
2 0.972266 0.746528 0.053906 0.079167