3 0.501172 0.886806 0.996094 0.223611
5 0.330859 0.774306 0.064844 0.026389
5 0.330859 0.774306 0.064844 0.026389
5 0.330859 0.774306 0.064844 0.026389
5 0.330859 0.759028 0.064844 0.026389
5 0.330859 0.759028 0.064844 0.026389
5 0.330859 0.759028 0.064844 0.026389
5 0.326562 0.787500 0.056250 0.025000
5 0.326562 0.787500 0.056250 0.025000
5 0.326562 0.787500 0.056250 0.025000
5 0.428906 0.785417 0.065625 0.023611
5 0.428906 0.785417 0.065625 0.023611
5 0.428906 0.785417 0.065625 0.023611
5 0.428906 0.772222 0.065625 0.025000
5 0.428906 0.772222 0.065625 0.025000
5 0.428906 0.772222 0.065625 0.025000
5 0.428906 0.758333 0.065625 0.025000
5 0.428906 0.758333 0.065625 0.025000
5 0.428906 0.758333 0.065625 0.025000
5 0.428906 0.743056 0.065625 0.025000
5 0.428906 0.743056 0.065625 0.025000
5 0.428906 0.743056 0.065625 0.025000
6 0.476953 0.961806 0.066406 0.073611
6 0.470313 0.889583 0.056250 0.145833
6 0.479687 0.853472 0.073438 0.168056
6 0.473438 0.919444 0.054688 0.144444
8 0.974219 0.895833 0.034375 0.063889
5 0.980078 0.876389 0.038281 0.027778
8 0.991797 0.915972 0.014844 0.051389
5 0.993750 0.898611 0.010937 0.019444
0 0.981250 0.927778 0.035937 0.141667
0 0.563281 0.753472 0.062500 0.215278
2 0.828906 0.784722 0.025000 0.066667
2 0.881641 0.811806 0.080469 0.073611
2 0.954297 0.819444 0.064844 0.055556
2 0.881641 0.765278 0.080469 0.069444
2 0.955078 0.771528 0.064844 0.054167
2 0.882422 0.718750 0.080469 0.068056
2 0.945312 0.718750 0.084375 0.068056