3 0.592187 0.988889 0.754687 0.019444
8 0.909375 0.984722 0.059375 0.027778
6 0.712109 0.968750 0.132031 0.059722
6 0.491016 0.969444 0.128906 0.058333
6 0.709766 0.875694 0.133594 0.159722
6 0.602734 0.968750 0.130469 0.059722
7 0.938672 0.973611 0.027344 0.011111
7 0.898438 0.973611 0.035937 0.008333
7 0.670703 0.975000 0.000781 0.005556
7 0.725000 0.972917 0.029687 0.004167
7 0.610938 0.979167 0.031250 0.011111
7 0.566016 0.981250 0.007031 0.012500
8 0.400781 0.989583 0.034375 0.018056
5 0.406250 0.982639 0.039062 0.009722
8 0.333984 0.989583 0.005469 0.018056
5 0.355469 0.981250 0.040625 0.004167
8 0.464453 0.998611 0.024219 0.000000
5 0.463281 0.979167 0.021875 0.002778
8 0.503906 0.988889 0.050000 0.019444
5 0.504687 0.981944 0.045312 0.008333
8 0.360938 0.992361 0.050000 0.012500
5 0.376172 0.988889 0.014844 0.011111
8 0.408594 0.991667 0.034375 0.013889
5 0.410547 0.988194 0.030469 0.012500
8 0.472266 0.993056 0.039844 0.011111
5 0.471094 0.987500 0.037500 0.011111
8 0.515234 0.992361 0.044531 0.012500
5 0.516797 0.986806 0.041406 0.012500
8 0.716016 0.988194 0.049219 0.020833
5 0.716797 0.980556 0.046094 0.008333
8 0.687891 0.981944 0.005469 0.008333
5 0.706641 0.975694 0.058594 0.004167
8 0.725391 0.989583 0.030469 0.018056
5 0.726953 0.979861 0.025781 0.004167
8 0.735156 0.988889 0.010937 0.011111
5 0.736719 0.986111 0.007812 0.008333
8 0.595313 0.988889 0.057813 0.019444
5 0.595703 0.981944 0.050781 0.011111
8 0.629687 0.988889 0.031250 0.016667
5 0.631641 0.980556 0.028906 0.011111
8 0.677344 0.990278 0.068750 0.016667
5 0.676172 0.984028 0.063281 0.009722
8 0.701953 0.992361 0.061719 0.012500
5 0.699609 0.987500 0.057031 0.011111
8 0.950391 0.987500 0.038281 0.022222
5 0.951953 0.977083 0.035156 0.009722
8 0.919141 0.986806 0.063281 0.023611
5 0.919531 0.977083 0.056250 0.009722
0 0.791797 0.906250 0.089844 0.184722
0 0.126172 0.884722 0.175781 0.227778
1 0.272266 0.938889 0.080469 0.102778
2 0.249219 0.944444 0.010937 0.000000
2 0.282031 0.943750 0.053125 0.001389
1 0.418750 0.936111 0.078125 0.094444
2 0.393359 0.956944 0.014844 0.030556
2 0.383594 0.956250 0.001563 0.029167
2 0.390234 0.914583 0.014844 0.029167
2 0.413672 0.942361 0.017969 0.001389
1 0.277734 0.941667 0.088281 0.113889
2 0.250781 0.946528 0.015625 0.001389
2 0.288281 0.945833 0.059375 0.002778
1 0.437500 0.931944 0.085938 0.091667
2 0.411328 0.961111 0.019531 0.033333
2 0.399609 0.960417 0.002344 0.031944
2 0.407422 0.914583 0.017969 0.031944
2 0.422656 0.945833 0.000000 0.000000
1 0.284766 0.939583 0.097656 0.115278
2 0.251563 0.966667 0.021875 0.036111
2 0.296484 0.947917 0.066406 0.001389
1 0.461328 0.940972 0.094531 0.115278
2 0.424609 0.960417 0.003906 0.026389
2 0.419531 0.962500 0.003125 0.030556
2 0.422266 0.915278 0.008594 0.036111
2 0.462109 0.933333 0.005469 0.000000
2 0.475781 0.933333 0.020313 0.000000
1 0.287500 0.939583 0.101562 0.118056
2 0.253906 0.971528 0.023438 0.040278
2 0.252734 0.955556 0.022656 0.011111
2 0.254297 0.915278 0.024219 0.038889
2 0.323828 0.915278 0.022656 0.038889
2 0.300000 0.970833 0.070312 0.041667
2 0.271484 0.915278 0.010156 0.038889
2 0.301563 0.915278 0.021875 0.038889
2 0.306641 0.934722 0.000781 0.000000
1 0.473438 0.938194 0.100000 0.112500
2 0.445703 0.962500 0.021094 0.027778
2 0.440234 0.948611 0.014844 0.000000
2 0.441406 0.915278 0.028125 0.038889
2 0.508984 0.915278 0.019531 0.036111
2 0.485938 0.964583 0.067187 0.031944
2 0.466797 0.915278 0.021094 0.038889
2 0.467969 0.933333 0.003125 0.000000
2 0.487891 0.914583 0.021094 0.037500
2 0.488672 0.933333 0.003906 0.000000
2 0.970313 0.972222 0.035937 0.030556
2 0.969922 0.940972 0.036719 0.034722
2 0.984375 0.984028 0.029687 0.029167
2 0.019141 0.990278 0.038281 0.016667
2 0.019141 0.980556 0.038281 0.002778
2 0.095312 0.988889 0.014063 0.013889
2 0.135156 0.954861 0.090625 0.056944
2 0.137891 0.900000 0.091406 0.055556