3 0.499609 0.848611 0.999219 0.300000
4 0.551562 0.768056 0.006250 0.069444
4 0.653906 0.790972 0.037500 0.081944
4 0.737891 0.806250 0.013281 0.087500
4 0.802344 0.822222 0.039062 0.094444
4 0.917969 0.841667 0.009375 0.102778
4 0.988672 0.863194 0.021094 0.112500
4 0.216406 0.836111 0.004687 0.055556
4 0.250391 0.847222 0.000781 0.002778
4 0.326172 0.856250 0.005469 0.006944
4 0.485938 0.975694 0.006250 0.045833
4 0.615625 0.987500 0.006250 0.022222
8 0.984375 0.858333 0.029687 0.050000
5 0.271484 0.721528 0.047656 0.009722
5 0.271484 0.721528 0.047656 0.009722
5 0.271484 0.721528 0.047656 0.009722
5 0.271094 0.711111 0.046875 0.011111
5 0.271094 0.711111 0.046875 0.011111
5 0.271094 0.711111 0.046875 0.011111
5 0.271875 0.731250 0.048438 0.009722
5 0.271875 0.731250 0.048438 0.009722
5 0.271875 0.731250 0.048438 0.009722
5 0.335938 0.727083 0.046875 0.009722
5 0.335938 0.727083 0.046875 0.009722
5 0.335938 0.727083 0.046875 0.009722
5 0.335938 0.718056 0.046875 0.011111
5 0.335938 0.718056 0.046875 0.011111
5 0.335938 0.718056 0.046875 0.011111
5 0.335938 0.708333 0.046875 0.011111
5 0.335938 0.708333 0.046875 0.011111
5 0.335938 0.708333 0.046875 0.011111
5 0.335938 0.699306 0.046875 0.009722
5 0.335938 0.699306 0.046875 0.009722
5 0.335938 0.699306 0.046875 0.009722
6 0.541016 0.729861 0.057031 0.068056
6 0.486719 0.722222 0.026562 0.069444
6 0.541797 0.668056 0.058594 0.072222
6 0.510156 0.724306 0.053125 0.068056
6 0.691406 0.761111 0.062500 0.094444
6 0.764062 0.768056 0.067187 0.094444
7 0.923438 0.931250 0.118750 0.048611
7 0.632031 0.852778 0.079687 0.033333
7 0.099609 0.874306 0.019531 0.015278
7 0.420703 0.781944 0.038281 0.005556
7 0.580078 0.813889 0.066406 0.025000
6 0.246094 0.987500 0.032813 0.022222
6 0.538672 0.965972 0.197656 0.065278
6 0.538672 0.857639 0.196094 0.281944
6 0.334375 0.865278 0.207813 0.266667
6 0.259375 0.764583 0.104688 0.170833
6 0.100391 0.781944 0.121094 0.194444
6 0.254688 0.848611 0.076563 0.030556
6 0.099219 0.919444 0.121875 0.158333
8 0.835156 0.834028 0.025000 0.026389
8 0.802344 0.827083 0.048438 0.029167
5 0.786719 0.813194 0.017188 0.004167
8 0.601953 0.781250 0.064844 0.037500
5 0.600391 0.763889 0.055469 0.013889
8 0.578516 0.776389 0.052344 0.038889
5 0.575781 0.758333 0.046875 0.013889
8 0.544141 0.769444 0.057031 0.033333
5 0.545703 0.754167 0.055469 0.008333
8 0.507031 0.765278 0.032813 0.036111
5 0.507812 0.750000 0.028125 0.011111
8 0.581641 0.765972 0.016406 0.029167
5 0.597266 0.749306 0.049219 0.006944
8 0.578125 0.751389 0.000000 0.000000
8 0.605859 0.770833 0.027344 0.036111
5 0.615625 0.752083 0.040625 0.009722
8 0.625000 0.774306 0.006250 0.018056
5 0.634375 0.758333 0.000000 0.005556
8 0.769141 0.728472 0.002344 0.004167
5 0.753516 0.707639 0.039844 0.006944
8 0.724609 0.719444 0.007031 0.016667
5 0.730078 0.703472 0.038281 0.004167
8 0.766797 0.722222 0.016406 0.022222
5 0.766016 0.709028 0.019531 0.004167
8 0.690625 0.713194 0.028125 0.012500
5 0.698438 0.707639 0.039062 0.006944
8 0.719141 0.720833 0.039844 0.022222
5 0.721094 0.710417 0.040625 0.006944
8 0.743359 0.724306 0.044531 0.026389
5 0.743750 0.712500 0.040625 0.008333
8 0.760547 0.728472 0.028906 0.026389
5 0.761719 0.715278 0.026562 0.008333
8 0.933984 0.734028 0.036719 0.012500
5 0.924219 0.728472 0.048438 0.009722
8 0.950391 0.734028 0.030469 0.012500
5 0.944531 0.725694 0.042188 0.009722
8 0.905469 0.736806 0.054688 0.018056
5 0.903906 0.730556 0.050000 0.011111
8 0.891406 0.740278 0.031250 0.013889
5 0.889844 0.733333 0.028125 0.011111
8 0.891797 0.733333 0.024219 0.025000
5 0.888281 0.720833 0.025000 0.008333
8 0.884375 0.735417 0.007812 0.020833
5 0.880469 0.724306 0.009375 0.004167
0 0.810937 0.695833 0.071875 0.152778
0 0.460938 0.673611 0.050000 0.116667
0 0.872656 0.867361 0.253125 0.262500
0 0.285156 0.832639 0.237500 0.331944
0 0.211719 0.829167 0.228125 0.338889
1 0.957422 0.926389 0.083594 0.144444
1 0.004297 0.710417 0.008594 0.098611
1 0.025000 0.766667 0.050000 0.166667
1 0.040234 0.841667 0.080469 0.252778
1 0.102344 0.838194 0.106250 0.248611
1 0.909375 0.661111 0.017188 0.050000
2 0.902734 0.647917 0.024219 0.006944
2 0.895312 0.685417 0.021875 0.001389
2 0.876953 0.646528 0.003906 0.006944
2 0.885938 0.643056 0.014063 0.000000
2 0.884766 0.647222 0.010156 0.005556
2 0.893750 0.643056 0.000000 0.000000
1 0.975000 0.672917 0.045312 0.068056
2 0.964453 0.683333 0.000781 0.000000
2 0.960547 0.648611 0.010156 0.002778
2 0.996094 0.660417 0.006250 0.023611
2 0.996094 0.690278 0.003125 0.011111
2 0.985156 0.647222 0.001563 0.000000
2 0.986719 0.647222 0.003125 0.000000
2 0.988281 0.656944 0.007812 0.016667
2 0.994141 0.647222 0.010156 0.000000
1 0.824609 0.654167 0.000781 0.036111
2 0.826172 0.644444 0.002344 0.000000
2 0.844922 0.649306 0.002344 0.004167
2 0.836328 0.686111 0.021094 0.002778
2 0.827344 0.656250 0.004687 0.020833
2 0.835547 0.648611 0.010156 0.005556
1 0.935156 0.679167 0.062500 0.077778
2 0.912500 0.688889 0.010937 0.011111
2 0.926172 0.681944 0.010156 0.000000
2 0.919922 0.661111 0.027344 0.025000
2 0.955078 0.662500 0.022656 0.025000
2 0.942187 0.695833 0.045312 0.027778
2 0.926172 0.661806 0.010156 0.023611
2 0.938672 0.662500 0.014844 0.025000
2 0.951172 0.650000 0.008594 0.000000
1 0.776953 0.661806 0.052344 0.045833
2 0.760547 0.679167 0.014844 0.000000
2 0.760938 0.647222 0.015625 0.000000
2 0.796875 0.660417 0.021875 0.023611
2 0.779297 0.681944 0.030469 0.005556
2 0.771484 0.647222 0.003906 0.000000
2 0.781641 0.647222 0.014844 0.000000
2 0.778125 0.648611 0.004687 0.000000
1 0.907031 0.683333 0.026562 0.077778
2 0.875000 0.651389 0.000000 0.000000
2 0.903906 0.665972 0.026562 0.026389
2 0.898438 0.701389 0.039062 0.030556
2 0.883594 0.652778 0.017188 0.000000
2 0.896094 0.652778 0.006250 0.000000
1 0.758984 0.673611 0.064844 0.069444
2 0.736719 0.690972 0.015625 0.020833
2 0.747656 0.680556 0.004687 0.000000
2 0.738672 0.659722 0.019531 0.025000
2 0.774219 0.661806 0.028125 0.023611
2 0.764453 0.693056 0.049219 0.025000
2 0.748047 0.660417 0.017969 0.023611
2 0.758594 0.648611 0.000000 0.000000
2 0.754687 0.661111 0.010937 0.025000
2 0.767188 0.648611 0.015625 0.000000
1 0.860547 0.683333 0.072656 0.080556
2 0.826562 0.689583 0.001563 0.001389
2 0.843359 0.687500 0.007031 0.000000
2 0.835938 0.664583 0.020313 0.023611
2 0.883984 0.667361 0.017969 0.026389
2 0.866797 0.702778 0.053906 0.027778
2 0.843359 0.666667 0.007031 0.025000
2 0.566797 0.703472 0.027344 0.029167
2 0.607031 0.708333 0.051562 0.030556
2 0.646875 0.706250 0.026562 0.026389
2 0.607031 0.681250 0.051562 0.029167
2 0.634375 0.679167 0.003125 0.025000
2 0.606641 0.654167 0.050781 0.027778
2 0.639844 0.652778 0.039062 0.027778
5 0.913281 0.780556 0.056250 0.016667
5 0.903906 0.790278 0.075000 0.016667
5 0.902734 0.797917 0.077344 0.012500
5 0.892188 0.839583 0.073438 0.018056
5 0.866406 0.829861 0.021875 0.009722
5 0.891406 0.863194 0.070312 0.018056
5 0.891797 0.850000 0.072656 0.019444
5 0.014063 0.859722 0.028125 0.025000
5 0.016406 0.875000 0.032813 0.022222
5 0.960156 0.795139 0.057813 0.012500
5 0.960156 0.806250 0.057813 0.012500
5 0.977734 0.835417 0.008594 0.004167
5 0.976172 0.811111 0.013281 0.002778
5 0.980078 0.854167 0.017969 0.013889
5 0.981250 0.842361 0.015625 0.012500
5 0.055469 0.851389 0.000000 0.000000
5 0.077734 0.865278 0.063281 0.016667
5 0.941797 0.785417 0.000781 0.009722
5 0.941406 0.775694 0.000000 0.006944
5 0.994141 0.793750 0.010156 0.001389
5 0.989453 0.800000 0.019531 0.013889
5 0.989453 0.805556 0.019531 0.011111
5 0.994141 0.845139 0.010156 0.015278
5 0.994531 0.839583 0.009375 0.004167
5 0.976562 0.754167 0.003125 0.000000
5 0.977734 0.695139 0.042969 0.015278
5 0.978125 0.708333 0.042188 0.013889
5 0.978125 0.731250 0.042188 0.012500
5 0.978125 0.719444 0.042188 0.013889
5 0.979297 0.753472 0.016406 0.001389
5 0.978125 0.737500 0.042188 0.011111
5 0.155078 0.835417 0.000781 0.006944
5 0.977734 0.685417 0.042969 0.012500
5 0.977734 0.672917 0.042969 0.015278