3 0.499609 0.851389 0.999219 0.294444
4 0.235156 0.668056 0.003125 0.011111
4 0.107031 0.659722 0.000000 0.000000
4 0.055469 0.670139 0.001563 0.012500
5 0.526563 0.702083 0.014063 0.004167
5 0.526563 0.702083 0.014063 0.004167
5 0.526563 0.702083 0.014063 0.004167
5 0.526953 0.694444 0.013281 0.005556
5 0.526953 0.694444 0.013281 0.005556
5 0.526953 0.694444 0.013281 0.005556
5 0.526953 0.686111 0.013281 0.005556
5 0.526953 0.686111 0.013281 0.005556
5 0.526953 0.686111 0.013281 0.005556
5 0.527344 0.678472 0.012500 0.006944
5 0.527344 0.678472 0.012500 0.006944
5 0.527344 0.678472 0.012500 0.006944
6 0.444922 0.677083 0.010156 0.045833
6 0.459375 0.629167 0.039062 0.055556
6 0.358594 0.662500 0.053125 0.030556
6 0.335156 0.661111 0.006250 0.033333
7 0.539062 0.727083 0.095312 0.023611
7 0.569531 0.722917 0.087500 0.023611
7 0.451953 0.736111 0.102344 0.027778
7 0.490625 0.732639 0.085938 0.029167
7 0.283594 0.745139 0.098437 0.009722
7 0.396484 0.743750 0.041406 0.018056
6 0.200000 0.666667 0.201563 0.286111
6 0.441016 0.666667 0.203906 0.313889
8 0.435547 0.691667 0.005469 0.011111
5 0.433984 0.687500 0.002344 0.002778
8 0.440234 0.695833 0.005469 0.019444
5 0.439063 0.687500 0.001563 0.000000
8 0.816797 0.698611 0.003906 0.025000
5 0.816016 0.686111 0.000781 0.002778
8 0.819531 0.697917 0.006250 0.023611
5 0.818750 0.686806 0.003125 0.004167
8 0.815625 0.697917 0.004687 0.023611
5 0.814063 0.684722 0.001563 0.000000
8 0.811328 0.695139 0.003906 0.015278
8 0.811719 0.701389 0.007812 0.030556
5 0.810156 0.687500 0.004687 0.005556
5 0.655469 0.684722 0.000000 0.002778
8 0.597656 0.707639 0.075000 0.043056
5 0.596484 0.688194 0.067969 0.009722
8 0.614453 0.706944 0.061719 0.041667
5 0.614062 0.687500 0.060937 0.008333
8 0.020313 0.778472 0.040625 0.123611
5 0.019141 0.706944 0.005469 0.016667
8 0.172656 0.799306 0.345313 0.220833
5 0.161328 0.700694 0.322656 0.048611
8 0.301172 0.777083 0.299219 0.179167
5 0.296094 0.697917 0.271875 0.037500
8 0.091406 0.772222 0.182812 0.150000
5 0.106250 0.706250 0.103125 0.015278
0 0.482031 0.634722 0.076563 0.166667
0 0.603516 0.625000 0.039844 0.105556
0 0.574219 0.651389 0.035937 0.097222
1 0.246094 0.651389 0.048438 0.027778
1 0.242188 0.645833 0.037500 0.019444
1 0.208984 0.643750 0.042969 0.009722
1 0.165625 0.655556 0.015625 0.036111
1 0.151172 0.657639 0.041406 0.037500
1 0.141016 0.656944 0.057031 0.038889
1 0.078906 0.658333 0.045312 0.036111
1 0.060156 0.652083 0.067187 0.048611
1 0.032031 0.650694 0.064062 0.051389
1 0.935937 0.664583 0.039062 0.093056
2 0.920703 0.643056 0.002344 0.027778
2 0.921484 0.681250 0.002344 0.026389
1 0.944531 0.661806 0.045312 0.104167
2 0.925000 0.693750 0.000000 0.001389
2 0.924219 0.651389 0.000000 0.000000
2 0.944531 0.637500 0.037500 0.030556
2 0.945703 0.680556 0.038281 0.030556
2 0.935547 0.652778 0.013281 0.000000
2 0.953125 0.652778 0.014063 0.000000
1 0.892969 0.665278 0.037500 0.091667
1 0.895312 0.662500 0.042188 0.102778
2 0.894922 0.637500 0.036719 0.030556
2 0.895703 0.680556 0.036719 0.030556
2 0.990234 0.707639 0.010156 0.062500
2 0.996875 0.710417 0.004687 0.068056
2 0.996094 0.639583 0.006250 0.070833
2 0.988672 0.645139 0.010156 0.062500
2 0.803906 0.647222 0.006250 0.058333
2 0.734766 0.642361 0.116406 0.068056
2 0.789844 0.709028 0.007812 0.068056
2 0.804688 0.706944 0.006250 0.058333
2 0.796875 0.645139 0.007812 0.062500
2 0.720313 0.638889 0.129688 0.072222
2 0.721094 0.710417 0.129688 0.073611
2 0.797656 0.706944 0.007812 0.063889
2 0.637891 0.701389 0.035156 0.047222
2 0.589844 0.700694 0.059375 0.045833
2 0.810547 0.688889 0.003906 0.013889
2 0.807813 0.682639 0.000000 0.001389
2 0.807422 0.667361 0.000781 0.026389
2 0.807422 0.640278 0.000781 0.025000
5 0.171094 0.654861 0.060937 0.004167
5 0.176563 0.661806 0.050000 0.001389
5 0.165234 0.672222 0.050781 0.005556
5 0.144531 0.676389 0.009375 0.000000
5 0.235937 0.670833 0.028125 0.008333
5 0.244141 0.676389 0.011719 0.000000
5 0.223047 0.662500 0.053906 0.008333
5 0.221094 0.654167 0.059375 0.008333
5 0.275391 0.670833 0.047656 0.008333
5 0.275391 0.676389 0.047656 0.000000
5 0.275391 0.662500 0.047656 0.008333
5 0.275000 0.652778 0.048438 0.008333
5 0.276172 0.597917 0.047656 0.009722
5 0.276172 0.607639 0.047656 0.009722
5 0.275781 0.626389 0.046875 0.008333
5 0.275781 0.616667 0.046875 0.008333
5 0.275391 0.644444 0.047656 0.008333
5 0.275781 0.634722 0.046875 0.008333
5 0.276172 0.588889 0.047656 0.008333
5 0.276172 0.579861 0.047656 0.009722