3 0.512891 0.850694 0.972656 0.295833
4 0.141797 0.765972 0.002344 0.009722
8 0.277344 0.977083 0.140625 0.043056
5 0.611719 0.750000 0.042188 0.013889
5 0.611719 0.750000 0.042188 0.013889
5 0.611719 0.750000 0.042188 0.013889
5 0.612109 0.737500 0.042969 0.016667
5 0.612109 0.737500 0.042969 0.016667
5 0.612109 0.737500 0.042969 0.016667
5 0.611328 0.759722 0.041406 0.013889
5 0.611328 0.759722 0.041406 0.013889
5 0.611328 0.759722 0.041406 0.013889
6 0.398828 0.771528 0.072656 0.056944
6 0.493750 0.770139 0.067187 0.081944
6 0.399609 0.709722 0.074219 0.091667
6 0.439844 0.773611 0.051562 0.080556
6 0.114062 0.820139 0.073438 0.115278
6 0.046094 0.830556 0.037500 0.108333
7 0.258203 0.795139 0.046094 0.015278
7 0.040234 0.832639 0.024219 0.026389
7 0.169141 0.711806 0.028906 0.009722
7 0.206250 0.710417 0.028125 0.009722
7 0.065234 0.718750 0.010156 0.009722
7 0.120313 0.715972 0.020313 0.009722
8 0.169141 0.829861 0.038281 0.043056
5 0.166797 0.808333 0.033594 0.019444
8 0.205859 0.821528 0.061719 0.045833
5 0.205469 0.802083 0.054688 0.018056
8 0.246094 0.812500 0.060937 0.038889
5 0.245312 0.795833 0.054688 0.016667
8 0.291016 0.809028 0.060156 0.043056
5 0.289844 0.790278 0.053125 0.016667
8 0.279297 0.826389 0.064844 0.047222
5 0.278516 0.806944 0.057031 0.019444
8 0.311328 0.819444 0.035156 0.044444
5 0.318750 0.800000 0.045312 0.019444
8 0.238672 0.832639 0.066406 0.048611
5 0.237891 0.813194 0.058594 0.020833
8 0.187500 0.840972 0.067187 0.051389
5 0.186719 0.820139 0.059375 0.020833
8 0.888672 0.894444 0.091406 0.063889
5 0.889062 0.867361 0.087500 0.029167
8 0.923828 0.873611 0.088281 0.041667
5 0.911719 0.855556 0.057813 0.022222
8 0.860547 0.905556 0.099219 0.066667
5 0.858984 0.878472 0.089844 0.031944
8 0.827344 0.921528 0.085938 0.065278
5 0.823828 0.890278 0.078906 0.033333
8 0.849219 0.847222 0.087500 0.019444
5 0.847656 0.841667 0.078125 0.025000
8 0.820703 0.860417 0.072656 0.020833
5 0.817578 0.851389 0.066406 0.027778
8 0.781641 0.883333 0.091406 0.055556
5 0.780078 0.861111 0.082031 0.027778
8 0.739453 0.890278 0.094531 0.050000
5 0.731641 0.870833 0.071094 0.030556
8 0.567969 0.971528 0.117188 0.054167
5 0.567969 0.950000 0.104688 0.044444
8 0.629297 0.982639 0.124219 0.031944
5 0.629687 0.972917 0.110937 0.048611
8 0.515234 0.956944 0.111719 0.058333
5 0.516016 0.932639 0.100781 0.040278
8 0.466406 0.946528 0.106250 0.073611
5 0.467187 0.915278 0.095312 0.033333
8 0.728906 0.943056 0.107813 0.075000
5 0.727344 0.913194 0.096875 0.037500
8 0.682031 0.959722 0.112500 0.077778
5 0.680078 0.929167 0.100781 0.041667
8 0.598437 0.931250 0.104688 0.045833
5 0.598437 0.912500 0.093750 0.036111
8 0.554688 0.917361 0.085938 0.051389
5 0.550391 0.895833 0.085156 0.033333
0 0.366406 0.813889 0.189062 0.280556
0 0.683984 0.724306 0.102344 0.162500
1 0.365625 0.694444 0.060937 0.086111
1 0.337500 0.697917 0.062500 0.090278
1 0.326172 0.688889 0.058594 0.077778
1 0.298828 0.693056 0.058594 0.086111
1 0.287500 0.687500 0.037500 0.080556
1 0.264062 0.689583 0.056250 0.081944
1 0.258203 0.675694 0.057031 0.070833
1 0.060937 0.713194 0.064062 0.095833
1 0.050000 0.704167 0.042188 0.083333
1 0.966797 0.886806 0.064844 0.223611
2 0.996875 0.786111 0.004687 0.000000
2 0.969922 0.836111 0.058594 0.080556
2 0.970313 0.931944 0.057813 0.094444
2 0.989453 0.790278 0.019531 0.005556
2 0.979688 0.795833 0.039062 0.008333
2 0.999219 0.801389 0.000000 0.000000
2 0.049219 0.983333 0.045312 0.030556
2 0.909375 0.823611 0.046875 0.047222
2 0.916016 0.779167 0.060156 0.052778
2 0.973047 0.779861 0.052344 0.037500
2 0.930078 0.728472 0.089844 0.056944
2 0.972656 0.734722 0.053125 0.061111