3 0.508203 0.890278 0.953906 0.216667
4 0.266797 0.857639 0.010156 0.098611
4 0.191016 0.893056 0.032031 0.094444
4 0.160547 0.911111 0.005469 0.055556
4 0.085938 0.956250 0.040625 0.084722
5 0.379688 0.770139 0.046875 0.009722
5 0.379688 0.770139 0.046875 0.009722
5 0.379688 0.770139 0.046875 0.009722
5 0.379688 0.756944 0.046875 0.013889
5 0.379688 0.756944 0.046875 0.013889
5 0.379688 0.756944 0.046875 0.013889
5 0.379688 0.781250 0.046875 0.009722
5 0.379688 0.781250 0.046875 0.009722
5 0.379688 0.781250 0.046875 0.009722
5 0.454297 0.779167 0.041406 0.013889
5 0.454297 0.779167 0.041406 0.013889
5 0.454297 0.779167 0.041406 0.013889
5 0.441797 0.768750 0.016406 0.012500
5 0.441797 0.768750 0.016406 0.012500
5 0.441797 0.768750 0.016406 0.012500
5 0.441797 0.757639 0.016406 0.012500
5 0.441797 0.757639 0.016406 0.012500
5 0.441797 0.757639 0.016406 0.012500
5 0.458984 0.745833 0.050781 0.013889
5 0.458984 0.745833 0.050781 0.013889
5 0.458984 0.745833 0.050781 0.013889
6 0.469531 0.802778 0.037500 0.080556
6 0.477734 0.781250 0.041406 0.079167
6 0.476562 0.720833 0.051562 0.097222
6 0.485156 0.788194 0.028125 0.079167
6 0.408594 0.865278 0.090625 0.130556
6 0.431250 0.903472 0.114062 0.173611
7 0.261328 0.854167 0.064844 0.025000
7 0.162500 0.927083 0.093750 0.031944
8 0.319531 0.995139 0.031250 0.001389
5 0.329297 0.971528 0.050781 0.045833
8 0.267578 0.974306 0.013281 0.048611
5 0.265625 0.964583 0.009375 0.031944
8 0.331641 0.888194 0.063281 0.051389
5 0.333203 0.861111 0.060156 0.019444
8 0.342578 0.866667 0.041406 0.033333
5 0.341797 0.844444 0.042969 0.011111
8 0.322656 0.840278 0.001563 0.002778
5 0.343750 0.834028 0.039062 0.009722
8 0.359766 0.829167 0.007031 0.000000
5 0.353125 0.823611 0.020313 0.008333
8 0.484375 0.838194 0.003125 0.023611
5 0.473047 0.824306 0.003906 0.006944
8 0.482422 0.852083 0.002344 0.018056
5 0.473047 0.847222 0.003906 0.008333
8 0.471875 0.890278 0.003125 0.033333
5 0.471484 0.860417 0.000781 0.001389
8 0.938672 0.813889 0.008594 0.036111
5 0.961328 0.799306 0.047656 0.012500
8 0.927734 0.793750 0.017969 0.009722
5 0.951953 0.793056 0.061719 0.011111
8 0.954297 0.804167 0.002344 0.005556
5 0.970703 0.802778 0.028906 0.005556
8 0.883203 0.800000 0.000781 0.000000
5 0.895703 0.789583 0.036719 0.004167
8 0.898828 0.818056 0.041406 0.036111
5 0.903906 0.799306 0.053125 0.012500
8 0.917578 0.822917 0.072656 0.043056
5 0.914453 0.805556 0.060156 0.011111
8 0.921484 0.831250 0.049219 0.043056
5 0.931641 0.813889 0.046094 0.013889
8 0.942187 0.852778 0.003125 0.000000
5 0.945312 0.852083 0.001563 0.001389
8 0.927344 0.844444 0.028125 0.016667
5 0.931641 0.843750 0.030469 0.018056
0 0.948047 0.837500 0.102344 0.322222
0 0.840625 0.795833 0.112500 0.272222
0 0.560156 0.727778 0.043750 0.152778
1 0.041797 0.740972 0.014844 0.109722
2 0.777734 0.773611 0.013281 0.041667
2 0.797656 0.766667 0.026562 0.013889
2 0.875391 0.776389 0.036719 0.019444
2 0.812500 0.744444 0.056250 0.041667
2 0.867578 0.745139 0.052344 0.040278
2 0.812109 0.707639 0.057031 0.040278
2 0.863281 0.707639 0.059375 0.040278
5 0.181641 0.951389 0.146094 0.050000
5 0.181250 0.973611 0.146875 0.050000
5 0.189453 0.984028 0.130469 0.029167
5 0.251563 0.995833 0.004687 0.005556
5 0.345703 0.984722 0.117969 0.027778
5 0.353516 0.995833 0.102344 0.005556
5 0.338281 0.974306 0.132812 0.048611
5 0.338281 0.952083 0.132812 0.051389
5 0.515625 0.986111 0.096875 0.025000
5 0.515234 0.996528 0.091406 0.004167
5 0.516016 0.974306 0.122656 0.048611
5 0.516016 0.953472 0.122656 0.048611
5 0.515625 0.815278 0.121875 0.036111
5 0.515625 0.838194 0.121875 0.040278
5 0.515625 0.888889 0.121875 0.038889
5 0.515625 0.863194 0.121875 0.040278
5 0.516016 0.931250 0.122656 0.048611
5 0.515625 0.906944 0.121875 0.047222
5 0.515625 0.793056 0.121875 0.036111
5 0.515625 0.769444 0.121875 0.033333