3 0.499609 0.906944 0.999219 0.183333
4 0.161328 0.827083 0.000781 0.004167
4 0.014453 0.782639 0.005469 0.087500
8 0.931250 0.797222 0.032813 0.075000
5 0.555859 0.813194 0.055469 0.009722
5 0.555859 0.813194 0.055469 0.009722
5 0.555859 0.813194 0.055469 0.009722
5 0.555859 0.802083 0.055469 0.009722
5 0.555859 0.802083 0.055469 0.009722
5 0.555859 0.802083 0.055469 0.009722
5 0.555859 0.790972 0.055469 0.009722
5 0.555859 0.790972 0.055469 0.009722
5 0.555859 0.790972 0.055469 0.009722
5 0.555859 0.779167 0.055469 0.011111
5 0.555859 0.779167 0.055469 0.011111
5 0.555859 0.779167 0.055469 0.011111
6 0.233594 0.772222 0.106250 0.122222
6 0.183984 0.769444 0.077344 0.138889
7 0.546484 0.921528 0.510156 0.154167
7 0.671094 0.878472 0.350000 0.095833
7 0.275391 0.956250 0.550781 0.084722
7 0.251953 0.823611 0.028906 0.002778
7 0.051562 0.820833 0.073438 0.019444
8 0.026172 0.809722 0.052344 0.061111
5 0.030469 0.782639 0.034375 0.006944
8 0.216797 0.806944 0.077344 0.047222
5 0.180078 0.781250 0.000781 0.001389
8 0.263281 0.812500 0.068750 0.033333
8 0.309375 0.811111 0.025000 0.030556
8 0.305078 0.811111 0.041406 0.030556
8 0.319141 0.811806 0.010156 0.031944
8 0.302344 0.812500 0.031250 0.033333
5 0.305859 0.786806 0.025781 0.004167
8 0.291406 0.806944 0.070312 0.050000
5 0.306250 0.784722 0.040625 0.011111
8 0.957422 0.799306 0.000781 0.006944
8 0.962109 0.798611 0.000781 0.005556
8 0.970703 0.799306 0.024219 0.006944
8 0.921094 0.795833 0.012500 0.000000
8 0.962109 0.815278 0.041406 0.044444
8 0.919922 0.814583 0.016406 0.048611
8 0.953125 0.813889 0.010937 0.038889
8 0.959766 0.814583 0.017969 0.040278
8 0.921094 0.794444 0.012500 0.000000
8 0.955469 0.813889 0.054688 0.094444
5 0.957031 0.766667 0.048438 0.011111
8 0.959766 0.823611 0.046094 0.063889
5 0.963672 0.770139 0.035156 0.004167
8 0.944922 0.821528 0.108594 0.143056
5 0.948828 0.756250 0.100781 0.031944
8 0.955469 0.834722 0.087500 0.091667
5 0.960156 0.762500 0.070312 0.019444
8 0.725781 0.808333 0.220312 0.113889
5 0.723437 0.759722 0.200000 0.030556
8 0.758984 0.811111 0.189844 0.108333
5 0.756250 0.763889 0.173437 0.025000
0 0.404297 0.637500 0.224219 0.438889
0 0.665234 0.658333 0.091406 0.177778
0 0.612109 0.741667 0.052344 0.155556
1 0.149609 0.768056 0.064844 0.094444
1 0.127734 0.768750 0.072656 0.095833
1 0.096094 0.768750 0.078125 0.093056
1 0.086719 0.768750 0.048438 0.095833
1 0.045703 0.767361 0.060156 0.081944
1 0.017188 0.772222 0.003125 0.061111
2 0.833594 0.804167 0.148438 0.122222
2 0.683203 0.791667 0.152344 0.086111
2 0.951562 0.799306 0.004687 0.006944
2 0.887500 0.741667 0.051562 0.005556
2 0.939844 0.754861 0.035937 0.034722
2 0.887109 0.717361 0.052344 0.043056
2 0.938281 0.715972 0.035937 0.043056
5 0.032031 0.737500 0.064062 0.022222
5 0.031641 0.759722 0.063281 0.022222
5 0.030859 0.802083 0.061719 0.018056
5 0.031250 0.780556 0.062500 0.019444
5 0.030469 0.843056 0.060937 0.022222
5 0.030859 0.821528 0.061719 0.020833
5 0.032422 0.718056 0.064844 0.022222
5 0.032422 0.697917 0.064844 0.026389
5 0.034375 0.576389 0.068750 0.036111
5 0.033984 0.597222 0.067969 0.033333
5 0.033594 0.638889 0.067187 0.027778
5 0.033594 0.618750 0.067187 0.031944
5 0.032813 0.678472 0.065625 0.026389
5 0.033203 0.657639 0.066406 0.029167
5 0.034766 0.557639 0.069531 0.034722
5 0.034766 0.537500 0.069531 0.038889