3 0.499609 0.846528 0.999219 0.304167
4 0.440234 0.797917 0.010156 0.073611
4 0.480078 0.841667 0.039844 0.088889
4 0.526953 0.872222 0.010156 0.094444
4 0.551953 0.903472 0.049219 0.109722
4 0.617969 0.944444 0.012500 0.108333
4 0.659375 0.963194 0.050000 0.070833
4 0.762109 0.995833 0.005469 0.005556
8 0.694531 0.966667 0.095312 0.063889
5 0.328125 0.709722 0.048438 0.011111
5 0.328125 0.709722 0.048438 0.011111
5 0.328125 0.709722 0.048438 0.011111
5 0.328125 0.698611 0.048438 0.013889
5 0.328125 0.698611 0.048438 0.013889
5 0.328125 0.698611 0.048438 0.013889
5 0.328125 0.719444 0.048438 0.011111
5 0.328125 0.719444 0.048438 0.011111
5 0.328125 0.719444 0.048438 0.011111
5 0.392578 0.715278 0.047656 0.011111
5 0.392578 0.715278 0.047656 0.011111
5 0.392578 0.715278 0.047656 0.011111
5 0.392578 0.706944 0.047656 0.011111
5 0.392578 0.706944 0.047656 0.011111
5 0.392578 0.706944 0.047656 0.011111
5 0.392578 0.697222 0.047656 0.011111
5 0.392578 0.697222 0.047656 0.011111
5 0.392578 0.697222 0.047656 0.011111
5 0.392578 0.686111 0.047656 0.013889
5 0.392578 0.686111 0.047656 0.013889
5 0.392578 0.686111 0.047656 0.013889
6 0.514453 0.739583 0.049219 0.065278
6 0.480859 0.725000 0.041406 0.069444
6 0.515234 0.679167 0.052344 0.077778
6 0.492969 0.731250 0.037500 0.070833
6 0.580078 0.800000 0.075781 0.102778
6 0.636719 0.814583 0.084375 0.101389
7 0.870703 0.990972 0.091406 0.015278
7 0.391797 0.915278 0.055469 0.047222
7 0.364844 0.793056 0.060937 0.019444
7 0.424219 0.855556 0.075000 0.027778
5 0.639062 0.859722 0.043750 0.008333
8 0.580469 0.901389 0.054688 0.069444
5 0.589063 0.877778 0.060937 0.033333
8 0.498437 0.813194 0.057813 0.048611
5 0.499609 0.795833 0.055469 0.016667
8 0.484375 0.800694 0.054688 0.045833
5 0.485547 0.785417 0.052344 0.018056
8 0.473828 0.791667 0.060156 0.044444
5 0.473438 0.777083 0.054688 0.015278
8 0.462109 0.781944 0.057031 0.041667
5 0.461328 0.767361 0.052344 0.015278
8 0.508594 0.774306 0.006250 0.009722
5 0.525000 0.772917 0.034375 0.015278
8 0.507422 0.769444 0.028906 0.019444
5 0.518359 0.763889 0.047656 0.013889
8 0.531641 0.795139 0.019531 0.034722
5 0.532422 0.780556 0.019531 0.011111
8 0.539844 0.809722 0.004687 0.030556
5 0.539844 0.790972 0.004687 0.009722
5 0.818359 0.713889 0.019531 0.005556
5 0.796484 0.709028 0.035156 0.004167
5 0.852734 0.719444 0.002344 0.005556
8 0.869922 0.731250 0.036719 0.006944
5 0.868359 0.727778 0.033594 0.008333
8 0.747656 0.725694 0.026562 0.029167
5 0.754687 0.713194 0.035937 0.009722
8 0.758984 0.729861 0.014844 0.026389
5 0.760547 0.719444 0.013281 0.008333
8 0.960938 0.771528 0.053125 0.031944
5 0.961719 0.761111 0.051562 0.016667
8 0.978125 0.759722 0.015625 0.013889
5 0.980859 0.754861 0.014844 0.006944
8 0.929688 0.779167 0.054688 0.041667
5 0.930469 0.763889 0.051562 0.016667
8 0.900391 0.785417 0.047656 0.034722
5 0.898047 0.765972 0.042969 0.018056
8 0.901953 0.746528 0.050781 0.015278
5 0.900781 0.738889 0.048438 0.011111
8 0.928125 0.760417 0.059375 0.031944
5 0.928125 0.746528 0.053125 0.012500
8 0.900781 0.768750 0.046875 0.029167
5 0.898438 0.751389 0.043750 0.013889
8 0.881641 0.771528 0.010156 0.031944
5 0.879687 0.754861 0.006250 0.004167
0 0.976172 0.784722 0.046094 0.225000
0 0.797266 0.715972 0.063281 0.162500
0 0.499609 0.672222 0.047656 0.125000
1 0.017969 0.701389 0.035937 0.102778
1 0.016406 0.707639 0.032813 0.106944
1 0.965234 0.664583 0.067969 0.068056
2 0.949219 0.648611 0.031250 0.016667
2 0.980859 0.651389 0.033594 0.013889
2 0.997266 0.698611 0.002344 0.000000
2 0.951562 0.648611 0.015625 0.013889
2 0.966797 0.641667 0.013281 0.000000
2 0.961719 0.649306 0.015625 0.012500
2 0.978125 0.643056 0.015625 0.000000
1 0.886719 0.680556 0.068750 0.094444
2 0.882031 0.643056 0.004687 0.000000
2 0.900391 0.661111 0.033594 0.027778
2 0.898828 0.696528 0.038281 0.031944
2 0.885938 0.644444 0.012500 0.000000
2 0.883984 0.647222 0.008594 0.002778
2 0.896875 0.645833 0.015625 0.000000
1 0.970313 0.692361 0.057813 0.095833
2 0.961328 0.656944 0.033594 0.002778
2 0.989844 0.677083 0.018750 0.031944
2 0.978516 0.716667 0.041406 0.036111
2 0.966797 0.659028 0.017969 0.001389
2 0.983984 0.657639 0.014844 0.001389
2 0.978906 0.661111 0.021875 0.002778
2 0.989062 0.659722 0.004687 0.000000
1 0.853516 0.680556 0.067969 0.091667
2 0.825391 0.693056 0.005469 0.025000
2 0.837891 0.657639 0.030469 0.026389
2 0.867578 0.662500 0.032031 0.027778
2 0.867969 0.697917 0.032813 0.031944
2 0.852344 0.645833 0.001563 0.000000
2 0.852344 0.647917 0.001563 0.001389
1 0.946484 0.697917 0.080469 0.104167
2 0.920312 0.713194 0.021875 0.031944
2 0.932031 0.697917 0.014063 0.001389
2 0.927344 0.672222 0.035937 0.030556
2 0.963281 0.678472 0.039062 0.031944
2 0.952344 0.718056 0.062500 0.038889
2 0.929688 0.675000 0.018750 0.030556
2 0.947266 0.659028 0.014844 0.001389
2 0.943359 0.677083 0.022656 0.031944
2 0.953516 0.661806 0.011719 0.001389
2 0.641406 0.695833 0.004687 0.027778
2 0.682031 0.705556 0.048438 0.033333
2 0.723828 0.705556 0.033594 0.030556
2 0.682031 0.676389 0.048438 0.033333
2 0.723828 0.677083 0.033594 0.029167
2 0.682031 0.648611 0.048438 0.033333
2 0.715625 0.647222 0.050000 0.033333
5 0.653906 0.863889 0.090625 0.036111
5 0.653906 0.881250 0.090625 0.031944
5 0.653906 0.893056 0.090625 0.033333
5 0.653906 0.909028 0.090625 0.031944
5 0.653906 0.936111 0.090625 0.036111
5 0.653906 0.920833 0.090625 0.036111
5 0.653906 0.964583 0.090625 0.034722
5 0.653906 0.949306 0.090625 0.034722
5 0.741016 0.884028 0.083594 0.031944
5 0.741406 0.897917 0.082812 0.031944
5 0.741016 0.926389 0.083594 0.033333
5 0.741406 0.912500 0.082812 0.033333
5 0.741406 0.954861 0.082812 0.031944
5 0.741406 0.938889 0.082812 0.033333
5 0.737891 0.872222 0.089844 0.030556
5 0.737109 0.856250 0.091406 0.034722
5 0.818750 0.874306 0.070312 0.029167
5 0.818750 0.888194 0.070312 0.031944
5 0.818359 0.915972 0.071094 0.031944
5 0.818750 0.902083 0.070312 0.031944
5 0.818750 0.941667 0.070312 0.033333
5 0.805859 0.927778 0.046094 0.033333
5 0.017969 0.857639 0.035937 0.023611
5 0.018750 0.869444 0.037500 0.025000
5 0.816406 0.862500 0.075000 0.030556
5 0.816406 0.849306 0.075000 0.029167
5 0.816406 0.770139 0.075000 0.023611
5 0.816406 0.784028 0.075000 0.026389
5 0.803906 0.811806 0.050000 0.026389
5 0.816406 0.797917 0.075000 0.026389
5 0.816406 0.837500 0.075000 0.027778
5 0.816406 0.823611 0.075000 0.027778
5 0.017969 0.849306 0.035937 0.023611
5 0.018750 0.838194 0.037500 0.023611
5 0.816406 0.759028 0.075000 0.023611
5 0.816406 0.743750 0.075000 0.026389