3 0.499609 0.831250 0.999219 0.334722
4 0.303125 0.681250 0.000000 0.012500
4 0.226172 0.698611 0.003906 0.036111
4 0.136719 0.693056 0.007812 0.002778
4 0.089063 0.733333 0.007812 0.063889
8 0.104297 0.748611 0.038281 0.036111
5 0.500391 0.670833 0.038281 0.008333
5 0.500391 0.670833 0.038281 0.008333
5 0.500391 0.670833 0.038281 0.008333
5 0.500391 0.662500 0.038281 0.008333
5 0.500391 0.662500 0.038281 0.008333
5 0.500391 0.662500 0.038281 0.008333
5 0.500391 0.678472 0.038281 0.006944
5 0.500391 0.678472 0.038281 0.006944
5 0.500391 0.678472 0.038281 0.006944
5 0.532031 0.680556 0.004687 0.005556
5 0.532031 0.680556 0.004687 0.005556
5 0.532031 0.680556 0.004687 0.005556
5 0.532031 0.672917 0.004687 0.006944
5 0.532031 0.672917 0.004687 0.006944
5 0.532031 0.672917 0.004687 0.006944
5 0.532031 0.664583 0.004687 0.006944
5 0.532031 0.664583 0.004687 0.006944
5 0.532031 0.664583 0.004687 0.006944
5 0.532031 0.656250 0.004687 0.006944
5 0.532031 0.656250 0.004687 0.006944
5 0.532031 0.656250 0.004687 0.006944
6 0.456250 0.681944 0.040625 0.052778
6 0.492578 0.676389 0.032031 0.052778
6 0.457031 0.633333 0.042188 0.055556
6 0.474609 0.679861 0.038281 0.056944
6 0.340625 0.700694 0.051562 0.068056
6 0.319531 0.708333 0.040625 0.072222
7 0.131641 0.776389 0.066406 0.022222
7 0.098437 0.788889 0.028125 0.022222
7 0.428906 0.848611 0.087500 0.033333
7 0.470313 0.828472 0.084375 0.029167
7 0.291797 0.912500 0.111719 0.044444
7 0.347266 0.879861 0.083594 0.034722
7 0.012500 0.998611 0.000000 0.000000
7 0.149609 0.972222 0.114844 0.052778
7 0.118359 0.731250 0.022656 0.012500
7 0.314063 0.705556 0.000000 0.000000
7 0.260937 0.722222 0.000000 0.000000
7 0.097656 0.666667 0.023438 0.008333
6 0.008984 0.941667 0.017969 0.113889
6 0.120703 0.952083 0.214844 0.093056
8 0.009766 0.784028 0.019531 0.031944
5 0.009766 0.766667 0.019531 0.016667
8 0.233594 0.736806 0.053125 0.029167
5 0.236719 0.723611 0.042188 0.008333
8 0.210938 0.736806 0.012500 0.018056
5 0.210938 0.718056 0.012500 0.002778
8 0.313281 0.713194 0.001563 0.020833
5 0.313281 0.699306 0.001563 0.004167
8 0.388672 0.691667 0.002344 0.000000
5 0.385937 0.690972 0.001563 0.001389
5 0.388672 0.690278 0.002344 0.000000
8 0.388672 0.716667 0.002344 0.002778
5 0.387500 0.693056 0.004687 0.000000
5 0.417578 0.688194 0.014844 0.001389
8 0.387500 0.711111 0.004687 0.016667
5 0.387500 0.695833 0.004687 0.002778
8 0.387500 0.709028 0.004687 0.012500
5 0.387500 0.702083 0.004687 0.006944
8 0.787891 0.707639 0.033594 0.026389
5 0.782422 0.695139 0.039844 0.006944
8 0.806641 0.704167 0.010156 0.025000
5 0.789844 0.692361 0.039062 0.006944
8 0.781641 0.711111 0.038281 0.027778
5 0.780469 0.698611 0.035937 0.008333
8 0.778125 0.715278 0.031250 0.027778
5 0.771094 0.702083 0.039062 0.009722
8 0.765234 0.690278 0.002344 0.002778
5 0.744531 0.688889 0.037500 0.005556
8 0.753906 0.694444 0.004687 0.005556
5 0.737109 0.692361 0.036719 0.006944
8 0.731641 0.704167 0.042969 0.019444
5 0.727734 0.695833 0.035156 0.008333
8 0.725391 0.705556 0.038281 0.013889
5 0.724219 0.700000 0.035937 0.008333
8 0.716406 0.734028 0.043750 0.034722
5 0.716016 0.719444 0.038281 0.011111
8 0.757031 0.736806 0.043750 0.034722
5 0.756641 0.722222 0.038281 0.011111
8 0.677344 0.722222 0.037500 0.008333
5 0.679688 0.718056 0.037500 0.011111
8 0.642969 0.718750 0.043750 0.012500
5 0.642969 0.715972 0.039062 0.009722
8 0.752344 0.717361 0.043750 0.020833
5 0.750391 0.708333 0.042969 0.008333
8 0.744531 0.727083 0.048438 0.031944
5 0.744141 0.712500 0.044531 0.008333
8 0.698047 0.725000 0.041406 0.030556
5 0.695312 0.711806 0.032813 0.009722
8 0.669922 0.715278 0.024219 0.016667
5 0.661328 0.709722 0.036719 0.011111
8 0.704688 0.751389 0.000000 0.016667
8 0.498828 0.790972 0.033594 0.040278
5 0.500000 0.770833 0.031250 0.016667
8 0.510938 0.781944 0.009375 0.038889
5 0.518359 0.759028 0.019531 0.006944
0 0.995313 0.945139 0.007812 0.004167
0 0.428125 0.697222 0.085938 0.183333
0 0.572656 0.668750 0.051562 0.137500
0 0.585547 0.642361 0.041406 0.098611
1 0.277344 0.645139 0.053125 0.065278
1 0.262500 0.645139 0.054688 0.065278
1 0.233984 0.642361 0.052344 0.062500
1 0.218750 0.642361 0.051562 0.059722
1 0.192188 0.641667 0.053125 0.061111
1 0.175000 0.643056 0.053125 0.063889
1 0.125391 0.636111 0.047656 0.055556
1 0.102344 0.657639 0.032813 0.076389
1 0.089063 0.651389 0.006250 0.063889
1 0.925391 0.673611 0.039844 0.094444
2 0.942969 0.686806 0.000000 0.026389
2 0.926953 0.649306 0.032031 0.026389
2 0.923047 0.640972 0.032031 0.004167
2 0.924609 0.688194 0.035156 0.026389
2 0.918359 0.637500 0.013281 0.000000
2 0.933984 0.650694 0.016406 0.026389
2 0.909766 0.637500 0.002344 0.000000
2 0.937500 0.638889 0.003125 0.000000
1 0.919531 0.686806 0.045312 0.106944
2 0.912891 0.684722 0.017969 0.000000
2 0.931250 0.700000 0.017188 0.030556
2 0.928906 0.659028 0.021875 0.029167
2 0.917578 0.663194 0.036719 0.031944
2 0.919141 0.704861 0.039844 0.037500
2 0.911328 0.644444 0.016406 0.000000
2 0.935937 0.660417 0.006250 0.029167
2 0.909766 0.645833 0.017969 0.000000
2 0.925781 0.645833 0.012500 0.000000
1 0.882031 0.672917 0.040625 0.093056
2 0.898047 0.679167 0.005469 0.013889
2 0.892578 0.640972 0.016406 0.009722
2 0.879687 0.651389 0.031250 0.027778
2 0.881641 0.688889 0.035156 0.030556
2 0.875781 0.636111 0.015625 0.000000
2 0.892188 0.640972 0.014063 0.009722
2 0.876563 0.637500 0.009375 0.000000
2 0.888672 0.637500 0.013281 0.000000
1 0.871875 0.684722 0.046875 0.105556
2 0.866406 0.683333 0.017188 0.000000
2 0.884375 0.697917 0.017188 0.029167
2 0.875781 0.657639 0.032813 0.029167
2 0.868750 0.661806 0.035937 0.031944
2 0.871094 0.702778 0.040625 0.036111
2 0.864453 0.643750 0.014844 0.001389
2 0.883203 0.659028 0.016406 0.029167
2 0.862500 0.644444 0.017188 0.000000
2 0.881250 0.659722 0.017188 0.030556
2 0.970703 0.841667 0.005469 0.072222
2 0.903906 0.879167 0.128125 0.083333
2 0.903125 0.804167 0.128125 0.091667
2 0.916797 0.775694 0.113281 0.076389
2 0.650391 0.758333 0.107031 0.069444
2 0.606250 0.780556 0.120313 0.080556
2 0.656250 0.846528 0.021875 0.076389
2 0.695312 0.816667 0.017188 0.066667
2 0.630078 0.768750 0.111719 0.073611
2 0.580078 0.793750 0.128906 0.087500
2 0.580469 0.864583 0.128125 0.081944
2 0.676953 0.830556 0.019531 0.069444
2 0.574609 0.738194 0.019531 0.006944
2 0.537500 0.746528 0.071875 0.029167
2 0.812500 0.685417 0.007812 0.029167
2 0.751172 0.682639 0.035156 0.015278
2 0.789062 0.687500 0.039062 0.025000
2 0.750781 0.661111 0.035937 0.027778
2 0.789062 0.662500 0.039062 0.027778
2 0.752344 0.634722 0.039062 0.027778
2 0.788672 0.635417 0.038281 0.029167
5 0.150391 0.699306 0.058594 0.012500
5 0.148047 0.708333 0.053906 0.011111
5 0.148047 0.715972 0.053906 0.012500
5 0.148047 0.724306 0.053906 0.012500
5 0.148047 0.741667 0.053906 0.013889
5 0.148047 0.734028 0.053906 0.012500
5 0.148047 0.758333 0.053906 0.013889
5 0.148047 0.749306 0.053906 0.012500
5 0.195703 0.718750 0.058594 0.012500
5 0.195703 0.727778 0.058594 0.013889
5 0.195703 0.745833 0.058594 0.013889
5 0.195703 0.736111 0.058594 0.013889
5 0.195312 0.761806 0.059375 0.015278
5 0.195703 0.752778 0.058594 0.013889
5 0.195703 0.711806 0.058594 0.012500
5 0.195703 0.702083 0.058594 0.012500
5 0.247656 0.722222 0.059375 0.013889
5 0.247656 0.731250 0.059375 0.012500
5 0.247656 0.749306 0.059375 0.015278
5 0.247656 0.740278 0.059375 0.013889
5 0.247656 0.765972 0.059375 0.015278
5 0.247656 0.756944 0.059375 0.013889
5 0.098828 0.700000 0.027344 0.008333
5 0.098828 0.706250 0.027344 0.006944
5 0.247656 0.714583 0.059375 0.012500
5 0.247656 0.704861 0.059375 0.012500
5 0.248438 0.654167 0.059375 0.011111
5 0.248438 0.663194 0.059375 0.009722
5 0.248438 0.680556 0.059375 0.011111
5 0.248438 0.672222 0.059375 0.011111
5 0.248438 0.697917 0.059375 0.012500
5 0.248438 0.688194 0.059375 0.012500
5 0.098828 0.695139 0.027344 0.006944
5 0.098828 0.688889 0.027344 0.008333
5 0.248438 0.646528 0.059375 0.009722
5 0.248438 0.636806 0.059375 0.009722