3 0.499609 0.802778 0.999219 0.391667
8 0.726953 0.754167 0.064844 0.055556
6 0.692578 0.961111 0.128906 0.075000
6 0.516797 0.974306 0.113281 0.048611
6 0.692187 0.870833 0.131250 0.188889
6 0.600781 0.961806 0.134375 0.073611
6 0.993750 0.886111 0.010937 0.091667
7 0.993750 0.705556 0.001563 0.000000
7 0.912500 0.619444 0.031250 0.011111
7 0.895312 0.622917 0.021875 0.012500
7 0.575000 0.663889 0.037500 0.016667
7 0.614062 0.656944 0.035937 0.013889
7 0.702344 0.645139 0.037500 0.012500
7 0.666016 0.647222 0.035156 0.008333
7 0.476172 0.675000 0.032031 0.019444
7 0.518359 0.669444 0.036719 0.019444
7 0.394531 0.679167 0.003125 0.011111
7 0.369922 0.690278 0.019531 0.019444
8 0.967969 0.985417 0.042188 0.023611
5 0.976953 0.986111 0.044531 0.025000
8 0.942578 0.992361 0.005469 0.001389
5 0.942969 0.995139 0.035937 0.006944
8 0.871484 0.977778 0.113281 0.041667
5 0.873047 0.975694 0.102344 0.045833
8 0.776563 0.980556 0.045312 0.036111
5 0.798047 0.980556 0.074219 0.036111
8 0.930469 0.963889 0.085938 0.069444
5 0.925391 0.956250 0.088281 0.054167
8 0.957812 0.947222 0.082812 0.063889
5 0.961328 0.939583 0.075781 0.051389
8 0.267578 0.813889 0.058594 0.047222
5 0.268359 0.797917 0.052344 0.029167
8 0.212891 0.825000 0.058594 0.063889
5 0.213281 0.806944 0.051562 0.030556
8 0.312891 0.804861 0.058594 0.045833
5 0.313672 0.790278 0.052344 0.027778
8 0.363281 0.796528 0.059375 0.054167
5 0.363672 0.781250 0.052344 0.026389
8 0.232813 0.850694 0.062500 0.070833
5 0.233594 0.831944 0.056250 0.033333
8 0.290625 0.840972 0.064062 0.068056
5 0.291406 0.822222 0.056250 0.033333
8 0.337891 0.834028 0.063281 0.059722
5 0.339062 0.813194 0.056250 0.031944
8 0.385547 0.824306 0.053906 0.056944
5 0.387891 0.804167 0.049219 0.030556
8 0.569531 0.761806 0.065625 0.034722
5 0.569531 0.754861 0.059375 0.020833
8 0.546094 0.752083 0.062500 0.026389
5 0.545703 0.742361 0.057031 0.020833
8 0.590234 0.784028 0.058594 0.043056
5 0.592969 0.765972 0.057813 0.023611
8 0.602734 0.800000 0.032031 0.047222
5 0.605859 0.780556 0.032031 0.022222
8 0.471094 0.790972 0.021875 0.037500
5 0.469531 0.771528 0.018750 0.020833
8 0.493359 0.780556 0.061719 0.050000
5 0.494141 0.761806 0.055469 0.023611
8 0.533984 0.791667 0.069531 0.055556
5 0.533594 0.775694 0.062500 0.023611
8 0.559766 0.811111 0.072656 0.050000
5 0.559375 0.790278 0.065625 0.025000
8 0.754687 0.734722 0.040625 0.041667
5 0.761719 0.718750 0.046875 0.018056
8 0.732422 0.741667 0.052344 0.036111
5 0.731641 0.724306 0.049219 0.020833
8 0.891797 0.715972 0.016406 0.023611
5 0.890625 0.704167 0.014063 0.011111
8 0.824609 0.709028 0.025781 0.012500
5 0.826562 0.706250 0.021875 0.015278
8 0.900391 0.722917 0.022656 0.023611
5 0.903906 0.713194 0.021875 0.012500
8 0.898047 0.741667 0.028906 0.027778
5 0.898047 0.721528 0.028906 0.018056
0 0.980859 0.572222 0.036719 0.097222
0 0.780078 0.581250 0.049219 0.081944
0 0.955078 0.712500 0.088281 0.188889
0 0.692187 0.754861 0.145313 0.218056
0 0.091406 0.895139 0.182812 0.206944
1 0.058984 0.669444 0.092969 0.108333
2 0.028125 0.700694 0.017188 0.037500
2 0.024609 0.695833 0.014844 0.033333
2 0.028906 0.652083 0.025000 0.040278
2 0.089453 0.638194 0.024219 0.020833
2 0.050391 0.642361 0.022656 0.018056
2 0.047266 0.631944 0.021094 0.002778
2 0.071094 0.640972 0.021875 0.018056
2 0.067578 0.630556 0.021094 0.002778
1 0.216797 0.659028 0.085156 0.115278
2 0.192969 0.679861 0.020313 0.034722
2 0.188281 0.677083 0.020313 0.031944
2 0.190625 0.636111 0.026562 0.036111
2 0.243359 0.622917 0.025781 0.018056
2 0.207813 0.677778 0.017188 0.036111
2 0.210547 0.631944 0.021094 0.027778
2 0.205859 0.617361 0.017969 0.001389
2 0.228125 0.625000 0.021875 0.016667
2 0.222266 0.615278 0.017969 0.002778
1 0.078516 0.693056 0.099219 0.122222
2 0.047266 0.726389 0.021094 0.038889
2 0.041406 0.713889 0.015625 0.019444
2 0.046875 0.675000 0.028125 0.044444
2 0.112500 0.659722 0.026562 0.027778
2 0.070703 0.665972 0.024219 0.023611
2 0.067187 0.652083 0.023438 0.004167
2 0.092969 0.663889 0.023438 0.025000
2 0.088281 0.650694 0.023438 0.004167
1 0.249609 0.679861 0.092969 0.126389
2 0.225000 0.703472 0.023438 0.040278
2 0.219141 0.700000 0.022656 0.036111
2 0.221875 0.655556 0.029687 0.041667
2 0.278516 0.641667 0.027344 0.025000
2 0.241797 0.700694 0.024219 0.040278
2 0.243750 0.654861 0.023438 0.037500
2 0.237500 0.634722 0.021875 0.002778
2 0.262891 0.645139 0.022656 0.020833
2 0.256641 0.633333 0.021094 0.002778
1 0.105469 0.733333 0.112500 0.155556
2 0.064062 0.763889 0.009375 0.044444
2 0.057031 0.756250 0.004687 0.043056
2 0.069922 0.703472 0.032031 0.051389
2 0.141797 0.677083 0.032031 0.009722
2 0.096484 0.684722 0.027344 0.011111
2 0.091797 0.678472 0.025781 0.006944
2 0.117578 0.681944 0.021094 0.008333
2 0.115234 0.676389 0.025781 0.005556
1 0.291406 0.706944 0.101562 0.141667
2 0.262109 0.734028 0.021094 0.040278
2 0.249609 0.729167 0.008594 0.041667
2 0.260937 0.677778 0.032813 0.041667
2 0.322266 0.655556 0.032031 0.011111
2 0.285547 0.661806 0.025781 0.006944
2 0.278125 0.656944 0.023438 0.005556
2 0.305859 0.660417 0.025781 0.006944
2 0.298047 0.654861 0.025781 0.004167
1 0.118750 0.748611 0.118750 0.163889
2 0.083594 0.777778 0.029687 0.050000
2 0.077734 0.772917 0.025781 0.045833
2 0.080859 0.718056 0.033594 0.055556
2 0.160547 0.708333 0.024219 0.052778
2 0.133984 0.769444 0.078906 0.055556
2 0.108594 0.716667 0.029687 0.050000
2 0.103516 0.690278 0.027344 0.005556
2 0.133594 0.715278 0.029687 0.047222
2 0.121094 0.688194 0.012500 0.004167
1 0.310937 0.715278 0.106250 0.138889
2 0.283594 0.747222 0.028125 0.047222
2 0.275391 0.742361 0.025781 0.043056
2 0.279297 0.691667 0.035156 0.050000
2 0.342969 0.683333 0.034375 0.047222
2 0.325391 0.740972 0.069531 0.051389
2 0.305078 0.690278 0.027344 0.044444
2 0.296484 0.667361 0.025781 0.004167
2 0.325781 0.688194 0.028125 0.043056
2 0.317578 0.664583 0.027344 0.004167
2 0.753125 0.669444 0.060937 0.038889
2 0.814844 0.664583 0.021875 0.031944
2 0.808203 0.630556 0.058594 0.038889
2 0.753125 0.637500 0.060937 0.041667
2 0.861719 0.663194 0.071875 0.043056
2 0.919531 0.654861 0.070312 0.045833
2 0.940234 0.690972 0.027344 0.031944
2 0.861328 0.692361 0.071094 0.031944
2 0.905078 0.659028 0.042969 0.045833
2 0.948047 0.651389 0.067969 0.041667
2 0.967969 0.686806 0.026562 0.029167
2 0.912109 0.696528 0.028906 0.034722
2 0.806250 0.741667 0.062500 0.058333
2 0.857031 0.755556 0.085938 0.052778
2 0.032813 0.910417 0.043750 0.068056
2 0.029297 0.846528 0.050781 0.059722
2 0.027344 0.781250 0.054688 0.081944
2 0.021484 0.733333 0.042969 0.022222