3 0.499609 0.815278 0.999219 0.366667
4 0.271484 0.746528 0.000781 0.054167
4 0.132031 0.791667 0.000000 0.036111
4 0.066016 0.795139 0.011719 0.012500
4 0.004297 0.860417 0.008594 0.076389
4 0.018750 0.702778 0.001563 0.027778
8 0.021094 0.886111 0.042188 0.052778
8 0.670312 0.872222 0.081250 0.058333
5 0.500000 0.664583 0.042188 0.009722
5 0.500000 0.664583 0.042188 0.009722
5 0.500000 0.664583 0.042188 0.009722
5 0.500000 0.654861 0.042188 0.012500
5 0.500000 0.654861 0.042188 0.012500
5 0.500000 0.654861 0.042188 0.012500
5 0.500000 0.672917 0.042188 0.009722
5 0.500000 0.672917 0.042188 0.009722
5 0.500000 0.672917 0.042188 0.009722
5 0.549609 0.677778 0.035156 0.008333
5 0.549609 0.677778 0.035156 0.008333
5 0.549609 0.677778 0.035156 0.008333
5 0.549609 0.670139 0.035156 0.009722
5 0.549609 0.670139 0.035156 0.009722
5 0.549609 0.670139 0.035156 0.009722
5 0.550000 0.661806 0.035937 0.009722
5 0.550000 0.661806 0.035937 0.009722
5 0.550000 0.661806 0.035937 0.009722
5 0.553125 0.650694 0.042188 0.012500
5 0.553125 0.650694 0.042188 0.012500
5 0.553125 0.650694 0.042188 0.012500
6 0.450000 0.719444 0.046875 0.072222
6 0.489453 0.698611 0.041406 0.066667
6 0.451172 0.661806 0.049219 0.070833
6 0.470703 0.708333 0.044531 0.069444
6 0.308594 0.770833 0.050000 0.086111
6 0.281250 0.793056 0.034375 0.097222
7 0.045703 0.948611 0.082031 0.041667
7 0.007031 0.986111 0.014063 0.025000
7 0.063281 0.813194 0.053125 0.029167
7 0.312500 0.731250 0.042188 0.004167
7 0.221094 0.787500 0.004687 0.013889
7 0.050781 0.642361 0.018750 0.004167
7 0.000391 0.661806 0.000781 0.004167
8 0.208594 0.830556 0.000000 0.000000
5 0.148047 0.810417 0.016406 0.004167
8 0.282813 0.775694 0.001563 0.012500
5 0.282031 0.756250 0.000000 0.006944
8 0.367969 0.739583 0.010937 0.009722
5 0.349219 0.737500 0.042188 0.011111
8 0.382812 0.731944 0.021875 0.011111
5 0.376563 0.729167 0.028125 0.013889
8 0.391406 0.759722 0.050000 0.033333
5 0.388281 0.743750 0.040625 0.015278
8 0.411719 0.748611 0.050000 0.033333
5 0.412109 0.733333 0.046094 0.011111
8 0.390234 0.765278 0.027344 0.030556
5 0.381250 0.751389 0.037500 0.013889
8 0.370703 0.781250 0.016406 0.031944
5 0.370703 0.763889 0.016406 0.013889
8 0.831641 0.757639 0.039844 0.029167
5 0.827344 0.743750 0.042188 0.012500
8 0.833594 0.750000 0.048438 0.033333
5 0.833203 0.735417 0.044531 0.012500
8 0.822656 0.769444 0.051562 0.036111
5 0.821875 0.753472 0.046875 0.015278
8 0.817187 0.780556 0.048438 0.036111
5 0.815625 0.764583 0.045312 0.018056
8 0.797266 0.745139 0.005469 0.020833
5 0.782031 0.730556 0.035937 0.013889
8 0.773047 0.743750 0.049219 0.023611
5 0.771875 0.737500 0.045312 0.011111
8 0.767578 0.763889 0.038281 0.022222
5 0.767578 0.746528 0.038281 0.015278
8 0.757812 0.769444 0.053125 0.027778
5 0.756641 0.757639 0.047656 0.018056
8 0.757812 0.836111 0.051562 0.050000
5 0.757812 0.817361 0.045312 0.026389
8 0.807422 0.840972 0.050781 0.056944
5 0.806641 0.825000 0.044531 0.027778
8 0.719531 0.829861 0.040625 0.048611
5 0.718359 0.812500 0.038281 0.025000
8 0.666016 0.823611 0.044531 0.038889
5 0.667188 0.804861 0.042188 0.023611
8 0.794531 0.794444 0.054688 0.038889
5 0.793750 0.783333 0.050000 0.016667
8 0.790625 0.807639 0.053125 0.040278
5 0.789062 0.797917 0.050000 0.020833
8 0.732422 0.808333 0.046094 0.050000
5 0.733203 0.793056 0.042969 0.022222
8 0.689453 0.801389 0.049219 0.038889
5 0.689453 0.786111 0.042969 0.019444
8 0.697656 0.943750 0.081250 0.059722
5 0.696484 0.920139 0.072656 0.034722
8 0.716406 0.916667 0.073438 0.066667
5 0.714063 0.897917 0.068750 0.031944
8 0.596875 0.990278 0.000000 0.000000
5 0.610156 0.993750 0.039062 0.009722
8 0.618750 0.977778 0.029687 0.033333
5 0.628516 0.977083 0.042969 0.034722
8 0.525781 0.983333 0.095312 0.030556
5 0.524609 0.982639 0.085156 0.031944
8 0.554297 0.970139 0.089844 0.056944
5 0.552734 0.961111 0.080469 0.041667
0 0.414844 0.847917 0.103125 0.262500
0 0.578906 0.749306 0.075000 0.190278
0 0.593750 0.649306 0.051562 0.115278
1 0.253906 0.627083 0.059375 0.073611
1 0.233203 0.634028 0.053906 0.079167
1 0.208594 0.626389 0.053125 0.075000
1 0.187891 0.631250 0.060156 0.073611
1 0.160938 0.620833 0.057813 0.069444
1 0.149609 0.629167 0.036719 0.069444
1 0.091016 0.608333 0.028906 0.069444
1 0.035156 0.673611 0.070312 0.094444
1 0.020313 0.665972 0.040625 0.084722
1 0.983594 0.714583 0.031250 0.112500
2 0.985547 0.672917 0.027344 0.006944
2 0.985156 0.690278 0.028125 0.022222
2 0.980859 0.674306 0.017969 0.004167
2 0.995313 0.675694 0.007812 0.001389
2 0.980469 0.677778 0.018750 0.002778
2 0.994922 0.678472 0.008594 0.001389
1 0.983594 0.756944 0.031250 0.138889
2 0.985938 0.705556 0.026562 0.008333
2 0.985156 0.736111 0.028125 0.041667
2 0.985156 0.784028 0.028125 0.048611
2 0.982812 0.707639 0.020313 0.004167
2 0.996875 0.709028 0.004687 0.004167
2 0.982422 0.711806 0.021094 0.004167
2 0.996484 0.712500 0.005469 0.002778
1 0.939844 0.704861 0.043750 0.101389
2 0.941406 0.668056 0.035937 0.005556
2 0.939063 0.687500 0.037500 0.022222
2 0.931641 0.670833 0.017969 0.002778
2 0.949609 0.672222 0.016406 0.002778
2 0.930469 0.674306 0.018750 0.004167
2 0.949219 0.675694 0.017188 0.004167
1 0.935156 0.753472 0.051562 0.140278
2 0.937891 0.714583 0.041406 0.037500
2 0.934766 0.731250 0.042969 0.043056
2 0.933984 0.778472 0.042969 0.048611
2 0.926562 0.702778 0.020313 0.005556
2 0.946875 0.704861 0.018750 0.004167
2 0.925391 0.706250 0.021094 0.004167
2 0.946484 0.709028 0.019531 0.004167
2 0.700391 0.979861 0.139844 0.037500
2 0.629297 0.998611 0.002344 0.000000
2 0.615234 0.931250 0.088281 0.095833
2 0.546875 0.915278 0.089063 0.086111
2 0.852734 0.702778 0.007031 0.038889
2 0.782031 0.710417 0.035937 0.026389
2 0.827734 0.713194 0.041406 0.037500
2 0.782031 0.683333 0.035937 0.030556
2 0.827734 0.684028 0.041406 0.037500
2 0.785937 0.648611 0.043750 0.038889
2 0.828125 0.653472 0.042188 0.040278
5 0.078906 0.814583 0.071875 0.029167
5 0.074609 0.827083 0.063281 0.023611
5 0.068750 0.838194 0.051562 0.020833
5 0.072656 0.848611 0.059375 0.022222
5 0.069141 0.869444 0.052344 0.022222
5 0.068750 0.859028 0.051562 0.020833
5 0.069141 0.888889 0.052344 0.022222
5 0.069141 0.878472 0.052344 0.020833
5 0.125781 0.846528 0.060937 0.026389
5 0.125781 0.856250 0.060937 0.026389
5 0.129688 0.877778 0.068750 0.027778
5 0.125781 0.867361 0.060937 0.026389
5 0.126562 0.897222 0.060937 0.027778
5 0.126172 0.888194 0.061719 0.026389
5 0.007812 0.728472 0.015625 0.015278
5 0.005078 0.736111 0.010156 0.013889
5 0.125781 0.836806 0.060937 0.026389
5 0.129688 0.823611 0.068750 0.030556
5 0.193750 0.856944 0.073438 0.027778
5 0.193750 0.869444 0.073438 0.027778
5 0.193750 0.890972 0.073438 0.029167
5 0.193750 0.879861 0.073438 0.029167
5 0.193750 0.909722 0.073438 0.030556
5 0.193750 0.899306 0.073438 0.029167
5 0.034375 0.734722 0.048438 0.013889
5 0.033984 0.741667 0.049219 0.013889
5 0.193750 0.848611 0.073438 0.027778
5 0.193750 0.838194 0.073438 0.026389
5 0.193359 0.775000 0.074219 0.022222
5 0.193359 0.785417 0.074219 0.023611
5 0.193750 0.806944 0.073438 0.025000
5 0.193750 0.797222 0.073438 0.025000
5 0.193750 0.828472 0.073438 0.026389
5 0.193750 0.817361 0.073438 0.026389
5 0.034375 0.729167 0.048438 0.013889
5 0.033984 0.721528 0.049219 0.015278
5 0.193359 0.765278 0.074219 0.022222
5 0.193359 0.752083 0.074219 0.026389