3 0.362109 0.850000 0.724219 0.297222
4 0.076953 0.780556 0.017969 0.025000
4 0.023828 0.713194 0.019531 0.009722
8 0.345703 0.706944 0.000781 0.013889
5 0.312891 0.692361 0.024219 0.004167
5 0.312891 0.692361 0.024219 0.004167
5 0.312891 0.692361 0.024219 0.004167
5 0.312891 0.688194 0.024219 0.001389
5 0.312891 0.688194 0.024219 0.001389
5 0.312891 0.688194 0.024219 0.001389
5 0.312891 0.697917 0.024219 0.004167
5 0.312891 0.697917 0.024219 0.004167
5 0.312891 0.697917 0.024219 0.004167
5 0.287500 0.699306 0.028125 0.004167
5 0.287500 0.699306 0.028125 0.004167
5 0.287500 0.699306 0.028125 0.004167
5 0.286719 0.693750 0.026562 0.004167
5 0.286719 0.693750 0.026562 0.004167
5 0.286719 0.693750 0.026562 0.004167
5 0.286719 0.687500 0.026562 0.005556
5 0.286719 0.687500 0.026562 0.005556
5 0.286719 0.687500 0.026562 0.005556
5 0.287500 0.680556 0.028125 0.005556
5 0.287500 0.680556 0.028125 0.005556
5 0.287500 0.680556 0.028125 0.005556
6 0.348828 0.661111 0.003906 0.033333
6 0.350781 0.681944 0.000000 0.013889
6 0.265625 0.685417 0.004687 0.034722
5 0.758594 0.766667 0.017188 0.008333
5 0.758594 0.766667 0.017188 0.008333
5 0.758594 0.766667 0.017188 0.008333
5 0.758594 0.762500 0.017188 0.008333
5 0.758594 0.762500 0.017188 0.008333
5 0.758594 0.762500 0.017188 0.008333
6 0.389844 0.770833 0.057813 0.016667
6 0.508594 0.786806 0.057813 0.051389
6 0.390625 0.687500 0.057813 0.055556
6 0.449609 0.770833 0.057031 0.016667
6 0.039062 0.793750 0.073438 0.054167
7 0.035156 0.777083 0.056250 0.015278
7 0.347266 0.775000 0.005469 0.008333
7 0.512109 0.713194 0.016406 0.001389
7 0.548438 0.713194 0.015625 0.001389
7 0.425391 0.714583 0.011719 0.001389
7 0.462109 0.713194 0.014844 0.001389
7 0.109766 0.716667 0.005469 0.000000
6 0.044531 0.674306 0.048438 0.054167
6 0.058203 0.672222 0.046094 0.052778
6 0.043750 0.706944 0.048438 0.022222
6 0.058203 0.705556 0.046094 0.025000
8 0.262500 0.766667 0.000000 0.000000
8 0.281641 0.784722 0.036719 0.038889
5 0.280469 0.768750 0.035937 0.006944
5 0.317188 0.769444 0.015625 0.011111
8 0.278125 0.793750 0.031250 0.040278
5 0.276953 0.778472 0.028906 0.012500
8 0.304297 0.788194 0.010156 0.015278
5 0.316016 0.777083 0.017969 0.012500
8 0.553516 0.904861 0.028906 0.073611
5 0.548047 0.879861 0.032031 0.029167
8 0.619141 0.903472 0.055469 0.073611
5 0.616016 0.878472 0.049219 0.029167
8 0.595313 0.877778 0.064062 0.061111
5 0.594531 0.855556 0.056250 0.022222
8 0.527344 0.879167 0.059375 0.061111
5 0.526172 0.856250 0.052344 0.020833
8 0.054297 0.908333 0.107031 0.069444
5 0.056250 0.882639 0.096875 0.023611
8 0.042578 0.927778 0.085156 0.075000
5 0.040625 0.901389 0.081250 0.027778
8 0.067187 0.893056 0.092188 0.063889
5 0.070703 0.865972 0.085156 0.018056
8 0.080078 0.863194 0.066406 0.034722
5 0.083203 0.850000 0.060156 0.013889
8 0.263672 0.901389 0.003906 0.036111
5 0.267969 0.882639 0.010937 0.029167
0 0.097656 0.750000 0.035937 0.186111
0 0.701953 0.731944 0.094531 0.172222
0 0.009766 0.677778 0.019531 0.080556
1 0.619141 0.688194 0.044531 0.048611
1 0.600000 0.688194 0.017188 0.048611
1 0.607812 0.686806 0.032813 0.051389
1 0.572656 0.687500 0.040625 0.052778
1 0.599609 0.684722 0.016406 0.050000
1 0.552344 0.686806 0.021875 0.054167
1 0.612109 0.685417 0.041406 0.054167
1 0.317578 0.689583 0.063281 0.051389
1 0.319922 0.688889 0.060156 0.052778
1 0.113281 0.690972 0.003125 0.051389
1 0.110156 0.690972 0.009375 0.051389
1 0.970313 0.943750 0.057813 0.109722
2 0.979297 0.971528 0.039844 0.054167
1 0.616406 0.950694 0.050000 0.095833
2 0.554297 0.980556 0.108594 0.036111
2 0.288281 0.985417 0.054688 0.026389
2 0.458984 0.981944 0.097656 0.033333
2 0.458984 0.996528 0.096094 0.004167
2 0.362891 0.983333 0.096094 0.030556
2 0.389453 0.997917 0.039844 0.001389
1 0.865234 0.902083 0.188281 0.193056
2 0.974219 0.849306 0.050000 0.020833
2 0.832812 0.913194 0.098437 0.137500
2 0.803125 0.991667 0.040625 0.013889
2 0.941016 0.847222 0.069531 0.011111
2 0.960547 0.915278 0.077344 0.125000
2 0.878516 0.848611 0.078906 0.011111
2 0.906250 0.915972 0.085938 0.123611
1 0.405859 0.892361 0.288281 0.159722
2 0.501172 0.911111 0.075781 0.116667
2 0.303125 0.920139 0.070312 0.126389
2 0.434375 0.862500 0.064062 0.016667
2 0.436328 0.925694 0.067969 0.115278
2 0.370312 0.863194 0.062500 0.015278
2 0.369531 0.919444 0.067187 0.100000
1 0.778906 0.878472 0.203125 0.240278
2 0.847266 0.813889 0.066406 0.055556
2 0.721094 0.837500 0.070312 0.097222
2 0.750000 0.946528 0.129688 0.104167
2 0.799609 0.790278 0.057031 0.005556
2 0.816016 0.818750 0.060156 0.048611
2 0.755078 0.790972 0.053906 0.006944
2 0.771875 0.839583 0.057813 0.090278
1 0.398047 0.810417 0.213281 0.093056
2 0.470313 0.825000 0.053125 0.061111
2 0.325391 0.830556 0.049219 0.066667
2 0.421094 0.798611 0.046875 0.008333
2 0.422266 0.832639 0.049219 0.059722
2 0.374219 0.799306 0.045312 0.006944
2 0.373828 0.829167 0.047656 0.052778
1 0.750781 0.878472 0.200000 0.240278
2 0.809375 0.778472 0.067187 0.015278
2 0.689063 0.816667 0.060937 0.086111
2 0.682422 0.916667 0.047656 0.094444
2 0.762109 0.775000 0.047656 0.005556
2 0.775781 0.782639 0.051562 0.009722
2 0.722656 0.775694 0.050000 0.004167
2 0.735938 0.782639 0.050000 0.009722
1 0.396875 0.784028 0.192188 0.043056
2 0.462109 0.786806 0.047656 0.018056
2 0.331250 0.791667 0.043750 0.022222
2 0.417969 0.781944 0.042188 0.005556
2 0.418750 0.789583 0.043750 0.009722
2 0.375391 0.781944 0.041406 0.005556
2 0.375000 0.790278 0.043750 0.011111
2 0.955859 0.831944 0.064844 0.013889
2 0.959766 0.839583 0.072656 0.001389
2 0.892578 0.814583 0.060156 0.051389
2 0.780469 0.764583 0.025000 0.012500
2 0.857812 0.773611 0.128125 0.033333