3 0.507031 0.938194 0.948438 0.120833
6 0.718750 0.977778 0.150000 0.041667
7 0.798438 0.956250 0.039062 0.018056
7 0.787891 0.963194 0.014844 0.012500
7 0.844922 0.939583 0.047656 0.015278
7 0.825000 0.945833 0.050000 0.016667
7 0.558203 0.904861 0.022656 0.004167
7 0.229687 0.964583 0.050000 0.018056
7 0.274609 0.956250 0.047656 0.018056
7 0.367578 0.941667 0.044531 0.013889
7 0.326562 0.947222 0.039062 0.016667
7 0.108203 0.984028 0.053906 0.018056
7 0.163281 0.975000 0.051562 0.019444
7 0.029687 0.991667 0.045312 0.013889
6 0.894922 0.896528 0.036719 0.054167
6 0.998828 0.834722 0.000781 0.033333
6 0.967187 0.825000 0.018750 0.019444
6 0.968750 0.868750 0.018750 0.026389
6 0.845313 0.892361 0.032813 0.051389
6 0.929297 0.884722 0.014844 0.047222
6 0.892578 0.883333 0.030469 0.047222
6 0.841406 0.906944 0.042188 0.055556
6 0.787500 0.906250 0.035937 0.059722
5 0.503516 0.986806 0.050781 0.006944
8 0.437500 0.996528 0.003125 0.004167
5 0.461719 0.994444 0.042188 0.008333
8 0.569922 0.965278 0.002344 0.000000
5 0.584375 0.963889 0.021875 0.008333
8 0.569141 0.977083 0.047656 0.006944
5 0.570703 0.971528 0.049219 0.012500
5 0.650391 0.970833 0.013281 0.008333
5 0.650391 0.976389 0.013281 0.002778
8 0.870313 0.918056 0.037500 0.025000
5 0.868750 0.906250 0.039062 0.006944
8 0.824219 0.914583 0.040625 0.023611
5 0.827344 0.903472 0.031250 0.006944
8 0.810937 0.916667 0.042188 0.022222
5 0.811719 0.905556 0.037500 0.008333
8 0.856250 0.920833 0.043750 0.025000
5 0.857031 0.909028 0.039062 0.006944
8 0.915234 0.904861 0.033594 0.020833
5 0.917578 0.893750 0.028906 0.006944
8 0.876172 0.896528 0.036719 0.012500
5 0.877344 0.890278 0.031250 0.005556
8 0.866016 0.897917 0.036719 0.009722
5 0.865234 0.893056 0.033594 0.005556
8 0.907031 0.906944 0.039062 0.022222
5 0.908203 0.895833 0.035156 0.005556
0 0.650391 0.845139 0.000781 0.065278
0 0.955078 0.878472 0.046094 0.118056
0 0.998828 0.813889 0.000781 0.005556
0 0.753516 0.834722 0.027344 0.061111
0 0.449609 0.858333 0.055469 0.077778
0 0.746484 0.922222 0.085156 0.152778
0 0.486328 0.933333 0.116406 0.130556
0 0.812109 0.819444 0.027344 0.030556
0 0.651563 0.843750 0.003125 0.068056
1 0.848047 0.860417 0.041406 0.062500
2 0.847266 0.875000 0.014844 0.019444
2 0.834766 0.872917 0.010156 0.018056
2 0.841406 0.847222 0.025000 0.019444
2 0.857422 0.842361 0.017969 0.012500
2 0.851953 0.873611 0.030469 0.022222
2 0.851172 0.847222 0.013281 0.019444
2 0.859766 0.846528 0.002344 0.018056
2 0.843750 0.836111 0.007812 0.000000
1 0.811719 0.867361 0.045312 0.070833
2 0.807422 0.881944 0.010156 0.022222
2 0.797266 0.881250 0.011719 0.020833
2 0.801562 0.852083 0.021875 0.020833
2 0.825781 0.850694 0.010937 0.020833
2 0.814844 0.879167 0.034375 0.022222
2 0.821094 0.851389 0.001563 0.019444
2 0.825000 0.851389 0.004687 0.019444
2 0.806641 0.840278 0.010156 0.000000
1 0.782031 0.866667 0.045312 0.069444
2 0.781250 0.879861 0.014063 0.020833
2 0.765234 0.879861 0.007031 0.020833
2 0.774219 0.850694 0.026562 0.020833
2 0.789062 0.839583 0.023438 0.001389
2 0.789844 0.878472 0.025000 0.023611
2 0.785547 0.850694 0.013281 0.020833
2 0.794922 0.840278 0.003906 0.000000
1 0.819531 0.859028 0.040625 0.059722
2 0.818750 0.867361 0.014063 0.001389
2 0.806250 0.866667 0.009375 0.000000
2 0.812891 0.837500 0.024219 0.002778
2 0.835938 0.836111 0.003125 0.000000
2 0.832422 0.865278 0.011719 0.005556
2 0.825391 0.837500 0.007031 0.002778
2 0.831641 0.836111 0.003906 0.000000
1 0.753125 0.865972 0.043750 0.070833
2 0.755078 0.878472 0.007031 0.020833
2 0.737500 0.879861 0.007812 0.015278
2 0.745703 0.850000 0.025781 0.019444
2 0.771094 0.838889 0.004687 0.000000
2 0.758203 0.876389 0.013281 0.022222
2 0.757812 0.849306 0.006250 0.020833
2 0.746484 0.838889 0.011719 0.000000
2 0.761719 0.838889 0.012500 0.000000
1 0.791797 0.847222 0.039844 0.038889
2 0.796484 0.866667 0.002344 0.000000
2 0.778906 0.865972 0.006250 0.001389
2 0.785156 0.837500 0.023438 0.002778
2 0.802734 0.834722 0.002344 0.000000
2 0.799609 0.866667 0.002344 0.000000
2 0.798047 0.837500 0.000781 0.000000
2 0.783984 0.834722 0.000781 0.000000
2 0.798047 0.834722 0.005469 0.000000
2 0.789844 0.834722 0.009375 0.000000
1 0.650781 0.838889 0.000000 0.016667
2 0.651953 0.842361 0.000781 0.009722
1 0.717187 0.856250 0.026562 0.062500
2 0.710547 0.868056 0.010156 0.016667
2 0.709375 0.839583 0.010937 0.012500
2 0.721094 0.840972 0.015625 0.018056
2 0.722656 0.868056 0.012500 0.016667
2 0.717578 0.839583 0.003906 0.012500
2 0.722266 0.841667 0.003906 0.016667
2 0.708203 0.831944 0.008594 0.000000
1 0.007422 0.960417 0.014844 0.076389
2 0.003906 0.970833 0.007812 0.055556
2 0.442969 0.952778 0.070312 0.038889
2 0.499219 0.944444 0.040625 0.036111
2 0.490234 0.909722 0.057031 0.038889
2 0.442969 0.917361 0.068750 0.043056
2 0.569922 0.929167 0.050781 0.047222
2 0.621094 0.920833 0.064062 0.038889
2 0.652734 0.953472 0.002344 0.026389
2 0.569922 0.961111 0.050781 0.027778
2 0.580469 0.904167 0.029687 0.005556
2 0.560156 0.987500 0.070312 0.022222
2 0.617969 0.993056 0.079687 0.011111
5 0.972656 0.994444 0.018750 0.008333
5 0.972266 0.987500 0.017969 0.016667
5 0.970313 0.918056 0.018750 0.013889
5 0.970313 0.929861 0.018750 0.015278
5 0.971094 0.954167 0.018750 0.016667
5 0.971094 0.941667 0.018750 0.016667
5 0.971875 0.976389 0.018750 0.016667
5 0.971875 0.964583 0.018750 0.015278
5 0.969531 0.907639 0.018750 0.015278
5 0.969531 0.895139 0.018750 0.015278