3 0.499609 0.836111 0.999219 0.325000
4 0.350000 0.704861 0.001563 0.037500
4 0.309375 0.720139 0.014063 0.040278
4 0.296094 0.730556 0.001563 0.036111
4 0.269531 0.737500 0.009375 0.027778
4 0.250000 0.772917 0.004687 0.070833
4 0.209375 0.781250 0.018750 0.065278
4 0.181250 0.809028 0.003125 0.076389
4 0.151172 0.821528 0.019531 0.079167
4 0.046875 0.706944 0.004687 0.050000
8 0.273047 0.794444 0.050781 0.044444
8 0.795703 0.752083 0.063281 0.040278
5 0.436719 0.671528 0.029687 0.001389
5 0.436719 0.671528 0.029687 0.001389
5 0.436719 0.671528 0.029687 0.001389
5 0.436719 0.662500 0.029687 0.002778
5 0.436719 0.662500 0.029687 0.002778
5 0.436719 0.662500 0.029687 0.002778
5 0.436719 0.679861 0.029687 0.001389
5 0.436719 0.679861 0.029687 0.001389
5 0.436719 0.679861 0.029687 0.001389
5 0.491797 0.677778 0.032031 0.005556
5 0.491797 0.677778 0.032031 0.005556
5 0.491797 0.677778 0.032031 0.005556
5 0.491797 0.670139 0.032031 0.006944
5 0.491797 0.670139 0.032031 0.006944
5 0.491797 0.670139 0.032031 0.006944
5 0.494922 0.662500 0.025781 0.008333
5 0.494922 0.662500 0.025781 0.008333
5 0.494922 0.662500 0.025781 0.008333
5 0.490625 0.654167 0.034375 0.008333
5 0.490625 0.654167 0.034375 0.008333
5 0.490625 0.654167 0.034375 0.008333
6 0.478125 0.689583 0.029687 0.059722
6 0.488281 0.677778 0.026562 0.052778
6 0.478125 0.638889 0.034375 0.058333
6 0.482812 0.684722 0.029687 0.058333
6 0.423828 0.715972 0.053906 0.070833
6 0.425391 0.725694 0.052344 0.070833
7 0.357812 0.821528 0.073438 0.023611
7 0.333203 0.842361 0.069531 0.026389
7 0.860547 0.894444 0.089844 0.011111
7 0.839844 0.852083 0.081250 0.018056
7 0.920312 0.970833 0.120313 0.044444
7 0.891406 0.929167 0.107813 0.038889
7 0.104297 0.815278 0.041406 0.030556
7 0.212109 0.762500 0.041406 0.022222
7 0.019922 0.734028 0.039844 0.015278
7 0.346875 0.714583 0.043750 0.012500
7 0.284766 0.743056 0.019531 0.011111
6 0.057813 0.949306 0.115625 0.098611
6 0.025781 0.972917 0.043750 0.051389
6 0.095312 0.930556 0.129688 0.136111
6 0.148047 0.915278 0.111719 0.166667
8 0.207813 0.881944 0.085938 0.055556
5 0.203125 0.863889 0.084375 0.025000
8 0.175000 0.907639 0.103125 0.068056
5 0.181641 0.884722 0.078906 0.027778
8 0.271875 0.847917 0.064062 0.062500
5 0.271094 0.827778 0.059375 0.025000
8 0.209766 0.843750 0.069531 0.056944
5 0.210547 0.826389 0.061719 0.025000
8 0.338672 0.769444 0.000781 0.013889
5 0.338672 0.743750 0.000781 0.001389
8 0.381641 0.722222 0.028906 0.013889
5 0.382422 0.713889 0.027344 0.008333
5 0.387109 0.706250 0.017969 0.004167
5 0.391797 0.701389 0.008594 0.002778
5 0.394141 0.697917 0.003906 0.001389
8 0.469141 0.716667 0.008594 0.027778
5 0.467187 0.703472 0.007812 0.004167
8 0.475391 0.712500 0.008594 0.027778
5 0.469531 0.700694 0.014063 0.006944
8 0.467187 0.721528 0.007812 0.029167
5 0.465625 0.709028 0.004687 0.006944
8 0.464062 0.719444 0.001563 0.013889
8 0.794141 0.700000 0.036719 0.022222
5 0.795312 0.690278 0.035937 0.005556
8 0.792578 0.695833 0.038281 0.022222
5 0.791797 0.685417 0.035156 0.004167
8 0.799609 0.699306 0.038281 0.015278
5 0.800391 0.693750 0.036719 0.006944
8 0.805078 0.704861 0.041406 0.018056
5 0.801953 0.698611 0.033594 0.008333
8 0.748437 0.694444 0.037500 0.022222
5 0.748047 0.684722 0.033594 0.002778
8 0.749609 0.700000 0.036719 0.025000
5 0.750000 0.688889 0.034375 0.005556
8 0.754687 0.698611 0.039062 0.013889
5 0.754297 0.691667 0.035156 0.002778
8 0.757422 0.704167 0.039844 0.016667
5 0.756641 0.697917 0.036719 0.006944
8 0.813281 0.730556 0.035937 0.027778
5 0.812500 0.721528 0.031250 0.012500
8 0.855469 0.734722 0.034375 0.022222
5 0.853906 0.722222 0.031250 0.011111
8 0.778516 0.731250 0.033594 0.029167
5 0.778125 0.720833 0.029687 0.011111
8 0.739062 0.730556 0.032813 0.030556
5 0.738281 0.720139 0.028125 0.012500
8 0.806250 0.718750 0.040625 0.029167
5 0.808203 0.706250 0.041406 0.006944
8 0.816797 0.722917 0.047656 0.026389
5 0.812891 0.712500 0.036719 0.008333
8 0.774609 0.725694 0.032031 0.031944
5 0.774219 0.711806 0.028125 0.006944
8 0.736719 0.723611 0.031250 0.030556
5 0.736328 0.711111 0.027344 0.008333
8 0.861328 0.775694 0.061719 0.040278
5 0.860547 0.761111 0.055469 0.013889
8 0.846875 0.766667 0.045312 0.038889
5 0.850781 0.750000 0.048438 0.008333
8 0.889453 0.813194 0.066406 0.051389
5 0.890625 0.795139 0.064062 0.018056
8 0.882031 0.801389 0.068750 0.047222
5 0.881250 0.781944 0.062500 0.011111
8 0.807031 0.811111 0.068750 0.050000
5 0.805859 0.793056 0.061719 0.016667
8 0.800391 0.795139 0.064844 0.040278
5 0.799609 0.779167 0.058594 0.011111
0 0.836328 0.899306 0.199219 0.198611
0 0.642969 0.719444 0.053125 0.191667
0 0.659766 0.679861 0.041406 0.145833
0 0.307422 0.869444 0.172656 0.258333
0 0.550391 0.642361 0.032031 0.101389
1 0.189453 0.647917 0.060156 0.070833
1 0.178516 0.650694 0.061719 0.073611
1 0.141406 0.647917 0.045312 0.070833
1 0.121875 0.650694 0.062500 0.073611
1 0.078906 0.648611 0.045312 0.069444
1 0.067187 0.650000 0.062500 0.072222
1 0.001563 0.639583 0.003125 0.062500
1 0.034375 0.674306 0.065625 0.090278
1 0.014453 0.672222 0.028906 0.086111
1 0.008203 0.950000 0.016406 0.097222
2 0.001563 0.971528 0.003125 0.054167
1 0.986719 0.667361 0.025000 0.087500
2 0.984766 0.677778 0.016406 0.025000
2 0.997656 0.666667 0.003125 0.000000
2 0.987891 0.644444 0.022656 0.025000
2 0.994531 0.648611 0.009375 0.025000
2 0.990234 0.681944 0.017969 0.030556
2 0.989062 0.645139 0.015625 0.023611
2 0.998437 0.633333 0.001563 0.000000
2 0.992188 0.646528 0.014063 0.023611
1 0.902344 0.631250 0.039062 0.018056
2 0.889453 0.633333 0.011719 0.002778
2 0.907813 0.637500 0.028125 0.005556
2 0.912891 0.679861 0.003906 0.001389
2 0.888672 0.636806 0.002344 0.006944
2 0.897266 0.636806 0.013281 0.006944
2 0.911719 0.633333 0.014063 0.000000
1 0.942969 0.680556 0.054688 0.100000
2 0.919922 0.681250 0.003906 0.004167
2 0.929688 0.643056 0.023438 0.002778
2 0.950000 0.660417 0.034375 0.029167
2 0.944922 0.697222 0.046094 0.033333
2 0.930859 0.643750 0.017969 0.001389
2 0.948047 0.643056 0.014844 0.000000
2 0.937109 0.644444 0.008594 0.000000
2 0.957031 0.644444 0.007812 0.000000
1 0.866797 0.665278 0.044531 0.086111
2 0.853125 0.676389 0.012500 0.025000
2 0.870313 0.665278 0.006250 0.000000
2 0.848047 0.643750 0.002344 0.023611
2 0.871094 0.647222 0.031250 0.025000
2 0.866797 0.679861 0.033594 0.029167
2 0.853125 0.643750 0.006250 0.023611
2 0.859766 0.645139 0.014844 0.023611
2 0.870703 0.633333 0.005469 0.000000
1 0.898047 0.679861 0.047656 0.098611
2 0.884375 0.677778 0.003125 0.000000
2 0.905859 0.679167 0.008594 0.000000
2 0.888281 0.641667 0.001563 0.000000
2 0.904687 0.659028 0.034375 0.029167
2 0.902344 0.695833 0.039062 0.033333
2 0.889844 0.654861 0.014063 0.026389
2 0.907031 0.643056 0.015625 0.000000
2 0.892969 0.657639 0.018750 0.029167
2 0.909375 0.643750 0.018750 0.001389
2 0.966406 0.772222 0.065625 0.058333
2 0.983594 0.802778 0.031250 0.072222
2 0.979297 0.861806 0.021094 0.073611
2 0.938281 0.825000 0.009375 0.058333
2 0.976562 0.787500 0.045312 0.066667
2 0.994531 0.814583 0.009375 0.068056
2 0.994922 0.875694 0.008594 0.065278
2 0.960938 0.844444 0.014063 0.063889
2 0.803516 0.765278 0.058594 0.036111
2 0.744141 0.774306 0.053906 0.056944
2 0.705469 0.675000 0.001563 0.025000
2 0.739453 0.672222 0.002344 0.019444
2 0.722266 0.681250 0.030469 0.029167
2 0.757031 0.677778 0.032813 0.022222
2 0.722266 0.655556 0.030469 0.027778
2 0.757031 0.655556 0.032813 0.027778
2 0.722266 0.630556 0.030469 0.027778
2 0.754687 0.631250 0.028125 0.026389
5 0.306250 0.731250 0.056250 0.015278
5 0.306250 0.740278 0.056250 0.013889
5 0.306250 0.746528 0.056250 0.009722
5 0.303516 0.762500 0.050781 0.002778
5 0.308594 0.777778 0.051562 0.008333
5 0.304297 0.768750 0.042969 0.015278
5 0.304297 0.799306 0.052344 0.009722
5 0.325781 0.779861 0.017188 0.004167
5 0.001563 0.719444 0.003125 0.002778
5 0.003516 0.725000 0.000781 0.000000
5 0.373047 0.750694 0.042969 0.015278
5 0.367188 0.760417 0.054688 0.015278
5 0.367188 0.779167 0.054688 0.016667
5 0.367188 0.770139 0.054688 0.015278
5 0.367188 0.796528 0.054688 0.018056
5 0.375000 0.788194 0.039062 0.015278
5 0.023438 0.722222 0.046875 0.008333
5 0.030469 0.729167 0.032813 0.008333
5 0.367188 0.742361 0.054688 0.015278
5 0.367188 0.732639 0.054688 0.015278
5 0.435937 0.752083 0.053125 0.015278
5 0.435937 0.761806 0.053125 0.015278
5 0.435937 0.780556 0.053125 0.016667
5 0.435937 0.771528 0.053125 0.015278
5 0.435937 0.797917 0.053125 0.018056
5 0.435937 0.789583 0.053125 0.015278
5 0.071094 0.724306 0.046875 0.009722
5 0.071484 0.731250 0.047656 0.009722
5 0.435937 0.743750 0.053125 0.015278
5 0.435937 0.734722 0.053125 0.013889
5 0.435937 0.678472 0.053125 0.012500
5 0.435937 0.688194 0.053125 0.012500
5 0.435937 0.706944 0.053125 0.013889
5 0.435937 0.697222 0.053125 0.013889
5 0.435937 0.725694 0.053125 0.015278
5 0.435937 0.716667 0.053125 0.013889
5 0.071094 0.718750 0.046875 0.009722
5 0.071484 0.711806 0.047656 0.009722
5 0.435937 0.670139 0.053125 0.012500
5 0.435937 0.660417 0.053125 0.012500