3 0.422656 0.863194 0.729688 0.270833
4 0.480469 0.731250 0.001563 0.054167
4 0.539453 0.738889 0.028906 0.066667
4 0.634375 0.752083 0.034375 0.079167
4 0.764062 0.768750 0.043750 0.093056
4 0.064062 0.775000 0.012500 0.072222
4 0.065625 0.777083 0.007812 0.084722
4 0.082422 0.770833 0.024219 0.083333
4 0.110937 0.852778 0.064062 0.163889
4 0.328906 0.947222 0.007812 0.102778
8 0.760156 0.786806 0.045312 0.054167
5 0.313281 0.718750 0.040625 0.009722
5 0.313281 0.718750 0.040625 0.009722
5 0.313281 0.718750 0.040625 0.009722
5 0.313281 0.709722 0.040625 0.008333
5 0.313281 0.709722 0.040625 0.008333
5 0.313281 0.709722 0.040625 0.008333
5 0.316406 0.726389 0.034375 0.005556
5 0.316406 0.726389 0.034375 0.005556
5 0.316406 0.726389 0.034375 0.005556
5 0.382812 0.726389 0.034375 0.008333
5 0.382812 0.726389 0.034375 0.008333
5 0.382812 0.726389 0.034375 0.008333
5 0.382812 0.718056 0.034375 0.008333
5 0.382812 0.718056 0.034375 0.008333
5 0.382812 0.718056 0.034375 0.008333
5 0.382812 0.708333 0.034375 0.008333
5 0.382812 0.708333 0.034375 0.008333
5 0.382812 0.708333 0.034375 0.008333
6 0.527734 0.706944 0.036719 0.038889
6 0.476562 0.707639 0.034375 0.054167
6 0.527734 0.654167 0.036719 0.066667
6 0.503125 0.712500 0.042188 0.016667
6 0.610938 0.728472 0.068750 0.084722
6 0.660547 0.731944 0.050781 0.088889
7 0.645312 0.831944 0.082812 0.025000
7 0.307812 0.879861 0.087500 0.056944
7 0.480078 0.787500 0.060156 0.019444
7 0.064844 0.781944 0.010937 0.019444
7 0.408984 0.743750 0.017969 0.004167
7 0.497656 0.761806 0.023438 0.004167
6 0.545703 0.499306 0.907031 0.998611
6 0.073828 0.777778 0.033594 0.105556
6 0.070703 0.640278 0.046094 0.205556
6 0.055859 0.620833 0.008594 0.083333
6 0.057031 0.815278 0.000000 0.000000
8 0.703906 0.769444 0.073438 0.036111
5 0.677734 0.748611 0.013281 0.011111
8 0.652734 0.773611 0.066406 0.041667
5 0.654297 0.751389 0.061719 0.013889
8 0.537891 0.749306 0.057031 0.034722
5 0.536328 0.733333 0.053906 0.008333
8 0.517188 0.745833 0.059375 0.033333
5 0.516797 0.730556 0.053906 0.008333
8 0.482422 0.742361 0.022656 0.031944
5 0.498828 0.727778 0.050781 0.008333
8 0.475000 0.739583 0.037500 0.026389
5 0.477344 0.726389 0.032813 0.008333
8 0.552734 0.748611 0.027344 0.013889
5 0.557422 0.725000 0.038281 0.002778
8 0.509766 0.723611 0.000781 0.000000
5 0.530859 0.722222 0.039844 0.002778
8 0.554688 0.735417 0.020313 0.015278
5 0.556250 0.727778 0.020313 0.005556
8 0.563672 0.735417 0.000781 0.012500
5 0.565625 0.731250 0.001563 0.006944
8 0.739453 0.722222 0.002344 0.013889
5 0.740234 0.715278 0.000781 0.000000
8 0.742578 0.715278 0.002344 0.002778
5 0.743750 0.714583 0.000000 0.001389
0 0.770312 0.677778 0.029687 0.144444
0 0.488672 0.671528 0.041406 0.098611
0 0.046875 0.549306 0.093750 0.898611
0 0.000781 0.725694 0.001563 0.059722
1 0.246484 0.788194 0.232031 0.420833
1 0.410938 0.790972 0.254688 0.415278
1 0.774609 0.661111 0.000781 0.025000
2 0.661719 0.715278 0.021875 0.025000
2 0.679688 0.714583 0.012500 0.026389
2 0.648438 0.688194 0.048438 0.026389
2 0.679688 0.688194 0.012500 0.026389
2 0.648438 0.661806 0.048438 0.026389
2 0.678906 0.661806 0.012500 0.026389
5 0.725781 0.713889 0.082812 0.011111
5 0.725781 0.727083 0.082812 0.012500
5 0.726172 0.738194 0.082031 0.012500
5 0.726172 0.750694 0.082031 0.012500
5 0.726562 0.775694 0.082812 0.012500
5 0.726172 0.762500 0.082031 0.011111
5 0.726562 0.800000 0.082812 0.013889
5 0.713281 0.785417 0.056250 0.012500
5 0.769141 0.738889 0.025781 0.008333
5 0.769141 0.748611 0.025781 0.013889
5 0.769531 0.770833 0.026562 0.008333
5 0.769141 0.760417 0.025781 0.012500
5 0.764453 0.801389 0.014844 0.002778
5 0.764453 0.783333 0.016406 0.008333
5 0.775000 0.724306 0.014063 0.001389
5 0.767969 0.713194 0.034375 0.012500
5 0.080859 0.767361 0.028906 0.009722
5 0.092578 0.775694 0.005469 0.006944
5 0.080859 0.761111 0.028906 0.013889
5 0.081250 0.750000 0.028125 0.013889