3 0.424219 0.859028 0.848437 0.279167
4 0.063281 0.777778 0.018750 0.019444
8 0.137500 0.910417 0.079687 0.090278
5 0.715234 0.740972 0.013281 0.009722
5 0.715234 0.740972 0.013281 0.009722
5 0.715234 0.740972 0.013281 0.009722
5 0.713281 0.730556 0.017188 0.011111
5 0.713281 0.730556 0.017188 0.011111
5 0.713281 0.730556 0.017188 0.011111
5 0.713281 0.720139 0.017188 0.012500
5 0.713281 0.720139 0.017188 0.012500
5 0.713281 0.720139 0.017188 0.012500
5 0.713281 0.713194 0.017188 0.004167
5 0.713281 0.713194 0.017188 0.004167
5 0.713281 0.713194 0.017188 0.004167
6 0.405078 0.760417 0.060156 0.048611
6 0.492578 0.751389 0.044531 0.044444
6 0.453906 0.755556 0.059375 0.047222
6 0.158203 0.781944 0.046094 0.047222
6 0.077344 0.790972 0.075000 0.054167
7 0.007422 0.773611 0.014844 0.002778
7 0.119531 0.770139 0.025000 0.015278
8 0.205469 0.770833 0.042188 0.033333
5 0.206250 0.756944 0.034375 0.005556
8 0.242578 0.768750 0.030469 0.029167
5 0.245703 0.754167 0.027344 0.005556
8 0.307812 0.754861 0.004687 0.012500
5 0.319922 0.745833 0.022656 0.002778
8 0.302734 0.764583 0.000781 0.001389
5 0.308203 0.756944 0.011719 0.013889
8 0.362500 0.756944 0.000000 0.000000
5 0.328125 0.749306 0.006250 0.004167
8 0.249219 0.775694 0.020313 0.040278
5 0.250000 0.760417 0.018750 0.015278
8 0.217578 0.778472 0.044531 0.043056
5 0.216797 0.763889 0.039844 0.016667
8 0.671094 0.855556 0.043750 0.044444
5 0.674609 0.839583 0.044531 0.023611
8 0.637891 0.870139 0.075781 0.059722
5 0.635156 0.847917 0.065625 0.029167
8 0.664453 0.830556 0.035156 0.041667
5 0.662109 0.814583 0.024219 0.018056
8 0.642188 0.842361 0.068750 0.054167
5 0.642188 0.822222 0.062500 0.025000
8 0.594531 0.847222 0.070312 0.052778
5 0.593750 0.828472 0.062500 0.020833
8 0.375391 0.903472 0.088281 0.062500
5 0.376172 0.877083 0.078906 0.029167
8 0.398047 0.923611 0.092969 0.066667
5 0.398438 0.895833 0.084375 0.033333
8 0.353125 0.887500 0.082812 0.058333
5 0.354297 0.862500 0.075781 0.027778
8 0.338672 0.872222 0.072656 0.052778
5 0.337109 0.847222 0.069531 0.025000
8 0.537500 0.882639 0.079687 0.062500
5 0.535937 0.859722 0.070312 0.030556
8 0.478906 0.893750 0.071875 0.065278
5 0.480469 0.868750 0.068750 0.031944
8 0.435547 0.868750 0.082031 0.040278
5 0.436328 0.852083 0.074219 0.026389
8 0.414062 0.857639 0.078125 0.048611
5 0.414844 0.837500 0.070312 0.025000
8 0.007031 0.958333 0.014063 0.080556
5 0.004297 0.935417 0.008594 0.037500
8 0.063672 0.952083 0.071094 0.090278
5 0.062500 0.927083 0.062500 0.043056
0 0.291016 0.805556 0.158594 0.127778
0 0.675000 0.741667 0.093750 0.058333
1 0.984766 0.918750 0.028906 0.159722
2 0.992578 0.831250 0.013281 0.004167
2 0.984766 0.898611 0.025781 0.088889
2 0.985938 0.976389 0.026562 0.044444
2 0.984766 0.838194 0.028906 0.012500
2 0.996484 0.845833 0.005469 0.002778
2 0.980078 0.844444 0.016406 0.008333
2 0.985547 0.891667 0.027344 0.091667
1 0.976172 0.794444 0.013281 0.077778
2 0.996094 0.756250 0.006250 0.001389
2 0.984375 0.799306 0.029687 0.062500
2 0.986328 0.759722 0.025781 0.005556
2 0.998828 0.763889 0.000781 0.000000
2 0.982031 0.762500 0.025000 0.005556
2 0.991406 0.767361 0.015625 0.006944
1 0.785156 0.877083 0.126562 0.240278
2 0.842969 0.873611 0.010937 0.005556
2 0.828516 0.786111 0.039844 0.013889
2 0.771094 0.829861 0.060937 0.079167
2 0.794531 0.902778 0.107813 0.061111
2 0.805078 0.787500 0.047656 0.008333
2 0.827344 0.825694 0.042188 0.070833
2 0.778906 0.790972 0.043750 0.009722
2 0.803516 0.829167 0.049219 0.072222
1 0.984375 0.743056 0.029687 0.022222
2 0.982812 0.751389 0.026562 0.011111
2 0.973047 0.754861 0.007031 0.006944
1 0.744922 0.844444 0.153906 0.200000
2 0.783594 0.774306 0.064062 0.018056
2 0.707422 0.810417 0.066406 0.073611
2 0.714063 0.889583 0.079687 0.079167
2 0.754297 0.771528 0.027344 0.006944
2 0.769531 0.780556 0.043750 0.013889
2 0.721094 0.774306 0.040625 0.006944
2 0.742969 0.783333 0.045312 0.013889
2 0.001563 0.914583 0.003125 0.054167
2 0.846875 0.782639 0.003125 0.001389
2 0.839844 0.759722 0.017188 0.044444
2 0.839453 0.719444 0.016406 0.038889