3 0.499609 0.852083 0.999219 0.293056
4 0.202734 0.718056 0.013281 0.038889
4 0.102734 0.746528 0.013281 0.065278
4 0.044922 0.756250 0.013281 0.081944
8 0.051172 0.779861 0.089844 0.054167
8 0.740234 0.753472 0.067969 0.029167
5 0.462109 0.704861 0.008594 0.006944
5 0.462109 0.704861 0.008594 0.006944
5 0.462109 0.704861 0.008594 0.006944
5 0.462109 0.695833 0.008594 0.008333
5 0.462109 0.695833 0.008594 0.008333
5 0.462109 0.695833 0.008594 0.008333
5 0.463281 0.712500 0.010937 0.005556
5 0.463281 0.712500 0.010937 0.005556
5 0.463281 0.712500 0.010937 0.005556
5 0.551172 0.713194 0.002344 0.006944
5 0.551172 0.713194 0.002344 0.006944
5 0.551172 0.713194 0.002344 0.006944
5 0.551172 0.704861 0.002344 0.006944
5 0.551172 0.704861 0.002344 0.006944
5 0.551172 0.704861 0.002344 0.006944
5 0.550391 0.696528 0.003906 0.006944
5 0.550391 0.696528 0.003906 0.006944
5 0.550391 0.696528 0.003906 0.006944
5 0.550391 0.687500 0.003906 0.008333
5 0.550391 0.687500 0.003906 0.008333
5 0.550391 0.687500 0.003906 0.008333
6 0.463672 0.709028 0.022656 0.065278
6 0.480469 0.681944 0.020313 0.016667
6 0.467187 0.650000 0.029687 0.063889
6 0.471875 0.706250 0.037500 0.062500
6 0.344141 0.723611 0.066406 0.080556
6 0.325391 0.729861 0.055469 0.087500
7 0.119922 0.806944 0.091406 0.027778
7 0.053125 0.821528 0.100000 0.031944
7 0.612109 0.881250 0.122656 0.043056
7 0.642578 0.854167 0.111719 0.033333
7 0.535156 0.972222 0.142187 0.052778
7 0.595313 0.927778 0.095312 0.052778
7 0.075781 0.761806 0.045312 0.020833
7 0.307031 0.734028 0.003125 0.001389
7 0.216406 0.756944 0.003125 0.000000
7 0.006250 0.705556 0.012500 0.008333
6 0.239844 0.955556 0.303125 0.086111
6 0.749609 0.973611 0.308594 0.050000
8 0.224609 0.764583 0.044531 0.031944
5 0.224609 0.745139 0.044531 0.012500
8 0.196875 0.759028 0.017188 0.023611
5 0.189453 0.743056 0.000781 0.011111
8 0.307031 0.734028 0.003125 0.009722
5 0.307031 0.723611 0.003125 0.005556
8 0.378906 0.744444 0.003125 0.002778
5 0.379688 0.716667 0.004687 0.002778
8 0.386719 0.716667 0.001563 0.000000
5 0.384766 0.714583 0.014844 0.004167
8 0.386328 0.745833 0.000781 0.005556
5 0.389062 0.717361 0.006250 0.001389
8 0.383594 0.738889 0.012500 0.022222
5 0.384766 0.722222 0.014844 0.008333
8 0.384766 0.741667 0.014844 0.030556
5 0.384766 0.726389 0.014844 0.008333
5 0.841016 0.713889 0.036719 0.000000
8 0.862500 0.713889 0.001563 0.000000
5 0.841797 0.712500 0.038281 0.002778
8 0.809766 0.715278 0.000781 0.005556
5 0.783203 0.711111 0.033594 0.002778
8 0.776953 0.718056 0.033594 0.005556
5 0.780859 0.713194 0.038281 0.001389
8 0.793750 0.725694 0.009375 0.009722
5 0.780469 0.718056 0.039062 0.008333
8 0.794531 0.726389 0.010937 0.008333
5 0.794531 0.721528 0.010937 0.006944
8 0.789453 0.743750 0.000781 0.012500
5 0.793750 0.736111 0.009375 0.011111
8 0.757422 0.741667 0.033594 0.011111
5 0.758594 0.736111 0.031250 0.011111
8 0.715625 0.739583 0.045312 0.015278
5 0.705469 0.734722 0.021875 0.011111
8 0.776172 0.743056 0.035156 0.030556
5 0.776172 0.729167 0.028906 0.005556
8 0.728125 0.736111 0.037500 0.019444
5 0.726172 0.729861 0.038281 0.009722
8 0.774609 0.768056 0.030469 0.008333
5 0.775781 0.763889 0.028125 0.013889
8 0.781250 0.765972 0.017188 0.001389
5 0.779687 0.757639 0.020313 0.012500
8 0.763281 0.818056 0.054688 0.052778
5 0.763281 0.790278 0.054688 0.019444
8 0.767188 0.811111 0.046875 0.041667
5 0.765234 0.776389 0.050781 0.008333
8 0.661328 0.811111 0.091406 0.052778
5 0.660156 0.785417 0.082812 0.018056
8 0.676953 0.807639 0.080469 0.045833
5 0.669141 0.777083 0.067969 0.018056
0 0.501953 0.700694 0.094531 0.226389
0 0.621484 0.683333 0.060156 0.166667
0 0.579688 0.668750 0.040625 0.115278
1 0.216406 0.675000 0.062500 0.069444
1 0.205469 0.678472 0.054688 0.076389
1 0.166406 0.670833 0.056250 0.061111
1 0.145703 0.677083 0.064844 0.073611
1 0.110156 0.675694 0.056250 0.070833
1 0.094922 0.677083 0.064844 0.073611
1 0.028906 0.674306 0.056250 0.068056
1 0.019922 0.684028 0.039844 0.084722
1 0.003125 0.684722 0.006250 0.086111
1 0.982031 0.693056 0.034375 0.102778
2 0.968359 0.697917 0.000781 0.001389
2 0.970703 0.652083 0.007031 0.001389
2 0.985547 0.667361 0.027344 0.029167
2 0.984375 0.710417 0.029687 0.031944
2 0.969141 0.652778 0.000781 0.000000
2 0.970703 0.652778 0.000781 0.000000
1 0.991406 0.700694 0.015625 0.118056
2 0.989844 0.716667 0.006250 0.033333
2 0.987109 0.670833 0.002344 0.033333
2 0.996094 0.672222 0.006250 0.036111
2 0.994141 0.720139 0.010156 0.037500
2 0.989062 0.670833 0.001563 0.033333
2 0.991406 0.670833 0.001563 0.033333
1 0.941406 0.693056 0.045312 0.102778
2 0.921484 0.703472 0.000781 0.023611
2 0.937891 0.665972 0.035156 0.029167
2 0.942578 0.667361 0.036719 0.029167
2 0.941797 0.704167 0.039844 0.022222
2 0.921484 0.666667 0.000781 0.027778
2 0.922266 0.667361 0.000781 0.029167
1 0.957812 0.700694 0.054688 0.118056
2 0.933984 0.707639 0.000781 0.015278
2 0.933203 0.670139 0.000781 0.031944
2 0.959375 0.671528 0.042188 0.034722
2 0.958203 0.719444 0.047656 0.038889
2 0.934766 0.670139 0.000781 0.031944
2 0.945312 0.671528 0.020313 0.034722
2 0.968359 0.688889 0.014844 0.000000
2 0.875781 0.718056 0.132812 0.008333
2 0.876953 0.731944 0.157031 0.011111
2 0.876172 0.725000 0.144531 0.008333
2 0.878125 0.791667 0.175000 0.113889
2 0.879297 0.893056 0.175781 0.111111
2 0.719922 0.781944 0.053906 0.066667
2 0.637500 0.777778 0.071875 0.063889
2 0.798828 0.707639 0.002344 0.004167
2 0.839453 0.703472 0.002344 0.012500
2 0.777734 0.708333 0.038281 0.013889
2 0.823828 0.707639 0.028906 0.015278
2 0.777734 0.684722 0.038281 0.030556
2 0.823047 0.685417 0.028906 0.031944
2 0.777344 0.656250 0.037500 0.029167
2 0.823047 0.656250 0.028906 0.029167
5 0.126172 0.713194 0.075781 0.012500
5 0.125781 0.724306 0.075000 0.012500
5 0.125781 0.734028 0.075000 0.015278
5 0.125781 0.745833 0.075000 0.013889
5 0.125781 0.767361 0.075000 0.015278
5 0.125781 0.756250 0.075000 0.015278
5 0.126562 0.787500 0.073438 0.013889
5 0.126953 0.777083 0.072656 0.015278
5 0.187500 0.736111 0.071875 0.013889
5 0.187109 0.747917 0.072656 0.015278
5 0.186719 0.770139 0.071875 0.015278
5 0.187109 0.759028 0.072656 0.015278
5 0.187500 0.791667 0.073438 0.016667
5 0.186719 0.780556 0.071875 0.016667
5 0.187500 0.726389 0.071875 0.013889
5 0.187500 0.715278 0.071875 0.013889
5 0.261719 0.738889 0.075000 0.013889
5 0.261328 0.749306 0.074219 0.015278
5 0.260937 0.773611 0.075000 0.016667
5 0.260937 0.761806 0.075000 0.015278
5 0.260937 0.795139 0.075000 0.018056
5 0.260937 0.783333 0.075000 0.016667
5 0.019531 0.732639 0.039062 0.009722
5 0.019141 0.740278 0.038281 0.008333
5 0.261719 0.727778 0.075000 0.013889
5 0.261719 0.716667 0.075000 0.013889
5 0.262109 0.650694 0.074219 0.009722
5 0.262109 0.662500 0.074219 0.011111
5 0.261719 0.685417 0.075000 0.012500
5 0.261719 0.673611 0.075000 0.011111
5 0.261719 0.707639 0.075000 0.012500
5 0.261719 0.695139 0.075000 0.012500
5 0.019531 0.726389 0.039062 0.008333
5 0.019531 0.719444 0.039062 0.008333
5 0.262109 0.640972 0.074219 0.009722
5 0.262109 0.628472 0.074219 0.009722