3 0.499609 0.827778 0.999219 0.341667
4 0.130469 0.741667 0.001563 0.058333
4 0.005078 0.734028 0.010156 0.012500
8 0.503125 0.827778 0.087500 0.063889
5 0.554297 0.685417 0.039844 0.009722
5 0.554297 0.685417 0.039844 0.009722
5 0.554297 0.685417 0.039844 0.009722
5 0.553906 0.676389 0.040625 0.011111
5 0.553906 0.676389 0.040625 0.011111
5 0.553906 0.676389 0.040625 0.011111
5 0.554688 0.693750 0.039062 0.009722
5 0.554688 0.693750 0.039062 0.009722
5 0.554688 0.693750 0.039062 0.009722
5 0.583594 0.697917 0.007812 0.006944
5 0.583594 0.697917 0.007812 0.006944
5 0.583594 0.697917 0.007812 0.006944
5 0.583203 0.689583 0.007031 0.006944
5 0.583203 0.689583 0.007031 0.006944
5 0.583203 0.689583 0.007031 0.006944
5 0.583594 0.680556 0.007812 0.008333
5 0.583594 0.680556 0.007812 0.008333
5 0.583594 0.680556 0.007812 0.008333
5 0.583594 0.670833 0.007812 0.008333
5 0.583594 0.670833 0.007812 0.008333
5 0.583594 0.670833 0.007812 0.008333
6 0.435156 0.711111 0.051562 0.063889
6 0.492969 0.688889 0.046875 0.041667
6 0.435156 0.654167 0.051562 0.063889
6 0.469922 0.705556 0.039844 0.066667
6 0.260156 0.726389 0.059375 0.058333
6 0.213672 0.730556 0.041406 0.047222
7 0.011719 0.718750 0.023438 0.015278
7 0.302344 0.724306 0.018750 0.009722
7 0.176953 0.752083 0.013281 0.018056
7 0.125000 0.667361 0.000000 0.001389
7 0.176563 0.663889 0.012500 0.008333
7 0.063281 0.670833 0.028125 0.002778
7 0.095703 0.670139 0.027344 0.009722
8 0.104297 0.780556 0.050781 0.036111
5 0.102734 0.766667 0.046094 0.016667
8 0.100391 0.757639 0.002344 0.001389
5 0.089453 0.757639 0.017969 0.004167
8 0.292969 0.743750 0.006250 0.029167
5 0.291406 0.729167 0.003125 0.002778
8 0.310937 0.737500 0.029687 0.025000
5 0.306250 0.724306 0.032813 0.009722
8 0.337109 0.732639 0.022656 0.023611
5 0.324219 0.720139 0.043750 0.009722
8 0.351562 0.718750 0.046875 0.006944
5 0.351953 0.715972 0.042969 0.009722
8 0.360156 0.741667 0.050000 0.030556
5 0.359375 0.726389 0.045312 0.011111
8 0.387891 0.736111 0.049219 0.030556
5 0.387109 0.722222 0.044531 0.011111
8 0.336328 0.745833 0.052344 0.033333
5 0.335547 0.731250 0.046094 0.012500
8 0.311328 0.752083 0.042969 0.031944
5 0.308984 0.736111 0.039844 0.013889
8 0.801562 0.762500 0.053125 0.036111
5 0.798047 0.745833 0.052344 0.013889
8 0.817578 0.756250 0.052344 0.034722
5 0.816406 0.740278 0.051562 0.013889
8 0.784766 0.768056 0.060156 0.036111
5 0.783594 0.752083 0.054688 0.015278
8 0.764844 0.775000 0.060937 0.038889
5 0.763281 0.758333 0.056250 0.016667
8 0.765234 0.736111 0.055469 0.008333
5 0.767969 0.734028 0.042188 0.012500
8 0.765234 0.754861 0.017969 0.031944
5 0.745703 0.739583 0.050781 0.012500
8 0.731250 0.756944 0.057813 0.027778
5 0.730078 0.744444 0.052344 0.013889
8 0.708594 0.758333 0.057813 0.019444
5 0.708984 0.750694 0.053906 0.015278
8 0.644531 0.809028 0.064062 0.045833
5 0.650000 0.789583 0.046875 0.020833
8 0.688281 0.817361 0.067187 0.048611
5 0.688281 0.796528 0.059375 0.020833
8 0.604688 0.800000 0.062500 0.041667
5 0.605469 0.784028 0.057813 0.018056
8 0.565625 0.795139 0.062500 0.043056
5 0.565625 0.776389 0.056250 0.019444
8 0.720313 0.788194 0.064062 0.040278
5 0.719141 0.770139 0.058594 0.018056
8 0.699609 0.794444 0.066406 0.036111
5 0.698828 0.778472 0.060156 0.018056
8 0.644141 0.789583 0.060156 0.040278
5 0.648828 0.771528 0.044531 0.015278
8 0.605078 0.779861 0.060156 0.031944
5 0.605469 0.766667 0.053125 0.016667
8 0.483203 0.876389 0.066406 0.055556
5 0.480078 0.850000 0.060156 0.027778
8 0.513672 0.857639 0.082031 0.048611
5 0.512109 0.837500 0.074219 0.027778
8 0.399609 0.909028 0.021094 0.054167
5 0.395703 0.886806 0.014844 0.020833
0 0.653125 0.929167 0.285938 0.138889
0 0.230859 0.759028 0.122656 0.220833
0 0.493750 0.718056 0.087500 0.180556
0 0.621094 0.662500 0.067187 0.116667
1 0.330469 0.649306 0.054688 0.068056
1 0.310156 0.651389 0.054688 0.069444
1 0.291016 0.649306 0.052344 0.059722
1 0.275781 0.650694 0.043750 0.059722
1 0.257422 0.649306 0.046094 0.054167
1 0.234375 0.650000 0.051562 0.052778
1 0.199609 0.645139 0.032031 0.034722
1 0.092969 0.669444 0.070312 0.072222
1 0.076563 0.668750 0.062500 0.068056
1 0.978125 0.726389 0.042188 0.130556
2 0.988281 0.675000 0.021875 0.002778
2 0.979688 0.699306 0.039062 0.037500
2 0.985547 0.747917 0.027344 0.045833
2 0.983594 0.677083 0.020313 0.001389
2 0.996875 0.677778 0.004687 0.000000
2 0.977344 0.679167 0.023438 0.002778
2 0.992969 0.680556 0.012500 0.000000
1 0.943750 0.753472 0.079687 0.151389
2 0.973437 0.770139 0.014063 0.043056
2 0.955078 0.713889 0.049219 0.044444
2 0.933594 0.722917 0.053125 0.045833
2 0.940625 0.777083 0.067187 0.054167
2 0.936328 0.695833 0.027344 0.002778
2 0.960938 0.718056 0.026562 0.044444
2 0.926562 0.698611 0.023438 0.002778
2 0.953125 0.720833 0.028125 0.044444
1 0.937500 0.675000 0.067187 0.033333
2 0.948047 0.675000 0.041406 0.008333
2 0.928906 0.685417 0.045312 0.018056
2 0.932422 0.672917 0.019531 0.001389
2 0.953125 0.677083 0.020313 0.006944
2 0.923047 0.675694 0.019531 0.001389
2 0.944922 0.684028 0.022656 0.015278
1 0.883984 0.746528 0.078906 0.145833
2 0.917578 0.750694 0.007031 0.004167
2 0.896484 0.691667 0.049219 0.008333
2 0.873437 0.716667 0.051562 0.044444
2 0.880859 0.769444 0.066406 0.052778
2 0.878516 0.690972 0.022656 0.001389
2 0.900391 0.695833 0.027344 0.008333
2 0.871094 0.693056 0.026562 0.002778
2 0.892188 0.714583 0.021875 0.043056
2 0.449219 0.979167 0.200000 0.038889
2 0.598047 0.950000 0.182031 0.097222
2 0.314844 0.897917 0.146875 0.118056
2 0.161719 0.938194 0.165625 0.120833
2 0.233203 0.994444 0.022656 0.008333
2 0.355078 0.965972 0.066406 0.065278
2 0.243359 0.921528 0.155469 0.129167
2 0.078125 0.950694 0.156250 0.095833
2 0.282813 0.979167 0.076563 0.038889
2 0.396484 0.855556 0.108594 0.077778
2 0.344922 0.826389 0.105469 0.038889
2 0.796094 0.722222 0.039062 0.025000
2 0.844141 0.731250 0.041406 0.034722
2 0.796094 0.694444 0.039062 0.033333
2 0.849219 0.696528 0.051562 0.037500
2 0.801562 0.660417 0.050000 0.037500
2 0.849219 0.663889 0.051562 0.038889
5 0.011328 0.736806 0.022656 0.009722
5 0.014844 0.706250 0.017188 0.009722
5 0.012891 0.710417 0.014844 0.001389
5 0.017969 0.768750 0.035937 0.015278
5 0.017969 0.779167 0.035937 0.016667
5 0.017969 0.798611 0.035937 0.016667
5 0.017969 0.788889 0.035937 0.016667
5 0.017969 0.817361 0.035937 0.018056
5 0.017969 0.807639 0.035937 0.018056
5 0.017969 0.760417 0.035937 0.015278
5 0.017969 0.748611 0.035937 0.019444
5 0.062891 0.777778 0.067969 0.019444
5 0.062891 0.787500 0.067969 0.019444
5 0.062891 0.807639 0.067969 0.020833
5 0.062891 0.797917 0.067969 0.020833
5 0.062891 0.827083 0.067969 0.020833
5 0.062891 0.817361 0.067969 0.020833
5 0.085547 0.713889 0.010156 0.008333
5 0.085156 0.719444 0.010937 0.002778
5 0.062891 0.768056 0.067969 0.019444
5 0.062891 0.757639 0.067969 0.018056
5 0.062891 0.698611 0.067969 0.016667
5 0.062891 0.709722 0.067969 0.016667
5 0.062891 0.730556 0.067969 0.016667
5 0.062891 0.720139 0.067969 0.015278
5 0.062891 0.749306 0.067969 0.018056
5 0.062891 0.738889 0.067969 0.016667
5 0.085547 0.708333 0.010156 0.002778
5 0.085547 0.699306 0.010156 0.004167
5 0.063281 0.690972 0.067187 0.015278
5 0.063281 0.679167 0.067187 0.016667