3 0.506641 0.842361 0.985156 0.312500
4 0.297656 0.692361 0.000000 0.048611
4 0.214453 0.673611 0.002344 0.002778
4 0.126953 0.703472 0.002344 0.051389
4 0.073438 0.706250 0.003125 0.054167
4 0.068359 0.686111 0.003906 0.044444
8 0.073438 0.722222 0.070312 0.027778
5 0.502734 0.683333 0.036719 0.005556
5 0.502734 0.683333 0.036719 0.005556
5 0.502734 0.683333 0.036719 0.005556
5 0.502344 0.675694 0.037500 0.006944
5 0.502344 0.675694 0.037500 0.006944
5 0.502344 0.675694 0.037500 0.006944
5 0.492188 0.690972 0.018750 0.006944
5 0.492188 0.690972 0.018750 0.006944
5 0.492188 0.690972 0.018750 0.006944
5 0.541406 0.668056 0.004687 0.005556
5 0.541406 0.668056 0.004687 0.005556
5 0.541406 0.668056 0.004687 0.005556
6 0.464062 0.682639 0.023438 0.054167
6 0.490625 0.680556 0.037500 0.052778
6 0.455859 0.631250 0.042969 0.054167
6 0.480078 0.681944 0.027344 0.055556
6 0.336719 0.691667 0.056250 0.066667
6 0.312500 0.696528 0.040625 0.070833
7 0.117578 0.751389 0.063281 0.011111
7 0.057422 0.755556 0.072656 0.019444
7 0.413281 0.790278 0.095312 0.027778
7 0.460547 0.778472 0.085156 0.026389
7 0.265234 0.828472 0.117969 0.037500
7 0.337500 0.809722 0.104688 0.033333
7 0.042578 0.902083 0.055469 0.054167
7 0.119141 0.867361 0.136719 0.048611
7 0.112500 0.718750 0.026562 0.009722
7 0.033203 0.704861 0.030469 0.012500
7 0.247656 0.715278 0.003125 0.000000
7 0.064844 0.684028 0.031250 0.006944
7 0.091797 0.683333 0.022656 0.005556
7 0.030859 0.686111 0.025781 0.008333
6 0.086719 0.866667 0.173437 0.263889
8 0.222656 0.719444 0.054688 0.027778
5 0.226562 0.706250 0.043750 0.004167
8 0.182422 0.718750 0.044531 0.026389
5 0.189453 0.705556 0.013281 0.002778
8 0.321875 0.708333 0.029687 0.022222
5 0.307422 0.693750 0.000781 0.004167
8 0.366016 0.709722 0.000781 0.013889
5 0.387891 0.686806 0.003906 0.001389
8 0.387500 0.701389 0.001563 0.000000
5 0.387891 0.688889 0.003906 0.000000
8 0.376953 0.703472 0.022656 0.001389
5 0.387891 0.690972 0.003906 0.001389
8 0.377344 0.703472 0.023438 0.009722
5 0.387500 0.695833 0.003125 0.005556
8 0.793359 0.704167 0.036719 0.025000
5 0.789844 0.691667 0.037500 0.005556
8 0.798828 0.702778 0.039844 0.025000
5 0.797266 0.690278 0.036719 0.005556
8 0.794141 0.706250 0.025781 0.026389
5 0.785937 0.693750 0.037500 0.006944
8 0.788281 0.708333 0.023438 0.027778
5 0.776563 0.695139 0.040625 0.006944
8 0.769922 0.688889 0.000781 0.000000
5 0.749609 0.687500 0.038281 0.002778
5 0.742969 0.688889 0.035937 0.002778
8 0.740625 0.702778 0.035937 0.022222
5 0.732031 0.692361 0.035937 0.006944
8 0.736328 0.704861 0.025781 0.023611
5 0.727734 0.694444 0.038281 0.005556
8 0.725000 0.719444 0.032813 0.033333
5 0.723828 0.704861 0.030469 0.009722
8 0.760938 0.720833 0.045312 0.033333
5 0.760547 0.706250 0.039844 0.009722
8 0.757422 0.712500 0.044531 0.030556
5 0.755078 0.698611 0.042969 0.005556
8 0.749219 0.715278 0.050000 0.030556
5 0.748047 0.699306 0.046094 0.004167
8 0.715625 0.713194 0.014063 0.029167
5 0.711328 0.698611 0.005469 0.002778
8 0.705469 0.725000 0.003125 0.019444
8 0.488672 0.749306 0.028906 0.037500
5 0.489844 0.731250 0.026562 0.012500
8 0.501953 0.743056 0.002344 0.000000
5 0.502734 0.723611 0.000781 0.000000
0 0.425781 0.665972 0.079687 0.181944
0 0.571484 0.632639 0.055469 0.090278
0 0.584375 0.636111 0.039062 0.075000
1 0.273438 0.658333 0.050000 0.063889
1 0.260547 0.659722 0.055469 0.066667
1 0.231641 0.657639 0.053906 0.062500
1 0.215234 0.658333 0.055469 0.063889
1 0.204687 0.657639 0.023438 0.062500
1 0.172266 0.658333 0.052344 0.063889
1 0.123438 0.652778 0.048438 0.052778
1 0.080078 0.662500 0.066406 0.075000
1 0.052734 0.660417 0.066406 0.070833
1 0.934375 0.650694 0.040625 0.054167
2 0.953125 0.675000 0.000000 0.005556
2 0.952344 0.643056 0.000000 0.016667
2 0.934375 0.675000 0.035937 0.005556
2 0.951953 0.647917 0.000781 0.026389
1 0.928516 0.650000 0.046094 0.055556
2 0.927734 0.676389 0.005469 0.000000
2 0.940625 0.677083 0.018750 0.001389
2 0.949219 0.649306 0.000000 0.029167
2 0.926953 0.650694 0.038281 0.031944
2 0.927344 0.677083 0.037500 0.001389
2 0.948438 0.650000 0.000000 0.030556
2 0.913281 0.665278 0.003125 0.000000
1 0.890234 0.650694 0.041406 0.054167
2 0.887891 0.670833 0.010156 0.000000
2 0.905078 0.673611 0.008594 0.005556
2 0.903516 0.647917 0.000781 0.026389
2 0.890234 0.674306 0.036719 0.006944
1 0.879687 0.652778 0.048438 0.061111
2 0.901172 0.677083 0.000781 0.001389
2 0.900391 0.649306 0.000781 0.029167
2 0.876172 0.650000 0.036719 0.030556
2 0.879297 0.679861 0.041406 0.006944
2 0.899219 0.650000 0.001563 0.030556
2 0.868750 0.665278 0.012500 0.000000
2 0.888672 0.650000 0.017969 0.030556
2 0.982812 0.779861 0.006250 0.068056
2 0.911719 0.800000 0.135937 0.083333
2 0.910937 0.725000 0.135937 0.083333
2 0.925000 0.713194 0.118750 0.070833
2 0.649219 0.705556 0.107813 0.063889
2 0.601953 0.715278 0.122656 0.072222
2 0.651563 0.781944 0.023438 0.072222
2 0.694531 0.764583 0.018750 0.062500
2 0.625781 0.709722 0.117188 0.066667
2 0.571484 0.720833 0.135156 0.077778
2 0.571875 0.791667 0.135937 0.077778
2 0.674219 0.772222 0.020313 0.066667
2 0.499609 0.732639 0.007031 0.045833
2 0.819922 0.690972 0.008594 0.026389
2 0.756641 0.683333 0.036719 0.008333
2 0.795703 0.693056 0.039844 0.027778
2 0.756641 0.665278 0.036719 0.027778
2 0.794922 0.665278 0.039844 0.027778
2 0.756250 0.638194 0.035937 0.026389
2 0.794922 0.638194 0.039844 0.026389
5 0.137891 0.678472 0.060156 0.009722
5 0.134766 0.687500 0.053906 0.008333
5 0.134766 0.695139 0.053906 0.009722
5 0.134375 0.704167 0.054688 0.008333
5 0.135156 0.721528 0.053125 0.009722
5 0.134375 0.713194 0.054688 0.009722
5 0.135937 0.734722 0.051562 0.002778
5 0.134375 0.729167 0.054688 0.011111
5 0.029687 0.697222 0.023438 0.002778
5 0.183203 0.696528 0.060156 0.009722
5 0.183203 0.704861 0.060156 0.009722
5 0.182812 0.723611 0.060937 0.011111
5 0.183203 0.714583 0.060156 0.009722
5 0.183594 0.740278 0.059375 0.011111
5 0.182812 0.731250 0.060937 0.012500
5 0.048047 0.699306 0.039844 0.006944
5 0.057813 0.706250 0.020313 0.006944
5 0.183203 0.688889 0.060156 0.008333
5 0.183594 0.679167 0.060937 0.008333
5 0.236328 0.697917 0.061719 0.009722
5 0.236328 0.707639 0.061719 0.009722
5 0.236328 0.725000 0.061719 0.011111
5 0.236328 0.716667 0.061719 0.011111
5 0.236328 0.743056 0.061719 0.011111
5 0.236328 0.733333 0.061719 0.011111
5 0.083594 0.700694 0.043750 0.006944
5 0.083203 0.707639 0.042969 0.006944
5 0.236719 0.689583 0.060937 0.009722
5 0.236719 0.680556 0.060937 0.008333
5 0.237109 0.627083 0.061719 0.006944
5 0.236719 0.636806 0.060937 0.006944
5 0.236719 0.655556 0.060937 0.008333
5 0.236719 0.645833 0.060937 0.008333
5 0.236719 0.672222 0.060937 0.008333
5 0.236719 0.663889 0.060937 0.008333
5 0.083594 0.695833 0.043750 0.005556
5 0.083203 0.689583 0.042969 0.006944
5 0.237109 0.619444 0.061719 0.008333
5 0.237109 0.609722 0.061719 0.008333