3 0.499609 0.934028 0.999219 0.129167
5 0.017188 0.857639 0.010937 0.006944
5 0.017188 0.857639 0.010937 0.006944
5 0.017188 0.857639 0.010937 0.006944
5 0.021875 0.850000 0.018750 0.005556
5 0.021875 0.850000 0.018750 0.005556
5 0.021875 0.850000 0.018750 0.005556
5 0.016797 0.865278 0.010156 0.005556
5 0.016797 0.865278 0.010156 0.005556
5 0.016797 0.865278 0.010156 0.005556
5 0.005469 0.866667 0.010937 0.005556
5 0.005469 0.866667 0.010937 0.005556
5 0.005469 0.866667 0.010937 0.005556
5 0.005469 0.859028 0.010937 0.006944
5 0.005469 0.859028 0.010937 0.006944
5 0.005469 0.859028 0.010937 0.006944
5 0.005859 0.851389 0.011719 0.005556
5 0.005859 0.851389 0.011719 0.005556
5 0.005859 0.851389 0.011719 0.005556
5 0.005859 0.843750 0.011719 0.006944
5 0.005859 0.843750 0.011719 0.006944
5 0.005859 0.843750 0.011719 0.006944
6 0.095703 0.832639 0.002344 0.009722
6 0.092188 0.822222 0.023438 0.027778
6 0.090234 0.833333 0.019531 0.011111
6 0.354687 0.844444 0.090625 0.094444
6 0.501172 0.845833 0.086719 0.091667
6 0.355859 0.753472 0.089844 0.112500
6 0.430859 0.852778 0.088281 0.108333
7 0.312109 0.865278 0.019531 0.002778
7 0.350781 0.865972 0.010937 0.004167
8 0.260547 0.886111 0.010156 0.038889
5 0.249609 0.856944 0.008594 0.000000
8 0.259766 0.884028 0.052344 0.043056
5 0.253516 0.862500 0.055469 0.008333
5 0.051562 0.861806 0.000000 0.001389
8 0.801953 0.929167 0.142969 0.080556
5 0.760547 0.879167 0.052344 0.022222
8 0.704688 0.925000 0.153125 0.100000
5 0.703125 0.881250 0.137500 0.023611
8 0.760938 0.921528 0.053125 0.043056
5 0.757031 0.865972 0.057813 0.001389
8 0.713672 0.927083 0.121094 0.054167
5 0.711719 0.868056 0.110937 0.002778
8 0.625000 0.913889 0.129688 0.086111
5 0.623047 0.876389 0.116406 0.019444
8 0.137891 0.938889 0.172656 0.116667
5 0.141797 0.887500 0.160156 0.027778
8 0.151562 0.941667 0.200000 0.113889
5 0.153125 0.892361 0.181250 0.031944
8 0.119922 0.930556 0.155469 0.105556
5 0.124609 0.883333 0.144531 0.025000
8 0.108984 0.919444 0.132031 0.091667
5 0.117578 0.879167 0.130469 0.022222
8 0.499219 0.931250 0.154688 0.104167
5 0.495703 0.883333 0.138281 0.025000
8 0.376953 0.934722 0.155469 0.113889
5 0.374219 0.885417 0.137500 0.026389
8 0.299609 0.925000 0.153906 0.100000
5 0.301563 0.881250 0.142187 0.023611
8 0.278125 0.922222 0.125000 0.072222
5 0.277344 0.877778 0.125000 0.019444
0 0.113672 0.767361 0.227344 0.362500
0 0.751563 0.775000 0.114062 0.180556
1 0.486719 0.826389 0.062500 0.086111
1 0.451562 0.827083 0.062500 0.090278
1 0.454297 0.829167 0.058594 0.086111
1 0.420312 0.829167 0.056250 0.086111
1 0.423828 0.830556 0.047656 0.083333
1 0.394922 0.829861 0.050781 0.081944
1 0.417969 0.830556 0.057813 0.063889
1 0.094531 0.802778 0.021875 0.005556
1 0.093359 0.806944 0.019531 0.000000
1 0.953125 0.761111 0.092188 0.475000
2 0.962500 0.647222 0.073438 0.172222
2 0.965625 0.872917 0.067187 0.170833
1 0.883203 0.766667 0.232031 0.463889
2 0.855859 0.671528 0.147656 0.156944
2 0.860547 0.869444 0.150781 0.152778
2 0.995703 0.784028 0.000781 0.004167
5 0.016016 0.874306 0.011719 0.006944
5 0.014063 0.881944 0.014063 0.008333
5 0.016406 0.875000 0.010937 0.008333
5 0.014844 0.883333 0.012500 0.008333
5 0.017188 0.876389 0.009375 0.008333
5 0.015234 0.884722 0.011719 0.008333
5 0.017188 0.868750 0.009375 0.006944
5 0.031641 0.861111 0.041406 0.008333