3 0.500391 0.829167 0.997656 0.338889
4 0.540625 0.772917 0.032813 0.068056
4 0.591797 0.790972 0.010156 0.070833
4 0.622266 0.809028 0.038281 0.079167
4 0.687500 0.832639 0.012500 0.081944
4 0.730859 0.857639 0.046094 0.093056
4 0.817578 0.890278 0.014844 0.097222
4 0.882031 0.919444 0.056250 0.122222
4 0.144141 0.813889 0.014844 0.058333
4 0.152344 0.834722 0.000000 0.011111
4 0.180469 0.859028 0.010937 0.059722
4 0.187109 0.900000 0.003906 0.088889
4 0.230078 0.901389 0.005469 0.013889
4 0.239063 0.959722 0.004687 0.055556
8 0.742578 0.855556 0.074219 0.063889
5 0.330078 0.682639 0.044531 0.009722
5 0.330078 0.682639 0.044531 0.009722
5 0.330078 0.682639 0.044531 0.009722
5 0.330078 0.672917 0.044531 0.012500
5 0.330078 0.672917 0.044531 0.012500
5 0.330078 0.672917 0.044531 0.012500
5 0.330078 0.690972 0.044531 0.009722
5 0.330078 0.690972 0.044531 0.009722
5 0.330078 0.690972 0.044531 0.009722
5 0.372656 0.686806 0.018750 0.009722
5 0.372656 0.686806 0.018750 0.009722
5 0.372656 0.686806 0.018750 0.009722
5 0.372656 0.678472 0.018750 0.009722
5 0.372656 0.678472 0.018750 0.009722
5 0.372656 0.678472 0.018750 0.009722
5 0.372656 0.670139 0.018750 0.009722
5 0.372656 0.670139 0.018750 0.009722
5 0.372656 0.670139 0.018750 0.009722
5 0.372656 0.661111 0.018750 0.011111
5 0.372656 0.661111 0.018750 0.011111
5 0.372656 0.661111 0.018750 0.011111
6 0.531250 0.695139 0.025000 0.037500
6 0.463281 0.687500 0.000000 0.050000
6 0.532031 0.650000 0.026562 0.063889
6 0.521094 0.697222 0.003125 0.033333
6 0.602344 0.741667 0.060937 0.080556
6 0.654297 0.748611 0.061719 0.072222
7 0.862109 0.868056 0.077344 0.027778
7 0.930078 0.889583 0.050781 0.018056
7 0.632422 0.907639 0.072656 0.045833
7 0.518750 0.835417 0.000000 0.004167
7 0.084766 0.825694 0.002344 0.012500
7 0.489063 0.790278 0.060937 0.008333
6 0.033984 0.975000 0.067969 0.047222
6 0.164844 0.951389 0.064062 0.094444
6 0.178906 0.858333 0.092188 0.183333
6 0.033984 0.872917 0.067969 0.187500
6 0.126953 0.765278 0.057031 0.125000
6 0.021094 0.770139 0.042188 0.120833
6 0.126953 0.854167 0.055469 0.075000
6 0.023438 0.848611 0.035937 0.038889
8 0.950391 0.913194 0.092969 0.068056
5 0.949609 0.888194 0.086719 0.034722
8 0.895703 0.925000 0.088281 0.072222
5 0.900000 0.898611 0.084375 0.036111
8 0.657422 0.800000 0.014844 0.036111
5 0.660547 0.784028 0.011719 0.009722
8 0.637891 0.810417 0.053906 0.048611
5 0.639453 0.792361 0.050781 0.020833
8 0.540625 0.758333 0.043750 0.033333
5 0.535156 0.742361 0.032813 0.012500
8 0.538281 0.748611 0.014063 0.027778
5 0.530469 0.732639 0.023438 0.006944
8 0.523438 0.755556 0.000000 0.000000
5 0.521875 0.726389 0.006250 0.002778
8 0.533203 0.727778 0.016406 0.008333
5 0.544922 0.725000 0.035156 0.011111
8 0.531250 0.725000 0.021875 0.011111
5 0.535156 0.719444 0.032813 0.011111
8 0.551172 0.741667 0.019531 0.025000
5 0.553125 0.731250 0.018750 0.009722
8 0.560937 0.745833 0.000000 0.008333
5 0.561719 0.737500 0.001563 0.005556
5 0.767969 0.676389 0.001563 0.000000
8 0.723828 0.675000 0.011719 0.002778
5 0.725000 0.674306 0.010937 0.004167
8 0.701953 0.688194 0.035156 0.023611
5 0.709375 0.677778 0.025000 0.008333
8 0.714453 0.692361 0.027344 0.023611
5 0.716016 0.681944 0.027344 0.008333
8 0.723047 0.694444 0.011719 0.022222
5 0.724219 0.685417 0.010937 0.006944
8 0.894531 0.722917 0.018750 0.026389
5 0.893359 0.710417 0.016406 0.009722
8 0.889844 0.716667 0.009375 0.025000
5 0.899219 0.705556 0.025000 0.008333
8 0.850781 0.724306 0.004687 0.015278
5 0.845313 0.711111 0.015625 0.011111
8 0.845313 0.727778 0.015625 0.025000
5 0.843359 0.715972 0.011719 0.004167
8 0.848437 0.694444 0.000000 0.000000
8 0.850000 0.705556 0.000000 0.000000
5 0.845313 0.700000 0.015625 0.008333
8 0.801953 0.721528 0.003906 0.009722
5 0.801953 0.706944 0.003906 0.000000
8 0.986328 0.735417 0.002344 0.004167
5 0.993359 0.734722 0.011719 0.005556
0 0.945703 0.727083 0.107031 0.184722
0 0.760547 0.681944 0.063281 0.141667
0 0.459766 0.679861 0.005469 0.020833
0 0.957031 0.900000 0.084375 0.197222
0 0.262891 0.987500 0.125781 0.022222
0 0.123828 0.917361 0.224219 0.162500
0 0.076172 0.859722 0.152344 0.277778
0 0.057031 0.808333 0.114062 0.208333
1 0.362109 0.940972 0.186719 0.115278
1 0.471484 0.934028 0.191406 0.129167
1 0.051953 0.668750 0.069531 0.073611
1 0.051562 0.678472 0.070312 0.087500
1 0.004687 0.677083 0.009375 0.084722
1 0.005859 0.681250 0.011719 0.084722
1 0.039844 0.738194 0.056250 0.126389
1 0.002734 0.706250 0.005469 0.059722
1 0.016016 0.793750 0.021094 0.154167
1 0.064844 0.784722 0.068750 0.138889
1 0.920703 0.634028 0.057031 0.059722
2 0.897656 0.661111 0.001563 0.000000
2 0.903125 0.620139 0.017188 0.015278
2 0.938281 0.619444 0.017188 0.008333
2 0.919922 0.659028 0.030469 0.009722
2 0.907422 0.622222 0.008594 0.016667
2 0.911719 0.622917 0.000000 0.015278
2 0.931250 0.613889 0.003125 0.000000
1 0.987109 0.647917 0.024219 0.070833
2 0.986328 0.663194 0.007031 0.023611
2 0.994922 0.651389 0.008594 0.000000
2 0.988281 0.632639 0.021875 0.023611
2 0.993750 0.664583 0.010937 0.023611
2 0.993359 0.634028 0.011719 0.023611
2 0.998828 0.634722 0.000781 0.022222
1 0.865234 0.634722 0.057031 0.052778
2 0.840234 0.661111 0.002344 0.000000
2 0.846094 0.621528 0.014063 0.012500
2 0.888281 0.622917 0.006250 0.009722
2 0.850391 0.622222 0.005469 0.011111
1 0.957031 0.656250 0.050000 0.081944
2 0.940625 0.655556 0.012500 0.000000
2 0.936328 0.624306 0.013281 0.001389
2 0.964453 0.639583 0.028906 0.023611
2 0.953125 0.670833 0.040625 0.027778
2 0.935937 0.635417 0.012500 0.020833
2 0.947656 0.625000 0.014063 0.000000
2 0.945703 0.638194 0.011719 0.023611
2 0.959766 0.626389 0.014844 0.000000
1 0.802734 0.645139 0.057031 0.068056
2 0.818750 0.632639 0.020313 0.023611
2 0.807813 0.662500 0.043750 0.025000
2 0.808984 0.619444 0.000781 0.000000
2 0.808984 0.620833 0.000781 0.000000
2 0.812891 0.620833 0.002344 0.000000
1 0.881641 0.660417 0.060156 0.081944
2 0.898438 0.643750 0.026562 0.026389
2 0.898438 0.676389 0.026562 0.027778
2 0.889062 0.629167 0.007812 0.000000
2 0.888672 0.630556 0.002344 0.000000
2 0.896484 0.629861 0.011719 0.001389
1 0.770703 0.647917 0.044531 0.062500
2 0.758203 0.650694 0.014844 0.001389
2 0.768750 0.649306 0.004687 0.001389
2 0.754297 0.631250 0.007031 0.020833
2 0.782031 0.634722 0.010937 0.022222
2 0.777344 0.663889 0.031250 0.025000
2 0.762109 0.632639 0.007031 0.020833
2 0.781641 0.620833 0.000781 0.000000
2 0.774219 0.632639 0.015625 0.020833
2 0.787109 0.622222 0.000781 0.000000
1 0.857031 0.660417 0.065625 0.081944
2 0.834766 0.671528 0.016406 0.018056
2 0.847266 0.661806 0.010156 0.001389
2 0.839844 0.641667 0.026562 0.025000
2 0.885938 0.645139 0.001563 0.023611
2 0.861719 0.677083 0.050000 0.029167
2 0.843359 0.643056 0.013281 0.025000
2 0.851953 0.630556 0.002344 0.000000
2 0.849609 0.643750 0.007031 0.023611
2 0.991406 0.740972 0.015625 0.006944
2 0.990234 0.768056 0.017969 0.052778
2 0.600781 0.667361 0.020313 0.029167
2 0.633203 0.673611 0.044531 0.027778
2 0.663672 0.672917 0.016406 0.023611
2 0.633203 0.648611 0.044531 0.027778
2 0.669531 0.648611 0.028125 0.025000
2 0.632812 0.625000 0.043750 0.027778
2 0.655859 0.623611 0.032031 0.027778
5 0.700000 0.776389 0.068750 0.022222
5 0.700000 0.788889 0.068750 0.019444
5 0.700000 0.797917 0.068750 0.020833
5 0.700000 0.808333 0.068750 0.019444
5 0.700000 0.829861 0.068750 0.020833
5 0.700000 0.818750 0.068750 0.020833
5 0.700000 0.848611 0.068750 0.022222
5 0.700000 0.838889 0.068750 0.022222
5 0.014453 0.804861 0.010156 0.001389
5 0.757812 0.791667 0.064062 0.016667
5 0.758594 0.801389 0.062500 0.019444
5 0.762500 0.822222 0.054688 0.019444
5 0.756641 0.811806 0.066406 0.018056
5 0.758594 0.840278 0.062500 0.016667
5 0.762500 0.831944 0.054688 0.016667
5 0.076563 0.802778 0.018750 0.011111
5 0.084766 0.814583 0.002344 0.006944
5 0.758594 0.781944 0.062500 0.019444
5 0.755859 0.769444 0.067969 0.022222
5 0.814063 0.783333 0.067187 0.019444
5 0.815234 0.793056 0.064844 0.019444
5 0.814453 0.812500 0.066406 0.019444
5 0.814453 0.802778 0.066406 0.019444
5 0.814453 0.831250 0.066406 0.020833
5 0.815234 0.821528 0.064844 0.020833
5 0.179297 0.809722 0.008594 0.008333
5 0.814453 0.773611 0.066406 0.019444
5 0.814063 0.764583 0.067187 0.018056
5 0.814063 0.706944 0.067187 0.016667
5 0.814063 0.716667 0.067187 0.016667
5 0.814063 0.736806 0.067187 0.018056
5 0.814063 0.726389 0.067187 0.016667
5 0.814063 0.754861 0.067187 0.018056
5 0.814063 0.745139 0.067187 0.018056
5 0.141797 0.789583 0.022656 0.009722
5 0.155469 0.783333 0.050000 0.016667
5 0.814063 0.697917 0.067187 0.015278
5 0.814063 0.687500 0.067187 0.016667