3 0.499609 0.953472 0.999219 0.090278
4 0.002734 0.859028 0.003906 0.012500
8 0.089844 0.890972 0.179688 0.204167
5 0.645703 0.890972 0.064844 0.004167
5 0.645703 0.890972 0.064844 0.004167
5 0.645703 0.890972 0.064844 0.004167
5 0.645703 0.883333 0.063281 0.008333
5 0.645703 0.883333 0.063281 0.008333
5 0.645703 0.883333 0.063281 0.008333
5 0.648828 0.910417 0.052344 0.006944
5 0.648828 0.910417 0.052344 0.006944
5 0.648828 0.910417 0.052344 0.006944
6 0.527344 0.867361 0.018750 0.106944
6 0.364453 0.723611 0.096094 0.061111
6 0.432812 0.913194 0.003125 0.015278
7 0.184766 0.910417 0.036719 0.020833
7 0.106641 0.903472 0.025781 0.006944
7 0.041406 0.903472 0.007812 0.006944
8 0.026953 0.897222 0.053906 0.055556
5 0.008594 0.869444 0.017188 0.005556
8 0.090234 0.897222 0.075781 0.052778
5 0.094531 0.872917 0.032813 0.001389
8 0.148828 0.899306 0.082031 0.051389
5 0.159766 0.873611 0.030469 0.000000
8 0.188672 0.889583 0.030469 0.031944
5 0.195312 0.875694 0.017188 0.004167
8 0.178125 0.898611 0.050000 0.058333
5 0.178906 0.872222 0.050000 0.011111
8 0.129297 0.899306 0.089844 0.059722
5 0.128125 0.870139 0.075000 0.009722
8 0.049609 0.899306 0.094531 0.062500
5 0.048047 0.868750 0.083594 0.009722
8 0.988281 0.906944 0.021875 0.072222
5 0.989844 0.859722 0.018750 0.019444
8 0.989844 0.907639 0.018750 0.048611
8 0.974219 0.908333 0.050000 0.052778
8 0.933203 0.909028 0.132031 0.056944
5 0.996484 0.863889 0.002344 0.011111
8 0.879297 0.909028 0.141406 0.059722
8 0.627734 0.904167 0.217969 0.133333
5 0.617969 0.851389 0.173437 0.041667
8 0.757031 0.904861 0.243750 0.151389
5 0.757422 0.846528 0.217969 0.048611
8 0.529297 0.900694 0.202344 0.109722
5 0.548047 0.850000 0.058594 0.025000
8 0.442188 0.902083 0.182812 0.109722
5 0.397656 0.854167 0.073438 0.025000
8 0.898047 0.902083 0.188281 0.106944
5 0.948828 0.854861 0.063281 0.023611
8 0.828906 0.902778 0.203125 0.119444
5 0.824219 0.851389 0.185938 0.025000
8 0.671484 0.912500 0.177344 0.075000
5 0.650000 0.862500 0.046875 0.027778
8 0.590625 0.914583 0.143750 0.073611
5 0.628516 0.856944 0.003906 0.002778
0 0.276562 0.734722 0.317188 0.425000
0 0.743750 0.811111 0.132812 0.216667
1 0.221875 0.832639 0.000000 0.012500
1 0.219531 0.825000 0.004687 0.013889
1 0.201953 0.852778 0.039844 0.080556
1 0.190234 0.859028 0.016406 0.068056