3 0.476562 0.831944 0.953125 0.333333
4 0.094922 0.687500 0.002344 0.030556
4 0.041016 0.699306 0.002344 0.051389
4 0.034375 0.676389 0.018750 0.041667
8 0.030469 0.715972 0.059375 0.034722
7 0.041797 0.734028 0.050781 0.018056
7 0.002734 0.740972 0.005469 0.012500
7 0.119141 0.786806 0.017969 0.020833
7 0.036719 0.803472 0.073438 0.029167
7 0.094922 0.709722 0.000781 0.000000
7 0.084766 0.688194 0.021094 0.001389
7 0.109375 0.665972 0.017188 0.004167
1 0.119141 0.642361 0.000781 0.051389
1 0.108984 0.645833 0.017969 0.058333
1 0.012109 0.655556 0.024219 0.075000
1 0.021484 0.655556 0.042969 0.075000
1 0.901563 0.642361 0.023438 0.040278
2 0.905859 0.631944 0.014844 0.000000
2 0.900781 0.647917 0.020313 0.029167
2 0.893750 0.631944 0.007812 0.000000
2 0.912109 0.646528 0.002344 0.026389
1 0.838672 0.647222 0.030469 0.047222
2 0.839063 0.653472 0.029687 0.031944
2 0.849219 0.636111 0.009375 0.000000
2 0.838281 0.636111 0.010937 0.000000
1 0.841406 0.627083 0.025000 0.012500
2 0.842578 0.633333 0.022656 0.002778
2 0.847266 0.631944 0.013281 0.000000
1 0.831641 0.629167 0.016406 0.011111
2 0.830469 0.635417 0.014063 0.001389
2 0.827734 0.636111 0.005469 0.000000
2 0.824219 0.636111 0.000000 0.000000
5 0.094531 0.672917 0.050000 0.009722
5 0.090234 0.681250 0.041406 0.006944
5 0.093359 0.687500 0.047656 0.008333
5 0.090234 0.695833 0.041406 0.008333
5 0.086328 0.711111 0.033594 0.008333
5 0.090234 0.702778 0.041406 0.008333
5 0.090234 0.724306 0.041406 0.009722
5 0.090234 0.717361 0.041406 0.009722
5 0.087500 0.681250 0.014063 0.001389
5 0.113672 0.690278 0.030469 0.008333
5 0.113672 0.698611 0.030469 0.008333
5 0.113281 0.713889 0.031250 0.008333
5 0.113281 0.706250 0.031250 0.009722
5 0.113281 0.728472 0.031250 0.009722
5 0.113281 0.720833 0.031250 0.008333
5 0.095312 0.680556 0.000000 0.000000
5 0.113672 0.683333 0.030469 0.008333
5 0.113672 0.675694 0.030469 0.009722