3 0.499609 0.818750 0.999219 0.359722
6 0.669141 0.995833 0.000781 0.005556
6 0.476953 0.993056 0.122656 0.011111
6 0.740234 0.920833 0.142969 0.155556
6 0.603516 0.994444 0.122656 0.008333
7 0.907422 0.659028 0.019531 0.023611
7 0.952734 0.659028 0.025781 0.023611
7 0.821484 0.657639 0.032031 0.023611
7 0.763281 0.659028 0.029687 0.023611
8 0.544922 0.775000 0.044531 0.058333
5 0.545312 0.759722 0.039062 0.027778
8 0.490625 0.773611 0.046875 0.058333
5 0.491016 0.758333 0.041406 0.027778
8 0.593750 0.775000 0.043750 0.058333
5 0.594141 0.759722 0.038281 0.027778
8 0.648828 0.774306 0.046094 0.054167
5 0.649219 0.761111 0.040625 0.027778
8 0.483984 0.804861 0.050781 0.065278
5 0.484766 0.786806 0.044531 0.031944
8 0.541797 0.806250 0.047656 0.065278
5 0.542578 0.788194 0.041406 0.031944
8 0.593750 0.806250 0.046875 0.065278
5 0.594531 0.788194 0.040625 0.031944
8 0.653125 0.808333 0.050000 0.066667
5 0.653906 0.790278 0.043750 0.033333
8 0.938281 0.780556 0.001563 0.000000
5 0.915234 0.770833 0.038281 0.016667
8 0.884375 0.762500 0.067187 0.036111
5 0.907031 0.753472 0.021875 0.018056
8 0.943750 0.783333 0.001563 0.000000
5 0.921875 0.787500 0.051562 0.013889
8 0.969531 0.817361 0.015625 0.020833
5 0.967187 0.817361 0.009375 0.015278
8 0.748828 0.783333 0.057031 0.061111
5 0.749609 0.765972 0.050781 0.029167
8 0.803906 0.783333 0.059375 0.061111
5 0.804688 0.765972 0.053125 0.029167
8 0.823828 0.806944 0.053906 0.058333
5 0.825391 0.788889 0.052344 0.022222
8 0.828906 0.831944 0.043750 0.061111
5 0.830078 0.813194 0.041406 0.026389
0 0.946484 0.800000 0.105469 0.266667
0 0.150000 0.870139 0.181250 0.256944
1 0.467187 0.606250 0.076563 0.106944
2 0.441406 0.575000 0.018750 0.022222
2 0.493750 0.583333 0.017188 0.036111
2 0.500391 0.625694 0.003906 0.034722
2 0.458594 0.576389 0.017188 0.016667
2 0.459766 0.565972 0.016406 0.001389
2 0.475781 0.576389 0.017188 0.016667
2 0.476953 0.565972 0.016406 0.001389
1 0.616406 0.606250 0.078125 0.106944
2 0.590234 0.575000 0.016406 0.019444
2 0.642188 0.575694 0.018750 0.020833
2 0.607812 0.577083 0.017188 0.018056
2 0.607031 0.566667 0.017188 0.002778
2 0.625391 0.576389 0.017969 0.016667
2 0.624219 0.565972 0.017188 0.001389
1 0.498047 0.632639 0.005469 0.118056
2 0.432812 0.600694 0.017188 0.029167
2 0.487891 0.606250 0.019531 0.040278
2 0.496875 0.654167 0.003125 0.038889
2 0.449219 0.602083 0.018750 0.023611
2 0.451562 0.588194 0.018750 0.004167
2 0.468750 0.602083 0.018750 0.023611
2 0.469922 0.587500 0.017969 0.002778
1 0.623437 0.632639 0.085938 0.118056
2 0.585156 0.655556 0.000000 0.025000
2 0.584375 0.653472 0.000000 0.018056
2 0.594141 0.604167 0.019531 0.036111
2 0.651953 0.600694 0.021094 0.026389
2 0.613672 0.603472 0.019531 0.026389
2 0.612891 0.588194 0.019531 0.004167
2 0.633203 0.602083 0.019531 0.023611
2 0.631641 0.587500 0.019531 0.002778
1 0.448047 0.667361 0.094531 0.134722
2 0.416797 0.620833 0.024219 0.013889
2 0.480859 0.634722 0.021094 0.038889
2 0.489844 0.676389 0.000000 0.000000
2 0.437500 0.623611 0.021875 0.008333
2 0.439453 0.615972 0.021094 0.004167
2 0.458984 0.622917 0.021094 0.006944
2 0.460547 0.618056 0.021094 0.005556
1 0.632812 0.665278 0.096875 0.130556
2 0.589844 0.688889 0.000000 0.016667
2 0.600391 0.636111 0.021094 0.044444
2 0.664062 0.621528 0.025000 0.012500
2 0.621875 0.624306 0.021875 0.009722
2 0.620703 0.617361 0.021094 0.004167
2 0.643359 0.622917 0.022656 0.006944
2 0.642188 0.617361 0.021875 0.004167
1 0.443359 0.683333 0.099219 0.141667
2 0.402734 0.708333 0.010156 0.044444
2 0.402734 0.652083 0.010156 0.048611
2 0.477344 0.652778 0.021875 0.050000
2 0.457031 0.709028 0.065625 0.045833
2 0.433984 0.655556 0.019531 0.044444
2 0.434766 0.629861 0.021094 0.004167
2 0.454297 0.655556 0.022656 0.044444
2 0.456250 0.631250 0.021875 0.006944
1 0.635938 0.684722 0.098437 0.141667
2 0.603516 0.709028 0.022656 0.045833
2 0.608203 0.686111 0.010156 0.000000
2 0.603125 0.652778 0.023438 0.050000
2 0.670312 0.653472 0.026562 0.048611
2 0.648828 0.709028 0.069531 0.045833
2 0.625781 0.655556 0.023438 0.044444
2 0.624609 0.630556 0.022656 0.005556
2 0.648828 0.655556 0.024219 0.044444
2 0.646875 0.630556 0.023438 0.005556
2 0.165234 0.809028 0.092969 0.076389
2 0.184375 0.763194 0.045312 0.015278
2 0.263672 0.811806 0.102344 0.073611
2 0.321875 0.784722 0.014063 0.069444
2 0.264844 0.760417 0.098437 0.070833
2 0.321875 0.736111 0.014063 0.063889
2 0.262500 0.706944 0.103125 0.072222
2 0.280859 0.686111 0.096094 0.066667