3 0.515234 0.851389 0.947656 0.294444
4 0.116406 0.736806 0.015625 0.062500
8 0.532031 0.774306 0.093750 0.026389
5 0.561328 0.711806 0.017969 0.009722
5 0.561328 0.711806 0.017969 0.009722
5 0.561328 0.711806 0.017969 0.009722
5 0.561328 0.702778 0.017969 0.008333
5 0.561328 0.702778 0.017969 0.008333
5 0.561328 0.702778 0.017969 0.008333
5 0.561328 0.720139 0.017969 0.006944
5 0.561328 0.720139 0.017969 0.006944
5 0.561328 0.720139 0.017969 0.006944
5 0.583203 0.722917 0.013281 0.006944
5 0.583203 0.722917 0.013281 0.006944
5 0.583203 0.722917 0.013281 0.006944
5 0.582812 0.713889 0.012500 0.008333
5 0.582812 0.713889 0.012500 0.008333
5 0.582812 0.713889 0.012500 0.008333
5 0.582812 0.704167 0.012500 0.008333
5 0.582812 0.704167 0.012500 0.008333
5 0.582812 0.704167 0.012500 0.008333
5 0.583203 0.695139 0.013281 0.009722
5 0.583203 0.695139 0.013281 0.009722
5 0.583203 0.695139 0.013281 0.009722
6 0.428125 0.718056 0.043750 0.066667
6 0.490234 0.685417 0.010156 0.009722
6 0.428125 0.658333 0.043750 0.066667
6 0.463672 0.714583 0.052344 0.065278
6 0.250781 0.698611 0.064062 0.013889
6 0.203125 0.700694 0.025000 0.009722
7 0.131641 0.754167 0.017969 0.013889
7 0.107813 0.704167 0.029687 0.005556
7 0.132812 0.703472 0.017188 0.006944
7 0.032422 0.706250 0.019531 0.001389
7 0.062109 0.705556 0.021094 0.005556
8 0.075781 0.760417 0.071875 0.023611
5 0.083594 0.751389 0.048438 0.013889
8 0.071094 0.772222 0.000000 0.000000
5 0.051562 0.746528 0.023438 0.001389
8 0.298828 0.735417 0.000781 0.001389
5 0.306250 0.727083 0.018750 0.004167
8 0.328125 0.740278 0.000000 0.000000
5 0.318750 0.724306 0.042188 0.004167
8 0.366797 0.745833 0.000781 0.000000
5 0.344922 0.721528 0.046094 0.004167
8 0.355859 0.737500 0.053906 0.019444
5 0.354687 0.729167 0.048438 0.008333
8 0.386328 0.737500 0.049219 0.022222
5 0.383203 0.726389 0.047656 0.008333
8 0.332031 0.738194 0.054688 0.015278
5 0.330078 0.731250 0.050781 0.009722
8 0.312891 0.740278 0.030469 0.013889
5 0.310156 0.734722 0.028125 0.011111
8 0.841406 0.754861 0.029687 0.034722
5 0.832422 0.738194 0.039844 0.009722
8 0.851172 0.750694 0.042969 0.034722
5 0.841797 0.735417 0.053906 0.009722
8 0.830078 0.756250 0.028906 0.031944
5 0.828125 0.741667 0.025000 0.011111
8 0.821094 0.760417 0.010937 0.034722
5 0.818750 0.745833 0.006250 0.008333
8 0.814063 0.731250 0.003125 0.001389
5 0.787109 0.729861 0.049219 0.004167
5 0.754297 0.734028 0.022656 0.009722
5 0.751563 0.735417 0.026562 0.006944
8 0.703516 0.744444 0.003906 0.011111
5 0.728516 0.738194 0.049219 0.004167
8 0.674219 0.766667 0.057813 0.008333
5 0.675391 0.761806 0.060156 0.015278
8 0.696875 0.768750 0.012500 0.006944
5 0.700000 0.766667 0.010937 0.011111
8 0.615625 0.768056 0.034375 0.019444
5 0.632422 0.759028 0.060156 0.015278
8 0.587891 0.771528 0.066406 0.037500
5 0.588281 0.755556 0.059375 0.013889
8 0.698047 0.757639 0.003906 0.006944
5 0.701953 0.752778 0.007031 0.005556
8 0.701562 0.750000 0.003125 0.000000
5 0.672266 0.750694 0.053906 0.009722
8 0.626953 0.751389 0.003906 0.000000
5 0.623828 0.747222 0.049219 0.008333
8 0.510938 0.799306 0.087500 0.009722
5 0.507812 0.793750 0.081250 0.015278
8 0.548047 0.794444 0.091406 0.016667
5 0.547266 0.788889 0.082031 0.019444
5 0.437109 0.811111 0.000781 0.000000
0 0.851953 0.734722 0.294531 0.527778
0 0.242188 0.678472 0.112500 0.162500
0 0.510156 0.695833 0.085938 0.180556
0 0.618750 0.676389 0.059375 0.122222
1 0.311719 0.680556 0.057813 0.072222
1 0.291016 0.681250 0.058594 0.073611
1 0.269922 0.678472 0.055469 0.068056
1 0.255078 0.670833 0.044531 0.052778
1 0.248828 0.666667 0.016406 0.044444
1 0.214062 0.674306 0.046875 0.059722
1 0.195312 0.668750 0.009375 0.051389
1 0.071094 0.688194 0.059375 0.084722
1 0.046875 0.683333 0.053125 0.063889
1 0.994922 0.721528 0.000781 0.001389
1 0.974609 0.724306 0.049219 0.145833
2 0.983984 0.723611 0.022656 0.000000
2 0.980859 0.666667 0.017969 0.000000
2 0.973437 0.690278 0.040625 0.044444
2 0.976562 0.749306 0.045312 0.051389
2 0.974609 0.689583 0.024219 0.043056
2 0.988672 0.668056 0.002344 0.000000
1 0.961719 0.686111 0.053125 0.072222
2 0.962500 0.665278 0.046875 0.002778
2 0.967187 0.720833 0.053125 0.005556
2 0.948828 0.662500 0.000781 0.000000
2 0.988281 0.664583 0.003125 0.001389
1 0.925000 0.723611 0.081250 0.144444
2 0.923047 0.720833 0.025781 0.000000
2 0.951172 0.723611 0.021094 0.005556
2 0.937500 0.666667 0.046875 0.002778
2 0.921484 0.689583 0.042969 0.043056
2 0.923438 0.746528 0.064062 0.048611
2 0.923047 0.666667 0.005469 0.000000
2 0.941016 0.687500 0.027344 0.041667
2 0.915234 0.666667 0.016406 0.000000
2 0.937891 0.688194 0.022656 0.043056
2 0.701172 0.947917 0.011719 0.101389
2 0.564453 0.969444 0.261719 0.058333
2 0.564453 0.888194 0.261719 0.184722
2 0.704297 0.836111 0.214844 0.133333
2 0.351953 0.798611 0.169531 0.108333
2 0.183984 0.827778 0.197656 0.130556
2 0.232422 0.936111 0.099219 0.125000
2 0.399609 0.891667 0.067969 0.102778
2 0.274609 0.811806 0.182031 0.118056
2 0.092188 0.845833 0.184375 0.147222
2 0.091406 0.947222 0.182812 0.102778
2 0.323437 0.912500 0.082812 0.113889
2 0.452344 0.791667 0.031250 0.036111
2 0.905469 0.718750 0.014063 0.004167
2 0.820703 0.724306 0.030469 0.015278
2 0.857812 0.736111 0.042188 0.036111
2 0.820703 0.698611 0.030469 0.033333
2 0.860547 0.700000 0.047656 0.036111
2 0.820312 0.664583 0.031250 0.034722
2 0.863281 0.665972 0.054688 0.034722
5 0.015625 0.744444 0.031250 0.011111
5 0.010937 0.754861 0.021875 0.012500
5 0.010937 0.775000 0.021875 0.008333
5 0.010937 0.765972 0.021875 0.012500
5 0.015625 0.733333 0.031250 0.011111
5 0.011328 0.722222 0.022656 0.013889
5 0.041016 0.748611 0.075781 0.013889
5 0.041016 0.759722 0.075781 0.013889
5 0.012500 0.777778 0.018750 0.002778
5 0.041016 0.770833 0.075781 0.013889
5 0.062500 0.727778 0.001563 0.000000
5 0.051562 0.737500 0.023438 0.002778
5 0.041797 0.738889 0.075781 0.013889
5 0.041797 0.726389 0.075781 0.013889
5 0.042578 0.662500 0.075781 0.011111
5 0.042578 0.673611 0.075781 0.011111
5 0.041797 0.695833 0.075781 0.011111
5 0.042578 0.684722 0.075781 0.011111
5 0.041797 0.717361 0.075781 0.012500
5 0.041797 0.705556 0.075781 0.013889
5 0.051953 0.725694 0.022656 0.004167
5 0.051953 0.716667 0.022656 0.002778
5 0.042578 0.652083 0.075781 0.009722
5 0.042969 0.640972 0.075000 0.009722