3 0.499609 0.931944 0.999219 0.133333
4 0.155859 0.972222 0.027344 0.052778
4 0.073438 0.948611 0.003125 0.019444
4 0.033594 0.952083 0.034375 0.043056
4 0.587500 0.947222 0.006250 0.069444
4 0.446875 0.934028 0.028125 0.065278
4 0.336328 0.922917 0.022656 0.059722
4 0.298047 0.918056 0.003906 0.055556
4 0.242969 0.914583 0.021875 0.056944
4 0.207031 0.910417 0.006250 0.054167
4 0.166797 0.904861 0.005469 0.051389
4 0.058984 0.893056 0.002344 0.041667
4 0.020313 0.893056 0.017188 0.047222
8 0.897266 0.911111 0.024219 0.022222
5 0.912891 0.886111 0.008594 0.008333
5 0.912891 0.886111 0.008594 0.008333
5 0.912891 0.886111 0.008594 0.008333
5 0.911328 0.880556 0.011719 0.002778
5 0.911328 0.880556 0.011719 0.002778
5 0.911328 0.880556 0.011719 0.002778
5 0.917188 0.891667 0.000000 0.000000
5 0.917188 0.891667 0.000000 0.000000
5 0.917188 0.891667 0.000000 0.000000
5 0.875000 0.893750 0.037500 0.009722
5 0.875000 0.893750 0.037500 0.009722
5 0.875000 0.893750 0.037500 0.009722
5 0.861328 0.888889 0.002344 0.000000
5 0.861328 0.888889 0.002344 0.000000
5 0.861328 0.888889 0.002344 0.000000
6 0.808594 0.872222 0.003125 0.047222
6 0.825391 0.871528 0.038281 0.048611
6 0.343750 0.927083 0.143750 0.143056
6 0.076953 0.972917 0.114844 0.051389
6 0.018750 0.970833 0.037500 0.055556
7 0.013281 0.966667 0.026562 0.016667
7 0.161328 0.938194 0.038281 0.015278
7 0.186719 0.990972 0.057813 0.015278
7 0.522656 0.964583 0.039062 0.020833
7 0.199609 0.881250 0.007031 0.006944
7 0.214453 0.885417 0.028906 0.009722
7 0.052344 0.872222 0.018750 0.008333
7 0.037500 0.870139 0.028125 0.006944
7 0.972656 0.941667 0.015625 0.016667
7 0.554688 0.909722 0.035937 0.011111
7 0.515234 0.906944 0.035156 0.011111
7 0.611328 0.913889 0.036719 0.013889
6 0.054297 0.884028 0.024219 0.048611
6 0.020703 0.885417 0.041406 0.054167
6 0.065234 0.834722 0.042969 0.052778
6 0.021094 0.836111 0.042188 0.055556
6 0.001172 0.818750 0.002344 0.023611
6 0.000000 0.871528 0.000000 0.015278
6 0.267578 0.899306 0.011719 0.062500
6 0.229687 0.904167 0.054688 0.066667
6 0.230859 0.845833 0.053906 0.063889
6 0.281641 0.840278 0.038281 0.055556
6 0.360938 0.852083 0.042188 0.070833
6 0.429688 0.849306 0.021875 0.068056
6 0.360156 0.917361 0.042188 0.073611
6 0.429297 0.911806 0.022656 0.070833
6 0.460156 0.875000 0.039062 0.050000
6 0.436719 0.872917 0.026562 0.048611
8 0.009375 0.993056 0.018750 0.011111
5 0.009766 0.984028 0.019531 0.020833
0 0.882812 0.926389 0.232813 0.144444
0 0.096875 0.855556 0.064062 0.113889
0 0.180469 0.861111 0.075000 0.122222
0 0.304297 0.868056 0.067969 0.133333
0 0.344922 0.871528 0.071094 0.137500
1 0.111719 0.881944 0.067187 0.100000
1 0.083594 0.884722 0.078125 0.102778
1 0.695312 0.918750 0.109375 0.140278
1 0.712109 0.913889 0.088281 0.133333
1 0.502734 0.895139 0.088281 0.109722
1 0.473438 0.902778 0.092188 0.122222
1 0.395703 0.868750 0.063281 0.081944
2 0.379688 0.886111 0.001563 0.025000
2 0.379688 0.872222 0.000000 0.000000
2 0.373828 0.847222 0.014844 0.019444
2 0.423047 0.848611 0.003906 0.025000
2 0.423047 0.889583 0.003906 0.012500
1 0.334375 0.845139 0.062500 0.040278
2 0.319531 0.845833 0.028125 0.022222
2 0.354687 0.834722 0.000000 0.000000
2 0.335547 0.834722 0.008594 0.000000
2 0.326953 0.834722 0.000781 0.000000
2 0.349219 0.834722 0.006250 0.000000
1 0.359375 0.841667 0.040625 0.027778
2 0.347266 0.845833 0.016406 0.019444
2 0.366797 0.836111 0.000781 0.000000
2 0.380469 0.836111 0.001563 0.000000
5 0.726562 0.917361 0.037500 0.006944
5 0.726562 0.911111 0.037500 0.008333
5 0.726562 0.897222 0.037500 0.008333
5 0.726562 0.904861 0.037500 0.006944
5 0.623437 0.956250 0.054688 0.015278
5 0.631250 0.966667 0.034375 0.013889
5 0.601953 0.963889 0.041406 0.016667
5 0.600391 0.974306 0.038281 0.015278
5 0.557031 0.974306 0.060937 0.015278
5 0.553906 0.983333 0.060937 0.016667
5 0.557031 0.965278 0.060937 0.013889
5 0.553906 0.954861 0.060937 0.018056