3 0.280078 0.650694 0.560156 0.073611
4 0.187891 0.670139 0.000781 0.015278
4 0.061719 0.676389 0.020313 0.016667
4 0.010156 0.678472 0.001563 0.015278
8 0.234375 0.629861 0.023438 0.018056
5 0.189062 0.609722 0.028125 0.005556
5 0.189062 0.609722 0.028125 0.005556
5 0.189062 0.609722 0.028125 0.005556
5 0.189062 0.602083 0.028125 0.006944
5 0.189062 0.602083 0.028125 0.006944
5 0.189062 0.602083 0.028125 0.006944
5 0.189062 0.615278 0.028125 0.005556
5 0.189062 0.615278 0.028125 0.005556
5 0.189062 0.615278 0.028125 0.005556
5 0.160547 0.616667 0.027344 0.005556
5 0.160547 0.616667 0.027344 0.005556
5 0.160547 0.616667 0.027344 0.005556
5 0.160547 0.611111 0.027344 0.005556
5 0.160547 0.611111 0.027344 0.005556
5 0.160547 0.611111 0.027344 0.005556
5 0.160547 0.604861 0.027344 0.006944
5 0.160547 0.604861 0.027344 0.006944
5 0.160547 0.604861 0.027344 0.006944
5 0.160938 0.597917 0.028125 0.006944
5 0.160938 0.597917 0.028125 0.006944
5 0.160938 0.597917 0.028125 0.006944
6 0.248438 0.597917 0.014063 0.034722
6 0.234766 0.584722 0.025781 0.016667
6 0.234766 0.598611 0.025781 0.036111
6 0.392578 0.661111 0.061719 0.016667
7 0.412109 0.638194 0.014844 0.001389
7 0.448828 0.637500 0.005469 0.000000
7 0.326953 0.642361 0.014844 0.001389
7 0.362891 0.640972 0.013281 0.001389
7 0.048047 0.654861 0.016406 0.001389
0 0.697266 0.646528 0.077344 0.015278
1 0.541797 0.632639 0.047656 0.056944
1 0.512109 0.633333 0.047656 0.058333
1 0.518750 0.629167 0.042188 0.063889
1 0.497266 0.629861 0.032031 0.065278
1 0.501172 0.625000 0.039844 0.066667
1 0.472266 0.627778 0.041406 0.069444
1 0.504687 0.606944 0.046875 0.058333
1 0.242969 0.645139 0.059375 0.062500
1 0.242188 0.641667 0.060937 0.069444
1 0.050781 0.651389 0.051562 0.069444
1 0.048438 0.653472 0.056250 0.065278
5 0.119922 0.650694 0.016406 0.004167
5 0.119922 0.645139 0.016406 0.006944
5 0.119922 0.635417 0.016406 0.006944
5 0.119922 0.642361 0.016406 0.004167