3 0.499609 0.892361 0.999219 0.212500
4 0.299219 0.960417 0.004687 0.076389
5 0.311719 0.795139 0.060937 0.018056
5 0.311719 0.795139 0.060937 0.018056
5 0.311719 0.795139 0.060937 0.018056
5 0.311719 0.781250 0.060937 0.020833
5 0.311719 0.781250 0.060937 0.020833
5 0.311719 0.781250 0.060937 0.020833
5 0.311719 0.807639 0.060937 0.018056
5 0.311719 0.807639 0.060937 0.018056
5 0.311719 0.807639 0.060937 0.018056
5 0.383203 0.807639 0.011719 0.009722
5 0.383203 0.807639 0.011719 0.009722
5 0.383203 0.807639 0.011719 0.009722
5 0.400391 0.794444 0.046094 0.013889
5 0.400391 0.794444 0.046094 0.013889
5 0.400391 0.794444 0.046094 0.013889
5 0.400391 0.781250 0.046094 0.015278
5 0.400391 0.781250 0.046094 0.015278
5 0.400391 0.781250 0.046094 0.015278
5 0.400391 0.765278 0.046094 0.019444
5 0.400391 0.765278 0.046094 0.019444
5 0.400391 0.765278 0.046094 0.019444
6 0.494141 0.869444 0.027344 0.091667
6 0.472656 0.837500 0.054688 0.113889
6 0.508203 0.772222 0.055469 0.125000
6 0.481641 0.845833 0.052344 0.105556
6 0.536328 0.956250 0.111719 0.084722
6 0.609766 0.977778 0.153906 0.041667
7 0.237500 0.951389 0.095312 0.036111
8 0.405859 0.984722 0.100781 0.027778
5 0.405859 0.984028 0.094531 0.029167
8 0.403516 0.971528 0.096094 0.054167
5 0.401953 0.957639 0.086719 0.029167
8 0.394922 0.957639 0.089844 0.059722
5 0.387891 0.937500 0.071094 0.027778
8 0.353125 0.925000 0.006250 0.038889
5 0.387891 0.912500 0.071094 0.022222
8 0.496484 0.938194 0.085156 0.034722
5 0.497656 0.925694 0.081250 0.015278
8 0.491016 0.929861 0.086719 0.054167
5 0.479297 0.910417 0.057031 0.023611
0 0.998828 0.793750 0.000781 0.154167
0 0.532031 0.752083 0.060937 0.179167
2 0.753516 0.789583 0.024219 0.048611
2 0.800781 0.802778 0.070312 0.052778
2 0.845703 0.805556 0.019531 0.044444
2 0.800781 0.761806 0.070312 0.048611
2 0.845313 0.763194 0.018750 0.043056
2 0.800391 0.721528 0.069531 0.048611
2 0.835156 0.720833 0.039062 0.047222
5 0.853516 0.990278 0.005469 0.016667