3 0.499609 0.940278 0.999219 0.116667
4 0.590625 0.832639 0.012500 0.131944
4 0.818750 0.799306 0.073438 0.126389
5 0.167969 0.865278 0.079687 0.013889
5 0.167969 0.865278 0.079687 0.013889
5 0.167969 0.865278 0.079687 0.013889
5 0.168359 0.850694 0.078906 0.015278
5 0.168359 0.850694 0.078906 0.015278
5 0.168359 0.850694 0.078906 0.015278
5 0.167187 0.879861 0.079687 0.012500
5 0.167187 0.879861 0.079687 0.012500
5 0.167187 0.879861 0.079687 0.012500
5 0.259766 0.879167 0.074219 0.011111
5 0.259766 0.879167 0.074219 0.011111
5 0.259766 0.879167 0.074219 0.011111
5 0.260156 0.865972 0.075000 0.012500
5 0.260156 0.865972 0.075000 0.012500
5 0.260156 0.865972 0.075000 0.012500
5 0.260547 0.852083 0.074219 0.012500
5 0.260547 0.852083 0.074219 0.012500
5 0.260547 0.852083 0.074219 0.012500
5 0.260547 0.837500 0.074219 0.013889
5 0.260547 0.837500 0.074219 0.013889
5 0.260547 0.837500 0.074219 0.013889
6 0.567187 0.831944 0.093750 0.116667
6 0.466016 0.836806 0.069531 0.104167
6 0.567969 0.729167 0.095312 0.122222
6 0.516797 0.834722 0.085156 0.111111
6 0.860156 0.814583 0.110937 0.162500
6 0.969922 0.811806 0.058594 0.179167
7 0.831250 0.889583 0.214062 0.059722
7 0.381641 0.879861 0.108594 0.029167
7 0.655859 0.884722 0.136719 0.038889
8 0.688281 0.858333 0.120313 0.058333
5 0.687891 0.836111 0.108594 0.022222
8 0.630859 0.863194 0.113281 0.062500
5 0.618359 0.838889 0.078906 0.019444
8 0.580859 0.864583 0.107031 0.062500
5 0.580859 0.840278 0.096094 0.019444
8 0.535156 0.865278 0.101562 0.058333
5 0.520312 0.842361 0.062500 0.018056
8 0.666016 0.859722 0.096094 0.016667
5 0.687891 0.838889 0.000781 0.002778
8 0.614453 0.871528 0.092969 0.040278
8 0.706641 0.870139 0.089844 0.040278
5 0.723828 0.842361 0.071094 0.015278
8 0.739844 0.859722 0.045312 0.055556
5 0.746484 0.838194 0.032031 0.020833
8 0.935156 0.867361 0.023438 0.037500
5 0.930078 0.850694 0.025781 0.006944
8 0.758203 0.854861 0.008594 0.006944
5 0.759766 0.853472 0.005469 0.004167
8 0.925781 0.865278 0.018750 0.033333
5 0.923438 0.850000 0.015625 0.008333
8 0.998047 0.886806 0.002344 0.001389
8 0.992969 0.887500 0.006250 0.002778
0 0.969922 0.768056 0.058594 0.233333
0 0.437500 0.795139 0.085938 0.179167
1 0.927344 0.827778 0.028125 0.091667
2 0.934766 0.847917 0.000781 0.023611
2 0.932422 0.804861 0.000781 0.023611
2 0.939453 0.849306 0.007031 0.029167
2 0.937891 0.806944 0.010156 0.030556
1 0.926172 0.828472 0.025781 0.109722
2 0.923047 0.801389 0.019531 0.033333
2 0.924609 0.847222 0.019531 0.033333
2 0.586328 0.861111 0.025781 0.013889
2 0.650391 0.859722 0.071094 0.013889
2 0.704688 0.868056 0.035937 0.030556
2 0.649219 0.817361 0.071875 0.020833
2 0.703906 0.824306 0.035937 0.031944
2 0.648438 0.788194 0.073438 0.040278
2 0.703516 0.789583 0.036719 0.037500