3 0.517188 0.815972 0.964063 0.365278
4 0.087500 0.849306 0.003125 0.045833
5 0.594141 0.728472 0.042969 0.015278
5 0.594141 0.728472 0.042969 0.015278
5 0.594141 0.728472 0.042969 0.015278
5 0.594141 0.718750 0.042969 0.023611
5 0.594141 0.718750 0.042969 0.023611
5 0.594141 0.718750 0.042969 0.023611
5 0.579297 0.739583 0.013281 0.015278
5 0.579297 0.739583 0.013281 0.015278
5 0.579297 0.739583 0.013281 0.015278
5 0.661328 0.728472 0.035156 0.018056
5 0.661328 0.728472 0.035156 0.018056
5 0.661328 0.728472 0.035156 0.018056
5 0.674219 0.719444 0.060937 0.025000
5 0.674219 0.719444 0.060937 0.025000
5 0.674219 0.719444 0.060937 0.025000
6 0.389844 0.845139 0.084375 0.115278
6 0.491016 0.804861 0.074219 0.112500
6 0.390625 0.752778 0.085938 0.119444
6 0.443359 0.821528 0.078906 0.118056
6 0.073047 0.926389 0.072656 0.144444
7 0.218359 0.836111 0.055469 0.030556
7 0.089063 0.659722 0.032813 0.013889
7 0.130469 0.654167 0.032813 0.013889
7 0.041016 0.669444 0.011719 0.013889
8 0.128906 0.912500 0.040625 0.075000
5 0.120313 0.893056 0.045312 0.038889
8 0.167187 0.887500 0.076563 0.058333
5 0.166016 0.875694 0.067969 0.037500
8 0.212891 0.870833 0.074219 0.052778
5 0.211719 0.860417 0.065625 0.034722
8 0.262891 0.862500 0.072656 0.044444
5 0.262109 0.845139 0.064844 0.031944
8 0.256641 0.909722 0.078906 0.063889
5 0.255859 0.884028 0.069531 0.037500
8 0.308203 0.891667 0.077344 0.061111
5 0.307031 0.866667 0.068750 0.036111
8 0.210938 0.921528 0.081250 0.079167
5 0.209375 0.900694 0.071875 0.040278
8 0.151172 0.941667 0.083594 0.083333
5 0.150391 0.920833 0.074219 0.044444
8 0.954688 0.987500 0.023438 0.022222
5 0.973047 0.986806 0.052344 0.023611
8 0.987500 0.966667 0.023438 0.030556
5 0.989453 0.966667 0.019531 0.030556
8 0.931641 0.962500 0.099219 0.052778
5 0.929688 0.944444 0.090625 0.047222
8 0.898047 0.978472 0.103906 0.040278
5 0.896875 0.968056 0.093750 0.047222
8 0.871484 0.990278 0.108594 0.016667
5 0.869922 0.981250 0.097656 0.034722
8 0.805469 0.990278 0.000000 0.000000
5 0.814063 0.993750 0.042188 0.009722
0 0.430859 0.896528 0.152344 0.204167
0 0.694922 0.736111 0.102344 0.188889
1 0.314453 0.654167 0.069531 0.102778
1 0.284766 0.656944 0.071094 0.100000
1 0.257812 0.638194 0.043750 0.084722
1 0.239453 0.650000 0.066406 0.100000
1 0.233594 0.629861 0.051562 0.081944
1 0.198437 0.638889 0.064062 0.086111
1 0.186328 0.612500 0.063281 0.080556
2 0.971094 0.889583 0.056250 0.068056
2 0.971094 0.836806 0.056250 0.065278
2 0.971484 0.774306 0.055469 0.081944