3 0.410156 0.863889 0.820312 0.269444
4 0.730469 0.731944 0.046875 0.086111
4 0.284766 0.734028 0.000781 0.095833
5 0.292969 0.724306 0.014063 0.006944
5 0.292969 0.724306 0.014063 0.006944
5 0.292969 0.724306 0.014063 0.006944
5 0.292969 0.713889 0.014063 0.008333
5 0.292969 0.713889 0.014063 0.008333
5 0.292969 0.713889 0.014063 0.008333
5 0.292969 0.731944 0.014063 0.008333
5 0.292969 0.731944 0.014063 0.008333
5 0.292969 0.731944 0.014063 0.008333
6 0.724609 0.717361 0.063281 0.084722
7 0.786328 0.782639 0.067969 0.031944
6 0.151953 0.762500 0.153906 0.244444
6 0.312109 0.719444 0.055469 0.147222
6 0.355469 0.559722 0.140625 0.219444
6 0.155469 0.545139 0.153125 0.245833
6 0.179688 0.579167 0.089063 0.100000
6 0.030078 0.595139 0.060156 0.154167
6 0.028516 0.737500 0.057031 0.155556
8 0.758594 0.749306 0.040625 0.031944
5 0.764062 0.728472 0.029687 0.009722
8 0.737500 0.750000 0.073438 0.044444
5 0.739062 0.729861 0.065625 0.009722
8 0.749219 0.719444 0.023438 0.005556
5 0.751563 0.713194 0.017188 0.004167
8 0.744922 0.721528 0.025781 0.001389
8 0.758594 0.721528 0.000000 0.001389
8 0.709375 0.721528 0.031250 0.004167
5 0.708594 0.713889 0.000000 0.000000
8 0.721875 0.724306 0.023438 0.012500
5 0.724219 0.712500 0.035937 0.002778
8 0.732812 0.720833 0.017188 0.005556
5 0.734766 0.712500 0.017969 0.000000
8 0.758984 0.718750 0.003906 0.001389
5 0.758594 0.714583 0.004687 0.004167
0 0.789844 0.672917 0.057813 0.137500
0 0.470703 0.627083 0.016406 0.012500
0 0.871484 0.499306 0.255469 0.998611
0 0.373047 0.600000 0.541406 0.797222
0 0.131250 0.646528 0.262500 0.401389
0 0.103906 0.651389 0.207813 0.358333
1 0.781250 0.661111 0.285938 0.447222
1 0.819141 0.672917 0.250781 0.426389
1 0.018750 0.694444 0.003125 0.091667
1 0.012109 0.701389 0.016406 0.066667
1 0.010547 0.688194 0.021094 0.123611
1 0.015625 0.693750 0.031250 0.181944
1 0.042578 0.690972 0.032031 0.179167
1 0.773047 0.661111 0.010156 0.000000
1 0.750000 0.688194 0.023438 0.065278
2 0.744922 0.703472 0.007031 0.012500
2 0.745703 0.675000 0.008594 0.022222
2 0.774219 0.665972 0.007812 0.006944
2 0.756250 0.702778 0.009375 0.013889
2 0.755469 0.675000 0.009375 0.022222
2 0.764844 0.674306 0.009375 0.023611
5 0.799609 0.688889 0.038281 0.011111
5 0.799609 0.700694 0.038281 0.009722
5 0.800000 0.712500 0.039062 0.011111
5 0.800000 0.724306 0.039062 0.012500
5 0.800391 0.748611 0.038281 0.011111
5 0.800000 0.736806 0.039062 0.012500
5 0.800781 0.767361 0.039062 0.004167
5 0.800781 0.759028 0.039062 0.012500
5 0.008594 0.754167 0.017188 0.005556
5 0.008984 0.774306 0.017969 0.004167