3 0.499609 0.820139 0.999219 0.356944
4 0.594922 0.859722 0.039844 0.080556
4 0.666406 0.893750 0.012500 0.084722
4 0.716406 0.929861 0.046875 0.095833
4 0.811328 0.962500 0.003906 0.072222
4 0.883594 0.983333 0.045312 0.030556
4 0.086719 0.881944 0.003125 0.061111
4 0.137891 0.945139 0.013281 0.040278
8 0.880078 0.976389 0.099219 0.044444
8 0.987891 0.780556 0.022656 0.036111
5 0.296875 0.692361 0.050000 0.015278
5 0.296875 0.692361 0.050000 0.015278
5 0.296875 0.692361 0.050000 0.015278
5 0.296875 0.681250 0.050000 0.018056
5 0.296875 0.681250 0.050000 0.018056
5 0.296875 0.681250 0.050000 0.018056
5 0.296875 0.700694 0.050000 0.018056
5 0.296875 0.700694 0.050000 0.018056
5 0.296875 0.700694 0.050000 0.018056
5 0.356641 0.693056 0.049219 0.013889
5 0.356641 0.693056 0.049219 0.013889
5 0.356641 0.693056 0.049219 0.013889
5 0.356641 0.684028 0.049219 0.018056
5 0.356641 0.684028 0.049219 0.018056
5 0.356641 0.684028 0.049219 0.018056
5 0.356250 0.675694 0.048438 0.015278
5 0.356250 0.675694 0.048438 0.015278
5 0.356250 0.675694 0.048438 0.015278
5 0.356250 0.665278 0.048438 0.016667
5 0.356250 0.665278 0.048438 0.016667
5 0.356250 0.665278 0.048438 0.016667
6 0.505859 0.730556 0.000781 0.052778
6 0.500000 0.713194 0.009375 0.054167
6 0.532813 0.672917 0.054688 0.065278
6 0.500781 0.722222 0.010937 0.072222
6 0.651172 0.804167 0.066406 0.100000
6 0.716797 0.825694 0.069531 0.104167
7 0.991016 0.995139 0.016406 0.006944
7 0.575000 0.947917 0.031250 0.045833
7 0.083984 0.961806 0.053906 0.040278
7 0.412500 0.797917 0.054688 0.026389
7 0.528906 0.875000 0.070312 0.025000
6 0.137500 0.931250 0.093750 0.129167
6 0.017188 0.944444 0.034375 0.108333
8 0.748047 0.894444 0.039844 0.041667
5 0.750781 0.881944 0.034375 0.033333
8 0.725391 0.913889 0.078906 0.072222
5 0.726562 0.895833 0.070312 0.036111
8 0.576953 0.816667 0.035156 0.050000
5 0.576953 0.802778 0.035156 0.022222
8 0.571094 0.803472 0.009375 0.031944
5 0.565625 0.786806 0.012500 0.012500
8 0.500000 0.792361 0.012500 0.031944
5 0.501172 0.780556 0.010156 0.013889
8 0.496094 0.788889 0.006250 0.022222
5 0.499609 0.767361 0.013281 0.018056
8 0.576172 0.784028 0.033594 0.015278
5 0.576953 0.770139 0.035156 0.018056
8 0.571484 0.760417 0.017969 0.004167
5 0.568359 0.756944 0.017969 0.013889
8 0.580859 0.796528 0.027344 0.037500
5 0.588281 0.781250 0.035937 0.018056
8 0.598828 0.801389 0.014844 0.025000
5 0.600000 0.793750 0.012500 0.015278
8 0.752734 0.693750 0.017969 0.023611
5 0.755859 0.684028 0.021094 0.009722
8 0.744141 0.687500 0.042969 0.022222
5 0.744141 0.677778 0.038281 0.011111
8 0.786719 0.688194 0.045312 0.001389
5 0.803125 0.688194 0.007812 0.004167
8 0.818750 0.702083 0.026562 0.012500
5 0.806641 0.696528 0.013281 0.012500
8 0.710156 0.693750 0.043750 0.026389
5 0.710156 0.681944 0.039062 0.011111
8 0.730859 0.701389 0.044531 0.027778
5 0.730859 0.688889 0.039844 0.011111
8 0.746484 0.706944 0.035156 0.027778
5 0.748437 0.693750 0.034375 0.012500
8 0.757422 0.712500 0.013281 0.025000
5 0.759375 0.702083 0.012500 0.009722
8 0.921875 0.744444 0.054688 0.033333
5 0.921094 0.732639 0.048438 0.018056
8 0.941016 0.741667 0.038281 0.036111
5 0.942187 0.727778 0.037500 0.016667
8 0.899219 0.747222 0.054688 0.027778
5 0.898438 0.737500 0.048438 0.016667
8 0.870313 0.756944 0.054688 0.038889
5 0.869922 0.742361 0.049219 0.018056
8 0.857812 0.720833 0.037500 0.025000
5 0.856250 0.709722 0.034375 0.013889
8 0.881641 0.722917 0.049219 0.015278
5 0.881250 0.716667 0.043750 0.013889
8 0.862109 0.738889 0.047656 0.030556
5 0.860547 0.725000 0.042969 0.016667
8 0.848047 0.744444 0.019531 0.027778
5 0.846484 0.731250 0.014844 0.012500
0 0.989844 0.778472 0.018750 0.179167
0 0.814844 0.713889 0.104688 0.166667
0 0.468359 0.668750 0.060156 0.073611
0 0.116016 0.982639 0.102344 0.031944
0 0.071875 0.954167 0.143750 0.088889
1 0.013281 0.706250 0.026562 0.090278
1 0.016406 0.717361 0.032813 0.112500
1 0.013281 0.819444 0.025000 0.144444
1 0.048828 0.919444 0.097656 0.158333
1 0.920312 0.617361 0.062500 0.062500
2 0.901953 0.625000 0.002344 0.000000
2 0.907422 0.625000 0.007031 0.000000
2 0.902344 0.606250 0.021875 0.023611
2 0.935156 0.611806 0.026562 0.023611
2 0.925000 0.637500 0.032813 0.022222
2 0.908203 0.608333 0.013281 0.022222
2 0.919531 0.596528 0.010937 0.001389
2 0.919141 0.610417 0.014844 0.023611
2 0.929688 0.597917 0.010937 0.001389
1 0.990625 0.627778 0.015625 0.052778
2 0.991406 0.654861 0.010937 0.026389
2 0.992578 0.621528 0.013281 0.026389
2 0.998437 0.620833 0.001563 0.016667
1 0.866406 0.626389 0.062500 0.069444
2 0.838672 0.643750 0.002344 0.020833
2 0.850391 0.612500 0.025781 0.025000
2 0.881641 0.614583 0.027344 0.018056
2 0.855859 0.613889 0.016406 0.022222
2 0.866406 0.602083 0.014063 0.001389
2 0.866016 0.615278 0.017969 0.022222
2 0.874609 0.604861 0.014844 0.001389
1 0.963281 0.652778 0.071875 0.094444
2 0.940234 0.663194 0.019531 0.026389
2 0.946094 0.649306 0.007812 0.001389
2 0.944922 0.629167 0.028906 0.027778
2 0.988672 0.635417 0.014844 0.026389
2 0.969141 0.668056 0.053906 0.033333
2 0.950781 0.631944 0.017188 0.027778
2 0.957031 0.618750 0.009375 0.001389
2 0.957812 0.633333 0.007812 0.025000
2 0.982422 0.620833 0.002344 0.000000
1 0.824609 0.642361 0.025781 0.073611
2 0.799609 0.607639 0.002344 0.001389
2 0.820312 0.626389 0.028125 0.025000
2 0.816797 0.658333 0.033594 0.025000
2 0.800391 0.610417 0.003906 0.001389
2 0.807031 0.609028 0.014063 0.001389
2 0.805859 0.613194 0.014844 0.004167
2 0.810547 0.611806 0.007031 0.001389
1 0.901172 0.662500 0.072656 0.097222
2 0.882031 0.625694 0.028125 0.004167
2 0.918750 0.645139 0.031250 0.029167
2 0.914453 0.679861 0.039844 0.031944
2 0.888672 0.628472 0.019531 0.004167
2 0.899609 0.626389 0.016406 0.002778
2 0.901563 0.631250 0.020313 0.004167
2 0.912891 0.628472 0.017969 0.001389
1 0.779687 0.643750 0.064062 0.087500
2 0.758594 0.655556 0.017188 0.025000
2 0.765625 0.643056 0.001563 0.000000
2 0.759766 0.622917 0.019531 0.026389
2 0.803516 0.627778 0.010156 0.025000
2 0.784375 0.659722 0.048438 0.030556
2 0.764844 0.625000 0.009375 0.025000
2 0.769531 0.627083 0.000000 0.023611
1 0.874609 0.664583 0.072656 0.095833
2 0.849219 0.677083 0.017188 0.029167
2 0.856641 0.663194 0.008594 0.001389
2 0.855859 0.640972 0.030469 0.029167
2 0.891406 0.648611 0.031250 0.030556
2 0.880078 0.682639 0.055469 0.034722
2 0.861719 0.644444 0.018750 0.027778
2 0.872656 0.629861 0.017188 0.001389
2 0.873047 0.646528 0.017969 0.029167
2 0.883594 0.631944 0.017188 0.002778
2 0.585547 0.661111 0.017969 0.030556
2 0.628516 0.672222 0.044531 0.033333
2 0.665625 0.670833 0.028125 0.027778
2 0.628516 0.645833 0.044531 0.030556
2 0.665625 0.644444 0.028125 0.027778
2 0.628516 0.618750 0.044531 0.034722
2 0.655078 0.615278 0.049219 0.033333
5 0.810547 0.891667 0.083594 0.041667
5 0.810547 0.908333 0.083594 0.033333
5 0.810547 0.919444 0.083594 0.033333
5 0.810547 0.931250 0.083594 0.034722
5 0.810156 0.955556 0.082812 0.038889
5 0.810547 0.944444 0.083594 0.036111
5 0.809766 0.978472 0.083594 0.040278
5 0.810156 0.968056 0.082812 0.036111
5 0.880469 0.905556 0.054688 0.025000
5 0.880078 0.917361 0.055469 0.026389
5 0.880078 0.940972 0.055469 0.026389
5 0.880078 0.929167 0.055469 0.027778
5 0.880078 0.962500 0.055469 0.025000
5 0.880078 0.952083 0.055469 0.023611
5 0.044141 0.945833 0.041406 0.008333
5 0.046875 0.952778 0.046875 0.022222
5 0.871094 0.891667 0.073438 0.033333
5 0.867578 0.875694 0.082031 0.040278
5 0.937109 0.888194 0.057031 0.023611
5 0.937109 0.898611 0.057031 0.025000
5 0.937109 0.922222 0.057031 0.025000
5 0.937109 0.909722 0.057031 0.025000
5 0.937109 0.943750 0.057031 0.026389
5 0.937109 0.931944 0.057031 0.025000
5 0.136328 0.911806 0.066406 0.029167
5 0.153906 0.922917 0.037500 0.018056
5 0.926172 0.874306 0.078906 0.029167
5 0.926172 0.863194 0.078906 0.029167
5 0.926953 0.796528 0.078906 0.026389
5 0.926953 0.808333 0.078906 0.027778
5 0.926562 0.830556 0.079687 0.027778
5 0.926953 0.819444 0.078906 0.027778
5 0.926562 0.852083 0.079687 0.029167
5 0.926562 0.841667 0.079687 0.027778
5 0.137109 0.903472 0.064844 0.029167
5 0.139063 0.893056 0.067187 0.033333
5 0.926953 0.786806 0.078906 0.026389
5 0.926953 0.772222 0.078906 0.030556