3 0.516797 0.834028 0.953906 0.329167
4 0.125391 0.795833 0.002344 0.027778
5 0.609766 0.738194 0.052344 0.018056
5 0.609766 0.738194 0.052344 0.018056
5 0.609766 0.738194 0.052344 0.018056
5 0.610938 0.725694 0.054688 0.020833
5 0.610938 0.725694 0.054688 0.020833
5 0.610938 0.725694 0.054688 0.020833
5 0.609766 0.749306 0.052344 0.018056
5 0.609766 0.749306 0.052344 0.018056
5 0.609766 0.749306 0.052344 0.018056
5 0.657031 0.719444 0.026562 0.008333
5 0.657031 0.719444 0.026562 0.008333
5 0.657031 0.719444 0.026562 0.008333
6 0.396094 0.807639 0.076563 0.098611
6 0.481641 0.781944 0.046094 0.097222
6 0.396875 0.722917 0.078125 0.098611
6 0.447656 0.788194 0.071875 0.090278
6 0.099609 0.859722 0.078906 0.130556
6 0.044141 0.876389 0.008594 0.111111
7 0.246094 0.809722 0.051562 0.027778
7 0.141406 0.684722 0.029687 0.011111
7 0.180078 0.680556 0.028906 0.011111
7 0.044141 0.695139 0.008594 0.012500
7 0.092578 0.690972 0.017969 0.012500
8 0.157422 0.860417 0.038281 0.048611
5 0.155469 0.836806 0.032813 0.026389
8 0.194922 0.847917 0.066406 0.051389
5 0.193750 0.826389 0.059375 0.025000
8 0.235937 0.836806 0.065625 0.048611
5 0.235156 0.816667 0.057813 0.025000
8 0.282422 0.827778 0.064844 0.047222
5 0.281641 0.807639 0.057031 0.023611
8 0.273047 0.854167 0.069531 0.052778
5 0.272266 0.832639 0.061719 0.026389
8 0.320312 0.843056 0.067187 0.050000
5 0.313672 0.822222 0.049219 0.025000
8 0.230859 0.865278 0.071094 0.055556
5 0.229687 0.843056 0.062500 0.027778
8 0.177344 0.877778 0.071875 0.058333
5 0.176563 0.854167 0.064062 0.030556
8 0.925000 0.948611 0.101562 0.072222
5 0.923828 0.920139 0.091406 0.040278
8 0.951953 0.931250 0.083594 0.068056
5 0.953906 0.904861 0.079687 0.037500
8 0.897266 0.963889 0.105469 0.069444
5 0.895703 0.936806 0.094531 0.043056
8 0.857422 0.972917 0.108594 0.051389
5 0.864062 0.956250 0.081250 0.045833
8 0.875000 0.897222 0.090625 0.044444
5 0.873828 0.881250 0.082031 0.034722
8 0.861719 0.917361 0.050000 0.043056
5 0.841797 0.895833 0.077344 0.036111
8 0.810547 0.937500 0.096094 0.069444
5 0.808984 0.911111 0.086719 0.036111
8 0.762891 0.947917 0.086719 0.056944
5 0.764844 0.927083 0.082812 0.040278
5 0.560547 0.997917 0.007031 0.001389
8 0.437891 0.997222 0.005469 0.002778
5 0.473047 0.985417 0.063281 0.026389
8 0.769141 0.990972 0.114844 0.015278
5 0.767578 0.981944 0.103906 0.033333
5 0.706641 0.994444 0.046094 0.008333
8 0.632031 0.992361 0.110937 0.012500
5 0.632031 0.983333 0.098437 0.030556
8 0.589453 0.980556 0.075781 0.036111
5 0.586719 0.968056 0.070312 0.047222
0 0.401953 0.859028 0.150781 0.279167
0 0.685937 0.727083 0.103125 0.170833
1 0.350391 0.674306 0.058594 0.093056
1 0.319141 0.678472 0.064844 0.093056
1 0.306250 0.660417 0.060937 0.076389
1 0.273438 0.670833 0.051562 0.091667
1 0.271875 0.654861 0.051562 0.073611
1 0.241016 0.665278 0.058594 0.086111
1 0.233203 0.643056 0.058594 0.075000
1 0.045312 0.700000 0.010937 0.097222
1 0.043750 0.698611 0.007812 0.097222
1 0.996875 0.929167 0.004687 0.138889
2 0.932031 0.851389 0.056250 0.061111
2 0.986719 0.863889 0.025000 0.055556
2 0.932031 0.801389 0.056250 0.058333
2 0.986719 0.813194 0.025000 0.054167
2 0.949219 0.747222 0.090625 0.066667
2 0.986719 0.756250 0.025000 0.065278