3 0.499609 0.872222 0.999219 0.252778
4 0.175781 0.906250 0.000000 0.001389
8 0.922266 0.994444 0.010156 0.008333
5 0.461328 0.748611 0.046094 0.013889
5 0.461328 0.748611 0.046094 0.013889
5 0.461328 0.748611 0.046094 0.013889
5 0.461328 0.736806 0.046094 0.015278
5 0.461328 0.736806 0.046094 0.015278
5 0.461328 0.736806 0.046094 0.015278
5 0.472656 0.759722 0.023438 0.013889
5 0.472656 0.759722 0.023438 0.013889
5 0.472656 0.759722 0.023438 0.013889
5 0.531250 0.762500 0.053125 0.013889
5 0.531250 0.762500 0.053125 0.013889
5 0.531250 0.762500 0.053125 0.013889
5 0.531250 0.752778 0.053125 0.013889
5 0.531250 0.752778 0.053125 0.013889
5 0.531250 0.752778 0.053125 0.013889
5 0.530859 0.741667 0.053906 0.013889
5 0.530859 0.741667 0.053906 0.013889
5 0.530859 0.741667 0.053906 0.013889
5 0.530859 0.728472 0.053906 0.015278
5 0.530859 0.728472 0.053906 0.015278
5 0.530859 0.728472 0.053906 0.015278
6 0.442969 0.811111 0.062500 0.105556
6 0.481641 0.784722 0.053906 0.094444
6 0.444531 0.727083 0.067187 0.101389
6 0.464453 0.797222 0.058594 0.100000
6 0.271484 0.892361 0.108594 0.145833
6 0.237891 0.922222 0.091406 0.152778
7 0.208984 0.841667 0.028906 0.019444
7 0.022656 0.932639 0.020313 0.012500
5 0.007031 0.978472 0.014063 0.012500
8 0.214453 0.900000 0.005469 0.036111
5 0.214062 0.868056 0.006250 0.013889
8 0.331641 0.845139 0.013281 0.015278
5 0.329297 0.841667 0.008594 0.013889
8 0.324609 0.834028 0.075781 0.018056
5 0.323437 0.829861 0.068750 0.020833
8 0.372656 0.870139 0.081250 0.054167
5 0.371875 0.847917 0.073438 0.020833
8 0.396094 0.856250 0.076563 0.051389
5 0.394922 0.835417 0.069531 0.020833
8 0.360938 0.884722 0.070312 0.058333
5 0.358203 0.862500 0.066406 0.025000
8 0.348438 0.902778 0.045312 0.061111
5 0.344922 0.879167 0.039844 0.025000
8 0.966016 0.844444 0.011719 0.050000
5 0.980859 0.825000 0.036719 0.013889
8 0.977734 0.831944 0.042969 0.047222
5 0.978906 0.812500 0.040625 0.011111
8 0.983594 0.850000 0.031250 0.038889
5 0.985156 0.835417 0.028125 0.012500
8 0.986328 0.858333 0.025781 0.030556
5 0.987500 0.851389 0.023438 0.019444
8 0.912500 0.814583 0.064062 0.020833
5 0.911719 0.809028 0.057813 0.012500
8 0.913672 0.840278 0.064844 0.052778
5 0.914062 0.819444 0.060937 0.013889
8 0.921094 0.852083 0.070312 0.054167
5 0.919531 0.831250 0.064062 0.015278
8 0.923828 0.863194 0.074219 0.051389
5 0.922656 0.847222 0.067187 0.022222
8 0.996094 0.943750 0.006250 0.054167
5 0.997656 0.922222 0.003125 0.016667
8 0.957422 0.954861 0.071094 0.087500
5 0.956250 0.929861 0.060937 0.040278
8 0.873828 0.947222 0.064844 0.086111
5 0.873047 0.922222 0.057031 0.038889
8 0.984375 0.902083 0.018750 0.062500
5 0.988672 0.877778 0.021094 0.019444
8 0.993359 0.904861 0.011719 0.031944
5 0.995313 0.895833 0.007812 0.019444
8 0.951562 0.922917 0.064062 0.076389
5 0.950781 0.898611 0.056250 0.033333
8 0.875000 0.913889 0.059375 0.072222
5 0.874219 0.892361 0.051562 0.031944
0 0.583594 0.881250 0.143750 0.234722
0 0.715625 0.842361 0.084375 0.306944
0 0.603125 0.720833 0.056250 0.158333
1 0.116406 0.712500 0.084375 0.102778
1 0.092578 0.718056 0.088281 0.105556
1 0.046875 0.710417 0.084375 0.101389
1 0.034766 0.715972 0.060156 0.101389
1 0.019141 0.700000 0.008594 0.080556
2 0.850000 0.779861 0.000000 0.020833
2 0.903906 0.775694 0.003125 0.045833
2 0.874219 0.787500 0.048438 0.052778
2 0.932813 0.790972 0.053125 0.054167
2 0.874219 0.750694 0.048438 0.045833
2 0.932031 0.750694 0.053125 0.051389
2 0.874219 0.707639 0.048438 0.048611
2 0.932031 0.710417 0.053125 0.048611
5 0.015234 0.990278 0.030469 0.016667
5 0.119922 0.998611 0.000781 0.000000
5 0.092969 0.898611 0.156250 0.050000
5 0.092969 0.921528 0.156250 0.051389
5 0.092969 0.967361 0.156250 0.056944
5 0.092969 0.945139 0.156250 0.054167
5 0.104297 0.989583 0.132031 0.018056
5 0.092578 0.978472 0.155469 0.040278
5 0.093359 0.878472 0.155469 0.048611
5 0.093359 0.853472 0.155469 0.051389