3 0.499609 0.850694 0.999219 0.295833
4 0.287109 0.673611 0.000781 0.036111
4 0.267188 0.668056 0.000000 0.000000
4 0.230469 0.679861 0.014063 0.062500
4 0.204687 0.679167 0.006250 0.069444
8 0.225000 0.690278 0.054688 0.030556
8 0.787891 0.686111 0.008594 0.025000
7 0.293359 0.706944 0.044531 0.019444
7 0.267188 0.707639 0.079687 0.020833
7 0.760547 0.706944 0.085156 0.016667
7 0.754687 0.703472 0.073438 0.009722
7 0.771875 0.714583 0.106250 0.026389
7 0.765234 0.711111 0.094531 0.022222
7 0.797656 0.726389 0.156250 0.041667
7 0.780859 0.716667 0.122656 0.025000
7 0.196875 0.703472 0.025000 0.009722
6 0.980078 0.585417 0.038281 0.506944
6 0.901172 0.634028 0.149219 0.259722
8 0.207813 0.697222 0.045312 0.044444
5 0.206250 0.677083 0.042188 0.009722
8 0.311719 0.693750 0.000000 0.001389
8 0.283203 0.688194 0.032031 0.012500
5 0.288672 0.680556 0.003906 0.005556
8 0.731250 0.690278 0.000000 0.002778
8 0.795703 0.690278 0.024219 0.019444
5 0.797656 0.681250 0.020313 0.004167
8 0.824219 0.700694 0.007812 0.004167
8 0.726953 0.689583 0.008594 0.018056
5 0.726953 0.680556 0.008594 0.002778
8 0.802344 0.692361 0.037500 0.018056
5 0.794141 0.681250 0.019531 0.004167
5 0.726953 0.681944 0.002344 0.000000
8 0.792969 0.688194 0.007812 0.020833
5 0.814844 0.679167 0.046875 0.005556
8 0.790625 0.688889 0.004687 0.019444
5 0.800781 0.679167 0.021875 0.005556
8 0.826562 0.690972 0.064062 0.029167
5 0.827344 0.677778 0.060937 0.008333
8 0.824219 0.687500 0.062500 0.022222
5 0.808594 0.678472 0.028125 0.006944
8 0.741406 0.696528 0.064062 0.040278
5 0.740625 0.677778 0.057813 0.008333
8 0.742578 0.688194 0.057031 0.020833
5 0.741016 0.679167 0.046094 0.005556
8 0.941406 0.713889 0.115625 0.161111
5 0.945703 0.643056 0.107031 0.038889
8 0.932422 0.711111 0.133594 0.136111
5 0.920312 0.650694 0.093750 0.029167
0 0.421094 0.450694 0.254688 0.665278
0 0.591406 0.625694 0.056250 0.176389
0 0.639062 0.640278 0.040625 0.136111
0 0.103516 0.522222 0.207031 0.461111
0 0.560156 0.652778 0.023438 0.100000
1 0.210938 0.668056 0.056250 0.069444
1 0.206641 0.667361 0.042969 0.070833
1 0.185938 0.656250 0.001563 0.043056
1 0.856250 0.661111 0.004687 0.063889
2 0.855469 0.670139 0.001563 0.004167
2 0.855078 0.645139 0.000781 0.023611
2 0.857422 0.670139 0.000781 0.004167
2 0.857422 0.644444 0.000781 0.022222
2 0.857812 0.637500 0.000000 0.008333
2 0.868750 0.638889 0.004687 0.052778
2 0.882422 0.620833 0.002344 0.027778
2 0.882422 0.700694 0.000781 0.026389
2 0.869922 0.693750 0.005469 0.051389
2 0.876563 0.635417 0.007812 0.048611
2 0.931250 0.627778 0.070312 0.063889
2 0.933203 0.702083 0.071094 0.043056
2 0.878125 0.700000 0.007812 0.038889
2 0.757422 0.684722 0.050781 0.027778
2 0.696484 0.692361 0.050781 0.043056
2 0.726562 0.694444 0.007812 0.011111
2 0.730859 0.665278 0.028906 0.025000
2 0.766406 0.661111 0.029687 0.016667
2 0.730078 0.640278 0.028906 0.025000
2 0.766016 0.638889 0.030469 0.025000
5 0.264062 0.645833 0.057813 0.008333
5 0.264062 0.654861 0.057813 0.006944
5 0.264062 0.663889 0.057813 0.008333
5 0.263672 0.672222 0.058594 0.008333
5 0.263281 0.691667 0.057813 0.008333
5 0.263672 0.681944 0.058594 0.008333
5 0.263281 0.700000 0.057813 0.008333
5 0.304688 0.663889 0.021875 0.008333
5 0.304688 0.672222 0.021875 0.008333
5 0.304297 0.691667 0.022656 0.008333
5 0.304297 0.681944 0.022656 0.008333
5 0.304297 0.696528 0.022656 0.001389
5 0.304688 0.654861 0.021875 0.006944
5 0.305078 0.645833 0.022656 0.008333