3 0.499609 0.863889 0.999219 0.269444
5 0.013672 0.954861 0.027344 0.034722
5 0.013672 0.954861 0.027344 0.034722
5 0.013672 0.954861 0.027344 0.034722
5 0.013672 0.928472 0.027344 0.043056
5 0.013672 0.928472 0.027344 0.043056
5 0.013672 0.928472 0.027344 0.043056
5 0.013672 0.975694 0.027344 0.031944
5 0.013672 0.975694 0.027344 0.031944
5 0.013672 0.975694 0.027344 0.031944
5 0.105859 0.943750 0.111719 0.048611
5 0.105859 0.943750 0.111719 0.048611
5 0.105859 0.943750 0.111719 0.048611
5 0.105859 0.925000 0.111719 0.050000
5 0.105859 0.925000 0.111719 0.050000
5 0.105859 0.925000 0.111719 0.050000
5 0.105469 0.904167 0.112500 0.050000
5 0.105469 0.904167 0.112500 0.050000
5 0.105469 0.904167 0.112500 0.050000
5 0.105469 0.879861 0.112500 0.054167
5 0.105469 0.879861 0.112500 0.054167
5 0.105469 0.879861 0.112500 0.054167
6 0.457813 0.964583 0.131250 0.068056
6 0.662500 0.923611 0.118750 0.150000
6 0.508594 0.981250 0.073438 0.034722
8 0.922266 0.877778 0.077344 0.047222
5 0.922656 0.858333 0.068750 0.030556
8 0.867188 0.865278 0.075000 0.050000
5 0.867578 0.844444 0.066406 0.027778
8 0.967969 0.893056 0.062500 0.047222
5 0.970313 0.871528 0.057813 0.031944
8 0.999219 0.888194 0.000000 0.001389
8 0.823438 0.887500 0.079687 0.058333
5 0.823438 0.862500 0.070312 0.030556
8 0.879297 0.904861 0.082031 0.062500
5 0.879297 0.877778 0.072656 0.033333
8 0.935156 0.918750 0.084375 0.065278
5 0.935156 0.891667 0.075000 0.036111
8 0.978125 0.928472 0.042188 0.073611
5 0.980469 0.910417 0.037500 0.037500
0 0.360156 0.842361 0.150000 0.273611
1 0.981250 0.670833 0.018750 0.030556
2 0.987500 0.677778 0.023438 0.019444
2 0.997266 0.681250 0.003906 0.015278
1 0.958594 0.731944 0.081250 0.125000
2 0.940234 0.695139 0.036719 0.026389
2 0.992188 0.713194 0.014063 0.043056
2 0.972656 0.761111 0.053125 0.047222
2 0.955859 0.699306 0.027344 0.023611
2 0.966406 0.686806 0.023438 0.004167
2 0.976953 0.711111 0.027344 0.041667
2 0.987109 0.689583 0.024219 0.004167
1 0.909375 0.763194 0.117188 0.156944
2 0.875391 0.705556 0.039844 0.011111
2 0.941797 0.734722 0.041406 0.050000
2 0.941406 0.790972 0.043750 0.051389
2 0.892188 0.709722 0.031250 0.008333
2 0.903516 0.705556 0.027344 0.005556
2 0.913281 0.713889 0.029687 0.008333
2 0.923047 0.708333 0.027344 0.005556
1 0.880469 0.768750 0.120313 0.154167
2 0.840234 0.790972 0.030469 0.048611
2 0.848437 0.767361 0.020313 0.004167
2 0.845703 0.732639 0.041406 0.051389
2 0.913672 0.744444 0.042969 0.052778
2 0.891406 0.800000 0.089063 0.061111
2 0.862109 0.738194 0.032031 0.048611
2 0.874609 0.713889 0.028906 0.005556
2 0.884766 0.742361 0.032031 0.048611
2 0.896094 0.716667 0.029687 0.005556
2 0.532031 0.813889 0.026562 0.058333
2 0.639453 0.845139 0.072656 0.062500
2 0.696094 0.831250 0.039062 0.056944
2 0.639453 0.795139 0.072656 0.059722
2 0.696094 0.783333 0.039062 0.055556
2 0.639453 0.740278 0.072656 0.069444
2 0.668359 0.730556 0.094531 0.066667