4 0.614844 0.925694 0.010937 0.145833
5 0.079297 0.997917 0.103906 0.001389
5 0.079297 0.997917 0.103906 0.001389
5 0.079297 0.997917 0.103906 0.001389
5 0.080078 0.986806 0.103906 0.018056
5 0.080078 0.986806 0.103906 0.018056
5 0.080078 0.986806 0.103906 0.018056
5 0.201563 0.997917 0.089063 0.001389
5 0.201563 0.997917 0.089063 0.001389
5 0.201563 0.997917 0.089063 0.001389
5 0.202344 0.987500 0.089063 0.016667
5 0.202344 0.987500 0.089063 0.016667
5 0.202344 0.987500 0.089063 0.016667
5 0.202734 0.967361 0.088281 0.018056
5 0.202734 0.967361 0.088281 0.018056
5 0.202734 0.967361 0.088281 0.018056
6 0.591016 0.922917 0.138281 0.093056
6 0.459766 0.946528 0.111719 0.104167
6 0.591406 0.810417 0.140625 0.187500
6 0.529297 0.928472 0.102344 0.084722
8 0.788281 0.984722 0.220312 0.027778
5 0.787500 0.977083 0.198437 0.029167
8 0.633984 0.985417 0.094531 0.026389
5 0.665234 0.979167 0.138281 0.025000
8 0.600391 0.986806 0.172656 0.023611
5 0.602734 0.980556 0.161719 0.022222
8 0.483203 0.987500 0.064844 0.022222
5 0.504687 0.981250 0.093750 0.020833
5 0.732812 0.985417 0.003125 0.009722
8 0.822656 0.985417 0.176563 0.012500
5 0.835156 0.984028 0.103125 0.012500
8 0.889062 0.985417 0.106250 0.026389
5 0.892969 0.979167 0.098437 0.025000
8 0.887891 0.991667 0.000781 0.000000
5 0.910156 0.984028 0.000000 0.001389
0 0.428906 0.895833 0.107813 0.205556
1 0.929297 0.925000 0.022656 0.080556
2 0.933203 0.961806 0.014844 0.006944
2 0.931641 0.920139 0.016406 0.043056
2 0.710156 0.945833 0.095312 0.038889
2 0.781250 0.945139 0.046875 0.034722
2 0.709375 0.902778 0.095312 0.052778
2 0.780078 0.904167 0.047656 0.050000