3 0.499609 0.854861 0.999219 0.287500
4 0.292578 0.829167 0.010156 0.077778
4 0.223438 0.884028 0.015625 0.090278
4 0.202344 0.931944 0.003125 0.097222
4 0.146484 0.958333 0.027344 0.080556
8 0.967969 0.922222 0.062500 0.055556
5 0.411719 0.704861 0.045312 0.012500
5 0.411719 0.704861 0.045312 0.012500
5 0.411719 0.704861 0.045312 0.012500
5 0.411719 0.695139 0.045312 0.012500
5 0.411719 0.695139 0.045312 0.012500
5 0.411719 0.695139 0.045312 0.012500
5 0.411719 0.714583 0.045312 0.012500
5 0.411719 0.714583 0.045312 0.012500
5 0.411719 0.714583 0.045312 0.012500
5 0.476562 0.717361 0.035937 0.006944
5 0.476562 0.717361 0.035937 0.006944
5 0.476562 0.717361 0.035937 0.006944
5 0.479687 0.708333 0.042188 0.008333
5 0.479687 0.708333 0.042188 0.008333
5 0.479687 0.708333 0.042188 0.008333
5 0.479687 0.697917 0.042188 0.009722
5 0.479687 0.697917 0.042188 0.009722
5 0.479687 0.697917 0.042188 0.009722
5 0.479687 0.685417 0.042188 0.012500
5 0.479687 0.685417 0.042188 0.012500
5 0.479687 0.685417 0.042188 0.012500
6 0.471875 0.772917 0.042188 0.084722
6 0.481641 0.738194 0.038281 0.070833
6 0.473828 0.698611 0.046094 0.086111
6 0.478125 0.755556 0.039062 0.086111
6 0.403516 0.849306 0.080469 0.115278
6 0.403125 0.877083 0.071875 0.120833
7 0.055859 0.959028 0.050781 0.054167
7 0.294922 0.809722 0.052344 0.022222
7 0.214844 0.890972 0.079687 0.026389
8 0.327734 0.950000 0.057031 0.030556
5 0.324609 0.951389 0.055469 0.033333
8 0.256641 0.958333 0.057031 0.050000
5 0.247656 0.949306 0.067187 0.031944
8 0.340234 0.849306 0.044531 0.026389
5 0.341797 0.834028 0.041406 0.020833
8 0.344922 0.836111 0.025781 0.030556
5 0.348438 0.815972 0.028125 0.015278
8 0.402344 0.798611 0.003125 0.000000
5 0.374219 0.802083 0.051562 0.012500
8 0.382812 0.791667 0.060937 0.013889
5 0.382031 0.790972 0.054688 0.015278
8 0.443750 0.811111 0.056250 0.022222
5 0.442188 0.804861 0.051562 0.012500
8 0.448437 0.808333 0.059375 0.044444
5 0.447266 0.794444 0.053906 0.016667
8 0.464453 0.822917 0.010156 0.018056
5 0.454688 0.819444 0.021875 0.016667
8 0.460547 0.838889 0.002344 0.019444
5 0.448047 0.829861 0.003906 0.004167
8 0.900000 0.768056 0.050000 0.022222
5 0.901953 0.761806 0.050781 0.012500
8 0.893750 0.758333 0.056250 0.022222
5 0.890234 0.751389 0.044531 0.011111
8 0.916406 0.786806 0.060937 0.040278
5 0.916016 0.772222 0.055469 0.013889
8 0.928906 0.798611 0.064062 0.041667
5 0.928125 0.784028 0.057813 0.015278
8 0.834766 0.763889 0.053906 0.036111
5 0.833594 0.749306 0.048438 0.009722
8 0.839063 0.772222 0.050000 0.033333
5 0.841797 0.759722 0.050781 0.011111
8 0.852734 0.784722 0.058594 0.041667
5 0.852344 0.768750 0.053125 0.009722
8 0.862500 0.793750 0.060937 0.037500
5 0.861328 0.782639 0.055469 0.015278
8 0.972656 0.866667 0.053125 0.061111
5 0.974219 0.848611 0.050000 0.027778
8 0.927344 0.865972 0.060937 0.062500
5 0.926172 0.847917 0.053906 0.029167
8 0.868750 0.863889 0.057813 0.061111
5 0.867578 0.845833 0.050781 0.027778
8 0.947266 0.818056 0.071094 0.036111
5 0.946484 0.806944 0.064844 0.016667
8 0.964063 0.837500 0.070312 0.047222
5 0.965625 0.821528 0.067187 0.018056
8 0.908984 0.842361 0.057031 0.056944
5 0.908203 0.824306 0.049219 0.023611
8 0.853906 0.840278 0.053125 0.055556
5 0.853125 0.822222 0.046875 0.022222
0 0.785156 0.877778 0.104688 0.241667
0 0.750000 0.779861 0.071875 0.215278
0 0.560156 0.681250 0.039062 0.137500
1 0.098047 0.682639 0.055469 0.095833
1 0.069531 0.688889 0.082812 0.100000
1 0.025391 0.684722 0.038281 0.091667
1 0.021484 0.688889 0.030469 0.100000
1 0.975781 0.720139 0.046875 0.123611
2 0.962109 0.731250 0.013281 0.034722
2 0.975781 0.687500 0.040625 0.033333
2 0.987109 0.697917 0.024219 0.034722
2 0.980469 0.740278 0.037500 0.044444
2 0.972656 0.690972 0.021875 0.034722
2 0.991016 0.675000 0.016406 0.002778
2 0.980078 0.694444 0.024219 0.036111
2 0.993359 0.677778 0.011719 0.002778
2 0.991797 0.971528 0.014844 0.037500
2 0.944922 0.973611 0.108594 0.050000
2 0.757812 0.717361 0.006250 0.040278
2 0.784375 0.729861 0.045312 0.043056
2 0.830859 0.727083 0.046094 0.037500
2 0.784766 0.700694 0.046094 0.034722
2 0.830859 0.697917 0.046094 0.040278
2 0.784766 0.664583 0.046094 0.040278
2 0.830078 0.665278 0.047656 0.041667
5 0.210156 0.959028 0.101562 0.045833
5 0.210547 0.976389 0.100781 0.044444
5 0.210547 0.983333 0.100781 0.030556
5 0.221094 0.989583 0.079687 0.018056
5 0.260937 0.998611 0.000000 0.000000
5 0.321484 0.984722 0.086719 0.027778
5 0.326562 0.991667 0.076563 0.013889
5 0.316797 0.977778 0.096094 0.041667
5 0.316797 0.961806 0.096094 0.045833
5 0.441406 0.986111 0.079687 0.025000
5 0.446484 0.993750 0.069531 0.009722
5 0.436328 0.979167 0.089844 0.038889
5 0.436328 0.966667 0.089844 0.044444
5 0.436328 0.870833 0.089844 0.038889
5 0.436328 0.888194 0.089844 0.040278
5 0.436328 0.920833 0.089844 0.041667
5 0.436328 0.904167 0.089844 0.041667
5 0.436328 0.952083 0.089844 0.043056
5 0.436328 0.935417 0.089844 0.043056
5 0.436328 0.856250 0.089844 0.037500
5 0.436328 0.838889 0.089844 0.038889