3 0.499609 0.845139 0.999219 0.306944
4 0.433594 0.894444 0.012500 0.091667
4 0.487500 0.961111 0.040625 0.075000
4 0.554297 0.992361 0.003906 0.012500
5 0.300781 0.726389 0.056250 0.019444
5 0.300781 0.726389 0.056250 0.019444
5 0.300781 0.726389 0.056250 0.019444
5 0.300781 0.715278 0.056250 0.019444
5 0.300781 0.715278 0.056250 0.019444
5 0.300781 0.715278 0.056250 0.019444
5 0.300781 0.736806 0.056250 0.018056
5 0.300781 0.736806 0.056250 0.018056
5 0.300781 0.736806 0.056250 0.018056
5 0.374219 0.731250 0.054688 0.018056
5 0.374219 0.731250 0.054688 0.018056
5 0.374219 0.731250 0.054688 0.018056
5 0.374219 0.722222 0.054688 0.016667
5 0.374219 0.722222 0.054688 0.016667
5 0.374219 0.722222 0.054688 0.016667
5 0.374219 0.711806 0.054688 0.015278
5 0.374219 0.711806 0.054688 0.015278
5 0.374219 0.711806 0.054688 0.015278
5 0.374219 0.698611 0.054688 0.019444
5 0.374219 0.698611 0.054688 0.019444
5 0.374219 0.698611 0.054688 0.019444
6 0.516016 0.800000 0.053906 0.097222
6 0.478906 0.765278 0.046875 0.091667
6 0.516016 0.720139 0.053906 0.098611
6 0.496875 0.779861 0.053125 0.098611
6 0.608984 0.902778 0.096094 0.138889
6 0.684375 0.931944 0.106250 0.133333
7 0.341406 0.868056 0.073438 0.030556
7 0.414844 0.981944 0.095312 0.033333
8 0.506250 0.911111 0.073438 0.066667
5 0.507812 0.890972 0.070312 0.029167
8 0.488672 0.888194 0.071094 0.062500
5 0.490234 0.868750 0.067969 0.026389
8 0.473438 0.870833 0.073438 0.061111
5 0.473047 0.853472 0.066406 0.026389
8 0.458594 0.852083 0.070312 0.056944
5 0.457422 0.834722 0.063281 0.022222
8 0.547656 0.850694 0.073438 0.034722
5 0.546484 0.843750 0.066406 0.023611
8 0.529297 0.838194 0.069531 0.031944
5 0.528516 0.827778 0.063281 0.022222
8 0.548828 0.876389 0.024219 0.019444
5 0.548828 0.860417 0.024219 0.020833
8 0.558594 0.903472 0.004687 0.034722
5 0.558594 0.880556 0.004687 0.016667
8 0.864844 0.743056 0.056250 0.008333
5 0.861719 0.740278 0.045312 0.011111
8 0.835547 0.736111 0.042969 0.011111
5 0.838281 0.733333 0.043750 0.013889
8 0.895312 0.763194 0.046875 0.023611
5 0.886328 0.750000 0.033594 0.013889
8 0.923828 0.776389 0.050781 0.030556
5 0.920703 0.761806 0.049219 0.015278
8 0.794141 0.751389 0.055469 0.036111
5 0.793750 0.737500 0.050000 0.013889
8 0.815625 0.761111 0.056250 0.036111
5 0.816016 0.746528 0.052344 0.015278
8 0.821094 0.767361 0.021875 0.031944
5 0.831250 0.754167 0.037500 0.013889
8 0.887500 0.771528 0.020313 0.009722
5 0.860938 0.765278 0.046875 0.013889
8 0.989844 0.834028 0.018750 0.037500
5 0.991406 0.820139 0.015625 0.015278
8 0.967578 0.848611 0.063281 0.055556
5 0.969141 0.829861 0.060156 0.026389
8 0.966406 0.795833 0.065625 0.033333
5 0.967578 0.782639 0.060156 0.018056
8 0.984375 0.802083 0.029687 0.020833
5 0.985938 0.795139 0.026562 0.018056
8 0.966406 0.818056 0.064062 0.044444
5 0.967969 0.804167 0.062500 0.025000
8 0.939453 0.831944 0.042969 0.038889
5 0.936719 0.808333 0.039062 0.025000
0 0.873828 0.784028 0.108594 0.223611
0 0.495312 0.685417 0.057813 0.143056
1 0.989453 0.675694 0.019531 0.087500
2 0.991016 0.656944 0.016406 0.030556
2 0.996875 0.659028 0.004687 0.026389
1 0.933984 0.693056 0.080469 0.111111
2 0.907813 0.649306 0.021875 0.004167
2 0.955859 0.672222 0.028906 0.033333
2 0.944141 0.711806 0.052344 0.037500
2 0.913672 0.653472 0.010156 0.004167
2 0.942187 0.651389 0.000000 0.000000
2 0.946875 0.653472 0.009375 0.001389
1 0.888281 0.691667 0.060937 0.105556
2 0.866016 0.709028 0.010156 0.029167
2 0.879297 0.663194 0.036719 0.026389
2 0.906641 0.674306 0.024219 0.031944
2 0.895312 0.714583 0.046875 0.040278
2 0.882422 0.668750 0.021094 0.031944
2 0.896094 0.653472 0.017188 0.001389
2 0.893359 0.671528 0.021094 0.031944
2 0.908203 0.655556 0.017969 0.002778
1 0.981641 0.716667 0.035156 0.111111
2 0.981250 0.739583 0.026562 0.037500
2 0.989844 0.721528 0.004687 0.001389
2 0.983594 0.692361 0.031250 0.037500
2 0.990625 0.743750 0.017188 0.040278
2 0.990625 0.696528 0.017188 0.037500
2 0.998828 0.677778 0.000781 0.000000
2 0.997656 0.699306 0.003125 0.034722
2 0.660156 0.706944 0.023438 0.041667
2 0.693359 0.719444 0.041406 0.041667
2 0.751563 0.720833 0.034375 0.033333
2 0.693359 0.686806 0.041406 0.040278
2 0.751563 0.688194 0.034375 0.031944
2 0.693359 0.654861 0.041406 0.040278
2 0.739844 0.652778 0.057813 0.041667
5 0.945703 0.936111 0.107031 0.050000
5 0.945703 0.953472 0.107031 0.051389
5 0.945703 0.979167 0.107031 0.038889
5 0.945703 0.970139 0.107031 0.056944
5 0.908594 0.997917 0.009375 0.001389
5 0.935547 0.988194 0.086719 0.020833
5 0.945703 0.919444 0.107031 0.050000
5 0.945703 0.897222 0.107031 0.055556