3 0.499609 0.901389 0.999219 0.194444
4 0.433594 0.762500 0.003125 0.072222
4 0.487500 0.769444 0.046875 0.113889
4 0.560937 0.757639 0.004687 0.106944
4 0.606641 0.765972 0.064844 0.145833
4 0.716406 0.762500 0.026562 0.169444
4 0.801953 0.759028 0.107031 0.204167
8 0.833984 0.801389 0.161719 0.102778
5 0.294922 0.788194 0.057031 0.009722
5 0.294922 0.788194 0.057031 0.009722
5 0.294922 0.788194 0.057031 0.009722
5 0.294922 0.777083 0.057031 0.009722
5 0.294922 0.777083 0.057031 0.009722
5 0.294922 0.777083 0.057031 0.009722
5 0.294922 0.799306 0.057031 0.009722
5 0.294922 0.799306 0.057031 0.009722
5 0.294922 0.799306 0.057031 0.009722
5 0.370312 0.796528 0.056250 0.004167
5 0.370312 0.796528 0.056250 0.004167
5 0.370312 0.796528 0.056250 0.004167
5 0.370312 0.789583 0.056250 0.009722
5 0.370312 0.789583 0.056250 0.009722
5 0.370312 0.789583 0.056250 0.009722
5 0.370312 0.777778 0.056250 0.008333
5 0.370312 0.777778 0.056250 0.008333
5 0.370312 0.777778 0.056250 0.008333
5 0.370312 0.765972 0.056250 0.009722
5 0.370312 0.765972 0.056250 0.009722
5 0.370312 0.765972 0.056250 0.009722
6 0.517969 0.765972 0.057813 0.087500
6 0.478906 0.768750 0.046875 0.081944
6 0.517969 0.686806 0.057813 0.093056
6 0.499609 0.767361 0.050781 0.084722
6 0.613281 0.761806 0.096875 0.118056
6 0.681641 0.757639 0.086719 0.129167
7 0.560547 0.838889 0.152344 0.061111
7 0.373828 0.817361 0.077344 0.034722
7 0.334375 0.804167 0.070312 0.019444
7 0.417969 0.811806 0.092188 0.023611
8 0.729297 0.801389 0.110156 0.063889
5 0.737109 0.772222 0.027344 0.005556
8 0.648828 0.799306 0.107031 0.070833
5 0.652344 0.767361 0.100000 0.015278
8 0.510547 0.795139 0.072656 0.048611
5 0.510547 0.772917 0.072656 0.009722
8 0.490234 0.793056 0.074219 0.044444
5 0.491797 0.772917 0.071094 0.009722
8 0.471094 0.790972 0.070312 0.037500
5 0.447266 0.773611 0.016406 0.008333
8 0.458203 0.793056 0.071094 0.041667
5 0.440234 0.774306 0.030469 0.006944
8 0.539453 0.797222 0.052344 0.027778
8 0.530469 0.794444 0.068750 0.022222
8 0.571875 0.802083 0.062500 0.023611
8 0.594141 0.796528 0.060156 0.034722
5 0.564453 0.772917 0.000781 0.009722
8 0.956250 0.788889 0.006250 0.000000
8 0.789453 0.781944 0.008594 0.000000
8 0.805859 0.781944 0.022656 0.000000
5 0.796875 0.777778 0.000000 0.000000
8 0.824219 0.781944 0.012500 0.000000
8 0.974609 0.795833 0.049219 0.027778
5 0.955469 0.774306 0.006250 0.006944
8 0.954297 0.802083 0.002344 0.015278
8 0.931641 0.795833 0.035156 0.027778
5 0.958203 0.776389 0.000781 0.002778
0 0.895703 0.711111 0.128906 0.205556
0 0.495312 0.732639 0.057813 0.143056
1 0.953906 0.729861 0.007812 0.056944
2 0.955469 0.728472 0.004687 0.020833
2 0.956250 0.759028 0.004687 0.006944
1 0.910937 0.700000 0.000000 0.000000
1 0.999219 0.702778 0.000000 0.000000
2 0.667188 0.790278 0.000000 0.002778
2 0.700000 0.790972 0.004687 0.001389
2 0.751172 0.790972 0.000781 0.001389
2 0.699219 0.747222 0.048438 0.016667
2 0.761719 0.753472 0.023438 0.006944
2 0.698828 0.722917 0.047656 0.031944
2 0.761328 0.722917 0.022656 0.023611
5 0.751172 0.689583 0.135156 0.026389
5 0.751172 0.709722 0.135156 0.022222
5 0.751563 0.729167 0.135937 0.022222
5 0.751563 0.749306 0.135937 0.020833
5 0.751563 0.793056 0.134375 0.019444
5 0.751563 0.770833 0.134375 0.019444
5 0.752734 0.831944 0.135156 0.022222
5 0.752344 0.810417 0.135937 0.020833
5 0.864062 0.730556 0.135937 0.022222
5 0.864844 0.750694 0.135937 0.020833
5 0.879687 0.792361 0.107813 0.018056
5 0.865625 0.771528 0.135937 0.018056
5 0.866797 0.829861 0.136719 0.020833
5 0.866406 0.809722 0.135937 0.019444
5 0.863672 0.711806 0.135156 0.020833
5 0.863672 0.692361 0.135156 0.023611
5 0.955859 0.732639 0.086719 0.020833
5 0.955859 0.752778 0.086719 0.019444
5 0.956641 0.791667 0.085156 0.016667
5 0.956250 0.771528 0.085938 0.018056
5 0.957031 0.828472 0.084375 0.020833
5 0.957031 0.809028 0.084375 0.018056
5 0.955469 0.714583 0.087500 0.018056
5 0.955078 0.696528 0.088281 0.020833
5 0.953906 0.587500 0.090625 0.030556
5 0.953906 0.606250 0.090625 0.029167
5 0.954688 0.643750 0.089063 0.023611
5 0.954297 0.625694 0.089844 0.026389
5 0.955078 0.679167 0.088281 0.022222
5 0.954688 0.661111 0.089063 0.025000
5 0.953516 0.570139 0.091406 0.029167
5 0.953125 0.552083 0.092188 0.031944