3 0.481641 0.897222 0.914844 0.202778
8 0.626563 0.791667 0.098437 0.080556
5 0.601172 0.793056 0.011719 0.000000
5 0.601172 0.793056 0.011719 0.000000
5 0.601172 0.793056 0.011719 0.000000
5 0.599609 0.754167 0.005469 0.002778
5 0.599609 0.754167 0.005469 0.002778
5 0.599609 0.754167 0.005469 0.002778
8 0.913672 0.794444 0.038281 0.027778
8 0.919141 0.792361 0.016406 0.029167
8 0.897266 0.801389 0.014844 0.013889
5 0.919141 0.768750 0.011719 0.006944
8 0.901563 0.788889 0.064062 0.047222
5 0.917969 0.767361 0.029687 0.009722
8 0.867578 0.781944 0.063281 0.002778
8 0.861328 0.793056 0.060156 0.025000
8 0.837500 0.791667 0.065625 0.022222
8 0.820703 0.795833 0.075781 0.030556
8 0.792969 0.793056 0.073438 0.058333
5 0.787500 0.767361 0.064062 0.012500
8 0.860938 0.794444 0.090625 0.061111
5 0.860547 0.767361 0.080469 0.012500
8 0.720313 0.793056 0.082812 0.055556
5 0.735547 0.766667 0.046094 0.011111
8 0.658984 0.799306 0.078906 0.031944
8 0.864844 0.789583 0.087500 0.048611
5 0.866406 0.767361 0.073438 0.009722
8 0.847656 0.792361 0.092188 0.048611
5 0.829297 0.770139 0.032031 0.004167
8 0.762891 0.792361 0.080469 0.048611
5 0.762891 0.770139 0.047656 0.004167
8 0.702734 0.791667 0.072656 0.047222
5 0.727734 0.770139 0.014844 0.004167
8 0.626563 0.804167 0.096875 0.086111
5 0.621484 0.765972 0.088281 0.018056
8 0.651953 0.802083 0.136719 0.079167
5 0.688672 0.765972 0.046094 0.015278
0 0.586328 0.693750 0.019531 0.229167
0 0.640625 0.720833 0.075000 0.144444
2 0.964453 0.821528 0.069531 0.354167
2 0.958203 0.418750 0.082031 0.484722
2 0.513281 0.634028 0.115625 0.195833
2 0.167187 0.566667 0.251563 0.297222
2 0.161328 0.843750 0.257031 0.295833
2 0.513281 0.818056 0.117188 0.194444
2 0.373047 0.606944 0.164844 0.236111
2 0.024609 0.548611 0.049219 0.305556
2 0.019922 0.850000 0.039844 0.297222
2 0.371094 0.828472 0.167187 0.234722
2 0.893359 0.780556 0.049219 0.041667
2 0.925000 0.780556 0.014063 0.041667
2 0.892578 0.737500 0.049219 0.041667
2 0.923828 0.738194 0.014844 0.040278
2 0.891406 0.696528 0.048438 0.043056
2 0.922656 0.695833 0.014063 0.041667