3 0.499609 0.899306 0.999219 0.198611
5 0.518750 0.845139 0.075000 0.020833
5 0.518750 0.845139 0.075000 0.020833
5 0.518750 0.845139 0.075000 0.020833
5 0.518750 0.828472 0.075000 0.026389
5 0.518750 0.828472 0.075000 0.026389
5 0.518750 0.828472 0.075000 0.026389
5 0.518750 0.858333 0.075000 0.022222
5 0.518750 0.858333 0.075000 0.022222
5 0.518750 0.858333 0.075000 0.022222
5 0.607812 0.868750 0.067187 0.023611
5 0.607812 0.868750 0.067187 0.023611
5 0.607812 0.868750 0.067187 0.023611
5 0.608594 0.856250 0.068750 0.020833
5 0.608594 0.856250 0.068750 0.020833
5 0.608594 0.856250 0.068750 0.020833
5 0.608203 0.840972 0.067969 0.020833
5 0.608203 0.840972 0.067969 0.020833
5 0.608203 0.840972 0.067969 0.020833
5 0.612891 0.821528 0.077344 0.026389
5 0.612891 0.821528 0.077344 0.026389
5 0.612891 0.821528 0.077344 0.026389
6 0.378125 0.947222 0.114062 0.102778
6 0.479297 0.924306 0.089844 0.148611
6 0.380469 0.849306 0.118750 0.168056
6 0.433203 0.933333 0.102344 0.130556
7 0.081250 0.992361 0.096875 0.012500
8 0.240234 0.998611 0.005469 0.000000
5 0.180859 0.990278 0.108594 0.016667
0 0.727734 0.917361 0.177344 0.162500
0 0.689453 0.825694 0.094531 0.237500
1 0.109766 0.781250 0.100781 0.129167
1 0.072656 0.788194 0.104688 0.134722
1 0.043359 0.775000 0.086719 0.125000
1 0.025391 0.783333 0.050781 0.127778
1 0.010156 0.761111 0.020313 0.097222