3 0.398438 0.866667 0.796875 0.263889
6 0.431250 0.718750 0.056250 0.059722
6 0.431250 0.659028 0.056250 0.068056
6 0.454297 0.718056 0.010156 0.061111
8 0.453906 0.793750 0.004687 0.031944
0 0.889453 0.581944 0.219531 0.833333
0 0.234766 0.627778 0.113281 0.125000
0 0.517578 0.643750 0.080469 0.101389
0 0.619141 0.656944 0.053906 0.072222
1 0.303906 0.674306 0.059375 0.029167
1 0.291406 0.674306 0.042188 0.029167
1 0.253125 0.668056 0.042188 0.013889
1 0.242578 0.669444 0.011719 0.019444
1 0.239453 0.681250 0.000781 0.001389
1 0.189062 0.670139 0.004687 0.018056
1 0.185156 0.669444 0.007812 0.011111
1 0.054297 0.673611 0.064844 0.036111
1 0.031641 0.672917 0.063281 0.034722
1 0.997266 0.643056 0.002344 0.005556
2 0.994922 0.659722 0.002344 0.013889
1 0.996094 0.651389 0.001563 0.000000
1 0.932422 0.645139 0.003906 0.006944
2 0.931250 0.659028 0.001563 0.009722
2 0.791406 0.880556 0.059375 0.127778
2 0.612891 0.919444 0.300781 0.158333
2 0.612500 0.779861 0.298438 0.170833
2 0.748828 0.755556 0.225781 0.127778
2 0.359766 0.740972 0.182031 0.101389
2 0.178125 0.752778 0.215625 0.122222
2 0.229687 0.868750 0.110937 0.131944
2 0.412891 0.837500 0.075781 0.105556
2 0.314453 0.745833 0.122656 0.111111
2 0.088672 0.761111 0.177344 0.138889
2 0.087891 0.890278 0.175781 0.147222
2 0.329688 0.852778 0.090625 0.116667
2 0.455469 0.784028 0.007812 0.068056
2 0.809766 0.688889 0.016406 0.005556
2 0.809375 0.668056 0.017188 0.033333
2 0.866797 0.665972 0.014844 0.031944
5 0.032031 0.640972 0.064062 0.012500
5 0.032031 0.652778 0.064062 0.011111
5 0.032031 0.676389 0.064062 0.011111
5 0.032031 0.665278 0.064062 0.011111
5 0.031641 0.686806 0.063281 0.009722
5 0.032422 0.629167 0.064844 0.011111
5 0.032422 0.618750 0.064844 0.012500