3 0.499609 0.900694 0.999219 0.195833
4 0.523047 0.967361 0.005469 0.062500
5 0.186328 0.848611 0.078906 0.019444
5 0.186328 0.848611 0.078906 0.019444
5 0.186328 0.848611 0.078906 0.019444
5 0.186719 0.831250 0.078125 0.023611
5 0.186719 0.831250 0.078125 0.023611
5 0.186719 0.831250 0.078125 0.023611
5 0.186328 0.862500 0.078906 0.019444
5 0.186328 0.862500 0.078906 0.019444
5 0.186328 0.862500 0.078906 0.019444
5 0.279297 0.854167 0.066406 0.016667
5 0.279297 0.854167 0.066406 0.016667
5 0.279297 0.854167 0.066406 0.016667
5 0.279297 0.840972 0.066406 0.018056
5 0.279297 0.840972 0.066406 0.018056
5 0.279297 0.840972 0.066406 0.018056
5 0.279297 0.825694 0.066406 0.018056
5 0.279297 0.825694 0.066406 0.018056
5 0.279297 0.825694 0.066406 0.018056
5 0.279297 0.809028 0.066406 0.020833
5 0.279297 0.809028 0.066406 0.020833
5 0.279297 0.809028 0.066406 0.020833
6 0.555859 0.884028 0.096094 0.109722
6 0.467969 0.866667 0.078125 0.122222
6 0.556641 0.784028 0.099219 0.131944
6 0.508203 0.870833 0.083594 0.113889
6 0.823047 0.947917 0.139844 0.101389
6 0.957031 0.963194 0.084375 0.070833
7 0.326172 0.986111 0.113281 0.025000
8 0.635156 0.995833 0.131250 0.005556
5 0.636328 0.988194 0.122656 0.020833
8 0.587109 0.984028 0.122656 0.029167
5 0.583984 0.977083 0.113281 0.040278
8 0.539453 0.975694 0.117969 0.045833
5 0.539062 0.958333 0.106250 0.036111
8 0.499609 0.966667 0.110156 0.063889
5 0.498828 0.940278 0.099219 0.033333
8 0.639062 0.961111 0.112500 0.044444
5 0.638672 0.945139 0.102344 0.034722
8 0.594922 0.939583 0.107031 0.034722
5 0.594141 0.927778 0.096094 0.030556
8 0.655078 0.969444 0.055469 0.030556
5 0.666797 0.961806 0.067969 0.037500
8 0.703516 0.987500 0.047656 0.022222
5 0.706641 0.982639 0.041406 0.023611
8 0.919922 0.851389 0.064844 0.038889
5 0.922656 0.831944 0.064062 0.011111
8 0.884766 0.843750 0.067969 0.037500
5 0.884375 0.826389 0.060937 0.011111
8 0.947656 0.858333 0.045312 0.041667
5 0.954297 0.838194 0.052344 0.012500
8 0.973047 0.864583 0.008594 0.040278
5 0.975000 0.845139 0.006250 0.004167
8 0.833594 0.851389 0.068750 0.041667
5 0.833594 0.832639 0.062500 0.015278
8 0.868750 0.858333 0.067187 0.044444
5 0.871094 0.839583 0.065625 0.015278
8 0.909766 0.865972 0.075781 0.045833
5 0.909766 0.845833 0.067969 0.016667
8 0.946094 0.874306 0.064062 0.048611
5 0.948438 0.853472 0.060937 0.018056
0 0.987891 0.827083 0.022656 0.256944
0 0.454297 0.779167 0.092969 0.183333
1 0.997656 0.755556 0.003125 0.058333
2 0.999219 0.734722 0.000000 0.005556
1 0.955469 0.777778 0.087500 0.111111
2 0.924609 0.784722 0.016406 0.002778
2 0.937109 0.735417 0.038281 0.001389
2 0.982422 0.757639 0.033594 0.037500
2 0.966406 0.804167 0.065625 0.041667
2 0.939063 0.736806 0.012500 0.001389
2 0.972266 0.736111 0.002344 0.000000
2 0.960938 0.738194 0.021875 0.001389
2 0.980078 0.736806 0.014844 0.001389
1 0.927344 0.782639 0.104688 0.118056
2 0.893359 0.802778 0.027344 0.036111
2 0.907031 0.785417 0.021875 0.001389
2 0.898047 0.754861 0.038281 0.037500
2 0.951172 0.759722 0.044531 0.038889
2 0.936328 0.808333 0.078906 0.044444
2 0.905859 0.756250 0.021094 0.037500
2 0.923438 0.737500 0.021875 0.000000
2 0.921875 0.757639 0.020313 0.037500
2 0.943359 0.738889 0.024219 0.000000
2 0.637109 0.816667 0.038281 0.047222
2 0.691406 0.826389 0.068750 0.047222
2 0.763672 0.824306 0.022656 0.040278
2 0.691016 0.786111 0.069531 0.044444
2 0.763281 0.784722 0.023438 0.038889
2 0.690625 0.745833 0.068750 0.044444
2 0.749609 0.743750 0.049219 0.043056