3 0.568750 0.943056 0.860938 0.111111
6 0.689063 0.993750 0.104688 0.009722
6 0.464062 0.978472 0.139063 0.040278
6 0.688672 0.909722 0.108594 0.177778
6 0.573047 0.981944 0.125781 0.033333
8 0.710547 0.943750 0.050781 0.026389
5 0.709375 0.934028 0.048438 0.018056
8 0.640625 0.951389 0.028125 0.041667
5 0.641797 0.927778 0.024219 0.011111
8 0.761719 0.948611 0.046875 0.036111
5 0.758594 0.934028 0.048438 0.009722
8 0.815234 0.959028 0.053906 0.054167
5 0.815625 0.939583 0.048438 0.018056
8 0.628516 0.963194 0.052344 0.040278
5 0.630469 0.941667 0.048438 0.019444
8 0.691016 0.948611 0.058594 0.016667
5 0.690625 0.945833 0.051562 0.019444
8 0.725000 0.954167 0.023438 0.008333
5 0.729297 0.947917 0.025781 0.018056
8 0.807031 0.970833 0.051562 0.055556
5 0.805078 0.952778 0.049219 0.022222
8 0.925000 0.967361 0.051562 0.056944
5 0.925781 0.947917 0.045312 0.020833
8 0.980078 0.968056 0.038281 0.052778
5 0.982031 0.948611 0.034375 0.016667
8 0.982812 0.975000 0.026562 0.038889
5 0.985938 0.957639 0.026562 0.009722
8 0.983203 0.981944 0.032031 0.033333
5 0.984766 0.973611 0.028906 0.019444
0 0.244141 0.889583 0.161719 0.218056
1 0.698438 0.850000 0.082812 0.100000
2 0.671484 0.813889 0.022656 0.005556
2 0.724219 0.827778 0.021875 0.030556
2 0.713672 0.872222 0.044531 0.033333
2 0.687109 0.814583 0.019531 0.004167
2 0.703516 0.814583 0.016406 0.004167
2 0.710547 0.812500 0.010156 0.000000
1 0.853906 0.858333 0.085938 0.111111
2 0.825000 0.816667 0.020313 0.005556
2 0.882031 0.831944 0.020313 0.033333
2 0.889453 0.877083 0.007031 0.034722
2 0.841797 0.817361 0.016406 0.004167
2 0.841016 0.813889 0.008594 0.000000
2 0.868750 0.817361 0.004687 0.004167
2 0.870313 0.815278 0.003125 0.000000
1 0.675000 0.863194 0.090625 0.118056
2 0.646484 0.820139 0.025781 0.006944
2 0.703125 0.836111 0.025000 0.036111
2 0.695312 0.881250 0.043750 0.034722
2 0.663281 0.820833 0.021875 0.005556
2 0.661328 0.816667 0.000781 0.000000
2 0.681250 0.820833 0.017188 0.005556
2 0.685547 0.818056 0.016406 0.000000
1 0.845313 0.868750 0.093750 0.123611
2 0.812500 0.823611 0.021875 0.008333
2 0.876563 0.839583 0.020313 0.037500
2 0.886328 0.889583 0.003906 0.040278
2 0.832812 0.824306 0.020313 0.006944
2 0.837500 0.820833 0.014063 0.000000
2 0.846875 0.825000 0.006250 0.005556
2 0.847656 0.820833 0.004687 0.000000
1 0.645312 0.872917 0.100000 0.126389
2 0.609766 0.878472 0.021094 0.001389
2 0.614453 0.825000 0.027344 0.002778
2 0.680078 0.845139 0.021094 0.040278
2 0.656641 0.896528 0.071094 0.040278
2 0.626563 0.825694 0.014063 0.001389
2 0.631250 0.823611 0.001563 0.000000
2 0.664844 0.825000 0.007812 0.000000
1 0.833984 0.881944 0.105469 0.138889
2 0.797656 0.884722 0.023438 0.002778
2 0.798047 0.829167 0.025781 0.002778
2 0.872266 0.850000 0.011719 0.041667
2 0.846094 0.897222 0.071875 0.025000
2 0.820312 0.829861 0.023438 0.001389
2 0.823047 0.828472 0.021094 0.001389
2 0.841016 0.829861 0.017969 0.001389
2 0.842187 0.828472 0.015625 0.001389
1 0.635938 0.875694 0.095312 0.126389
2 0.599219 0.902778 0.020313 0.041667
2 0.601562 0.879861 0.021875 0.001389
2 0.600000 0.847222 0.023438 0.041667
2 0.663672 0.852083 0.030469 0.037500
2 0.642578 0.902083 0.074219 0.045833
2 0.616797 0.849306 0.024219 0.040278
2 0.623047 0.827778 0.021094 0.000000
2 0.637109 0.849306 0.021094 0.040278
1 0.831250 0.889583 0.104688 0.145833
2 0.791797 0.909722 0.024219 0.041667
2 0.794141 0.887500 0.024219 0.002778
2 0.791406 0.852778 0.025000 0.044444
2 0.872266 0.855556 0.010156 0.044444
2 0.841406 0.911806 0.075000 0.051389
2 0.814063 0.854861 0.025000 0.043056
2 0.816797 0.831944 0.024219 0.000000
2 0.838281 0.854861 0.025000 0.043056
2 0.839844 0.832639 0.020313 0.001389
2 0.346484 0.944444 0.060156 0.061111
2 0.355469 0.910417 0.042188 0.009722
2 0.425781 0.948611 0.098437 0.052778
2 0.487891 0.941667 0.024219 0.055556
2 0.425781 0.901389 0.098437 0.055556
2 0.487891 0.893750 0.024219 0.051389
2 0.426172 0.850000 0.097656 0.055556
2 0.454688 0.844444 0.090625 0.052778