3 0.257422 0.922917 0.514844 0.151389
5 0.112500 0.838889 0.087500 0.011111
5 0.112500 0.838889 0.087500 0.011111
5 0.112500 0.838889 0.087500 0.011111
5 0.238672 0.865278 0.010156 0.013889
5 0.238672 0.865278 0.010156 0.013889
5 0.238672 0.865278 0.010156 0.013889
5 0.205078 0.851389 0.077344 0.013889
5 0.205078 0.851389 0.077344 0.013889
5 0.205078 0.851389 0.077344 0.013889
5 0.204687 0.838194 0.079687 0.018056
5 0.204687 0.838194 0.079687 0.018056
5 0.204687 0.838194 0.079687 0.018056
5 0.204687 0.822917 0.079687 0.015278
5 0.204687 0.822917 0.079687 0.015278
5 0.204687 0.822917 0.079687 0.015278
6 0.476172 0.855556 0.077344 0.094444
6 0.499609 0.856944 0.030469 0.094444
7 0.459375 0.935417 0.104688 0.037500
6 0.499609 0.499306 0.999219 0.998611
0 0.392969 0.784722 0.107813 0.183333
1 0.118750 0.796528 0.237500 0.404167
2 0.505859 0.833333 0.010156 0.033333