3 0.499609 0.856944 0.999219 0.283333
4 0.613672 0.927778 0.016406 0.108333
4 0.806641 0.968056 0.053906 0.061111
4 0.976172 0.990972 0.005469 0.015278
5 0.188281 0.787500 0.071875 0.022222
5 0.188281 0.787500 0.071875 0.022222
5 0.188281 0.787500 0.071875 0.022222
5 0.188281 0.772222 0.071875 0.025000
5 0.188281 0.772222 0.071875 0.025000
5 0.188281 0.772222 0.071875 0.025000
5 0.188281 0.798611 0.071875 0.025000
5 0.188281 0.798611 0.071875 0.025000
5 0.188281 0.798611 0.071875 0.025000
5 0.268359 0.787500 0.067969 0.019444
5 0.268359 0.787500 0.067969 0.019444
5 0.268359 0.787500 0.067969 0.019444
5 0.268359 0.775694 0.067969 0.020833
5 0.268359 0.775694 0.067969 0.020833
5 0.268359 0.775694 0.067969 0.020833
5 0.268359 0.763889 0.067969 0.019444
5 0.268359 0.763889 0.067969 0.019444
5 0.268359 0.763889 0.067969 0.019444
5 0.268359 0.748611 0.067969 0.022222
5 0.268359 0.748611 0.067969 0.022222
5 0.268359 0.748611 0.067969 0.022222
6 0.568750 0.824306 0.075000 0.095833
6 0.470703 0.801389 0.063281 0.102778
6 0.569531 0.738889 0.076563 0.108333
6 0.517969 0.809028 0.075000 0.095833
6 0.826562 0.911806 0.081250 0.156944
6 0.945703 0.927778 0.107031 0.141667
7 0.425391 0.921528 0.088281 0.043056
7 0.698438 0.998611 0.004687 0.000000
8 0.686719 0.943056 0.096875 0.069444
5 0.686328 0.913194 0.086719 0.034722
8 0.635547 0.924306 0.092969 0.065278
5 0.635156 0.896528 0.082812 0.031944
8 0.591406 0.909722 0.089063 0.061111
5 0.591406 0.883333 0.079687 0.030556
8 0.548828 0.893750 0.085156 0.056944
5 0.548438 0.868750 0.076563 0.029167
8 0.655859 0.881250 0.085156 0.034722
5 0.655469 0.867361 0.076563 0.029167
8 0.612500 0.866667 0.081250 0.030556
5 0.612109 0.854861 0.072656 0.026389
8 0.700000 0.901389 0.087500 0.052778
5 0.700000 0.879167 0.078125 0.030556
8 0.728516 0.924306 0.046094 0.062500
5 0.730469 0.895833 0.040625 0.030556
8 0.808203 0.766667 0.042969 0.027778
5 0.807031 0.754167 0.042188 0.011111
8 0.771484 0.751389 0.052344 0.008333
5 0.771094 0.747222 0.046875 0.005556
8 0.836328 0.774306 0.055469 0.031944
5 0.835938 0.759722 0.050000 0.013889
8 0.861719 0.783333 0.035937 0.036111
5 0.865234 0.765972 0.036719 0.015278
8 0.729297 0.770833 0.042969 0.033333
5 0.730859 0.755556 0.039844 0.013889
8 0.767578 0.775694 0.055469 0.031944
5 0.767969 0.761806 0.050000 0.009722
8 0.807031 0.783333 0.042188 0.036111
5 0.805469 0.766667 0.039062 0.013889
8 0.835938 0.790278 0.059375 0.038889
5 0.836328 0.772917 0.052344 0.015278
8 0.998437 0.803472 0.001563 0.001389
8 0.990625 0.822222 0.017188 0.002778
5 0.995703 0.813194 0.007031 0.018056
5 0.946094 0.772222 0.000000 0.000000
8 0.994922 0.790278 0.005469 0.002778
5 0.990234 0.786111 0.017969 0.013889
8 0.996484 0.804167 0.000781 0.000000
5 0.995703 0.797917 0.007031 0.009722
0 0.938281 0.772222 0.121875 0.213889
0 0.425781 0.722917 0.090625 0.162500
1 0.938281 0.660417 0.060937 0.031944
2 0.911328 0.658333 0.013281 0.008333
2 0.951562 0.668056 0.028125 0.019444
2 0.919531 0.660417 0.018750 0.006944
2 0.927734 0.655556 0.013281 0.000000
2 0.932031 0.666667 0.017188 0.019444
2 0.942187 0.656944 0.017188 0.000000
1 0.881250 0.692361 0.078125 0.084722
2 0.855469 0.704167 0.020313 0.011111
2 0.867188 0.697222 0.014063 0.000000
2 0.857422 0.664583 0.024219 0.009722
2 0.910547 0.672222 0.011719 0.016667
2 0.872266 0.713194 0.025781 0.031944
2 0.869141 0.676389 0.021094 0.027778
2 0.876953 0.661806 0.013281 0.001389
2 0.878906 0.677778 0.012500 0.027778
2 0.883203 0.662500 0.003906 0.000000
1 0.979297 0.667361 0.017969 0.015278
2 0.986328 0.675000 0.025781 0.011111
2 0.995313 0.724306 0.007812 0.004167
2 0.994531 0.677778 0.009375 0.011111
1 0.824219 0.706250 0.078125 0.101389
2 0.799609 0.668056 0.028906 0.002778
2 0.843359 0.686806 0.032031 0.031944
2 0.839063 0.725694 0.042188 0.034722
2 0.809375 0.669444 0.021875 0.002778
2 0.818750 0.668056 0.020313 0.000000
2 0.823438 0.670833 0.021875 0.002778
2 0.831641 0.669444 0.017969 0.000000
1 0.955469 0.723611 0.087500 0.100000
2 0.931250 0.679861 0.018750 0.004167
2 0.982812 0.700694 0.032813 0.034722
2 0.981250 0.744444 0.035937 0.036111
2 0.947266 0.682639 0.014844 0.001389
2 0.957812 0.684722 0.017188 0.002778
2 0.973828 0.681944 0.016406 0.000000
1 0.811328 0.709722 0.052344 0.091667
2 0.787891 0.709722 0.005469 0.000000
2 0.787109 0.669444 0.003906 0.000000
2 0.817187 0.690278 0.032813 0.033333
2 0.810156 0.729861 0.050000 0.037500
2 0.789844 0.687500 0.009375 0.030556
2 0.793359 0.671528 0.016406 0.001389
2 0.796875 0.688889 0.021875 0.030556
2 0.805469 0.672917 0.017188 0.001389
1 0.943359 0.725000 0.075781 0.094444
2 0.907813 0.740972 0.004687 0.026389
2 0.914453 0.725694 0.017969 0.001389
2 0.914062 0.698611 0.018750 0.036111
2 0.959375 0.704861 0.035937 0.037500
2 0.942578 0.747222 0.071094 0.041667
2 0.916797 0.702083 0.021094 0.034722
2 0.925781 0.684028 0.007812 0.001389
2 0.935547 0.702778 0.024219 0.033333
2 0.946484 0.685417 0.016406 0.001389
2 0.559375 0.739583 0.037500 0.040278
2 0.575781 0.719444 0.004687 0.002778
2 0.611719 0.750694 0.065625 0.040278
2 0.660937 0.747222 0.031250 0.036111
2 0.611719 0.716667 0.065625 0.038889
2 0.660547 0.714583 0.030469 0.034722
2 0.611719 0.682639 0.065625 0.040278
2 0.643750 0.679167 0.064062 0.038889