3 0.499609 0.839583 0.999219 0.318056
4 0.311328 0.745139 0.008594 0.059722
4 0.245312 0.761806 0.004687 0.048611
4 0.222266 0.767361 0.002344 0.020833
4 0.175781 0.807639 0.017188 0.076389
4 0.137109 0.840278 0.011719 0.086111
4 0.072656 0.863889 0.017188 0.097222
4 0.015625 0.905556 0.007812 0.105556
8 0.157812 0.871528 0.079687 0.070833
8 0.814844 0.806944 0.073438 0.041667
5 0.447266 0.684028 0.038281 0.006944
5 0.447266 0.684028 0.038281 0.006944
5 0.447266 0.684028 0.038281 0.006944
5 0.448047 0.674306 0.039844 0.009722
5 0.448047 0.674306 0.039844 0.009722
5 0.448047 0.674306 0.039844 0.009722
5 0.447656 0.690972 0.039062 0.009722
5 0.447656 0.690972 0.039062 0.009722
5 0.447656 0.690972 0.039062 0.009722
5 0.507031 0.692361 0.034375 0.009722
5 0.507031 0.692361 0.034375 0.009722
5 0.507031 0.692361 0.034375 0.009722
5 0.506250 0.684028 0.035937 0.009722
5 0.506250 0.684028 0.035937 0.009722
5 0.506250 0.684028 0.035937 0.009722
5 0.505859 0.675694 0.036719 0.009722
5 0.505859 0.675694 0.036719 0.009722
5 0.505859 0.675694 0.036719 0.009722
5 0.506641 0.666667 0.035156 0.011111
5 0.506641 0.666667 0.035156 0.011111
5 0.506641 0.666667 0.035156 0.011111
6 0.467969 0.715972 0.039062 0.070833
6 0.485938 0.701389 0.035937 0.063889
6 0.469141 0.657639 0.041406 0.068056
6 0.478906 0.708333 0.035937 0.066667
6 0.387891 0.754167 0.061719 0.077778
6 0.382422 0.775694 0.063281 0.084722
7 0.248828 0.911111 0.092969 0.036111
7 0.205469 0.947222 0.103125 0.041667
7 0.837500 0.983333 0.107813 0.030556
7 0.003125 0.886111 0.006250 0.011111
7 0.138281 0.811806 0.040625 0.029167
7 0.316016 0.741667 0.041406 0.013889
7 0.250781 0.781944 0.051562 0.013889
8 0.044531 0.992361 0.007812 0.012500
5 0.019922 0.989583 0.039844 0.018056
8 0.106641 0.957639 0.099219 0.081944
5 0.107422 0.934722 0.088281 0.041667
8 0.042969 0.952778 0.085938 0.077778
5 0.040234 0.929861 0.080469 0.040278
8 0.303516 0.818056 0.050781 0.044444
5 0.319531 0.800694 0.014063 0.012500
8 0.261328 0.807639 0.036719 0.023611
5 0.242969 0.802083 0.000000 0.012500
5 0.336719 0.750000 0.000000 0.000000
8 0.451953 0.750694 0.011719 0.034722
5 0.437109 0.736111 0.035156 0.008333
8 0.443359 0.743750 0.047656 0.031944
5 0.441797 0.730556 0.044531 0.011111
8 0.442969 0.757639 0.015625 0.034722
5 0.433594 0.743750 0.028125 0.012500
8 0.429688 0.766667 0.020313 0.036111
5 0.428125 0.752083 0.017188 0.012500
8 0.834766 0.729861 0.042969 0.026389
5 0.835156 0.719444 0.040625 0.008333
8 0.814063 0.725694 0.004687 0.029167
5 0.830859 0.712500 0.035156 0.005556
8 0.839844 0.730556 0.043750 0.016667
5 0.839453 0.723611 0.041406 0.005556
8 0.841797 0.734028 0.044531 0.012500
5 0.842578 0.732639 0.042969 0.012500
8 0.782422 0.712500 0.041406 0.005556
5 0.782031 0.711111 0.037500 0.005556
8 0.782813 0.729167 0.042188 0.027778
5 0.782813 0.717361 0.039062 0.006944
8 0.786719 0.731250 0.043750 0.023611
5 0.786328 0.721528 0.039844 0.006944
8 0.787891 0.738194 0.046094 0.023611
5 0.787109 0.730556 0.041406 0.011111
8 0.844531 0.782639 0.039062 0.045833
5 0.844141 0.767361 0.035156 0.018056
8 0.893359 0.784028 0.042969 0.043056
5 0.889062 0.768750 0.029687 0.015278
8 0.803125 0.780556 0.037500 0.044444
5 0.802734 0.765972 0.033594 0.018056
8 0.755859 0.779167 0.036719 0.044444
5 0.755078 0.763889 0.032031 0.016667
8 0.844922 0.755556 0.053906 0.030556
5 0.842187 0.743056 0.043750 0.008333
8 0.852344 0.768056 0.056250 0.038889
5 0.851562 0.753472 0.050000 0.012500
8 0.801562 0.765278 0.035937 0.036111
5 0.801172 0.754167 0.032031 0.016667
8 0.756641 0.763194 0.035156 0.034722
5 0.755859 0.750694 0.030469 0.012500
8 0.889453 0.850694 0.074219 0.054167
5 0.888281 0.833333 0.067187 0.022222
8 0.882812 0.834722 0.070312 0.050000
5 0.882031 0.815972 0.064062 0.015278
8 0.916797 0.915278 0.091406 0.066667
5 0.909766 0.895139 0.071094 0.029167
8 0.905078 0.893750 0.080469 0.062500
5 0.906641 0.872222 0.077344 0.022222
8 0.807031 0.910417 0.082812 0.070833
5 0.805859 0.888194 0.075781 0.029167
8 0.803906 0.884722 0.078125 0.058333
5 0.802734 0.865278 0.071094 0.022222
0 0.612891 0.783333 0.067969 0.247222
0 0.661719 0.715972 0.048438 0.176389
0 0.565234 0.657639 0.038281 0.115278
1 0.179297 0.657639 0.064844 0.079167
1 0.164844 0.661111 0.067187 0.080556
1 0.136328 0.656944 0.035156 0.077778
1 0.105469 0.660417 0.067187 0.079167
1 0.056641 0.655556 0.047656 0.075000
1 0.052344 0.659028 0.059375 0.079167
1 0.010156 0.688194 0.020313 0.087500
1 0.967187 0.652083 0.053125 0.026389
2 0.957031 0.652778 0.028125 0.005556
2 0.988281 0.660417 0.004687 0.009722
2 0.960547 0.651389 0.003906 0.000000
2 0.966016 0.651389 0.005469 0.000000
2 0.963281 0.654167 0.009375 0.000000
2 0.969922 0.654167 0.002344 0.000000
1 0.992578 0.717361 0.013281 0.112500
2 0.989062 0.710417 0.003125 0.001389
2 0.992969 0.666667 0.012500 0.000000
2 0.995703 0.689583 0.007031 0.034722
2 0.993359 0.733333 0.011719 0.041667
2 0.992969 0.684028 0.012500 0.031944
2 0.993359 0.687500 0.011719 0.033333
1 0.916406 0.690278 0.039062 0.102778
2 0.901172 0.700694 0.003906 0.026389
2 0.923438 0.688889 0.006250 0.000000
2 0.916406 0.663194 0.034375 0.029167
2 0.928906 0.669444 0.031250 0.030556
2 0.917969 0.706944 0.031250 0.036111
2 0.902734 0.664583 0.000781 0.026389
2 0.917578 0.652778 0.008594 0.000000
2 0.932031 0.653472 0.018750 0.001389
1 0.956641 0.712500 0.060156 0.119444
2 0.933984 0.725000 0.008594 0.033333
2 0.935937 0.681250 0.012500 0.031944
2 0.956250 0.689583 0.031250 0.034722
2 0.952734 0.731944 0.038281 0.041667
2 0.937500 0.682639 0.009375 0.031944
2 0.939453 0.686111 0.005469 0.033333
2 0.964844 0.670833 0.012500 0.000000
2 0.982422 0.870139 0.033594 0.073611
2 0.969531 0.934028 0.006250 0.068056
2 0.992578 0.900694 0.013281 0.090278
2 0.992969 0.963889 0.012500 0.069444
2 0.816016 0.852083 0.066406 0.079167
2 0.741797 0.848611 0.061719 0.077778
2 0.778906 0.693056 0.001563 0.027778
2 0.757812 0.704167 0.032813 0.030556
2 0.798047 0.703472 0.035156 0.034722
2 0.757812 0.675000 0.032813 0.030556
2 0.798047 0.675694 0.035156 0.031944
2 0.757812 0.645833 0.032813 0.033333
2 0.797656 0.646528 0.034375 0.031944
5 0.213672 0.787500 0.072656 0.022222
5 0.212891 0.799306 0.071094 0.020833
5 0.212500 0.809722 0.070312 0.022222
5 0.212500 0.820833 0.070312 0.022222
5 0.212500 0.844444 0.070312 0.022222
5 0.212891 0.831944 0.071094 0.022222
5 0.212500 0.865278 0.070312 0.022222
5 0.212500 0.853472 0.070312 0.023611
5 0.283984 0.813194 0.071094 0.020833
5 0.283984 0.824306 0.071094 0.023611
5 0.283984 0.846528 0.071094 0.023611
5 0.283984 0.834722 0.071094 0.025000
5 0.283984 0.868056 0.071094 0.025000
5 0.283984 0.857639 0.071094 0.023611
5 0.283984 0.802778 0.071094 0.022222
5 0.283984 0.790278 0.071094 0.022222
5 0.364063 0.816667 0.068750 0.022222
5 0.364063 0.828472 0.068750 0.023611
5 0.364063 0.851389 0.068750 0.025000
5 0.364063 0.839583 0.068750 0.023611
5 0.364063 0.873611 0.068750 0.025000
5 0.364063 0.861806 0.068750 0.023611
5 0.018359 0.753472 0.036719 0.012500
5 0.018359 0.761806 0.036719 0.012500
5 0.364063 0.806944 0.068750 0.022222
5 0.364063 0.794444 0.068750 0.022222
5 0.364063 0.728472 0.068750 0.018056
5 0.364063 0.740278 0.068750 0.019444
5 0.364063 0.763194 0.068750 0.020833
5 0.364063 0.751389 0.068750 0.019444
5 0.364063 0.785417 0.068750 0.020833
5 0.364063 0.772917 0.068750 0.020833
5 0.018359 0.747222 0.036719 0.013889
5 0.018359 0.738889 0.036719 0.013889
5 0.364063 0.718750 0.068750 0.018056
5 0.364063 0.706250 0.068750 0.018056