3 0.499609 0.822222 0.999219 0.352778
5 0.006250 0.954167 0.012500 0.027778
5 0.006250 0.954167 0.012500 0.027778
5 0.006250 0.954167 0.012500 0.027778
5 0.005859 0.920833 0.011719 0.047222
5 0.005859 0.920833 0.011719 0.047222
5 0.005859 0.920833 0.011719 0.047222
5 0.006641 0.978472 0.013281 0.026389
5 0.006641 0.978472 0.013281 0.026389
5 0.006641 0.978472 0.013281 0.026389
5 0.107813 0.935417 0.107813 0.065278
5 0.107813 0.935417 0.107813 0.065278
5 0.107813 0.935417 0.107813 0.065278
5 0.107813 0.913889 0.107813 0.066667
5 0.107813 0.913889 0.107813 0.066667
5 0.107813 0.913889 0.107813 0.066667
5 0.107031 0.890278 0.107813 0.066667
5 0.107031 0.890278 0.107813 0.066667
5 0.107031 0.890278 0.107813 0.066667
5 0.106641 0.859028 0.108594 0.079167
5 0.106641 0.859028 0.108594 0.079167
5 0.106641 0.859028 0.108594 0.079167
8 0.976172 0.934722 0.046094 0.080556
5 0.978906 0.902083 0.040625 0.051389
0 0.397656 0.836111 0.151562 0.325000
2 0.666797 0.777778 0.066406 0.102778
2 0.694922 0.727778 0.010156 0.013889
2 0.760156 0.825000 0.121875 0.100000
2 0.848828 0.814583 0.055469 0.073611
2 0.760938 0.765278 0.121875 0.094444
2 0.850000 0.756250 0.056250 0.070833
2 0.762109 0.700694 0.122656 0.104167
2 0.819141 0.684028 0.119531 0.098611