3 0.430469 0.961806 0.528125 0.073611
4 0.183984 0.934722 0.003906 0.041667
4 0.383984 0.942361 0.003906 0.043056
4 0.244531 0.929861 0.023438 0.056944
4 0.193750 0.929167 0.004687 0.055556
4 0.128125 0.921528 0.007812 0.037500
8 0.600391 0.926389 0.030469 0.019444
8 0.494531 0.920833 0.003125 0.013889
5 0.594531 0.914583 0.035937 0.006944
5 0.594531 0.914583 0.035937 0.006944
5 0.594531 0.914583 0.035937 0.006944
5 0.594922 0.906944 0.035156 0.005556
5 0.594922 0.906944 0.035156 0.005556
5 0.594922 0.906944 0.035156 0.005556
5 0.594531 0.921528 0.035937 0.006944
5 0.594531 0.921528 0.035937 0.006944
5 0.594531 0.921528 0.035937 0.006944
5 0.560937 0.922917 0.031250 0.006944
5 0.560937 0.922917 0.031250 0.006944
5 0.560937 0.922917 0.031250 0.006944
5 0.560547 0.915278 0.030469 0.005556
5 0.560547 0.915278 0.030469 0.005556
5 0.560547 0.915278 0.030469 0.005556
5 0.560547 0.909722 0.030469 0.002778
5 0.560547 0.909722 0.030469 0.002778
5 0.560547 0.909722 0.030469 0.002778
5 0.562891 0.899306 0.035156 0.004167
5 0.562891 0.899306 0.035156 0.004167
5 0.562891 0.899306 0.035156 0.004167
6 0.498828 0.904861 0.014844 0.043056
6 0.515625 0.904167 0.026562 0.041667
6 0.378906 0.950000 0.028125 0.097222
6 0.525781 0.950694 0.112500 0.095833
6 0.380469 0.847222 0.029687 0.136111
6 0.428906 0.950000 0.112500 0.097222
7 0.388281 0.988889 0.035937 0.019444
7 0.666797 0.938194 0.003906 0.009722
7 0.258203 0.931250 0.030469 0.009722
6 0.156250 0.861806 0.059375 0.068056
6 0.198828 0.862500 0.038281 0.063889
6 0.154297 0.922917 0.060156 0.068056
6 0.197266 0.921528 0.038281 0.065278
6 0.192969 0.912500 0.029687 0.041667
8 0.122656 0.995833 0.000000 0.000000
5 0.144531 0.959028 0.042188 0.006944
8 0.182422 0.992361 0.019531 0.006944
5 0.182422 0.961111 0.075781 0.008333
8 0.216016 0.988889 0.046094 0.019444
5 0.235156 0.962500 0.075000 0.008333
8 0.265234 0.986806 0.016406 0.020833
5 0.265625 0.964583 0.017188 0.004167
8 0.195703 0.983333 0.063281 0.030556
5 0.183984 0.973611 0.080469 0.016667
8 0.236328 0.986806 0.075781 0.023611
5 0.239063 0.975694 0.070312 0.018056
8 0.147266 0.986111 0.049219 0.025000
5 0.146094 0.970833 0.045312 0.013889
0 0.138672 0.872222 0.024219 0.108333
1 0.474219 0.905556 0.090625 0.111111
1 0.487500 0.904861 0.082812 0.106944
1 0.257422 0.903472 0.035156 0.101389
1 0.245703 0.904167 0.060156 0.105556
2 0.149609 0.871528 0.000781 0.009722
2 0.150781 0.867361 0.000000 0.001389
1 0.087500 0.795833 0.175000 0.405556
2 0.065625 0.847917 0.131250 0.301389
2 0.846875 0.968750 0.304688 0.059722
2 0.844922 0.828472 0.308594 0.251389
5 0.453516 0.934722 0.030469 0.005556
5 0.453516 0.928472 0.030469 0.004167
5 0.453516 0.917361 0.030469 0.004167
5 0.453516 0.922917 0.030469 0.004167
5 0.407422 0.947222 0.039844 0.008333
5 0.416016 0.954861 0.017969 0.006944
5 0.398438 0.950694 0.021875 0.009722
5 0.396094 0.959028 0.020313 0.009722
5 0.378906 0.954861 0.015625 0.009722
5 0.374609 0.962500 0.017969 0.008333
5 0.379297 0.947222 0.014844 0.008333
5 0.377344 0.938889 0.012500 0.008333