3 0.499609 0.956944 0.999219 0.083333
8 0.973047 0.920139 0.052344 0.037500
6 0.678516 0.929861 0.103906 0.134722
6 0.483594 0.929861 0.095312 0.134722
6 0.676172 0.807639 0.103906 0.131944
6 0.581250 0.929861 0.098437 0.134722
7 0.828906 0.998611 0.054688 0.000000
7 0.933984 0.911806 0.035156 0.012500
7 0.982812 0.911111 0.032813 0.011111
7 0.747656 0.911111 0.001563 0.000000
7 0.698828 0.913889 0.022656 0.008333
8 0.968359 0.974306 0.061719 0.048611
5 0.970313 0.950000 0.057813 0.019444
8 0.914062 0.970833 0.098437 0.055556
5 0.914844 0.950000 0.087500 0.019444
8 0.828906 0.970833 0.090625 0.055556
5 0.828906 0.950000 0.081250 0.019444
8 0.877344 0.967361 0.085938 0.062500
5 0.878516 0.941667 0.077344 0.016667
8 0.811719 0.970139 0.056250 0.056944
5 0.810156 0.941667 0.053125 0.016667
8 0.947656 0.975000 0.084375 0.047222
5 0.945312 0.940972 0.081250 0.018056
8 0.989844 0.975694 0.010937 0.031944
5 0.989453 0.936111 0.019531 0.005556
8 0.510156 0.918750 0.028125 0.026389
5 0.510938 0.904861 0.026562 0.004167
8 0.469531 0.923611 0.032813 0.036111
5 0.471484 0.904861 0.022656 0.004167
8 0.553516 0.926389 0.030469 0.027778
5 0.562109 0.904861 0.017969 0.004167
8 0.598828 0.923611 0.035156 0.036111
5 0.600391 0.906250 0.033594 0.006944
8 0.463281 0.927778 0.039062 0.038889
5 0.471094 0.909028 0.021875 0.006944
8 0.509375 0.928472 0.032813 0.037500
5 0.510156 0.909028 0.028125 0.006944
8 0.557031 0.928472 0.037500 0.037500
5 0.563672 0.909028 0.021094 0.006944
8 0.605469 0.927778 0.040625 0.038889
5 0.605859 0.909028 0.036719 0.006944
8 0.789062 0.919444 0.010937 0.025000
5 0.787891 0.905556 0.010156 0.002778
5 0.787891 0.902778 0.010156 0.000000
8 0.792969 0.917361 0.003125 0.018056
5 0.793359 0.907639 0.000781 0.004167
8 0.684375 0.923611 0.046875 0.036111
5 0.684766 0.908333 0.041406 0.008333
8 0.730078 0.923611 0.047656 0.036111
5 0.729688 0.907639 0.040625 0.009722
8 0.755469 0.927778 0.060937 0.036111
5 0.741797 0.909722 0.024219 0.008333
8 0.764062 0.929167 0.064062 0.038889
5 0.763672 0.912500 0.058594 0.008333
8 0.991016 0.922222 0.016406 0.033333
5 0.992969 0.906250 0.012500 0.004167
0 0.853516 0.847222 0.121094 0.186111
0 0.190234 0.856944 0.199219 0.252778
1 0.466406 0.863889 0.001563 0.075000
2 0.414062 0.875000 0.007812 0.000000
2 0.427344 0.875000 0.017188 0.000000
1 0.566016 0.843750 0.067969 0.034722
2 0.536328 0.850000 0.002344 0.022222
1 0.429297 0.873611 0.074219 0.100000
2 0.403906 0.876389 0.017188 0.000000
2 0.461719 0.849306 0.000000 0.006944
2 0.437109 0.876389 0.047656 0.000000
1 0.573438 0.850694 0.075000 0.054167
2 0.549609 0.877083 0.016406 0.001389
2 0.541406 0.847917 0.004687 0.026389
2 0.582812 0.876389 0.048438 0.000000
1 0.423828 0.875694 0.082031 0.109722
2 0.392578 0.877778 0.008594 0.000000
2 0.461328 0.847222 0.000781 0.027778
2 0.435547 0.877778 0.050781 0.000000
2 0.426563 0.865278 0.000000 0.000000
2 0.427344 0.865278 0.000000 0.000000
1 0.583594 0.875000 0.082812 0.108333
2 0.556250 0.877778 0.015625 0.000000
2 0.545312 0.877778 0.000000 0.000000
2 0.591016 0.877778 0.052344 0.000000
1 0.421484 0.876389 0.085156 0.113889
2 0.389453 0.896528 0.014844 0.034722
2 0.390234 0.848611 0.014844 0.033333
2 0.451562 0.846528 0.018750 0.029167
2 0.435547 0.896528 0.050781 0.034722
2 0.416016 0.848611 0.011719 0.033333
2 0.431641 0.848611 0.019531 0.033333
2 0.425391 0.865278 0.000781 0.000000
1 0.587891 0.876389 0.086719 0.113889
2 0.560937 0.891667 0.015625 0.025000
2 0.558984 0.846528 0.019531 0.029167
2 0.617188 0.846528 0.017188 0.029167
2 0.598047 0.895833 0.055469 0.033333
2 0.578906 0.846528 0.018750 0.029167
2 0.598828 0.846528 0.019531 0.029167
2 0.176172 0.910417 0.044531 0.018056
2 0.198437 0.900000 0.000000 0.000000
2 0.303125 0.925000 0.031250 0.047222
2 0.323828 0.922222 0.008594 0.044444
2 0.299609 0.879861 0.039844 0.045833
2 0.323828 0.879167 0.008594 0.041667
2 0.278516 0.834028 0.083594 0.045833
2 0.304297 0.835417 0.049219 0.043056