3 0.499609 0.817361 0.999219 0.362500
4 0.251953 0.779167 0.002344 0.041667
4 0.123828 0.754167 0.024219 0.019444
4 0.048047 0.772917 0.010156 0.065278
4 0.008203 0.763889 0.016406 0.063889
4 0.419531 0.713194 0.004687 0.051389
4 0.299609 0.705556 0.024219 0.050000
4 0.256250 0.702083 0.006250 0.048611
4 0.197266 0.697917 0.022656 0.048611
4 0.159766 0.717361 0.000781 0.001389
4 0.101562 0.691667 0.021875 0.047222
4 0.063281 0.688194 0.006250 0.045833
4 0.016797 0.684028 0.010156 0.048611
8 0.616406 0.656250 0.026562 0.018056
8 0.522266 0.641667 0.005469 0.013889
5 0.614453 0.629861 0.030469 0.006944
5 0.614453 0.629861 0.030469 0.006944
5 0.614453 0.629861 0.030469 0.006944
5 0.614453 0.622222 0.030469 0.008333
5 0.614453 0.622222 0.030469 0.008333
5 0.614453 0.622222 0.030469 0.008333
5 0.614453 0.636111 0.030469 0.005556
5 0.614453 0.636111 0.030469 0.005556
5 0.614453 0.636111 0.030469 0.005556
5 0.584766 0.636111 0.028906 0.005556
5 0.584766 0.636111 0.028906 0.005556
5 0.584766 0.636111 0.028906 0.005556
5 0.584375 0.629861 0.028125 0.006944
5 0.584375 0.629861 0.028125 0.006944
5 0.584375 0.629861 0.028125 0.006944
5 0.584375 0.622917 0.028125 0.006944
5 0.584375 0.622917 0.028125 0.006944
5 0.584375 0.622917 0.028125 0.006944
5 0.586719 0.615278 0.032813 0.008333
5 0.586719 0.615278 0.032813 0.008333
5 0.586719 0.615278 0.032813 0.008333
6 0.527734 0.622222 0.016406 0.041667
6 0.546875 0.619444 0.031250 0.038889
5 0.972266 0.883333 0.053906 0.038889
5 0.972266 0.883333 0.053906 0.038889
5 0.972266 0.883333 0.053906 0.038889
5 0.972266 0.865972 0.053906 0.040278
5 0.972266 0.865972 0.053906 0.040278
5 0.972266 0.865972 0.053906 0.040278
5 0.949609 0.900000 0.008594 0.038889
5 0.949609 0.900000 0.008594 0.038889
5 0.949609 0.900000 0.008594 0.038889
5 0.976953 0.953472 0.044531 0.054167
5 0.976953 0.953472 0.044531 0.054167
5 0.976953 0.953472 0.044531 0.054167
5 0.976953 0.934028 0.044531 0.054167
5 0.976953 0.934028 0.044531 0.054167
5 0.976953 0.934028 0.044531 0.054167
5 0.976953 0.913889 0.044531 0.052778
5 0.976953 0.913889 0.044531 0.052778
5 0.976953 0.913889 0.044531 0.052778
5 0.976953 0.892361 0.044531 0.051389
5 0.976953 0.892361 0.044531 0.051389
5 0.976953 0.892361 0.044531 0.051389
6 0.398438 0.855556 0.040625 0.116667
6 0.521094 0.868750 0.089063 0.129167
6 0.398438 0.759722 0.040625 0.113889
6 0.446094 0.860417 0.089063 0.126389
6 0.114844 0.811111 0.079687 0.111111
6 0.030859 0.806944 0.061719 0.105556
7 0.025781 0.716667 0.048438 0.013889
7 0.094141 0.769444 0.002344 0.000000
7 0.413281 0.823611 0.040625 0.030556
7 0.194922 0.800000 0.055469 0.027778
7 0.787109 0.691667 0.017969 0.013889
7 0.835547 0.696528 0.019531 0.009722
7 0.681250 0.685417 0.021875 0.012500
7 0.721484 0.687500 0.011719 0.013889
7 0.311328 0.664583 0.025781 0.012500
7 0.400391 0.669444 0.016406 0.011111
6 0.111328 0.673611 0.042969 0.055556
6 0.080469 0.681250 0.050000 0.056944
6 0.080469 0.630556 0.050000 0.058333
6 0.112891 0.625000 0.046094 0.055556
6 0.221484 0.638194 0.050781 0.059722
6 0.250000 0.632639 0.048438 0.056944
6 0.221484 0.691667 0.050781 0.061111
6 0.250000 0.681944 0.048438 0.058333
6 0.253516 0.629167 0.021094 0.033333
8 0.000391 0.796528 0.000781 0.018056
8 0.017188 0.797222 0.032813 0.041667
5 0.014453 0.780556 0.028906 0.016667
8 0.208203 0.825000 0.067969 0.047222
5 0.208594 0.808333 0.060937 0.025000
8 0.252734 0.822222 0.067969 0.033333
5 0.252734 0.813889 0.060156 0.025000
8 0.293750 0.831944 0.064062 0.044444
5 0.294531 0.817361 0.059375 0.026389
8 0.317188 0.844444 0.017188 0.036111
5 0.319141 0.824306 0.013281 0.015278
8 0.253906 0.858333 0.071875 0.058333
5 0.254297 0.838194 0.064844 0.029167
8 0.296484 0.872222 0.058594 0.047222
5 0.298828 0.845139 0.053906 0.029167
8 0.209766 0.854167 0.072656 0.058333
5 0.210156 0.834028 0.065625 0.029167
8 0.163281 0.847917 0.073438 0.056944
5 0.164062 0.827778 0.065625 0.027778
0 0.003906 0.910417 0.007812 0.151389
0 0.757812 0.863194 0.159375 0.270833
0 0.023047 0.640278 0.046094 0.108333
0 0.149219 0.650694 0.054688 0.118056
0 0.194922 0.652778 0.066406 0.119444
1 0.000391 0.662500 0.000781 0.083333
1 0.863672 0.716667 0.046094 0.125000
1 0.817969 0.713889 0.043750 0.125000
1 0.861328 0.694444 0.042969 0.102778
1 0.819141 0.690972 0.038281 0.098611
1 0.858984 0.681250 0.039844 0.095833
1 0.819141 0.677083 0.036719 0.090278
1 0.917188 0.661806 0.067187 0.090278
1 0.497656 0.686806 0.078125 0.104167
1 0.508594 0.679861 0.070312 0.098611
1 0.310937 0.662500 0.029687 0.077778
1 0.300781 0.674306 0.050000 0.093056
1 0.200781 0.631250 0.046875 0.065278
2 0.206641 0.643750 0.002344 0.004167
2 0.186328 0.644444 0.000781 0.008333
2 0.193359 0.621528 0.027344 0.023611
2 0.215234 0.618056 0.025781 0.022222
2 0.216797 0.646528 0.022656 0.018056
2 0.209375 0.618056 0.003125 0.013889
2 0.194141 0.609722 0.000781 0.000000
2 0.218750 0.620139 0.006250 0.018056
2 0.203125 0.608333 0.001563 0.000000
1 0.140625 0.636806 0.051562 0.070833
2 0.129297 0.638889 0.000781 0.000000
2 0.123438 0.648611 0.012500 0.022222
2 0.126562 0.618750 0.018750 0.020833
2 0.164453 0.605556 0.002344 0.002778
2 0.163281 0.636111 0.000000 0.000000
2 0.130469 0.606944 0.009375 0.000000
2 0.134375 0.605556 0.000000 0.000000
1 0.171484 0.622917 0.016406 0.040278
2 0.169922 0.641667 0.005469 0.002778
2 0.163281 0.638889 0.000000 0.000000
2 0.167969 0.620833 0.009375 0.022222
2 0.184766 0.605556 0.010156 0.000000
2 0.174609 0.637500 0.022656 0.002778
2 0.181641 0.609722 0.003906 0.000000
2 0.164453 0.608333 0.002344 0.000000
2 0.184766 0.606944 0.010156 0.000000
2 0.165625 0.606944 0.000000 0.000000
2 0.701172 0.982639 0.191406 0.031944
5 0.485938 0.668056 0.028125 0.005556
5 0.480469 0.665278 0.007812 0.000000
5 0.485156 0.650000 0.029687 0.005556
5 0.438672 0.715278 0.038281 0.013889
5 0.440625 0.722222 0.029687 0.011111
5 0.430859 0.723611 0.021094 0.013889
5 0.430859 0.731944 0.016406 0.011111
5 0.405469 0.735417 0.032813 0.012500
5 0.404297 0.742361 0.030469 0.012500
5 0.405469 0.728472 0.032813 0.012500
5 0.404297 0.721528 0.030469 0.015278