3 0.499609 0.888194 0.999219 0.220833
4 0.180078 0.885417 0.005469 0.073611
4 0.005078 0.884722 0.010156 0.075000
8 0.386719 0.797917 0.032813 0.023611
5 0.363281 0.766667 0.037500 0.008333
5 0.363281 0.766667 0.037500 0.008333
5 0.363281 0.766667 0.037500 0.008333
5 0.363281 0.759028 0.037500 0.009722
5 0.363281 0.759028 0.037500 0.009722
5 0.363281 0.759028 0.037500 0.009722
5 0.363281 0.774306 0.037500 0.009722
5 0.363281 0.774306 0.037500 0.009722
5 0.363281 0.774306 0.037500 0.009722
5 0.326562 0.777083 0.034375 0.006944
5 0.326562 0.777083 0.034375 0.006944
5 0.326562 0.777083 0.034375 0.006944
5 0.326562 0.769444 0.034375 0.005556
5 0.326562 0.769444 0.034375 0.005556
5 0.326562 0.769444 0.034375 0.005556
5 0.326562 0.761806 0.034375 0.006944
5 0.326562 0.761806 0.034375 0.006944
5 0.326562 0.761806 0.034375 0.006944
5 0.328516 0.752083 0.038281 0.009722
5 0.328516 0.752083 0.038281 0.009722
5 0.328516 0.752083 0.038281 0.009722
6 0.405469 0.725694 0.003125 0.045833
6 0.405078 0.756944 0.002344 0.044444
6 0.266797 0.761111 0.005469 0.047222
6 0.282422 0.759028 0.036719 0.048611
6 0.242969 0.936111 0.156250 0.125000
7 0.102344 0.909028 0.051562 0.029167
7 0.619922 0.829167 0.011719 0.016667
7 0.662109 0.830556 0.010156 0.016667
7 0.485547 0.829167 0.021094 0.016667
7 0.540625 0.829167 0.020313 0.016667
7 0.032813 0.827083 0.037500 0.015278
7 0.100391 0.827778 0.021094 0.016667
0 0.962109 0.940278 0.074219 0.116667
1 0.780859 0.854167 0.078906 0.158333
1 0.729297 0.853472 0.067969 0.156944
1 0.752734 0.825694 0.069531 0.123611
1 0.715234 0.824306 0.039844 0.120833
1 0.729297 0.809722 0.061719 0.111111
1 0.683203 0.809722 0.058594 0.111111
1 0.756641 0.786806 0.078906 0.101389
1 0.287109 0.841667 0.107031 0.138889
1 0.298438 0.831250 0.101562 0.131944
1 0.044922 0.831250 0.089844 0.131944
1 0.033984 0.841667 0.067969 0.138889
5 0.236328 0.818056 0.010156 0.011111
5 0.235156 0.813889 0.007812 0.005556
5 0.236328 0.798611 0.010156 0.008333
5 0.236328 0.804861 0.010156 0.009722
5 0.183984 0.882639 0.027344 0.012500
5 0.187500 0.888889 0.000000 0.000000
5 0.190234 0.900000 0.014844 0.019444
5 0.191016 0.912500 0.013281 0.016667
5 0.154688 0.918056 0.062500 0.022222
5 0.151172 0.930556 0.061719 0.019444
5 0.155078 0.908333 0.061719 0.019444
5 0.150781 0.899306 0.060937 0.020833